X    Y
0.0000000000e+00   8.4000000000e-01
1.0000000000e-04   8.4000000000e-01
1.1000000000e-03   8.4000000000e-01
8.9163165608e-03   8.4000000000e-01
1.6732633122e-02   8.4000000000e-01
2.4548949682e-02   8.4000000000e-01
3.2365266243e-02   8.4000000000e-01
4.0181582804e-02   8.4000000000e-01
4.7997899365e-02   8.4000000000e-01
5.5814215926e-02   8.4000000000e-01
6.3630532487e-02   8.4000000000e-01
7.1446849047e-02   8.4000000000e-01
7.9263165608e-02   8.4000000000e-01
8.7079482169e-02   8.4000000000e-01
9.4895798730e-02   8.4000000000e-01
1.0271211529e-01   8.4000000000e-01
1.1052843185e-01   8.4000000000e-01
1.1834474841e-01   8.4000000000e-01
1.2616106497e-01   8.4000000000e-01
1.3397738153e-01   8.4000000000e-01
1.4179369809e-01   8.4000000000e-01
1.4961001466e-01   8.4000000000e-01
1.5742633122e-01   8.4000000000e-01
1.6524264778e-01   8.4000000000e-01
1.7305896434e-01   8.4000000000e-01
1.8087528090e-01   8.4000000000e-01
1.8869159746e-01   8.4000000000e-01
1.9650791402e-01   8.4000000000e-01
2.0432423058e-01   8.4000000000e-01
2.1214054714e-01   8.4000000000e-01
2.1995686370e-01   8.4000000000e-01
2.2777318026e-01   8.4000000000e-01
2.3558949682e-01   8.4000000000e-01
2.4340581339e-01   8.4000000000e-01
2.5122212995e-01   8.4000000000e-01
2.5903844651e-01   8.4000000000e-01
2.6685476307e-01   8.4000000000e-01
2.7467107963e-01   8.4000000000e-01
2.8248739619e-01   8.4000000000e-01
2.9030371275e-01   8.4000000000e-01
2.9812002931e-01   8.4000000000e-01
3.0593634587e-01   8.4000000000e-01
3.1375266243e-01   8.4000000000e-01
3.2156897899e-01   8.4000000000e-01
3.2938529555e-01   8.4000000000e-01
3.3720161212e-01   8.4000000000e-01
3.4501792868e-01   8.4000000000e-01
3.5283424524e-01   8.4000000000e-01
3.6065056180e-01   8.4000000000e-01
3.6846687836e-01   8.4000000000e-01
3.7628319492e-01   8.4000000000e-01
3.8409951148e-01   8.4000000000e-01
3.9191582804e-01   8.4000000000e-01
3.9973214460e-01   8.4000000000e-01
4.0754846116e-01   8.4000000000e-01
4.1536477772e-01   8.4000000000e-01
4.2318109428e-01   8.4000000000e-01
4.3099741085e-01   8.4000000000e-01
4.3881372741e-01   8.4000000000e-01
4.4663004397e-01   8.4000000000e-01
4.5444636053e-01   8.4000000000e-01
4.6226267709e-01   8.4000000000e-01
4.7007899365e-01   8.4000000000e-01
4.7789531021e-01   8.4000000000e-01
4.8571162677e-01   8.4000000000e-01
4.9352794333e-01   8.4000000000e-01
5.0134425989e-01   8.4000000000e-01
5.0916057645e-01   8.4000000000e-01
5.1697689301e-01   8.4000000000e-01
5.2479320957e-01   8.4000000000e-01
5.3260952614e-01   8.4000000000e-01
5.4042584270e-01   8.4000000000e-01
5.4824215926e-01   8.4000000000e-01
5.5605847582e-01   8.4000000000e-01
5.6387479238e-01   8.4000000000e-01
5.7169110894e-01   8.4000000000e-01
5.7950742550e-01   8.4000000000e-01
5.8732374206e-01   8.4000000000e-01
5.9514005862e-01   8.4000000000e-01
6.0295637518e-01   8.4000000000e-01
6.1077269174e-01   8.4000000000e-01
6.1858900830e-01   8.4000000000e-01
6.2640532487e-01   8.4000000000e-01
6.3422164143e-01   8.4000000000e-01
6.4203795799e-01   8.4000000000e-01
6.4985427455e-01   8.4000000000e-01
6.5767059111e-01   8.4000000000e-01
6.6548690767e-01   8.4000000000e-01
6.7330322423e-01   8.4000000000e-01
6.8111954079e-01   8.4000000000e-01
6.8893585735e-01   8.4000000000e-01
6.9675217391e-01   8.4000000000e-01
7.0456849047e-01   8.4000000000e-01
7.1238480703e-01   8.4000000000e-01
7.2020112360e-01   8.4000000000e-01
7.2801744016e-01   8.4000000000e-01
7.3583375672e-01   8.4000000000e-01
7.4365007328e-01   8.4000000000e-01
7.5146638984e-01   8.4000000000e-01
7.5928270640e-01   8.4000000000e-01
7.6709902296e-01   8.4000000000e-01
7.7491533952e-01   8.4000000000e-01
7.8273165608e-01   8.4000000000e-01
7.9054797264e-01   8.4000000000e-01
7.9836428920e-01   8.4000000000e-01
8.0618060576e-01   8.4000000000e-01
8.1399692233e-01   8.4000000000e-01
8.2181323889e-01   8.4000000000e-01
8.2962955545e-01   8.4000000000e-01
8.3744587201e-01   8.4000000000e-01
8.4526218857e-01   8.4000000000e-01
8.5307850513e-01   8.4000000000e-01
8.6089482169e-01   8.4000000000e-01
8.6871113825e-01   8.4000000000e-01
8.7652745481e-01   8.4000000000e-01
8.8434377137e-01   8.4000000000e-01
8.9216008793e-01   8.4000000000e-01
8.9997640449e-01   8.4000000000e-01
9.0779272106e-01   8.4000000000e-01
9.1560903762e-01   8.4000000000e-01
9.2342535418e-01   8.4000000000e-01
9.3124167074e-01   8.4000000000e-01
9.3905798730e-01   8.4000000000e-01
9.4687430386e-01   8.4000000000e-01
9.5469062042e-01   8.4000000000e-01
9.6250693698e-01   8.4000000000e-01
9.7032325354e-01   8.4000000000e-01
9.7813957010e-01   8.4000000000e-01
9.8595588666e-01   8.4000000000e-01
9.9377220322e-01   8.4000000000e-01
1.0015885198e+00   8.4000000000e-01
1.0094048363e+00   8.4000000000e-01
1.0172211529e+00   8.4000000000e-01
1.0250374695e+00   8.4000000000e-01
1.0328537860e+00   8.4000000000e-01
1.0406701026e+00   8.4000000000e-01
1.0484864191e+00   8.4000000000e-01
1.0563027357e+00   8.4000000000e-01
1.0641190523e+00   8.4000000000e-01
1.0719353688e+00   8.4000000000e-01
1.0797516854e+00   8.4000000000e-01
1.0875680020e+00   8.4000000000e-01
1.0953843185e+00   8.4000000000e-01
1.1032006351e+00   8.4000000000e-01
1.1110169516e+00   8.4000000000e-01
1.1188332682e+00   8.4000000000e-01
1.1266495848e+00   8.4000000000e-01
1.1344659013e+00   8.4000000000e-01
1.1422822179e+00   8.4000000000e-01
1.1500985344e+00   8.4000000000e-01
1.1579148510e+00   8.4000000000e-01
1.1657311676e+00   8.4000000000e-01
1.1735474841e+00   8.4000000000e-01
1.1813638007e+00   8.4000000000e-01
1.1891801172e+00   8.4000000000e-01
1.1969964338e+00   8.4000000000e-01
1.2048127504e+00   8.4000000000e-01
1.2126290669e+00   8.4000000000e-01
1.2204453835e+00   8.4000000000e-01
1.2282617000e+00   8.4000000000e-01
1.2360780166e+00   8.4000000000e-01
1.2438943332e+00   8.4000000000e-01
1.2517106497e+00   8.4000000000e-01
1.2595269663e+00   8.4000000000e-01
1.2673432829e+00   8.4000000000e-01
1.2751595994e+00   8.4000000000e-01
1.2829759160e+00   8.4000000000e-01
1.2907922325e+00   8.4000000000e-01
1.2986085491e+00   8.4000000000e-01
1.3064248657e+00   8.4000000000e-01
1.3142411822e+00   8.4000000000e-01
1.3220574988e+00   8.4000000000e-01
1.3298738153e+00   8.4000000000e-01
1.3376901319e+00   8.4000000000e-01
1.3455064485e+00   8.4000000000e-01
1.3533227650e+00   8.4000000000e-01
1.3611390816e+00   8.4000000000e-01
1.3689553981e+00   8.4000000000e-01
1.3767717147e+00   8.4000000000e-01
1.3845880313e+00   8.4000000000e-01
1.3924043478e+00   8.4000000000e-01
1.4002206644e+00   8.4000000000e-01
1.4080369809e+00   8.4000000000e-01
1.4158532975e+00   8.4000000000e-01
1.4236696141e+00   8.4000000000e-01
1.4314859306e+00   8.4000000000e-01
1.4393022472e+00   8.4000000000e-01
1.4471185638e+00   8.4000000000e-01
1.4549348803e+00   8.4000000000e-01
1.4627511969e+00   8.4000000000e-01
1.4705675134e+00   8.4000000000e-01
1.4783838300e+00   8.4000000000e-01
1.4862001466e+00   8.4000000000e-01
1.4940164631e+00   8.4000000000e-01
1.5018327797e+00   8.4000000000e-01
1.5096490962e+00   8.4000000000e-01
1.5174654128e+00   8.4000000000e-01
1.5252817294e+00   8.4000000000e-01
1.5330980459e+00   8.4000000000e-01
1.5409143625e+00   8.4000000000e-01
1.5487306790e+00   8.4000000000e-01
1.5565469956e+00   8.4000000000e-01
1.5643633122e+00   8.4000000000e-01
1.5721796287e+00   8.4000000000e-01
1.5799959453e+00   8.4000000000e-01
1.5878122618e+00   8.4000000000e-01
1.5956285784e+00   8.4000000000e-01
1.6034448950e+00   8.4000000000e-01
1.6112612115e+00   8.4000000000e-01
1.6190775281e+00   8.4000000000e-01
1.6268938447e+00   8.4000000000e-01
1.6347101612e+00   8.4000000000e-01
1.6425264778e+00   8.4000000000e-01
1.6503427943e+00   8.4000000000e-01
1.6581591109e+00   8.4000000000e-01
1.6659754275e+00   8.4000000000e-01
1.6737917440e+00   8.4000000000e-01
1.6816080606e+00   8.4000000000e-01
1.6894243771e+00   8.4000000000e-01
1.6972406937e+00   8.4000000000e-01
1.7050570103e+00   8.4000000000e-01
1.7128733268e+00   8.4000000000e-01
1.7206896434e+00   8.4000000000e-01
1.7285059599e+00   8.4000000000e-01
1.7363222765e+00   8.4000000000e-01
1.7441385931e+00   8.4000000000e-01
1.7519549096e+00   8.4000000000e-01
1.7597712262e+00   8.4000000000e-01
1.7675875427e+00   8.4000000000e-01
1.7754038593e+00   8.4000000000e-01
1.7832201759e+00   8.4000000000e-01
1.7910364924e+00   8.4000000000e-01
1.7988528090e+00   8.4000000000e-01
1.8066691255e+00   8.4000000000e-01
1.8144854421e+00   8.4000000000e-01
1.8223017587e+00   8.4000000000e-01
1.8301180752e+00   8.4000000000e-01
1.8379343918e+00   8.4000000000e-01
1.8457507084e+00   8.4000000000e-01
1.8535670249e+00   8.4000000000e-01
1.8613833415e+00   8.4000000000e-01
1.8691996580e+00   8.4000000000e-01
1.8770159746e+00   8.4000000000e-01
1.8848322912e+00   8.4000000000e-01
1.8926486077e+00   8.4000000000e-01
1.9004649243e+00   8.4000000000e-01
1.9082812408e+00   8.4000000000e-01
1.9160975574e+00   8.4000000000e-01
1.9239138740e+00   8.4000000000e-01
1.9317301905e+00   8.4000000000e-01
1.9395465071e+00   8.4000000000e-01
1.9473628236e+00   8.4000000000e-01
1.9551791402e+00   8.4000000000e-01
1.9629954568e+00   8.4000000000e-01
1.9708117733e+00   8.4000000000e-01
1.9786280899e+00   8.4000000000e-01
1.9864444064e+00   8.4000000000e-01
1.9942607230e+00   8.4000000000e-01
2.0020770396e+00   8.4000000000e-01
2.0098933561e+00   8.4000000000e-01
2.0177096727e+00   8.4000000000e-01
2.0255259893e+00   8.4000000000e-01
2.0333423058e+00   8.4000000000e-01
2.0411586224e+00   8.4000000000e-01
2.0489749389e+00   8.4000000000e-01
2.0567912555e+00   8.4000000000e-01
2.0646075721e+00   8.4000000000e-01
2.0724238886e+00   8.4000000000e-01
2.0802402052e+00   8.4000000000e-01
2.0880565217e+00   8.4000000000e-01
2.0958728383e+00   8.4000000000e-01
2.1036891549e+00   8.4000000000e-01
2.1115054714e+00   8.4000000000e-01
2.1193217880e+00   8.4000000000e-01
2.1271381045e+00   8.4000000000e-01
2.1349544211e+00   8.4000000000e-01
2.1427707377e+00   8.4000000000e-01
2.1505870542e+00   8.4000000000e-01
2.1584033708e+00   8.4000000000e-01
2.1662196873e+00   8.4000000000e-01
2.1740360039e+00   8.4000000000e-01
2.1818523205e+00   8.4000000000e-01
2.1896686370e+00   8.4000000000e-01
2.1974849536e+00   8.4000000000e-01
2.2053012702e+00   8.4000000000e-01
2.2131175867e+00   8.4000000000e-01
2.2209339033e+00   8.4000000000e-01
2.2287502198e+00   8.4000000000e-01
2.2365665364e+00   8.4000000000e-01
2.2443828530e+00   8.4000000000e-01
2.2521991695e+00   8.4000000000e-01
2.2600154861e+00   8.4000000000e-01
2.2678318026e+00   8.4000000000e-01
2.2756481192e+00   8.4000000000e-01
2.2834644358e+00   8.4000000000e-01
2.2912807523e+00   8.4000000000e-01
2.2990970689e+00   8.4000000000e-01
2.3069133854e+00   8.4000000000e-01
2.3147297020e+00   8.4000000000e-01
2.3225460186e+00   8.4000000000e-01
2.3303623351e+00   8.4000000000e-01
2.3381786517e+00   8.4000000000e-01
2.3459949682e+00   8.4000000000e-01
2.3538112848e+00   8.4000000000e-01
2.3616276014e+00   8.4000000000e-01
2.3694439179e+00   8.4000000000e-01
2.3772602345e+00   8.4000000000e-01
2.3850765511e+00   8.4000000000e-01
2.3928928676e+00   8.4000000000e-01
2.4007091842e+00   8.4000000000e-01
2.4085255007e+00   8.4000000000e-01
2.4163418173e+00   8.4000000000e-01
2.4241581339e+00   8.4000000000e-01
2.4319744504e+00   8.4000000000e-01
2.4397907670e+00   8.4000000000e-01
2.4476070835e+00   8.4000000000e-01
2.4554234001e+00   8.4000000000e-01
2.4632397167e+00   8.4000000000e-01
2.4710560332e+00   8.4000000000e-01
2.4788723498e+00   8.4000000000e-01
2.4866886663e+00   8.4000000000e-01
2.4945049829e+00   8.4000000000e-01
2.5023212995e+00   8.4000000000e-01
2.5101376160e+00   8.4000000000e-01
2.5179539326e+00   8.4000000000e-01
2.5257702491e+00   8.4000000000e-01
2.5335865657e+00   8.4000000000e-01
2.5414028823e+00   8.4000000000e-01
2.5492191988e+00   8.4000000000e-01
2.5570355154e+00   8.4000000000e-01
2.5648518319e+00   8.4000000000e-01
2.5726681485e+00   8.4000000000e-01
2.5804844651e+00   8.4000000000e-01
2.5883007816e+00   8.4000000000e-01
2.5961170982e+00   8.4000000000e-01
2.6039334148e+00   8.4000000000e-01
2.6117497313e+00   8.4000000000e-01
2.6195660479e+00   8.4000000000e-01
2.6273823644e+00   8.4000000000e-01
2.6351986810e+00   8.4000000000e-01
2.6430149976e+00   8.4000000000e-01
2.6508313141e+00   8.4000000000e-01
2.6586476307e+00   8.4000000000e-01
2.6664639472e+00   8.4000000000e-01
2.6742802638e+00   8.4000000000e-01
2.6820965804e+00   8.4000000000e-01
2.6899128969e+00   8.4000000000e-01
2.6977292135e+00   8.4000000000e-01
2.7055455300e+00   8.4000000000e-01
2.7133618466e+00   8.4000000000e-01
2.7211781632e+00   8.4000000000e-01
2.7289944797e+00   8.4000000000e-01
2.7368107963e+00   8.4000000000e-01
2.7446271128e+00   8.4000000000e-01
2.7524434294e+00   8.4000000000e-01
2.7602597460e+00   8.4000000000e-01
2.7680760625e+00   8.4000000000e-01
2.7758923791e+00   8.4000000000e-01
2.7837086957e+00   8.4000000000e-01
2.7915250122e+00   8.4000000000e-01
2.7993413288e+00   8.4000000000e-01
2.8071576453e+00   8.4000000000e-01
2.8149739619e+00   8.4000000000e-01
2.8227902785e+00   8.4000000000e-01
2.8306065950e+00   8.4000000000e-01
2.8384229116e+00   8.4000000000e-01
2.8462392281e+00   8.4000000000e-01
2.8540555447e+00   8.4000000000e-01
2.8618718613e+00   8.4000000000e-01
2.8696881778e+00   8.4000000000e-01
2.8775044944e+00   8.4000000000e-01
2.8853208109e+00   8.4000000000e-01
2.8931371275e+00   8.4000000000e-01
2.9009534441e+00   8.4000000000e-01
2.9087697606e+00   8.4000000000e-01
2.9165860772e+00   8.4000000000e-01
2.9244023937e+00   8.4000000000e-01
2.9322187103e+00   8.4000000000e-01
2.9400350269e+00   8.4000000000e-01
2.9478513434e+00   8.4000000000e-01
2.9556676600e+00   8.4000000000e-01
2.9634839766e+00   8.4000000000e-01
2.9713002931e+00   8.4000000000e-01
2.9791166097e+00   8.4000000000e-01
2.9869329262e+00   8.4000000000e-01
2.9947492428e+00   8.4000000000e-01
3.0025655594e+00   8.4000000000e-01
3.0103818759e+00   8.4000000000e-01
3.0181981925e+00   8.4000000000e-01
3.0260145090e+00   8.4000000000e-01
3.0338308256e+00   8.4000000000e-01
3.0416471422e+00   8.4000000000e-01
3.0494634587e+00   8.4000000000e-01
3.0572797753e+00   8.4000000000e-01
3.0650960918e+00   8.4000000000e-01
3.0729124084e+00   8.4000000000e-01
3.0807287250e+00   8.4000000000e-01
3.0885450415e+00   8.4000000000e-01
3.0963613581e+00   8.4000000000e-01
3.1041776746e+00   8.4000000000e-01
3.1119939912e+00   8.4000000000e-01
3.1198103078e+00   8.4000000000e-01
3.1276266243e+00   8.4000000000e-01
3.1354429409e+00   8.4000000000e-01
3.1432592574e+00   8.4000000000e-01
3.1510755740e+00   8.4000000000e-01
3.1588918906e+00   8.4000000000e-01
3.1667082071e+00   8.4000000000e-01
3.1745245237e+00   8.4000000000e-01
3.1823408403e+00   8.4000000000e-01
3.1901571568e+00   8.4000000000e-01
3.1979734734e+00   8.4000000000e-01
3.2057897899e+00   8.4000000000e-01
3.2136061065e+00   8.4000000000e-01
3.2214224231e+00   8.4000000000e-01
3.2292387396e+00   8.4000000000e-01
3.2370550562e+00   8.4000000000e-01
3.2448713727e+00   8.4000000000e-01
3.2526876893e+00   8.4000000000e-01
3.2605040059e+00   8.4000000000e-01
3.2683203224e+00   8.4000000000e-01
3.2761366390e+00   8.4000000000e-01
3.2839529555e+00   8.4000000000e-01
3.2917692721e+00   8.4000000000e-01
3.2995855887e+00   8.4000000000e-01
3.3074019052e+00   8.4000000000e-01
3.3152182218e+00   8.4000000000e-01
3.3230345383e+00   8.4000000000e-01
3.3308508549e+00   8.4000000000e-01
3.3386671715e+00   8.4000000000e-01
3.3464834880e+00   8.4000000000e-01
3.3542998046e+00   8.4000000000e-01
3.3621161212e+00   8.4000000000e-01
3.3699324377e+00   8.4000000000e-01
3.3777487543e+00   8.4000000000e-01
3.3855650708e+00   8.4000000000e-01
3.3933813874e+00   8.4000000000e-01
3.4011977040e+00   8.4000000000e-01
3.4090140205e+00   8.4000000000e-01
3.4168303371e+00   8.4000000000e-01
3.4246466536e+00   8.4000000000e-01
3.4324629702e+00   8.4000000000e-01
3.4402792868e+00   8.4000000000e-01
3.4480956033e+00   8.4000000000e-01
3.4559119199e+00   8.4000000000e-01
3.4637282364e+00   8.4000000000e-01
3.4715445530e+00   8.4000000000e-01
3.4793608696e+00   8.4000000000e-01
3.4871771861e+00   8.4000000000e-01
3.4949935027e+00   8.4000000000e-01
3.5028098192e+00   8.4000000000e-01
3.5106261358e+00   8.4000000000e-01
3.5184424524e+00   8.4000000000e-01
3.5262587689e+00   8.4000000000e-01
3.5340750855e+00   8.4000000000e-01
3.5418914021e+00   8.4000000000e-01
3.5497077186e+00   8.4000000000e-01
3.5575240352e+00   8.4000000000e-01
3.5653403517e+00   8.4000000000e-01
3.5731566683e+00   8.4000000000e-01
3.5809729849e+00   8.4000000000e-01
3.5887893014e+00   8.4000000000e-01
3.5966056180e+00   8.4000000000e-01
3.6044219345e+00   8.4000000000e-01
3.6122382511e+00   8.4000000000e-01
3.6200545677e+00   8.4000000000e-01
3.6278708842e+00   8.4000000000e-01
3.6356872008e+00   8.4000000000e-01
3.6435035173e+00   8.4000000000e-01
3.6513198339e+00   8.4000000000e-01
3.6591361505e+00   8.4000000000e-01
3.6669524670e+00   8.4000000000e-01
3.6747687836e+00   8.4000000000e-01
3.6825851001e+00   8.4000000000e-01
3.6904014167e+00   8.4000000000e-01
3.6982177333e+00   8.4000000000e-01
3.7060340498e+00   8.4000000000e-01
3.7138503664e+00   8.4000000000e-01
3.7216666830e+00   8.4000000000e-01
3.7294829995e+00   8.4000000000e-01
3.7372993161e+00   8.4000000000e-01
3.7451156326e+00   8.4000000000e-01
3.7529319492e+00   8.4000000000e-01
3.7607482658e+00   8.4000000000e-01
3.7685645823e+00   8.4000000000e-01
3.7763808989e+00   8.4000000000e-01
3.7841972154e+00   8.4000000000e-01
3.7920135320e+00   8.4000000000e-01
3.7998298486e+00   8.4000000000e-01
3.8076461651e+00   8.4000000000e-01
3.8154624817e+00   8.4000000000e-01
3.8232787982e+00   8.4000000000e-01
3.8310951148e+00   8.4000000000e-01
3.8389114314e+00   8.4000000000e-01
3.8467277479e+00   8.4000000000e-01
3.8545440645e+00   8.4000000000e-01
3.8623603810e+00   8.4000000000e-01
3.8701766976e+00   8.4000000000e-01
3.8779930142e+00   8.4000000000e-01
3.8858093307e+00   8.4000000000e-01
3.8936256473e+00   8.4000000000e-01
3.9014419638e+00   8.4000000000e-01
3.9092582804e+00   8.4000000000e-01
3.9170745970e+00   8.4000000000e-01
3.9248909135e+00   8.4000000000e-01
3.9327072301e+00   8.4000000000e-01
3.9405235467e+00   8.4000000000e-01
3.9483398632e+00   8.4000000000e-01
3.9561561798e+00   8.4000000000e-01
3.9639724963e+00   8.4000000000e-01
3.9717888129e+00   8.4000000000e-01
3.9796051295e+00   8.4000000000e-01
3.9874214460e+00   8.4000000000e-01
3.9952377626e+00   8.4000000000e-01
4.0030540791e+00   8.4000000000e-01
4.0108703957e+00   8.4000000000e-01
4.0186867123e+00   8.4000000000e-01
4.0265030288e+00   8.4000000000e-01
4.0343193454e+00   8.4000000000e-01
4.0421356619e+00   8.4000000000e-01
4.0499519785e+00   8.4000000000e-01
4.0577682951e+00   8.4000000000e-01
4.0655846116e+00   8.4000000000e-01
4.0734009282e+00   8.4000000000e-01
4.0812172447e+00   8.4000000000e-01
4.0890335613e+00   8.4000000000e-01
4.0968498779e+00   8.4000000000e-01
4.1046661944e+00   8.4000000000e-01
4.1124825110e+00   8.4000000000e-01
4.1202988276e+00   8.4000000000e-01
4.1281151441e+00   8.4000000000e-01
4.1359314607e+00   8.4000000000e-01
4.1437477772e+00   8.4000000000e-01
4.1515640938e+00   8.4000000000e-01
4.1593804104e+00   8.4000000000e-01
4.1671967269e+00   8.4000000000e-01
4.1750130435e+00   8.4000000000e-01
4.1828293600e+00   8.4000000000e-01
4.1906456766e+00   8.4000000000e-01
4.1984619932e+00   8.4000000000e-01
4.2062783097e+00   8.4000000000e-01
4.2140946263e+00   8.4000000000e-01
4.2219109428e+00   8.4000000000e-01
4.2297272594e+00   8.4000000000e-01
4.2375435760e+00   8.4000000000e-01
4.2453598925e+00   8.4000000000e-01
4.2531762091e+00   8.4000000000e-01
4.2609925256e+00   8.4000000000e-01
4.2688088422e+00   8.4000000000e-01
4.2766251588e+00   8.4000000000e-01
4.2844414753e+00   8.4000000000e-01
4.2922577919e+00   8.4000000000e-01
4.3000741085e+00   8.4000000000e-01
4.3078904250e+00   8.4000000000e-01
4.3157067416e+00   8.4000000000e-01
4.3235230581e+00   8.4000000000e-01
4.3313393747e+00   8.4000000000e-01
4.3391556913e+00   8.4000000000e-01
4.3469720078e+00   8.4000000000e-01
4.3547883244e+00   8.4000000000e-01
4.3626046409e+00   8.4000000000e-01
4.3704209575e+00   8.4000000000e-01
4.3782372741e+00   8.4000000000e-01
4.3860535906e+00   8.4000000000e-01
4.3938699072e+00   8.4000000000e-01
4.4016862237e+00   8.4000000000e-01
4.4095025403e+00   8.4000000000e-01
4.4173188569e+00   8.4000000000e-01
4.4251351734e+00   8.4000000000e-01
4.4329514900e+00   8.4000000000e-01
4.4407678065e+00   8.4000000000e-01
4.4485841231e+00   8.4000000000e-01
4.4564004397e+00   8.4000000000e-01
4.4642167562e+00   8.4000000000e-01
4.4720330728e+00   8.4000000000e-01
4.4798493894e+00   8.4000000000e-01
4.4876657059e+00   8.4000000000e-01
4.4954820225e+00   8.4000000000e-01
4.5032983390e+00   8.4000000000e-01
4.5111146556e+00   8.4000000000e-01
4.5189309722e+00   8.4000000000e-01
4.5267472887e+00   8.4000000000e-01
4.5345636053e+00   8.4000000000e-01
4.5423799218e+00   8.4000000000e-01
4.5501962384e+00   8.4000000000e-01
4.5580125550e+00   8.4000000000e-01
4.5658288715e+00   8.4000000000e-01
4.5736451881e+00   8.4000000000e-01
4.5814615046e+00   8.4000000000e-01
4.5892778212e+00   8.4000000000e-01
4.5970941378e+00   8.4000000000e-01
4.6049104543e+00   8.4000000000e-01
4.6127267709e+00   8.4000000000e-01
4.6205430874e+00   8.4000000000e-01
4.6283594040e+00   8.4000000000e-01
4.6361757206e+00   8.4000000000e-01
4.6439920371e+00   8.4000000000e-01
4.6518083537e+00   8.4000000000e-01
4.6596246702e+00   8.4000000000e-01
4.6674409868e+00   8.4000000000e-01
4.6752573034e+00   8.4000000000e-01
4.6830736199e+00   8.4000000000e-01
4.6908899365e+00   8.4000000000e-01
4.6987062531e+00   8.4000000000e-01
4.7065225696e+00   8.4000000000e-01
4.7143388862e+00   8.4000000000e-01
4.7221552027e+00   8.4000000000e-01
4.7299715193e+00   8.4000000000e-01
4.7377878359e+00   8.4000000000e-01
4.7456041524e+00   8.4000000000e-01
4.7534204690e+00   8.4000000000e-01
4.7612367855e+00   8.4000000000e-01
4.7690531021e+00   8.4000000000e-01
4.7768694187e+00   8.4000000000e-01
4.7846857352e+00   8.4000000000e-01
4.7925020518e+00   8.4000000000e-01
4.8003183683e+00   8.4000000000e-01
4.8081346849e+00   8.4000000000e-01
4.8159510015e+00   8.4000000000e-01
4.8237673180e+00   8.4000000000e-01
4.8315836346e+00   8.4000000000e-01
4.8393999511e+00   8.4000000000e-01
4.8472162677e+00   8.4000000000e-01
4.8550325843e+00   8.4000000000e-01
4.8628489008e+00   8.4000000000e-01
4.8706652174e+00   8.4000000000e-01
4.8784815340e+00   8.4000000000e-01
4.8862978505e+00   8.4000000000e-01
4.8941141671e+00   8.4000000000e-01
4.9019304836e+00   8.4000000000e-01
4.9097468002e+00   8.4000000000e-01
4.9175631168e+00   8.4000000000e-01
4.9253794333e+00   8.4000000000e-01
4.9331957499e+00   8.4000000000e-01
4.9410120664e+00   8.4000000000e-01
4.9488283830e+00   8.4000000000e-01
4.9566446996e+00   8.4000000000e-01
4.9644610161e+00   8.4000000000e-01
4.9722773327e+00   8.4000000000e-01
4.9800936492e+00   8.4000000000e-01
4.9879099658e+00   8.4000000000e-01
4.9957262824e+00   8.4000000000e-01
5.0035425989e+00   8.4000000000e-01
5.0113589155e+00   8.4000000000e-01
5.0191752320e+00   8.4000000000e-01
5.0269915486e+00   8.4000000000e-01
5.0348078652e+00   8.4000000000e-01
5.0426241817e+00   8.4000000000e-01
5.0504404983e+00   8.4000000000e-01
5.0582568149e+00   8.4000000000e-01
5.0660731314e+00   8.4000000000e-01
5.0738894480e+00   8.4000000000e-01
5.0817057645e+00   8.4000000000e-01
5.0895220811e+00   8.4000000000e-01
5.0973383977e+00   8.4000000000e-01
5.1051547142e+00   8.4000000000e-01
5.1129710308e+00   8.4000000000e-01
5.1207873473e+00   8.4000000000e-01
5.1286036639e+00   8.4000000000e-01
5.1364199805e+00   8.4000000000e-01
5.1442362970e+00   8.4000000000e-01
5.1520526136e+00   8.4000000000e-01
5.1598689301e+00   8.4000000000e-01
5.1676852467e+00   8.4000000000e-01
5.1755015633e+00   8.4000000000e-01
5.1833178798e+00   8.4000000000e-01
5.1911341964e+00   8.4000000000e-01
5.1989505129e+00   8.4000000000e-01
5.2067668295e+00   8.4000000000e-01
5.2145831461e+00   8.4000000000e-01
5.2223994626e+00   8.4000000000e-01
5.2302157792e+00   8.4000000000e-01
5.2380320957e+00   8.4000000000e-01
5.2458484123e+00   8.4000000000e-01
5.2536647289e+00   8.4000000000e-01
5.2614810454e+00   8.4000000000e-01
5.2692973620e+00   8.4000000000e-01
5.2771136786e+00   8.4000000000e-01
5.2849299951e+00   8.4000000000e-01
5.2927463117e+00   8.4000000000e-01
5.3005626282e+00   8.4000000000e-01
5.3083789448e+00   8.4000000000e-01
5.3161952614e+00   8.4000000000e-01
5.3240115779e+00   8.4000000000e-01
5.3318278945e+00   8.4000000000e-01
5.3396442110e+00   8.4000000000e-01
5.3474605276e+00   8.4000000000e-01
5.3552768442e+00   8.4000000000e-01
5.3630931607e+00   8.4000000000e-01
5.3709094773e+00   8.4000000000e-01
5.3787257938e+00   8.4000000000e-01
5.3865421104e+00   8.4000000000e-01
5.3943584270e+00   8.4000000000e-01
5.4021747435e+00   8.4000000000e-01
5.4099910601e+00   8.4000000000e-01
5.4178073766e+00   8.4000000000e-01
5.4256236932e+00   8.4000000000e-01
5.4334400098e+00   8.4000000000e-01
5.4412563263e+00   8.4000000000e-01
5.4490726429e+00   8.4000000000e-01
5.4568889595e+00   8.4000000000e-01
5.4647052760e+00   8.4000000000e-01
5.4725215926e+00   8.4000000000e-01
5.4803379091e+00   8.4000000000e-01
5.4881542257e+00   8.4000000000e-01
5.4959705423e+00   8.4000000000e-01
5.5037868588e+00   8.4000000000e-01
5.5116031754e+00   8.4000000000e-01
5.5194194919e+00   8.4000000000e-01
5.5272358085e+00   8.4000000000e-01
5.5350521251e+00   8.4000000000e-01
5.5428684416e+00   8.4000000000e-01
5.5506847582e+00   8.4000000000e-01
5.5585010747e+00   8.4000000000e-01
5.5663173913e+00   8.4000000000e-01
5.5741337079e+00   8.4000000000e-01
5.5819500244e+00   8.4000000000e-01
5.5897663410e+00   8.4000000000e-01
5.5975826575e+00   8.4000000000e-01
5.6053989741e+00   8.4000000000e-01
5.6132152907e+00   8.4000000000e-01
5.6210316072e+00   8.4000000000e-01
5.6288479238e+00   8.4000000000e-01
5.6366642404e+00   8.4000000000e-01
5.6444805569e+00   8.4000000000e-01
5.6522968735e+00   8.4000000000e-01
5.6601131900e+00   8.4000000000e-01
5.6679295066e+00   8.4000000000e-01
5.6757458232e+00   8.4000000000e-01
5.6835621397e+00   8.4000000000e-01
5.6913784563e+00   8.4000000000e-01
5.6991947728e+00   8.4000000000e-01
5.7070110894e+00   8.4000000000e-01
5.7148274060e+00   8.4000000000e-01
5.7226437225e+00   8.4000000000e-01
5.7304600391e+00   8.4000000000e-01
5.7382763556e+00   8.4000000000e-01
5.7460926722e+00   8.4000000000e-01
5.7539089888e+00   8.4000000000e-01
5.7617253053e+00   8.4000000000e-01
5.7695416219e+00   8.4000000000e-01
5.7773579384e+00   8.4000000000e-01
5.7851742550e+00   8.4000000000e-01
5.7929905716e+00   8.4000000000e-01
5.8008068881e+00   8.4000000000e-01
5.8086232047e+00   8.4000000000e-01
5.8164395213e+00   8.4000000000e-01
5.8242558378e+00   8.4000000000e-01
5.8320721544e+00   8.4000000000e-01
5.8398884709e+00   8.4000000000e-01
5.8477047875e+00   8.4000000000e-01
5.8555211041e+00   8.4000000000e-01
5.8633374206e+00   8.4000000000e-01
5.8711537372e+00   8.4000000000e-01
5.8789700537e+00   8.4000000000e-01
5.8867863703e+00   8.4000000000e-01
5.8946026869e+00   8.4000000000e-01
5.9024190034e+00   8.4000000000e-01
5.9102353200e+00   8.4000000000e-01
5.9180516365e+00   8.4000000000e-01
5.9258679531e+00   8.4000000000e-01
5.9336842697e+00   8.4000000000e-01
5.9415005862e+00   8.4000000000e-01
5.9493169028e+00   8.4000000000e-01
5.9571332193e+00   8.4000000000e-01
5.9649495359e+00   8.4000000000e-01
5.9727658525e+00   8.4000000000e-01
5.9805821690e+00   8.4000000000e-01
5.9883984856e+00   8.4000000000e-01
5.9962148021e+00   8.4000000000e-01
6.0040311187e+00   8.4000000000e-01
6.0118474353e+00   8.4000000000e-01
6.0196637518e+00   8.4000000000e-01
6.0274800684e+00   8.4000000000e-01
6.0352963850e+00   8.4000000000e-01
6.0431127015e+00   8.4000000000e-01
6.0509290181e+00   8.4000000000e-01
6.0587453346e+00   8.4000000000e-01
6.0665616512e+00   8.4000000000e-01
6.0743779678e+00   8.4000000000e-01
6.0821942843e+00   8.4000000000e-01
6.0900106009e+00   8.4000000000e-01
6.0978269174e+00   8.4000000000e-01
6.1056432340e+00   8.4000000000e-01
6.1134595506e+00   8.4000000000e-01
6.1212758671e+00   8.4000000000e-01
6.1290921837e+00   8.4000000000e-01
6.1369085002e+00   8.4000000000e-01
6.1447248168e+00   8.4000000000e-01
6.1525411334e+00   8.4000000000e-01
6.1603574499e+00   8.4000000000e-01
6.1681737665e+00   8.4000000000e-01
6.1759900830e+00   8.4000000000e-01
6.1838063996e+00   8.4000000000e-01
6.1916227162e+00   8.4000000000e-01
6.1994390327e+00   8.4000000000e-01
6.2072553493e+00   8.4000000000e-01
6.2150716659e+00   8.4000000000e-01
6.2228879824e+00   8.4000000000e-01
6.2307042990e+00   8.4000000000e-01
6.2385206155e+00   8.4000000000e-01
6.2463369321e+00   8.4000000000e-01
6.2541532487e+00   8.4000000000e-01
6.2619695652e+00   8.4000000000e-01
6.2697858818e+00   8.4000000000e-01
6.2776021983e+00   8.4000000000e-01
6.2854185149e+00   8.4000000000e-01
6.2932348315e+00   8.4000000000e-01
6.3010511480e+00   8.4000000000e-01
6.3088674646e+00   8.4000000000e-01
6.3166837811e+00   8.4000000000e-01
6.3245000977e+00   8.4000000000e-01
6.3323164143e+00   8.4000000000e-01
6.3401327308e+00   8.4000000000e-01
6.3479490474e+00   8.4000000000e-01
6.3557653639e+00   8.4000000000e-01
6.3635816805e+00   8.4000000000e-01
6.3713979971e+00   8.4000000000e-01
6.3792143136e+00   8.4000000000e-01
6.3870306302e+00   8.4000000000e-01
6.3948469468e+00   8.4000000000e-01
6.4026632633e+00   8.4000000000e-01
6.4104795799e+00   8.4000000000e-01
6.4182958964e+00   8.4000000000e-01
6.4261122130e+00   8.4000000000e-01
6.4339285296e+00   8.4000000000e-01
6.4417448461e+00   8.4000000000e-01
6.4495611627e+00   8.4000000000e-01
6.4573774792e+00   8.4000000000e-01
6.4651937958e+00   8.4000000000e-01
6.4730101124e+00   8.4000000000e-01
6.4808264289e+00   8.4000000000e-01
6.4886427455e+00   8.4000000000e-01
6.4964590620e+00   8.4000000000e-01
6.5042753786e+00   8.4000000000e-01
6.5120916952e+00   8.4000000000e-01
6.5199080117e+00   8.4000000000e-01
6.5277243283e+00   8.4000000000e-01
6.5355406448e+00   8.4000000000e-01
6.5433569614e+00   8.4000000000e-01
6.5511732780e+00   8.4000000000e-01
6.5589895945e+00   8.4000000000e-01
6.5668059111e+00   8.4000000000e-01
6.5746222277e+00   8.4000000000e-01
6.5824385442e+00   8.4000000000e-01
6.5902548608e+00   8.4000000000e-01
6.5980711773e+00   8.4000000000e-01
6.6058874939e+00   8.4000000000e-01
6.6137038105e+00   8.4000000000e-01
6.6215201270e+00   8.4000000000e-01
6.6293364436e+00   8.4000000000e-01
6.6371527601e+00   8.4000000000e-01
6.6449690767e+00   8.4000000000e-01
6.6527853933e+00   8.4000000000e-01
6.6606017098e+00   8.4000000000e-01
6.6684180264e+00   8.4000000000e-01
6.6762343429e+00   8.4000000000e-01
6.6840506595e+00   8.4000000000e-01
6.6918669761e+00   8.4000000000e-01
6.6996832926e+00   8.4000000000e-01
6.7074996092e+00   8.4000000000e-01
6.7153159257e+00   8.4000000000e-01
6.7231322423e+00   8.4000000000e-01
6.7309485589e+00   8.4000000000e-01
6.7387648754e+00   8.4000000000e-01
6.7465811920e+00   8.4000000000e-01
6.7543975085e+00   8.4000000000e-01
6.7622138251e+00   8.4000000000e-01
6.7700301417e+00   8.4000000000e-01
6.7778464582e+00   8.4000000000e-01
6.7856627748e+00   8.4000000000e-01
6.7934790914e+00   8.4000000000e-01
6.8012954079e+00   8.4000000000e-01
6.8091117245e+00   8.4000000000e-01
6.8169280410e+00   8.4000000000e-01
6.8247443576e+00   8.4000000000e-01
6.8325606742e+00   8.4000000000e-01
6.8403769907e+00   8.4000000000e-01
6.8481933073e+00   8.4000000000e-01
6.8560096238e+00   8.4000000000e-01
6.8638259404e+00   8.4000000000e-01
6.8716422570e+00   8.4000000000e-01
6.8794585735e+00   8.4000000000e-01
6.8872748901e+00   8.4000000000e-01
6.8950912066e+00   8.4000000000e-01
6.9029075232e+00   8.4000000000e-01
6.9107238398e+00   8.4000000000e-01
6.9185401563e+00   8.4000000000e-01
6.9263564729e+00   8.4000000000e-01
6.9341727894e+00   8.4000000000e-01
6.9419891060e+00   8.4000000000e-01
6.9498054226e+00   8.4000000000e-01
6.9576217391e+00   8.4000000000e-01
6.9654380557e+00   8.4000000000e-01
6.9732543723e+00   8.4000000000e-01
6.9810706888e+00   8.4000000000e-01
6.9888870054e+00   8.4000000000e-01
6.9967033219e+00   8.4000000000e-01
7.0045196385e+00   8.4000000000e-01
7.0123359551e+00   8.4000000000e-01
7.0201522716e+00   8.4000000000e-01
7.0279685882e+00   8.4000000000e-01
7.0357849047e+00   8.4000000000e-01
7.0436012213e+00   8.4000000000e-01
7.0514175379e+00   8.4000000000e-01
7.0592338544e+00   8.4000000000e-01
7.0670501710e+00   8.4000000000e-01
7.0748664875e+00   8.4000000000e-01
7.0826828041e+00   8.4000000000e-01
7.0904991207e+00   8.4000000000e-01
7.0983154372e+00   8.4000000000e-01
7.1061317538e+00   8.4000000000e-01
7.1139480703e+00   8.4000000000e-01
7.1217643869e+00   8.4000000000e-01
7.1295807035e+00   8.4000000000e-01
7.1373970200e+00   8.4000000000e-01
7.1452133366e+00   8.4000000000e-01
7.1530296532e+00   8.4000000000e-01
7.1608459697e+00   8.4000000000e-01
7.1686622863e+00   8.4000000000e-01
7.1764786028e+00   8.4000000000e-01
7.1842949194e+00   8.4000000000e-01
7.1921112360e+00   8.4000000000e-01
7.1999275525e+00   8.4000000000e-01
7.2077438691e+00   8.4000000000e-01
7.2155601856e+00   8.4000000000e-01
7.2233765022e+00   8.4000000000e-01
7.2311928188e+00   8.4000000000e-01
7.2390091353e+00   8.4000000000e-01
7.2468254519e+00   8.4000000000e-01
7.2546417684e+00   8.4000000000e-01
7.2624580850e+00   8.4000000000e-01
7.2702744016e+00   8.4000000000e-01
7.2780907181e+00   8.4000000000e-01
7.2859070347e+00   8.4000000000e-01
7.2937233512e+00   8.4000000000e-01
7.3015396678e+00   8.4000000000e-01
7.3093559844e+00   8.4000000000e-01
7.3171723009e+00   8.4000000000e-01
7.3249886175e+00   8.4000000000e-01
7.3328049340e+00   8.4000000000e-01
7.3406212506e+00   8.4000000000e-01
7.3484375672e+00   8.4000000000e-01
7.3562538837e+00   8.4000000000e-01
7.3640702003e+00   8.4000000000e-01
7.3718865169e+00   8.4000000000e-01
7.3797028334e+00   8.4000000000e-01
7.3875191500e+00   8.4000000000e-01
7.3953354665e+00   8.4000000000e-01
7.4031517831e+00   8.4000000000e-01
7.4109680997e+00   8.4000000000e-01
7.4187844162e+00   8.4000000000e-01
7.4266007328e+00   8.4000000000e-01
7.4344170493e+00   8.4000000000e-01
7.4422333659e+00   8.4000000000e-01
7.4500496825e+00   8.4000000000e-01
7.4578659990e+00   8.4000000000e-01
7.4656823156e+00   8.4000000000e-01
7.4734986321e+00   8.4000000000e-01
7.4813149487e+00   8.4000000000e-01
7.4891312653e+00   8.4000000000e-01
7.4969475818e+00   8.4000000000e-01
7.5047638984e+00   8.4000000000e-01
7.5125802149e+00   8.4000000000e-01
7.5203965315e+00   8.4000000000e-01
7.5282128481e+00   8.4000000000e-01
7.5360291646e+00   8.4000000000e-01
7.5438454812e+00   8.4000000000e-01
7.5516617978e+00   8.4000000000e-01
7.5594781143e+00   8.4000000000e-01
7.5672944309e+00   8.4000000000e-01
7.5751107474e+00   8.4000000000e-01
7.5829270640e+00   8.4000000000e-01
7.5907433806e+00   8.4000000000e-01
7.5985596971e+00   8.4000000000e-01
7.6063760137e+00   8.4000000000e-01
7.6141923302e+00   8.4000000000e-01
7.6220086468e+00   8.4000000000e-01
7.6298249634e+00   8.4000000000e-01
7.6376412799e+00   8.4000000000e-01
7.6454575965e+00   8.4000000000e-01
7.6532739130e+00   8.4000000000e-01
7.6610902296e+00   8.4000000000e-01
7.6689065462e+00   8.4000000000e-01
7.6767228627e+00   8.4000000000e-01
7.6845391793e+00   8.4000000000e-01
7.6923554958e+00   8.4000000000e-01
7.7001718124e+00   8.4000000000e-01
7.7079881290e+00   8.4000000000e-01
7.7158044455e+00   8.4000000000e-01
7.7236207621e+00   8.4000000000e-01
7.7314370787e+00   8.4000000000e-01
7.7392533952e+00   8.4000000000e-01
7.7470697118e+00   8.4000000000e-01
7.7548860283e+00   8.4000000000e-01
7.7627023449e+00   8.4000000000e-01
7.7705186615e+00   8.4000000000e-01
7.7783349780e+00   8.4000000000e-01
7.7861512946e+00   8.4000000000e-01
7.7939676111e+00   8.4000000000e-01
7.8017839277e+00   8.4000000000e-01
7.8096002443e+00   8.4000000000e-01
7.8174165608e+00   8.4000000000e-01
7.8252328774e+00   8.4000000000e-01
7.8330491939e+00   8.4000000000e-01
7.8408655105e+00   8.4000000000e-01
7.8486818271e+00   8.4000000000e-01
7.8564981436e+00   8.4000000000e-01
7.8643144602e+00   8.4000000000e-01
7.8721307767e+00   8.4000000000e-01
7.8799470933e+00   8.4000000000e-01
7.8877634099e+00   8.4000000000e-01
7.8955797264e+00   8.4000000000e-01
7.9033960430e+00   8.4000000000e-01
7.9112123596e+00   8.4000000000e-01
7.9190286761e+00   8.4000000000e-01
7.9268449927e+00   8.4000000000e-01
7.9346613092e+00   8.4000000000e-01
7.9424776258e+00   8.4000000000e-01
7.9502939424e+00   8.4000000000e-01
7.9581102589e+00   8.4000000000e-01
7.9659265755e+00   8.4000000000e-01
7.9737428920e+00   8.4000000000e-01
7.9815592086e+00   8.4000000000e-01
7.9893755252e+00   8.4000000000e-01
7.9971918417e+00   8.4000000000e-01
8.0050081583e+00   8.4000000000e-01
8.0128244748e+00   8.4000000000e-01
8.0206407914e+00   8.4000000000e-01
8.0284571080e+00   8.4000000000e-01
8.0362734245e+00   8.4000000000e-01
8.0440897411e+00   8.4000000000e-01
8.0519060576e+00   8.4000000000e-01
8.0597223742e+00   8.4000000000e-01
8.0675386908e+00   8.4000000000e-01
8.0753550073e+00   8.4000000000e-01
8.0831713239e+00   8.4000000000e-01
8.0909876404e+00   8.4000000000e-01
8.0988039570e+00   8.4000000000e-01
8.1066202736e+00   8.4000000000e-01
8.1144365901e+00   8.4000000000e-01
8.1222529067e+00   8.4000000000e-01
8.1300692233e+00   8.4000000000e-01
8.1378855398e+00   8.4000000000e-01
8.1457018564e+00   8.4000000000e-01
8.1535181729e+00   8.4000000000e-01
8.1613344895e+00   8.4000000000e-01
8.1691508061e+00   8.4000000000e-01
8.1769671226e+00   8.4000000000e-01
8.1847834392e+00   8.4000000000e-01
8.1925997557e+00   8.4000000000e-01
8.2004160723e+00   8.4000000000e-01
8.2082323889e+00   8.4000000000e-01
8.2160487054e+00   8.4000000000e-01
8.2238650220e+00   8.4000000000e-01
8.2316813385e+00   8.4000000000e-01
8.2394976551e+00   8.4000000000e-01
8.2473139717e+00   8.4000000000e-01
8.2551302882e+00   8.4000000000e-01
8.2629466048e+00   8.4000000000e-01
8.2707629213e+00   8.4000000000e-01
8.2785792379e+00   8.4000000000e-01
8.2863955545e+00   8.4000000000e-01
8.2942118710e+00   8.4000000000e-01
8.3020281876e+00   8.4000000000e-01
8.3098445042e+00   8.4000000000e-01
8.3176608207e+00   8.4000000000e-01
8.3254771373e+00   8.4000000000e-01
8.3332934538e+00   8.4000000000e-01
8.3411097704e+00   8.4000000000e-01
8.3489260870e+00   8.4000000000e-01
8.3567424035e+00   8.4000000000e-01
8.3645587201e+00   8.4000000000e-01
8.3723750366e+00   8.4000000000e-01
8.3724750366e+00   9.8000000000e-01
8.3734750366e+00   9.8000000000e-01
8.3812913532e+00   9.8000000000e-01
8.3891076698e+00   9.8000000000e-01
8.3969239863e+00   9.8000000000e-01
8.4047403029e+00   9.8000000000e-01
8.4125566194e+00   9.8000000000e-01
8.4203729360e+00   9.8000000000e-01
8.4281892526e+00   9.8000000000e-01
8.4360055691e+00   9.8000000000e-01
8.4438218857e+00   9.8000000000e-01
8.4516382022e+00   9.8000000000e-01
8.4594545188e+00   9.8000000000e-01
8.4672708354e+00   9.8000000000e-01
8.4750871519e+00   9.8000000000e-01
8.4829034685e+00   9.8000000000e-01
8.4907197851e+00   9.8000000000e-01
8.4985361016e+00   9.8000000000e-01
8.5063524182e+00   9.8000000000e-01
8.5141687347e+00   9.8000000000e-01
8.5219850513e+00   9.8000000000e-01
8.5298013679e+00   9.8000000000e-01
8.5376176844e+00   9.8000000000e-01
8.5454340010e+00   9.8000000000e-01
8.5532503175e+00   9.8000000000e-01
8.5610666341e+00   9.8000000000e-01
8.5688829507e+00   9.8000000000e-01
8.5766992672e+00   9.8000000000e-01
8.5845155838e+00   9.8000000000e-01
8.5923319003e+00   9.8000000000e-01
8.6001482169e+00   9.8000000000e-01
8.6079645335e+00   9.8000000000e-01
8.6157808500e+00   9.8000000000e-01
8.6235971666e+00   9.8000000000e-01
8.6314134831e+00   9.8000000000e-01
8.6392297997e+00   9.8000000000e-01
8.6470461163e+00   9.8000000000e-01
8.6548624328e+00   9.8000000000e-01
8.6626787494e+00   9.8000000000e-01
8.6704950659e+00   9.8000000000e-01
8.6783113825e+00   9.8000000000e-01
8.6861276991e+00   9.8000000000e-01
8.6939440156e+00   9.8000000000e-01
8.7017603322e+00   9.8000000000e-01
8.7095766488e+00   9.8000000000e-01
8.7173929653e+00   9.8000000000e-01
8.7252092819e+00   9.8000000000e-01
8.7330255984e+00   9.8000000000e-01
8.7408419150e+00   9.8000000000e-01
8.7486582316e+00   9.8000000000e-01
8.7564745481e+00   9.8000000000e-01
8.7642908647e+00   9.8000000000e-01
8.7721071812e+00   9.8000000000e-01
8.7799234978e+00   9.8000000000e-01
8.7877398144e+00   9.8000000000e-01
8.7955561309e+00   9.8000000000e-01
8.8033724475e+00   9.8000000000e-01
8.8111887640e+00   9.8000000000e-01
8.8190050806e+00   9.8000000000e-01
8.8268213972e+00   9.8000000000e-01
8.8346377137e+00   9.8000000000e-01
8.8424540303e+00   9.8000000000e-01
8.8502703468e+00   9.8000000000e-01
8.8580866634e+00   9.8000000000e-01
8.8659029800e+00   9.8000000000e-01
8.8737192965e+00   9.8000000000e-01
8.8815356131e+00   9.8000000000e-01
8.8893519297e+00   9.8000000000e-01
8.8971682462e+00   9.8000000000e-01
8.9049845628e+00   9.8000000000e-01
8.9128008793e+00   9.8000000000e-01
8.9206171959e+00   9.8000000000e-01
8.9284335125e+00   9.8000000000e-01
8.9362498290e+00   9.8000000000e-01
8.9440661456e+00   9.8000000000e-01
8.9518824621e+00   9.8000000000e-01
8.9596987787e+00   9.8000000000e-01
8.9675150953e+00   9.8000000000e-01
8.9753314118e+00   9.8000000000e-01
8.9831477284e+00   9.8000000000e-01
8.9909640449e+00   9.8000000000e-01
8.9987803615e+00   9.8000000000e-01
9.0065966781e+00   9.8000000000e-01
9.0144129946e+00   9.8000000000e-01
9.0222293112e+00   9.8000000000e-01
9.0300456277e+00   9.8000000000e-01
9.0378619443e+00   9.8000000000e-01
9.0456782609e+00   9.8000000000e-01
9.0534945774e+00   9.8000000000e-01
9.0613108940e+00   9.8000000000e-01
9.0691272106e+00   9.8000000000e-01
9.0769435271e+00   9.8000000000e-01
9.0847598437e+00   9.8000000000e-01
9.0925761602e+00   9.8000000000e-01
9.1003924768e+00   9.8000000000e-01
9.1082087934e+00   9.8000000000e-01
9.1160251099e+00   9.8000000000e-01
9.1238414265e+00   9.8000000000e-01
9.1316577430e+00   9.8000000000e-01
9.1394740596e+00   9.8000000000e-01
9.1472903762e+00   9.8000000000e-01
9.1551066927e+00   9.8000000000e-01
9.1629230093e+00   9.8000000000e-01
9.1707393258e+00   9.8000000000e-01
9.1785556424e+00   9.8000000000e-01
9.1863719590e+00   9.8000000000e-01
9.1941882755e+00   9.8000000000e-01
9.2020045921e+00   9.8000000000e-01
9.2098209086e+00   9.8000000000e-01
9.2176372252e+00   9.8000000000e-01
9.2254535418e+00   9.8000000000e-01
9.2332698583e+00   9.8000000000e-01
9.2410861749e+00   9.8000000000e-01
9.2489024915e+00   9.8000000000e-01
9.2567188080e+00   9.8000000000e-01
9.2645351246e+00   9.8000000000e-01
9.2723514411e+00   9.8000000000e-01
9.2801677577e+00   9.8000000000e-01
9.2879840743e+00   9.8000000000e-01
9.2958003908e+00   9.8000000000e-01
9.3036167074e+00   9.8000000000e-01
9.3114330239e+00   9.8000000000e-01
9.3192493405e+00   9.8000000000e-01
9.3270656571e+00   9.8000000000e-01
9.3348819736e+00   9.8000000000e-01
9.3426982902e+00   9.8000000000e-01
9.3505146067e+00   9.8000000000e-01
9.3583309233e+00   9.8000000000e-01
9.3661472399e+00   9.8000000000e-01
9.3739635564e+00   9.8000000000e-01
9.3817798730e+00   9.8000000000e-01
9.3895961895e+00   9.8000000000e-01
9.3974125061e+00   9.8000000000e-01
9.4052288227e+00   9.8000000000e-01
9.4130451392e+00   9.8000000000e-01
9.4208614558e+00   9.8000000000e-01
9.4286777723e+00   9.8000000000e-01
9.4364940889e+00   9.8000000000e-01
9.4443104055e+00   9.8000000000e-01
9.4521267220e+00   9.8000000000e-01
9.4599430386e+00   9.8000000000e-01
9.4677593552e+00   9.8000000000e-01
9.4755756717e+00   9.8000000000e-01
9.4833919883e+00   9.8000000000e-01
9.4912083048e+00   9.8000000000e-01
9.4990246214e+00   9.8000000000e-01
9.5068409380e+00   9.8000000000e-01
9.5146572545e+00   9.8000000000e-01
9.5224735711e+00   9.8000000000e-01
9.5302898876e+00   9.8000000000e-01
9.5381062042e+00   9.8000000000e-01
9.5459225208e+00   9.8000000000e-01
9.5537388373e+00   9.8000000000e-01
9.5615551539e+00   9.8000000000e-01
9.5693714704e+00   9.8000000000e-01
9.5771877870e+00   9.8000000000e-01
9.5850041036e+00   9.8000000000e-01
9.5928204201e+00   9.8000000000e-01
9.6006367367e+00   9.8000000000e-01
9.6084530532e+00   9.8000000000e-01
9.6162693698e+00   9.8000000000e-01
9.6240856864e+00   9.8000000000e-01
9.6319020029e+00   9.8000000000e-01
9.6397183195e+00   9.8000000000e-01
9.6475346361e+00   9.8000000000e-01
9.6553509526e+00   9.8000000000e-01
9.6631672692e+00   9.8000000000e-01
9.6709835857e+00   9.8000000000e-01
9.6787999023e+00   9.8000000000e-01
9.6866162189e+00   9.8000000000e-01
9.6944325354e+00   9.8000000000e-01
9.7022488520e+00   9.8000000000e-01
9.7100651685e+00   9.8000000000e-01
9.7178814851e+00   9.8000000000e-01
9.7256978017e+00   9.8000000000e-01
9.7335141182e+00   9.8000000000e-01
9.7413304348e+00   9.8000000000e-01
9.7491467513e+00   9.8000000000e-01
9.7569630679e+00   9.8000000000e-01
9.7647793845e+00   9.8000000000e-01
9.7725957010e+00   9.8000000000e-01
9.7804120176e+00   9.8000000000e-01
9.7882283341e+00   9.8000000000e-01
9.7960446507e+00   9.8000000000e-01
9.8038609673e+00   9.8000000000e-01
9.8116772838e+00   9.8000000000e-01
9.8194936004e+00   9.8000000000e-01
9.8273099170e+00   9.8000000000e-01
9.8351262335e+00   9.8000000000e-01
9.8429425501e+00   9.8000000000e-01
9.8507588666e+00   9.8000000000e-01
9.8585751832e+00   9.8000000000e-01
9.8663914998e+00   9.8000000000e-01
9.8742078163e+00   9.8000000000e-01
9.8743078163e+00   8.8000000000e-01
9.8753078163e+00   8.8000000000e-01
9.8831241329e+00   8.8000000000e-01
9.8909404494e+00   8.8000000000e-01
9.8987567660e+00   8.8000000000e-01
9.9065730826e+00   8.8000000000e-01
9.9143893991e+00   8.8000000000e-01
9.9222057157e+00   8.8000000000e-01
9.9300220322e+00   8.8000000000e-01
9.9378383488e+00   8.8000000000e-01
9.9456546654e+00   8.8000000000e-01
9.9534709819e+00   8.8000000000e-01
9.9612872985e+00   8.8000000000e-01
9.9691036150e+00   8.8000000000e-01
9.9769199316e+00   8.8000000000e-01
9.9847362482e+00   8.8000000000e-01
9.9925525647e+00   8.8000000000e-01
1.0000368881e+01   8.8000000000e-01
1.0008185198e+01   8.8000000000e-01
1.0016001514e+01   8.8000000000e-01
1.0023817831e+01   8.8000000000e-01
1.0031634148e+01   8.8000000000e-01
1.0039450464e+01   8.8000000000e-01
1.0047266781e+01   8.8000000000e-01
1.0055083097e+01   8.8000000000e-01
1.0062899414e+01   8.8000000000e-01
1.0070715730e+01   8.8000000000e-01
1.0078532047e+01   8.8000000000e-01
1.0086348363e+01   8.8000000000e-01
1.0094164680e+01   8.8000000000e-01
1.0101980997e+01   8.8000000000e-01
1.0109797313e+01   8.8000000000e-01
1.0117613630e+01   8.8000000000e-01
1.0125429946e+01   8.8000000000e-01
1.0133246263e+01   8.8000000000e-01
1.0141062579e+01   8.8000000000e-01
1.0148878896e+01   8.8000000000e-01
1.0156695213e+01   8.8000000000e-01
1.0164511529e+01   8.8000000000e-01
1.0172327846e+01   8.8000000000e-01
1.0180144162e+01   8.8000000000e-01
1.0187960479e+01   8.8000000000e-01
1.0195776795e+01   8.8000000000e-01
1.0203593112e+01   8.8000000000e-01
1.0211409428e+01   8.8000000000e-01
1.0219225745e+01   8.8000000000e-01
1.0227042062e+01   8.8000000000e-01
1.0234858378e+01   8.8000000000e-01
1.0242674695e+01   8.8000000000e-01
1.0250491011e+01   8.8000000000e-01
1.0258307328e+01   8.8000000000e-01
1.0266123644e+01   8.8000000000e-01
1.0273939961e+01   8.8000000000e-01
1.0281756277e+01   8.8000000000e-01
1.0289572594e+01   8.8000000000e-01
1.0297388911e+01   8.8000000000e-01
1.0305205227e+01   8.8000000000e-01
1.0313021544e+01   8.8000000000e-01
1.0320837860e+01   8.8000000000e-01
1.0328654177e+01   8.8000000000e-01
1.0336470493e+01   8.8000000000e-01
1.0344286810e+01   8.8000000000e-01
1.0352103127e+01   8.8000000000e-01
1.0359919443e+01   8.8000000000e-01
1.0367735760e+01   8.8000000000e-01
1.0375552076e+01   8.8000000000e-01
1.0383368393e+01   8.8000000000e-01
1.0391184709e+01   8.8000000000e-01
1.0399001026e+01   8.8000000000e-01
1.0406817342e+01   8.8000000000e-01
1.0414633659e+01   8.8000000000e-01
1.0422449976e+01   8.8000000000e-01
1.0430266292e+01   8.8000000000e-01
1.0438082609e+01   8.8000000000e-01
1.0445898925e+01   8.8000000000e-01
1.0453715242e+01   8.8000000000e-01
1.0461531558e+01   8.8000000000e-01
1.0469347875e+01   8.8000000000e-01
1.0477164191e+01   8.8000000000e-01
1.0484980508e+01   8.8000000000e-01
1.0492796825e+01   8.8000000000e-01
1.0500613141e+01   8.8000000000e-01
1.0508429458e+01   8.8000000000e-01
1.0516245774e+01   8.8000000000e-01
1.0524062091e+01   8.8000000000e-01
1.0531878407e+01   8.8000000000e-01
1.0539694724e+01   8.8000000000e-01
1.0547511041e+01   8.8000000000e-01
1.0555327357e+01   8.8000000000e-01
1.0563143674e+01   8.8000000000e-01
1.0570959990e+01   8.8000000000e-01
1.0578776307e+01   8.8000000000e-01
1.0586592623e+01   8.8000000000e-01
1.0594408940e+01   8.8000000000e-01
1.0602225256e+01   8.8000000000e-01
1.0610041573e+01   8.8000000000e-01
1.0617857890e+01   8.8000000000e-01
1.0625674206e+01   8.8000000000e-01
1.0633490523e+01   8.8000000000e-01
1.0641306839e+01   8.8000000000e-01
1.0649123156e+01   8.8000000000e-01
1.0656939472e+01   8.8000000000e-01
1.0664755789e+01   8.8000000000e-01
1.0672572106e+01   8.8000000000e-01
1.0680388422e+01   8.8000000000e-01
1.0688204739e+01   8.8000000000e-01
1.0696021055e+01   8.8000000000e-01
1.0703837372e+01   8.8000000000e-01
1.0711653688e+01   8.8000000000e-01
1.0719470005e+01   8.8000000000e-01
1.0727286321e+01   8.8000000000e-01
1.0735102638e+01   8.8000000000e-01
1.0742918955e+01   8.8000000000e-01
1.0750735271e+01   8.8000000000e-01
1.0758551588e+01   8.8000000000e-01
1.0766367904e+01   8.8000000000e-01
1.0774184221e+01   8.8000000000e-01
1.0782000537e+01   8.8000000000e-01
1.0789816854e+01   8.8000000000e-01
1.0797633170e+01   8.8000000000e-01
1.0805449487e+01   8.8000000000e-01
1.0813265804e+01   8.8000000000e-01
1.0821082120e+01   8.8000000000e-01
1.0828898437e+01   8.8000000000e-01
1.0836714753e+01   8.8000000000e-01
1.0844531070e+01   8.8000000000e-01
1.0852347386e+01   8.8000000000e-01
1.0860163703e+01   8.8000000000e-01
1.0867980020e+01   8.8000000000e-01
1.0875796336e+01   8.8000000000e-01
1.0883612653e+01   8.8000000000e-01
1.0883712653e+01   8.2000000000e-01
1.0884712653e+01   8.2000000000e-01
1.0892528969e+01   8.2000000000e-01
1.0900345286e+01   8.2000000000e-01
1.0908161602e+01   8.2000000000e-01
1.0915977919e+01   8.2000000000e-01
1.0923794235e+01   8.2000000000e-01
1.0931610552e+01   8.2000000000e-01
1.0939426869e+01   8.2000000000e-01
1.0947243185e+01   8.2000000000e-01
1.0955059502e+01   8.2000000000e-01
1.0962875818e+01   8.2000000000e-01
1.0970692135e+01   8.2000000000e-01
1.0978508451e+01   8.2000000000e-01
1.0986324768e+01   8.2000000000e-01
1.0994141085e+01   8.2000000000e-01
1.1001957401e+01   8.2000000000e-01
1.1009773718e+01   8.2000000000e-01
1.1017590034e+01   8.2000000000e-01
1.1025406351e+01   8.2000000000e-01
1.1033222667e+01   8.2000000000e-01
1.1041038984e+01   8.2000000000e-01
1.1048855300e+01   8.2000000000e-01
1.1056671617e+01   8.2000000000e-01
1.1064487934e+01   8.2000000000e-01
1.1072304250e+01   8.2000000000e-01
1.1080120567e+01   8.2000000000e-01
1.1087936883e+01   8.2000000000e-01
1.1095753200e+01   8.2000000000e-01
1.1103569516e+01   8.2000000000e-01
1.1111385833e+01   8.2000000000e-01
1.1119202149e+01   8.2000000000e-01
1.1127018466e+01   8.2000000000e-01
1.1134834783e+01   8.2000000000e-01
1.1142651099e+01   8.2000000000e-01
1.1150467416e+01   8.2000000000e-01
1.1158283732e+01   8.2000000000e-01
1.1166100049e+01   8.2000000000e-01
1.1173916365e+01   8.2000000000e-01
1.1181732682e+01   8.2000000000e-01
1.1189548999e+01   8.2000000000e-01
1.1197365315e+01   8.2000000000e-01
1.1205181632e+01   8.2000000000e-01
1.1212997948e+01   8.2000000000e-01
1.1220814265e+01   8.2000000000e-01
1.1228630581e+01   8.2000000000e-01
1.1236446898e+01   8.2000000000e-01
1.1244263214e+01   8.2000000000e-01
1.1252079531e+01   8.2000000000e-01
1.1259895848e+01   8.2000000000e-01
1.1267712164e+01   8.2000000000e-01
1.1275528481e+01   8.2000000000e-01
1.1283344797e+01   8.2000000000e-01
1.1291161114e+01   8.2000000000e-01
1.1298977430e+01   8.2000000000e-01
1.1306793747e+01   8.2000000000e-01
1.1314610064e+01   8.2000000000e-01
1.1322426380e+01   8.2000000000e-01
1.1330242697e+01   8.2000000000e-01
1.1338059013e+01   8.2000000000e-01
1.1345875330e+01   8.2000000000e-01
1.1353691646e+01   8.2000000000e-01
1.1361507963e+01   8.2000000000e-01
1.1369324279e+01   8.2000000000e-01
1.1377140596e+01   8.2000000000e-01
1.1384956913e+01   8.2000000000e-01
1.1392773229e+01   8.2000000000e-01
1.1400589546e+01   8.2000000000e-01
1.1408405862e+01   8.2000000000e-01
1.1416222179e+01   8.2000000000e-01
1.1424038495e+01   8.2000000000e-01
1.1431854812e+01   8.2000000000e-01
1.1439671128e+01   8.2000000000e-01
1.1447487445e+01   8.2000000000e-01
1.1455303762e+01   8.2000000000e-01
1.1463120078e+01   8.2000000000e-01
1.1470936395e+01   8.2000000000e-01
1.1478752711e+01   8.2000000000e-01
1.1486569028e+01   8.2000000000e-01
1.1494385344e+01   8.2000000000e-01
1.1502201661e+01   8.2000000000e-01
1.1510017978e+01   8.2000000000e-01
1.1517834294e+01   8.2000000000e-01
1.1525650611e+01   8.2000000000e-01
1.1533466927e+01   8.2000000000e-01
1.1541283244e+01   8.2000000000e-01
1.1549099560e+01   8.2000000000e-01
1.1556915877e+01   8.2000000000e-01
1.1564732193e+01   8.2000000000e-01
1.1572548510e+01   8.2000000000e-01
1.1580364827e+01   8.2000000000e-01
1.1588181143e+01   8.2000000000e-01
1.1595997460e+01   8.2000000000e-01
1.1603813776e+01   8.2000000000e-01
1.1611630093e+01   8.2000000000e-01
1.1619446409e+01   8.2000000000e-01
1.1627262726e+01   8.2000000000e-01
1.1635079043e+01   8.2000000000e-01
1.1642895359e+01   8.2000000000e-01
1.1650711676e+01   8.2000000000e-01
1.1658527992e+01   8.2000000000e-01
1.1666344309e+01   8.2000000000e-01
1.1674160625e+01   8.2000000000e-01
1.1681976942e+01   8.2000000000e-01
1.1689793258e+01   8.2000000000e-01
1.1697609575e+01   8.2000000000e-01
1.1705425892e+01   8.2000000000e-01
1.1713242208e+01   8.2000000000e-01
1.1721058525e+01   8.2000000000e-01
1.1728874841e+01   8.2000000000e-01
1.1736691158e+01   8.2000000000e-01
1.1744507474e+01   8.2000000000e-01
1.1752323791e+01   8.2000000000e-01
1.1760140107e+01   8.2000000000e-01
1.1760240107e+01   9.8000000000e-01
1.1761240107e+01   9.8000000000e-01
1.1769056424e+01   9.8000000000e-01
1.1776872741e+01   9.8000000000e-01
1.1784689057e+01   9.8000000000e-01
1.1792505374e+01   9.8000000000e-01
1.1800321690e+01   9.8000000000e-01
1.1808138007e+01   9.8000000000e-01
1.1815954323e+01   9.8000000000e-01
1.1823770640e+01   9.8000000000e-01
1.1831586957e+01   9.8000000000e-01
1.1839403273e+01   9.8000000000e-01
1.1847219590e+01   9.8000000000e-01
1.1855035906e+01   9.8000000000e-01
1.1862852223e+01   9.8000000000e-01
1.1870668539e+01   9.8000000000e-01
1.1878484856e+01   9.8000000000e-01
1.1886301172e+01   9.8000000000e-01
1.1894117489e+01   9.8000000000e-01
1.1901933806e+01   9.8000000000e-01
1.1909750122e+01   9.8000000000e-01
1.1917566439e+01   9.8000000000e-01
1.1925382755e+01   9.8000000000e-01
1.1933199072e+01   9.8000000000e-01
1.1941015388e+01   9.8000000000e-01
1.1948831705e+01   9.8000000000e-01
1.1956648021e+01   9.8000000000e-01
1.1964464338e+01   9.8000000000e-01
1.1972280655e+01   9.8000000000e-01
1.1980096971e+01   9.8000000000e-01
1.1987913288e+01   9.8000000000e-01
1.1995729604e+01   9.8000000000e-01
1.2003545921e+01   9.8000000000e-01
1.2011362237e+01   9.8000000000e-01
1.2019178554e+01   9.8000000000e-01
1.2026994871e+01   9.8000000000e-01
1.2034811187e+01   9.8000000000e-01
1.2042627504e+01   9.8000000000e-01
1.2050443820e+01   9.8000000000e-01
1.2058260137e+01   9.8000000000e-01
1.2066076453e+01   9.8000000000e-01
1.2073892770e+01   9.8000000000e-01
1.2081709086e+01   9.8000000000e-01
1.2089525403e+01   9.8000000000e-01
1.2097341720e+01   9.8000000000e-01
1.2105158036e+01   9.8000000000e-01
1.2112974353e+01   9.8000000000e-01
1.2120790669e+01   9.8000000000e-01
1.2128606986e+01   9.8000000000e-01
1.2136423302e+01   9.8000000000e-01
1.2144239619e+01   9.8000000000e-01
1.2152055936e+01   9.8000000000e-01
1.2159872252e+01   9.8000000000e-01
1.2167688569e+01   9.8000000000e-01
1.2175504885e+01   9.8000000000e-01
1.2183321202e+01   9.8000000000e-01
1.2191137518e+01   9.8000000000e-01
1.2198953835e+01   9.8000000000e-01
1.2206770151e+01   9.8000000000e-01
1.2214586468e+01   9.8000000000e-01
1.2222402785e+01   9.8000000000e-01
1.2230219101e+01   9.8000000000e-01
1.2238035418e+01   9.8000000000e-01
1.2245851734e+01   9.8000000000e-01
1.2253668051e+01   9.8000000000e-01
1.2261484367e+01   9.8000000000e-01
1.2269300684e+01   9.8000000000e-01
1.2277117000e+01   9.8000000000e-01
1.2284933317e+01   9.8000000000e-01
1.2292749634e+01   9.8000000000e-01
1.2300565950e+01   9.8000000000e-01
1.2308382267e+01   9.8000000000e-01
1.2316198583e+01   9.8000000000e-01
1.2324014900e+01   9.8000000000e-01
1.2331831216e+01   9.8000000000e-01
1.2339647533e+01   9.8000000000e-01
1.2347463850e+01   9.8000000000e-01
1.2355280166e+01   9.8000000000e-01
1.2363096483e+01   9.8000000000e-01
1.2370912799e+01   9.8000000000e-01
1.2378729116e+01   9.8000000000e-01
1.2386545432e+01   9.8000000000e-01
1.2394361749e+01   9.8000000000e-01
1.2402178065e+01   9.8000000000e-01
1.2409994382e+01   9.8000000000e-01
1.2417810699e+01   9.8000000000e-01
1.2425627015e+01   9.8000000000e-01
1.2433443332e+01   9.8000000000e-01
1.2441259648e+01   9.8000000000e-01
1.2449075965e+01   9.8000000000e-01
1.2456892281e+01   9.8000000000e-01
1.2464708598e+01   9.8000000000e-01
1.2472524915e+01   9.8000000000e-01
1.2480341231e+01   9.8000000000e-01
1.2488157548e+01   9.8000000000e-01
1.2495973864e+01   9.8000000000e-01
1.2503790181e+01   9.8000000000e-01
1.2511606497e+01   9.8000000000e-01
1.2519422814e+01   9.8000000000e-01
1.2527239130e+01   9.8000000000e-01
1.2535055447e+01   9.8000000000e-01
1.2542871764e+01   9.8000000000e-01
1.2550688080e+01   9.8000000000e-01
1.2558504397e+01   9.8000000000e-01
1.2566320713e+01   9.8000000000e-01
1.2574137030e+01   9.8000000000e-01
1.2581953346e+01   9.8000000000e-01
1.2589769663e+01   9.8000000000e-01
1.2597585979e+01   9.8000000000e-01
1.2605402296e+01   9.8000000000e-01
1.2613218613e+01   9.8000000000e-01
1.2621034929e+01   9.8000000000e-01
1.2628851246e+01   9.8000000000e-01
1.2636667562e+01   9.8000000000e-01
1.2644483879e+01   9.8000000000e-01
1.2652300195e+01   9.8000000000e-01
1.2660116512e+01   9.8000000000e-01
1.2667932829e+01   9.8000000000e-01
1.2675749145e+01   9.8000000000e-01
1.2683565462e+01   9.8000000000e-01
1.2691381778e+01   9.8000000000e-01
1.2691481778e+01   9.8000000000e-01
1.2692481778e+01   9.8000000000e-01
1.2700298095e+01   9.8000000000e-01
1.2708114411e+01   9.8000000000e-01
1.2715930728e+01   9.8000000000e-01
1.2723747044e+01   9.8000000000e-01
1.2731563361e+01   9.8000000000e-01
1.2739379678e+01   9.8000000000e-01
1.2747195994e+01   9.8000000000e-01
1.2755012311e+01   9.8000000000e-01
1.2762828627e+01   9.8000000000e-01
1.2770644944e+01   9.8000000000e-01
1.2778461260e+01   9.8000000000e-01
1.2786277577e+01   9.8000000000e-01
1.2794093894e+01   9.8000000000e-01
1.2801910210e+01   9.8000000000e-01
1.2809726527e+01   9.8000000000e-01
1.2817542843e+01   9.8000000000e-01
1.2825359160e+01   9.8000000000e-01
1.2833175476e+01   9.8000000000e-01
1.2840991793e+01   9.8000000000e-01
1.2848808109e+01   9.8000000000e-01
1.2856624426e+01   9.8000000000e-01
1.2864440743e+01   9.8000000000e-01
1.2872257059e+01   9.8000000000e-01
1.2880073376e+01   9.8000000000e-01
1.2887889692e+01   9.8000000000e-01
1.2895706009e+01   9.8000000000e-01
1.2903522325e+01   9.8000000000e-01
1.2911338642e+01   9.8000000000e-01
1.2919154958e+01   9.8000000000e-01
1.2926971275e+01   9.8000000000e-01
1.2934787592e+01   9.8000000000e-01
1.2942603908e+01   9.8000000000e-01
1.2950420225e+01   9.8000000000e-01
1.2958236541e+01   9.8000000000e-01
1.2966052858e+01   9.8000000000e-01
1.2973869174e+01   9.8000000000e-01
1.2981685491e+01   9.8000000000e-01
1.2989501808e+01   9.8000000000e-01
1.2997318124e+01   9.8000000000e-01
1.3005134441e+01   9.8000000000e-01
1.3012950757e+01   9.8000000000e-01
1.3020767074e+01   9.8000000000e-01
1.3028583390e+01   9.8000000000e-01
1.3036399707e+01   9.8000000000e-01
1.3044216023e+01   9.8000000000e-01
1.3052032340e+01   9.8000000000e-01
1.3059848657e+01   9.8000000000e-01
1.3067664973e+01   9.8000000000e-01
1.3075481290e+01   9.8000000000e-01
1.3083297606e+01   9.8000000000e-01
1.3091113923e+01   9.8000000000e-01
1.3098930239e+01   9.8000000000e-01
1.3106746556e+01   9.8000000000e-01
1.3114562872e+01   9.8000000000e-01
1.3122379189e+01   9.8000000000e-01
1.3130195506e+01   9.8000000000e-01
1.3138011822e+01   9.8000000000e-01
1.3145828139e+01   9.8000000000e-01
1.3153644455e+01   9.8000000000e-01
1.3161460772e+01   9.8000000000e-01
1.3169277088e+01   9.8000000000e-01
1.3177093405e+01   9.8000000000e-01
1.3184909722e+01   9.8000000000e-01
1.3192726038e+01   9.8000000000e-01
1.3200542355e+01   9.8000000000e-01
1.3208358671e+01   9.8000000000e-01
1.3216174988e+01   9.8000000000e-01
1.3223991304e+01   9.8000000000e-01
1.3231807621e+01   9.8000000000e-01
1.3239623937e+01   9.8000000000e-01
1.3247440254e+01   9.8000000000e-01
1.3255256571e+01   9.8000000000e-01
1.3263072887e+01   9.8000000000e-01
1.3270889204e+01   9.8000000000e-01
1.3278705520e+01   9.8000000000e-01
1.3286521837e+01   9.8000000000e-01
1.3294338153e+01   9.8000000000e-01
1.3302154470e+01   9.8000000000e-01
1.3309970787e+01   9.8000000000e-01
1.3317787103e+01   9.8000000000e-01
1.3325603420e+01   9.8000000000e-01
1.3333419736e+01   9.8000000000e-01
1.3341236053e+01   9.8000000000e-01
1.3349052369e+01   9.8000000000e-01
1.3356868686e+01   9.8000000000e-01
1.3364685002e+01   9.8000000000e-01
1.3372501319e+01   9.8000000000e-01
1.3380317636e+01   9.8000000000e-01
1.3388133952e+01   9.8000000000e-01
1.3395950269e+01   9.8000000000e-01
1.3403766585e+01   9.8000000000e-01
1.3411582902e+01   9.8000000000e-01
1.3419399218e+01   9.8000000000e-01
1.3427215535e+01   9.8000000000e-01
1.3435031851e+01   9.8000000000e-01
1.3442848168e+01   9.8000000000e-01
1.3450664485e+01   9.8000000000e-01
1.3458480801e+01   9.8000000000e-01
1.3466297118e+01   9.8000000000e-01
1.3474113434e+01   9.8000000000e-01
1.3481929751e+01   9.8000000000e-01
1.3489746067e+01   9.8000000000e-01
1.3497562384e+01   9.8000000000e-01
1.3505378701e+01   9.8000000000e-01
1.3513195017e+01   9.8000000000e-01
1.3521011334e+01   9.8000000000e-01
1.3528827650e+01   9.8000000000e-01
1.3536643967e+01   9.8000000000e-01
1.3544460283e+01   9.8000000000e-01
1.3552276600e+01   9.8000000000e-01
1.3560092916e+01   9.8000000000e-01
1.3567909233e+01   9.8000000000e-01
1.3575725550e+01   9.8000000000e-01
1.3575825550e+01   8.0000000000e-01
1.3576825550e+01   8.0000000000e-01
1.3584641866e+01   8.0000000000e-01
1.3592458183e+01   8.0000000000e-01
1.3600274499e+01   8.0000000000e-01
1.3608090816e+01   8.0000000000e-01
1.3615907132e+01   8.0000000000e-01
1.3623723449e+01   8.0000000000e-01
1.3631539766e+01   8.0000000000e-01
1.3639356082e+01   8.0000000000e-01
1.3647172399e+01   8.0000000000e-01
1.3654988715e+01   8.0000000000e-01
1.3662805032e+01   8.0000000000e-01
1.3670621348e+01   8.0000000000e-01
1.3678437665e+01   8.0000000000e-01
1.3686253981e+01   8.0000000000e-01
1.3694070298e+01   8.0000000000e-01
1.3701886615e+01   8.0000000000e-01
1.3709702931e+01   8.0000000000e-01
1.3717519248e+01   8.0000000000e-01
1.3725335564e+01   8.0000000000e-01
1.3733151881e+01   8.0000000000e-01
1.3740968197e+01   8.0000000000e-01
1.3748784514e+01   8.0000000000e-01
1.3756600830e+01   8.0000000000e-01
1.3764417147e+01   8.0000000000e-01
1.3772233464e+01   8.0000000000e-01
1.3780049780e+01   8.0000000000e-01
1.3787866097e+01   8.0000000000e-01
1.3795682413e+01   8.0000000000e-01
1.3803498730e+01   8.0000000000e-01
1.3811315046e+01   8.0000000000e-01
1.3819131363e+01   8.0000000000e-01
1.3826947680e+01   8.0000000000e-01
1.3834763996e+01   8.0000000000e-01
1.3842580313e+01   8.0000000000e-01
1.3850396629e+01   8.0000000000e-01
1.3858212946e+01   8.0000000000e-01
1.3866029262e+01   8.0000000000e-01
1.3873845579e+01   8.0000000000e-01
1.3881661895e+01   8.0000000000e-01
1.3889478212e+01   8.0000000000e-01
1.3897294529e+01   8.0000000000e-01
1.3905110845e+01   8.0000000000e-01
1.3912927162e+01   8.0000000000e-01
1.3920743478e+01   8.0000000000e-01
1.3928559795e+01   8.0000000000e-01
1.3936376111e+01   8.0000000000e-01
1.3944192428e+01   8.0000000000e-01
1.3952008745e+01   8.0000000000e-01
1.3959825061e+01   8.0000000000e-01
1.3967641378e+01   8.0000000000e-01
1.3975457694e+01   8.0000000000e-01
1.3983274011e+01   8.0000000000e-01
1.3991090327e+01   8.0000000000e-01
1.3998906644e+01   8.0000000000e-01
1.4006722960e+01   8.0000000000e-01
1.4014539277e+01   8.0000000000e-01
1.4022355594e+01   8.0000000000e-01
1.4030171910e+01   8.0000000000e-01
1.4037988227e+01   8.0000000000e-01
1.4045804543e+01   8.0000000000e-01
1.4053620860e+01   8.0000000000e-01
1.4061437176e+01   8.0000000000e-01
1.4069253493e+01   8.0000000000e-01
1.4077069809e+01   8.0000000000e-01
1.4084886126e+01   8.0000000000e-01
1.4092702443e+01   8.0000000000e-01
1.4100518759e+01   8.0000000000e-01
1.4108335076e+01   8.0000000000e-01
1.4116151392e+01   8.0000000000e-01
1.4123967709e+01   8.0000000000e-01
1.4131784025e+01   8.0000000000e-01
1.4139600342e+01   8.0000000000e-01
1.4147416659e+01   8.0000000000e-01
1.4155232975e+01   8.0000000000e-01
1.4163049292e+01   8.0000000000e-01
1.4170865608e+01   8.0000000000e-01
1.4178681925e+01   8.0000000000e-01
1.4186498241e+01   8.0000000000e-01
1.4186598241e+01   8.2000000000e-01
1.4187598241e+01   8.2000000000e-01
1.4195414558e+01   8.2000000000e-01
1.4203230874e+01   8.2000000000e-01
1.4211047191e+01   8.2000000000e-01
1.4218863508e+01   8.2000000000e-01
1.4226679824e+01   8.2000000000e-01
1.4234496141e+01   8.2000000000e-01
1.4242312457e+01   8.2000000000e-01
1.4250128774e+01   8.2000000000e-01
1.4257945090e+01   8.2000000000e-01
1.4265761407e+01   8.2000000000e-01
1.4273577723e+01   8.2000000000e-01
1.4281394040e+01   8.2000000000e-01
1.4289210357e+01   8.2000000000e-01
1.4297026673e+01   8.2000000000e-01
1.4304842990e+01   8.2000000000e-01
1.4312659306e+01   8.2000000000e-01
1.4320475623e+01   8.2000000000e-01
1.4328291939e+01   8.2000000000e-01
1.4336108256e+01   8.2000000000e-01
1.4343924573e+01   8.2000000000e-01
1.4351740889e+01   8.2000000000e-01
1.4359557206e+01   8.2000000000e-01
1.4367373522e+01   8.2000000000e-01
1.4375189839e+01   8.2000000000e-01
1.4383006155e+01   8.2000000000e-01
1.4390822472e+01   8.2000000000e-01
1.4398638788e+01   8.2000000000e-01
1.4406455105e+01   8.2000000000e-01
1.4414271422e+01   8.2000000000e-01
1.4422087738e+01   8.2000000000e-01
1.4429904055e+01   8.2000000000e-01
1.4437720371e+01   8.2000000000e-01
1.4445536688e+01   8.2000000000e-01
1.4453353004e+01   8.2000000000e-01
1.4461169321e+01   8.2000000000e-01
1.4468985638e+01   8.2000000000e-01
1.4476801954e+01   8.2000000000e-01
1.4484618271e+01   8.2000000000e-01
1.4492434587e+01   8.2000000000e-01
1.4500250904e+01   8.2000000000e-01
1.4508067220e+01   8.2000000000e-01
1.4515883537e+01   8.2000000000e-01
1.4523699853e+01   8.2000000000e-01
1.4531516170e+01   8.2000000000e-01
1.4539332487e+01   8.2000000000e-01
1.4547148803e+01   8.2000000000e-01
1.4554965120e+01   8.2000000000e-01
1.4562781436e+01   8.2000000000e-01
1.4570597753e+01   8.2000000000e-01
1.4578414069e+01   8.2000000000e-01
1.4586230386e+01   8.2000000000e-01
1.4594046702e+01   8.2000000000e-01
1.4601863019e+01   8.2000000000e-01
1.4609679336e+01   8.2000000000e-01
1.4617495652e+01   8.2000000000e-01
1.4625311969e+01   8.2000000000e-01
1.4633128285e+01   8.2000000000e-01
1.4640944602e+01   8.2000000000e-01
1.4648760918e+01   8.2000000000e-01
1.4656577235e+01   8.2000000000e-01
1.4664393552e+01   8.2000000000e-01
1.4672209868e+01   8.2000000000e-01
1.4680026185e+01   8.2000000000e-01
1.4687842501e+01   8.2000000000e-01
1.4695658818e+01   8.2000000000e-01
1.4703475134e+01   8.2000000000e-01
1.4711291451e+01   8.2000000000e-01
1.4719107767e+01   8.2000000000e-01
1.4726924084e+01   8.2000000000e-01
1.4734740401e+01   8.2000000000e-01
1.4742556717e+01   8.2000000000e-01
1.4750373034e+01   8.2000000000e-01
1.4758189350e+01   8.2000000000e-01
1.4766005667e+01   8.2000000000e-01
1.4773821983e+01   8.2000000000e-01
1.4781638300e+01   8.2000000000e-01
1.4789454617e+01   8.2000000000e-01
1.4797270933e+01   8.2000000000e-01
1.4805087250e+01   8.2000000000e-01
1.4812903566e+01   8.2000000000e-01
1.4820719883e+01   8.2000000000e-01
1.4820819883e+01   9.8000000000e-01
1.4821819883e+01   9.8000000000e-01
1.4829636199e+01   9.8000000000e-01
1.4837452516e+01   9.8000000000e-01
1.4845268832e+01   9.8000000000e-01
1.4853085149e+01   9.8000000000e-01
1.4860901466e+01   9.8000000000e-01
1.4868717782e+01   9.8000000000e-01
1.4876534099e+01   9.8000000000e-01
1.4884350415e+01   9.8000000000e-01
1.4892166732e+01   9.8000000000e-01
1.4899983048e+01   9.8000000000e-01
1.4907799365e+01   9.8000000000e-01
1.4915615681e+01   9.8000000000e-01
1.4923431998e+01   9.8000000000e-01
1.4931248315e+01   9.8000000000e-01
1.4939064631e+01   9.8000000000e-01
1.4946880948e+01   9.8000000000e-01
1.4954697264e+01   9.8000000000e-01
1.4962513581e+01   9.8000000000e-01
1.4970329897e+01   9.8000000000e-01
1.4978146214e+01   9.8000000000e-01
1.4985962531e+01   9.8000000000e-01
1.4993778847e+01   9.8000000000e-01
1.5001595164e+01   9.8000000000e-01
1.5009411480e+01   9.8000000000e-01
1.5017227797e+01   9.8000000000e-01
1.5025044113e+01   9.8000000000e-01
1.5032860430e+01   9.8000000000e-01
1.5040676746e+01   9.8000000000e-01
1.5048493063e+01   9.8000000000e-01
1.5056309380e+01   9.8000000000e-01
1.5064125696e+01   9.8000000000e-01
1.5071942013e+01   9.8000000000e-01
1.5079758329e+01   9.8000000000e-01
1.5087574646e+01   9.8000000000e-01
1.5095390962e+01   9.8000000000e-01
1.5103207279e+01   9.8000000000e-01
1.5111023596e+01   9.8000000000e-01
1.5118839912e+01   9.8000000000e-01
1.5126656229e+01   9.8000000000e-01
1.5134472545e+01   9.8000000000e-01
1.5142288862e+01   9.8000000000e-01
1.5150105178e+01   9.8000000000e-01
1.5157921495e+01   9.8000000000e-01
1.5165737811e+01   9.8000000000e-01
1.5173554128e+01   9.8000000000e-01
1.5181370445e+01   9.8000000000e-01
1.5189186761e+01   9.8000000000e-01
1.5197003078e+01   9.8000000000e-01
1.5204819394e+01   9.8000000000e-01
1.5212635711e+01   9.8000000000e-01
1.5220452027e+01   9.8000000000e-01
1.5228268344e+01   9.8000000000e-01
1.5236084660e+01   9.8000000000e-01
1.5243900977e+01   9.8000000000e-01
1.5251717294e+01   9.8000000000e-01
1.5259533610e+01   9.8000000000e-01
1.5267349927e+01   9.8000000000e-01
1.5275166243e+01   9.8000000000e-01
1.5282982560e+01   9.8000000000e-01
1.5290798876e+01   9.8000000000e-01
1.5298615193e+01   9.8000000000e-01
1.5306431510e+01   9.8000000000e-01
1.5314247826e+01   9.8000000000e-01
1.5322064143e+01   9.8000000000e-01
1.5329880459e+01   9.8000000000e-01
1.5337696776e+01   9.8000000000e-01
1.5345513092e+01   9.8000000000e-01
1.5353329409e+01   9.8000000000e-01
1.5361145725e+01   9.8000000000e-01
1.5368962042e+01   9.8000000000e-01
1.5376778359e+01   9.8000000000e-01
1.5384594675e+01   9.8000000000e-01
1.5392410992e+01   9.8000000000e-01
1.5400227308e+01   9.8000000000e-01
1.5408043625e+01   9.8000000000e-01
1.5415859941e+01   9.8000000000e-01
1.5423676258e+01   9.8000000000e-01
1.5431492574e+01   9.8000000000e-01
1.5439308891e+01   9.8000000000e-01
1.5447125208e+01   9.8000000000e-01
1.5454941524e+01   9.8000000000e-01
1.5462757841e+01   9.8000000000e-01
1.5462857841e+01   9.8000000000e-01
1.5463857841e+01   9.8000000000e-01
1.5471674157e+01   9.8000000000e-01
1.5479490474e+01   9.8000000000e-01
1.5487306790e+01   9.8000000000e-01
1.5495123107e+01   9.8000000000e-01
1.5502939424e+01   9.8000000000e-01
1.5510755740e+01   9.8000000000e-01
1.5518572057e+01   9.8000000000e-01
1.5526388373e+01   9.8000000000e-01
1.5534204690e+01   9.8000000000e-01
1.5542021006e+01   9.8000000000e-01
1.5549837323e+01   9.8000000000e-01
1.5557653639e+01   9.8000000000e-01
1.5565469956e+01   9.8000000000e-01
1.5573286273e+01   9.8000000000e-01
1.5581102589e+01   9.8000000000e-01
1.5588918906e+01   9.8000000000e-01
1.5596735222e+01   9.8000000000e-01
1.5604551539e+01   9.8000000000e-01
1.5612367855e+01   9.8000000000e-01
1.5620184172e+01   9.8000000000e-01
1.5628000489e+01   9.8000000000e-01
1.5635816805e+01   9.8000000000e-01
1.5643633122e+01   9.8000000000e-01
1.5651449438e+01   9.8000000000e-01
1.5659265755e+01   9.8000000000e-01
1.5667082071e+01   9.8000000000e-01
1.5674898388e+01   9.8000000000e-01
1.5682714704e+01   9.8000000000e-01
1.5690531021e+01   9.8000000000e-01
1.5698347338e+01   9.8000000000e-01
1.5706163654e+01   9.8000000000e-01
1.5713979971e+01   9.8000000000e-01
1.5721796287e+01   9.8000000000e-01
1.5729612604e+01   9.8000000000e-01
1.5737428920e+01   9.8000000000e-01
1.5745245237e+01   9.8000000000e-01
1.5753061553e+01   9.8000000000e-01
1.5760877870e+01   9.8000000000e-01
1.5768694187e+01   9.8000000000e-01
1.5776510503e+01   9.8000000000e-01
1.5784326820e+01   9.8000000000e-01
1.5792143136e+01   9.8000000000e-01
1.5799959453e+01   9.8000000000e-01
1.5807775769e+01   9.8000000000e-01
1.5815592086e+01   9.8000000000e-01
1.5823408403e+01   9.8000000000e-01
1.5831224719e+01   9.8000000000e-01
1.5839041036e+01   9.8000000000e-01
1.5846857352e+01   9.8000000000e-01
1.5854673669e+01   9.8000000000e-01
1.5862489985e+01   9.8000000000e-01
1.5870306302e+01   9.8000000000e-01
1.5878122618e+01   9.8000000000e-01
1.5885938935e+01   9.8000000000e-01
1.5893755252e+01   9.8000000000e-01
1.5901571568e+01   9.8000000000e-01
1.5909387885e+01   9.8000000000e-01
1.5917204201e+01   9.8000000000e-01
1.5925020518e+01   9.8000000000e-01
1.5932836834e+01   9.8000000000e-01
1.5940653151e+01   9.8000000000e-01
1.5948469468e+01   9.8000000000e-01
1.5956285784e+01   9.8000000000e-01
1.5964102101e+01   9.8000000000e-01
1.5971918417e+01   9.8000000000e-01
1.5979734734e+01   9.8000000000e-01
1.5987551050e+01   9.8000000000e-01
1.5995367367e+01   9.8000000000e-01
1.6000000000e+01   9.8000000000e-01
