X    Y
0.0000000000e+00   nan
4.8851978505e-03   3.9436933516e-03
9.7703957010e-03   1.2622489573e-03
1.4655593552e-02   3.8713559367e-04
1.9540791402e-02   3.6757676794e-05
2.4425989253e-02   2.8059607637e-04
2.9311187103e-02   4.3486370426e-04
3.4196384954e-02   5.3840117145e-04
3.9081582804e-02   6.1066536163e-04
4.3966780655e-02   6.6248352161e-04
4.8851978505e-02   7.0035608706e-04
5.3737176356e-02   7.2841389366e-04
5.8622374206e-02   7.4939820520e-04
6.3507572057e-02   7.6518976420e-04
6.8392769907e-02   7.7711228641e-04
7.3277967758e-02   7.8611552538e-04
7.8163165608e-02   7.9289042340e-04
8.3048363459e-02   7.9794412573e-04
8.7933561309e-02   8.0165027836e-04
9.2818759160e-02   8.0428353526e-04
9.7703957010e-02   8.0604363402e-04
1.0258915486e-01   8.0707236177e-04
1.0747435271e-01   8.0746552879e-04
1.1235955056e-01   8.0728133167e-04
1.1724474841e-01   8.0654602616e-04
1.2212994626e-01   8.0525753225e-04
1.2701514411e-01   8.0338740202e-04
1.3190034196e-01   8.0088145839e-04
1.3678553981e-01   7.9765934768e-04
1.4167073766e-01   7.9361323695e-04
1.4655593552e-01   7.8857013754e-04
1.5144113337e-01   1.1246910985e-03
1.5632633122e-01   1.1133781224e-03
1.6121152907e-01   1.0995976379e-03
1.6609672692e-01   1.0828531360e-03
1.7098192477e-01   1.0625469053e-03
1.7586712262e-01   1.0379634171e-03
1.8075232047e-01   1.0082509601e-03
1.8563751832e-01   8.6785689149e-04
1.9052271617e-01   8.2788269175e-04
1.9540791402e-01   7.7988777534e-04
2.0029311187e-01   7.2242502584e-04
2.0517830972e-01   2.6568387194e-04
2.1006350757e-01   2.3103862681e-04
2.1494870542e-01   1.9013316434e-04
2.1983390327e-01   1.6893170294e-05
2.2471910112e-01   1.1362222285e-04
2.2960429897e-01   5.7197653089e-05
2.3448949682e-01   3.0884138057e-05
2.3937469468e-01   9.8999766071e-05
2.4425989253e-01   2.4839426387e-04
2.4914509038e-01   9.4390320180e-05
2.5403028823e-01   2.6356396035e-04
2.5891548608e-01   3.7642332374e-04
2.6380068393e-01   2.6266995052e-05
2.6868588178e-01   7.8217904087e-04
2.7357107963e-01   1.5263418136e-03
2.7845627748e-01   1.0025719966e-03
2.8334147533e-01   1.8091815571e-03
2.8822667318e-01   1.0773318338e-03
2.9311187103e-01   1.1846781295e-03
2.9799706888e-01   2.6896067856e-04
3.0288226673e-01   1.9001542115e-04
3.0776746458e-01   6.2004025988e-05
3.1265266243e-01   5.9835849424e-05
3.1753786028e-01   1.9155199355e-04
3.2242305813e-01   1.0925935418e-03
3.2730825598e-01   1.4163111699e-02
3.3219345383e-01   7.2245762738e-05
3.3707865169e-01   2.5392398081e-07
3.4196384954e-01   1.2115584714e-03
3.4684904739e-01   6.9387329355e-05
3.5173424524e-01   8.6572141314e-04
3.5661944309e-01   1.2272756440e-05
3.6150464094e-01   6.0737056782e-04
3.6638983879e-01   1.1827212401e-03
3.7127503664e-01   1.0256513056e-03
3.7616023449e-01   8.3771341907e-04
3.8104543234e-01   1.0325599567e-03
3.8593063019e-01   1.0127910512e-03
3.9081582804e-01   1.3887066840e-03
3.9570102589e-01   1.3739836122e-03
4.0058622374e-01   1.3523113736e-03
4.0547142159e-01   1.3163730220e-03
4.1035661944e-01   1.2599690886e-03
4.1524181729e-01   1.1779986563e-03
4.2012701514e-01   1.0663841990e-03
4.2501221299e-01   9.2187722873e-04
4.2989741085e-01   6.1018170001e-04
4.3478260870e-01   4.1608951857e-04
4.3966780655e-01   1.8531404551e-04
4.4455300440e-01   4.9883189787e-05
4.4943820225e-01   1.7642708587e-04
4.5432340010e-01   3.3415540408e-04
4.5920859795e-01   5.8600867367e-05
4.6409379580e-01   1.1321686463e-03
4.6897899365e-01   1.9441224325e-03
4.7386419150e-01   4.2011450202e-03
4.7874938935e-01   3.8087289481e-01
4.8363458720e-01   9.3901547386e-03
4.8851978505e-01   4.6301938828e-03
4.9340498290e-01   3.0120523657e-03
4.9829018075e-01   2.2639188809e-03
5.0317537860e-01   1.7159871917e-03
5.0806057645e-01   1.3384113118e-03
5.1294577430e-01   1.0615343700e-03
5.1783097215e-01   8.5020612517e-04
5.2271617000e-01   4.2521457420e-04
5.2760136786e-01   3.4268037377e-04
5.3248656571e-01   2.7619373489e-04
5.3737176356e-01   2.2227981391e-04
5.4225696141e-01   1.7844758626e-04
5.4714215926e-01   1.4285295642e-04
5.5202735711e-01   1.1409510191e-04
5.5691255496e-01   9.1087500035e-05
5.6179775281e-01   7.2972795133e-05
5.6668295066e-01   2.1203781552e-06
5.7156814851e-01   1.1322220323e-05
5.7645334636e-01   9.4863102897e-06
5.8133854421e-01   8.2905517549e-06
5.8622374206e-01   7.6617487933e-06
5.9110893991e-01   7.5374103019e-06
5.9599413776e-01   7.8632920887e-06
6.0087933561e-01   8.5913640386e-06
6.0576453346e-01   9.6780978522e-06
6.1064973131e-01   1.1083002732e-05
6.1553492916e-01   1.2767358679e-05
6.2042012702e-01   1.4693112580e-05
6.2530532487e-01   1.6821912466e-05
6.3019052272e-01   1.9114261564e-05
6.3507572057e-01   2.1528777867e-05
6.3996091842e-01   2.4021550925e-05
6.4484611627e-01   2.6549710798e-05
6.4973131412e-01   1.6867110124e-04
6.5461651197e-01   1.8248559949e-04
6.5950170982e-01   1.9555658042e-04
6.6438690767e-01   2.0756622495e-04
6.6927210552e-01   2.1819176182e-04
6.7415730337e-01   2.2711123888e-04
6.7904250122e-01   2.3401044009e-04
6.8392769907e-01   2.3859074565e-04
6.8881289692e-01   2.4057765211e-04
6.9369809477e-01   2.3972959479e-04
6.9858329262e-01   2.3584665534e-04
7.0346849047e-01   2.2877870020e-04
7.0835368832e-01   2.1843248888e-04
7.1323888617e-01   2.0477731833e-04
7.1812408403e-01   1.8784883269e-04
7.2300928188e-01   1.6775072206e-04
7.2789447973e-01   1.4465415285e-04
7.3277967758e-01   1.1879490301e-04
7.3766487543e-01   9.0468306193e-05
7.4255007328e-01   6.0022229512e-05
7.4743527113e-01   2.7848413951e-05
7.5232046898e-01   5.6274107138e-06
7.5720566683e-01   3.9956176764e-05
7.6209086468e-01   7.4676463984e-05
7.6697606253e-01   1.0932556674e-04
7.7186126038e-01   1.4345079447e-04
7.7674645823e-01   1.7661350929e-04
7.8163165608e-01   2.7482974720e-04
7.8651685393e-01   3.1323821361e-04
7.9140205178e-01   3.4895159656e-04
7.9628724963e-01   3.8163194166e-04
8.0117244748e-01   4.1101394710e-04
8.0605764533e-01   4.3691003159e-04
8.1094284319e-01   4.5921367065e-04
8.1582804104e-01   4.7790071670e-04
8.2071323889e-01   4.9302839181e-04
8.2559843674e-01   5.0473167305e-04
8.3048363459e-01   5.1321689558e-04
8.3536883244e-01   5.1875257683e-04
8.4025403029e-01   5.2165769595e-04
8.4513922814e-01   5.2228789358e-04
8.5002442599e-01   5.2102021857e-04
8.5490962384e-01   5.1823705925e-04
8.5979482169e-01   5.1430970641e-04
8.6468001954e-01   5.0958161010e-04
8.6956521739e-01   5.0434123069e-04
8.7445041524e-01   4.9884665053e-04
8.7933561309e-01   4.0700082796e-04
8.8422081094e-01   4.0277780436e-04
8.8910600879e-01   3.9872331900e-04
8.9399120664e-01   3.9486457125e-04
8.9887640449e-01   3.9118706397e-04
9.0376160234e-01   3.8763823860e-04
9.0864680020e-01   3.8413150073e-04
9.1353199805e-01   3.8055025036e-04
9.1841719590e-01   3.7675161975e-04
9.2330239375e-01   3.7256971672e-04
9.2818759160e-01   3.6781826200e-04
9.3307278945e-01   3.6229259008e-04
9.3795798730e-01   3.5577105077e-04
9.4284318515e-01   3.4801590507e-04
9.4772838300e-01   3.3877385484e-04
9.5261358085e-01   3.2777638479e-04
9.5749877870e-01   3.1474012993e-04
9.6238397655e-01   2.9936751418e-04
9.6726917440e-01   8.3201867914e-05
9.7215437225e-01   7.6828293622e-05
9.7703957010e-01   6.9460700507e-05
9.8192476795e-01   6.1002558886e-05
9.8680996580e-01   5.1360042171e-05
9.9169516365e-01   4.0445507758e-05
9.9658036150e-01   2.8182080860e-05
1.0014655594e+00   2.8791301798e-06
1.0063507572e+00   1.5076285281e-05
1.0112359551e+00   1.9362687752e-05
1.0161211529e+00   5.7015404868e-05
1.0210063508e+00   9.7776121628e-05
1.0258915486e+00   1.4141333883e-04
1.0307767465e+00   1.8754219251e-04
1.0356619443e+00   4.2879845990e-04
1.0405471422e+00   5.1534868579e-04
1.0454323400e+00   6.0170510764e-04
1.0503175379e+00   6.8561621756e-04
1.0552027357e+00   7.6443722867e-04
1.0600879336e+00   8.3517770648e-04
1.0649731314e+00   8.9458527715e-04
1.0698583293e+00   9.3926525378e-04
1.0747435271e+00   9.6714137300e-04
1.0796287250e+00   9.6758280174e-04
1.0845139228e+00   9.4343846326e-04
1.0893991207e+00   8.9251905281e-04
1.0942843185e+00   8.1321929804e-04
1.0991695164e+00   7.0448897382e-04
1.1040547142e+00   3.0919201800e-04
1.1089399121e+00   2.0984881750e-04
1.1138251099e+00   9.2809045336e-05
1.1187103078e+00   1.9484252357e-06
1.1235955056e+00   5.1321138129e-05
1.1284807035e+00   1.3015760427e-04
1.1333659013e+00   2.2686167987e-04
1.1382510992e+00   1.2886500211e-03
1.1431362970e+00   1.9157310927e-03
1.1480214949e+00   2.9527109710e-03
1.1529066927e+00   6.4133032051e-03
1.1577918906e+00   2.0532175659e-02
1.1626770884e+00   1.8125422242e-02
1.1675622863e+00   6.1527015680e-03
1.1724474841e+00   2.7408466380e-03
1.1773326820e+00   1.8540559909e-03
1.1822178798e+00   1.3425073776e-03
1.1871030777e+00   1.0062652101e-03
1.1919882755e+00   7.6751526884e-04
1.1968734734e+00   1.0920201452e-04
1.2017586712e+00   8.3804716224e-05
1.2066438691e+00   6.3850985436e-05
1.2115290669e+00   4.7963545489e-05
1.2164142648e+00   3.5221762751e-05
1.2212994626e+00   2.4983216209e-05
1.2261846605e+00   1.6784156218e-05
1.2310698583e+00   1.0280758298e-05
1.2359550562e+00   1.4578808897e-06
1.2408402540e+00   1.0078778092e-05
1.2457254519e+00   3.2024758005e-06
1.2506106497e+00   1.2349299279e-05
1.2554958476e+00   1.7796247191e-05
1.2603810454e+00   1.9891734478e-05
1.2652662433e+00   1.8917480704e-05
1.2701514411e+00   1.5104162699e-05
1.2750366390e+00   8.6445216487e-06
1.2799218368e+00   2.9521919902e-07
1.2848070347e+00   1.1565026722e-05
1.2896922325e+00   2.5021906410e-05
1.2945774304e+00   6.8689479198e-05
1.2994626282e+00   9.6960280539e-05
1.3043478261e+00   1.2789934033e-04
1.3092330239e+00   1.6116511286e-04
1.3141182218e+00   1.9635633519e-04
1.3190034196e+00   2.3300129692e-04
1.3238886175e+00   2.7054914153e-04
1.3287738153e+00   3.0836396167e-04
1.3336590132e+00   3.4572254214e-04
1.3385442110e+00   3.8181663380e-04
1.3434294089e+00   4.1576058596e-04
1.3483146067e+00   4.4660500143e-04
1.3531998046e+00   4.7335678301e-04
1.3580850024e+00   4.9500195764e-04
1.3629702003e+00   5.1054221501e-04
1.3678553981e+00   4.9444004825e-04
1.3727405960e+00   4.9344704080e-04
1.3776257938e+00   4.8413474467e-04
1.3825109917e+00   4.6600416608e-04
1.3873961895e+00   4.3874349736e-04
1.3922813874e+00   4.0224598448e-04
1.3971665852e+00   3.5661745525e-04
1.4020517831e+00   3.0217246828e-04
1.4069369809e+00   2.3941901465e-04
1.4118221788e+00   1.6903270318e-04
1.4167073766e+00   9.1822823380e-05
1.4215925745e+00   2.6147604251e-06
1.4264777723e+00   4.7549883341e-05
1.4313629702e+00   9.4371985370e-05
1.4362481681e+00   1.4261866690e-04
1.4411333659e+00   1.9187039626e-04
1.4460185638e+00   2.4176676241e-04
1.4509037616e+00   2.9202036602e-04
1.4557889595e+00   2.8483973366e-05
1.4606741573e+00   2.6127045016e-04
1.4655593552e+00   2.9784151009e-04
1.4704445530e+00   3.3464571731e-04
1.4753297509e+00   3.7182944740e-04
1.4802149487e+00   4.0965588673e-04
1.4851001466e+00   4.4853477368e-04
1.4899853444e+00   4.8906981531e-04
1.4948705423e+00   5.3213635678e-04
1.4997557401e+00   1.5555155225e-03
1.5046409380e+00   1.6977621376e-03
1.5095261358e+00   1.8641721319e-03
1.5144113337e+00   2.0681168352e-03
1.5192965315e+00   2.3330321503e-03
1.5241817294e+00   2.7041459196e-03
1.5290669272e+00   3.2816520463e-03
1.5339521251e+00   4.3411129860e-03
1.5388373229e+00   7.0173357333e-03
1.5437225208e+00   2.8533752482e-02
1.5486077186e+00   9.8507030756e-03
1.5534929165e+00   3.5342367135e-03
1.5583781143e+00   1.8597343738e-03
1.5632633122e+00   1.0830745812e-03
1.5681485100e+00   6.3437730001e-04
1.5730337079e+00   3.4223817136e-04
1.5779189057e+00   1.4183924136e-04
1.5828041036e+00   2.9774163220e-05
1.5876893014e+00   1.6128021232e-04
1.5925744993e+00   2.6489428201e-04
1.5974596971e+00   3.4832727067e-04
1.6023448950e+00   4.1670080476e-04
1.6072300928e+00   4.7355837188e-04
1.6121152907e+00   5.2143389742e-04
1.6170004885e+00   5.6218841798e-04
1.6218856864e+00   5.9721827106e-04
1.6267708842e+00   6.2758870468e-04
1.6316560821e+00   6.5412243966e-04
1.6365412799e+00   6.7746005986e-04
1.6414264778e+00   6.9810222474e-04
1.6463116756e+00   7.1643980673e-04
1.6511968735e+00   7.3277577883e-04
1.6560820713e+00   7.4734130410e-04
1.6609672692e+00   7.6030762735e-04
1.6658524670e+00   7.7179482532e-04
1.6707376649e+00   7.8187811251e-04
1.6756228627e+00   7.9059214776e-04
1.6805080606e+00   7.9793359232e-04
1.6853932584e+00   8.0386199423e-04
1.6902784563e+00   8.0829888191e-04
1.6951636541e+00   6.0787857913e-04
1.7000488520e+00   6.0847659459e-04
1.7049340498e+00   6.0762267525e-04
1.7098192477e+00   6.0513713546e-04
1.7147044455e+00   6.0080315297e-04
1.7195896434e+00   5.9436255712e-04
1.7244748412e+00   5.8551108155e-04
1.7293600391e+00   5.7389321990e-04
1.7342452369e+00   5.5909690894e-04
1.7391304348e+00   7.1589473536e-05
1.7440156326e+00   6.9597452319e-05
1.7489008305e+00   6.7215140885e-05
1.7537860283e+00   6.4386200143e-05
1.7586712262e+00   6.1048429309e-05
1.7635564240e+00   3.6417017358e-05
1.7684416219e+00   3.1011338146e-04
1.7733268197e+00   2.5620166494e-04
1.7782120176e+00   1.9381805312e-04
1.7830972154e+00   1.2221559743e-04
1.7879824133e+00   2.7695405644e-05
1.7928676111e+00   1.0904926678e-04
1.7977528090e+00   2.6075095089e-04
1.8026380068e+00   4.1071298179e-04
1.8075232047e+00   5.7466200397e-04
1.8124084025e+00   7.4645205428e-04
1.8172936004e+00   4.1464338873e-04
1.8221787982e+00   4.9286445558e-04
1.8270639961e+00   5.6633107914e-04
1.8319491939e+00   6.3114212485e-04
1.8368343918e+00   8.2662268044e-05
1.8417195896e+00   7.3626789658e-04
1.8466047875e+00   7.6780369342e-04
1.8514899853e+00   7.7514143990e-04
1.8563751832e+00   1.1549574510e-03
1.8612603810e+00   1.1795397828e-03
1.8661455789e+00   7.0230332961e-04
1.8710307767e+00   2.8885730942e-04
1.8759159746e+00   1.0650252481e-04
1.8808011724e+00   6.0034357591e-05
1.8856863703e+00   4.9953004788e-04
1.8905715681e+00   7.5221235862e-04
1.8954567660e+00   2.2746894787e-04
1.9003419638e+00   1.4965904485e-01
1.9052271617e+00   4.2999189215e-03
1.9101123596e+00   9.5380929387e-05
1.9149975574e+00   8.5598869543e-04
1.9198827553e+00   1.8171814745e-03
1.9247679531e+00   1.3305918775e-03
1.9296531510e+00   1.1692879014e-03
1.9345383488e+00   1.3157272419e-03
1.9394235467e+00   1.2008278485e-03
1.9443087445e+00   1.0528734033e-03
1.9491939424e+00   9.4525734303e-04
1.9540791402e+00   8.6797306904e-04
1.9589643381e+00   5.2926680423e-04
1.9638495359e+00   5.0635616480e-04
1.9687347338e+00   4.9097499668e-04
1.9736199316e+00   4.8054111756e-04
1.9785051295e+00   4.7286170487e-04
1.9833903273e+00   4.6605608198e-04
1.9882755252e+00   4.5850875081e-04
1.9931607230e+00   4.4884260512e-04
1.9980459209e+00   4.3590536136e-04
2.0029311187e+00   4.1876388148e-04
2.0078163166e+00   3.9670204319e-04
2.0127015144e+00   3.6921855493e-04
2.0175867123e+00   3.3602182426e-04
2.0224719101e+00   2.9701976056e-04
2.0273571080e+00   2.5230324955e-04
2.0322423058e+00   2.0212295542e-04
2.0371275037e+00   1.4686001427e-04
2.0420127015e+00   8.6991936130e-05
2.0468978994e+00   2.3055431683e-05
2.0517830972e+00   4.4392236615e-05
2.0566682951e+00   1.1481234776e-04
2.0615534929e+00   1.5568767589e-05
2.0664386908e+00   1.7003272445e-05
2.0713238886e+00   2.9296212437e-05
2.0762090865e+00   4.2195145207e-05
2.0810942843e+00   5.5748755835e-05
2.0859794822e+00   7.0057627287e-05
2.0908646800e+00   8.5290762219e-05
2.0957498779e+00   1.0170987314e-04
2.1006350757e+00   1.0046866477e-03
2.1055202736e+00   1.1311953490e-03
2.1104054714e+00   1.2723022038e-03
2.1152906693e+00   1.4351447897e-03
2.1201758671e+00   1.6313248769e-03
2.1250610650e+00   1.8809052524e-03
2.1299462628e+00   2.2217359786e-03
2.1348314607e+00   2.7347349305e-03
2.1397166585e+00   3.6296032019e-03
2.1446018564e+00   5.6710219504e-03
2.1494870542e+00   2.0082236033e-02
2.1543722521e+00   1.9174603825e-02
2.1592574499e+00   5.6875942635e-03
2.1641426478e+00   3.0225160204e-03
2.1690278456e+00   1.8775924335e-03
2.1739130435e+00   1.2386124310e-03
2.1787982413e+00   8.3023169024e-04
2.1836834392e+00   5.4668758711e-04
2.1885686370e+00   3.3858848758e-04
2.1934538349e+00   1.7971781294e-04
2.1983390327e+00   5.4828771375e-05
2.2032242306e+00   4.5578207166e-05
2.2081094284e+00   1.2774969274e-04
2.2129946263e+00   1.9597445466e-04
2.2178798241e+00   2.5330205147e-04
2.2227650220e+00   3.0196365430e-04
2.2276502198e+00   3.4363002930e-04
2.2325354177e+00   3.7957627157e-04
2.2374206155e+00   4.1079121077e-04
2.2423058134e+00   4.3802411367e-04
2.2471910112e+00   3.7841334032e-04
2.2520762091e+00   3.9604572963e-04
2.2569614069e+00   4.1153904920e-04
2.2618466048e+00   4.2511681008e-04
2.2667318026e+00   4.3694102345e-04
2.2716170005e+00   4.4712052316e-04
2.2765021983e+00   4.5571692543e-04
2.2813873962e+00   4.6274872011e-04
2.2862725940e+00   4.6819383445e-04
2.2911577919e+00   4.7199090902e-04
2.2960429897e+00   4.7403945975e-04
2.3009281876e+00   4.7419906083e-04
2.3058133854e+00   4.7228766428e-04
2.3106985833e+00   4.6807917213e-04
2.3155837811e+00   8.3097634063e-05
2.3204689790e+00   8.0523886198e-05
2.3253541768e+00   7.6918809774e-05
2.3302393747e+00   7.2148463214e-05
2.3351245725e+00   6.6060840086e-05
2.3400097704e+00   5.8485933881e-05
2.3448949682e+00   4.9236733558e-05
2.3497801661e+00   7.8257764063e-05
2.3546653639e+00   1.2931447525e-04
2.3595505618e+00   1.0211119612e-04
2.3644357596e+00   7.0353372088e-05
2.3693209575e+00   3.3617970067e-05
2.3742061553e+00   3.5412024893e-05
2.3790913532e+00   5.9435306149e-05
2.3839765511e+00   1.6564316187e-04
2.3888617489e+00   2.8313142710e-04
2.3937469468e+00   4.4419327973e-04
2.3986321446e+00   5.8708138446e-04
2.4035173425e+00   7.3654629041e-04
2.4084025403e+00   8.8894603287e-04
2.4132877382e+00   6.4455547064e-04
2.4181729360e+00   7.2309637648e-04
2.4230581339e+00   7.9068423003e-04
2.4279433317e+00   8.4217409258e-04
2.4328285296e+00   8.7211034164e-04
2.4377137274e+00   1.3877996874e-05
2.4425989253e+00   2.3736426487e-04
2.4474841231e+00   2.0992793827e-04
2.4523693210e+00   1.6771536498e-04
2.4572545188e+00   4.7616446418e-04
2.4621397167e+00   3.0557315572e-04
2.4670249145e+00   3.3248033049e-05
2.4719101124e+00   2.6089247823e-04
2.4767953102e+00   4.4954020069e-04
2.4816805081e+00   7.5373065050e-04
2.4865657059e+00   2.2305951566e-03
2.4914509038e+00   4.3877565584e-03
2.4963361016e+00   6.7805578979e-03
2.5012212995e+00   2.4251168007e-03
2.5061064973e+00   1.4780139824e-03
2.5109916952e+00   2.5184829568e-03
2.5158768930e+00   2.4867175668e-03
2.5207620909e+00   1.8042963982e-03
2.5256472887e+00   1.5344886836e-03
2.5305324866e+00   1.4913729396e-03
2.5354176844e+00   1.0961754636e-03
2.5403028823e+00   9.3307655570e-04
2.5451880801e+00   8.1091831951e-04
2.5500732780e+00   7.1950559921e-04
2.5549584758e+00   2.7481241567e-04
2.5598436737e+00   2.5114053174e-04
2.5647288715e+00   2.3352793675e-04
2.5696140694e+00   2.2043934421e-04
2.5744992672e+00   2.1062607743e-04
2.5793844651e+00   2.0305345574e-04
2.5842696629e+00   1.9685260638e-04
2.5891548608e+00   1.9128843983e-04
2.5940400586e+00   1.8573869619e-04
2.5989252565e+00   1.7968068848e-04
2.6038104543e+00   1.7268333472e-04
2.6086956522e+00   1.6440264611e-04
2.6135808500e+00   1.5457921645e-04
2.6184660479e+00   1.4303653753e-04
2.6233512457e+00   1.2967919095e-04
2.6282364436e+00   1.1449016218e-04
2.6331216414e+00   9.7526706826e-05
2.6380068393e+00   7.8914409484e-05
2.6428920371e+00   5.8839352717e-05
2.6477772350e+00   3.7538677075e-05
2.6526624328e+00   1.5290206309e-05
2.6575476307e+00   7.5979165256e-06
2.6624328285e+00   3.0796692028e-05
2.6673180264e+00   5.3964431293e-05
2.6722032242e+00   7.6753980557e-05
2.6770884221e+00   9.8819765426e-05
2.6819736199e+00   1.1982469473e-04
2.6868588178e+00   5.9685304083e-06
2.6917440156e+00   1.9102501200e-04
2.6966292135e+00   2.1435920682e-04
2.7015144113e+00   2.3518520958e-04
2.7063996092e+00   2.5315509061e-04
2.7112848070e+00   2.6794612386e-04
2.7161700049e+00   2.7926361019e-04
2.7210552027e+00   2.8684519110e-04
2.7259404006e+00   2.9046721004e-04
2.7308255984e+00   2.8995350861e-04
2.7357107963e+00   2.8518682265e-04
2.7405959941e+00   7.3911530790e-04
2.7454811920e+00   7.3148346930e-04
2.7503663898e+00   7.1657809063e-04
2.7552515877e+00   6.9477276618e-04
2.7601367855e+00   6.6662944643e-04
2.7650219834e+00   6.3289807568e-04
2.7699071812e+00   5.9450197339e-04
2.7747923791e+00   5.5250754888e-04
2.7796775769e+00   5.0807926219e-04
2.7845627748e+00   4.6242330926e-04
2.7894479726e+00   4.1672570409e-04
2.7943331705e+00   3.7209165329e-04
2.7992183683e+00   3.2949299800e-04
2.8041035662e+00   2.8972904148e-04
2.8089887640e+00   2.5340368129e-04
2.8138739619e+00   2.2091905473e-04
2.8187591597e+00   1.9248353532e-04
2.8236443576e+00   1.6813035399e-04
2.8285295554e+00   1.4774254472e-04
2.8334147533e+00   1.3108024722e-04
2.8382999511e+00   1.1780737537e-04
2.8431851490e+00   1.0751595350e-04
2.8480703468e+00   9.9747727302e-05
2.8529555447e+00   9.4013742366e-05
2.8578407426e+00   8.9813303300e-05
2.8627259404e+00   8.6654010639e-05
2.8676111383e+00   8.4074411179e-05
2.8724963361e+00   8.1670227087e-05
2.8773815340e+00   7.9124223720e-05
2.8822667318e+00   7.6238640943e-05
2.8871519297e+00   7.2967880693e-05
2.8920371275e+00   6.9447969899e-05
2.8969223254e+00   6.9765363609e-05
2.9018075232e+00   7.1883018683e-05
2.9066927211e+00   1.2683313847e-04
2.9115779189e+00   1.2756219265e-04
2.9164631168e+00   1.2714309190e-04
2.9213483146e+00   1.2526828600e-04
2.9262335125e+00   1.2161084612e-04
2.9311187103e+00   1.1581778232e-04
2.9360039082e+00   1.0750367174e-04
2.9408891060e+00   9.6244815339e-05
2.9457743039e+00   8.1574268345e-05
2.9506595017e+00   1.3597126885e-04
2.9555446996e+00   1.4867190968e-04
2.9604298974e+00   1.6437586498e-04
2.9653150953e+00   1.8345257497e-04
2.9702002931e+00   2.0627784019e-04
2.9750854910e+00   4.4534612205e-04
2.9799706888e+00   4.0397790135e-04
2.9848558867e+00   3.9152292834e-04
2.9897410845e+00   3.7739508915e-04
2.9946262824e+00   3.6131409370e-04
2.9995114802e+00   4.1889318163e-04
3.0043966781e+00   4.8394601956e-04
3.0092818759e+00   5.5377120811e-04
3.0141670738e+00   6.2696339634e-04
3.0190522716e+00   9.0358551521e-04
3.0239374695e+00   1.0179245392e-03
3.0288226673e+00   1.1254699437e-03
3.0337078652e+00   1.2195875096e-03
3.0385930630e+00   1.0876437941e-03
3.0434782609e+00   1.1047019116e-03
3.0483634587e+00   1.0855054349e-03
3.0532486566e+00   1.0218517393e-03
3.0581338544e+00   9.0575473762e-04
3.0630190523e+00   1.5760698604e-04
3.0679042501e+00   2.0819016880e-04
3.0727894480e+00   7.6422512149e-04
3.0776746458e+00   8.7255635290e-04
3.0825598437e+00   1.1258096769e-03
3.0874450415e+00   1.4036743049e-03
3.0923302394e+00   1.9125921517e-03
3.0972154372e+00   3.0737115029e-03
3.1021006351e+00   4.6678722822e-03
3.1069858329e+00   5.5731077864e-03
3.1118710308e+00   5.7889434553e-02
3.1167562286e+00   9.0298506018e-03
3.1216414265e+00   6.0201790728e-03
3.1265266243e+00   4.0997229277e-03
3.1314118222e+00   3.0309484942e-03
3.1362970200e+00   2.0260867389e-03
3.1411822179e+00   1.7998217145e-03
3.1460674157e+00   1.8128233521e-03
3.1509526136e+00   1.4871013671e-03
3.1558378114e+00   1.2426471138e-03
3.1607230093e+00   1.0571152189e-03
3.1656082071e+00   8.0872365938e-04
3.1704934050e+00   7.1104260122e-04
3.1753786028e+00   6.3612974636e-04
3.1802638007e+00   5.7858012108e-04
3.1851489985e+00   5.3415755770e-04
3.1900341964e+00   4.9946532239e-04
3.1949193942e+00   4.7172984876e-04
3.1998045921e+00   4.4865562675e-04
3.2046897899e+00   1.2953762741e-04
3.2095749878e+00   1.1500235966e-04
3.2144601856e+00   1.0136664308e-04
3.2193453835e+00   8.8184224171e-05
3.2242305813e+00   7.5122339661e-05
3.2291157792e+00   6.1951282552e-05
3.2340009770e+00   4.8536517004e-05
3.2388861749e+00   3.4832096977e-05
3.2437713727e+00   2.0874481147e-05
3.2486565706e+00   6.7761380512e-06
3.2535417684e+00   7.2813910879e-06
3.2584269663e+00   2.1055062458e-05
3.2633121641e+00   3.4248423059e-05
3.2681973620e+00   4.6519970409e-05
3.2730825598e+00   5.7491435922e-05
3.2779677577e+00   6.6755630728e-05
3.2828529555e+00   7.3883642384e-05
3.2877381534e+00   1.4054295115e-05
3.2926233512e+00   1.0579902093e-04
3.2975085491e+00   1.1543014884e-04
3.3023937469e+00   1.2105193471e-04
3.3072789448e+00   1.2205400318e-04
3.3121641426e+00   1.1783494888e-04
3.3170493405e+00   1.0780855582e-04
3.3219345383e+00   9.1411494079e-05
3.3268197362e+00   6.8113547933e-05
3.3317049340e+00   3.7431441311e-05
3.3365901319e+00   3.8047225368e-04
3.3414753298e+00   3.5073446286e-04
3.3463605276e+00   3.0973076923e-04
3.3512457255e+00   2.5731441581e-04
3.3561309233e+00   1.9356542675e-04
3.3610161212e+00   1.1882987385e-04
3.3659013190e+00   3.3753439538e-05
3.3707865169e+00   6.0696893340e-05
3.3756717147e+00   1.6322942082e-04
3.3805569126e+00   2.7224799059e-04
3.3854421104e+00   3.8589903438e-04
3.3903273083e+00   5.0214484888e-04
3.3952125061e+00   6.1885842722e-04
3.4000977040e+00   7.3393131412e-04
3.4049829018e+00   8.4538354969e-04
3.4098680997e+00   9.5146455240e-04
3.4147532975e+00   1.0507359282e-03
3.4196384954e+00   1.1421310957e-03
3.4245236932e+00   1.2248214710e-03
3.4294088911e+00   1.2984174104e-03
3.4342940889e+00   1.3265910113e-03
3.4391792868e+00   1.3820111119e-03
3.4440644846e+00   1.4288450992e-03
3.4489496825e+00   1.4676731367e-03
3.4538348803e+00   1.4991750585e-03
3.4587200782e+00   1.5240824486e-03
3.4636052760e+00   1.5431398431e-03
3.4684904739e+00   1.5570753131e-03
3.4733756717e+00   1.5665797577e-03
3.4782608696e+00   1.5722937079e-03
3.4831460674e+00   1.5748002276e-03
3.4880312653e+00   1.5746225050e-03
3.4929164631e+00   1.5722248593e-03
3.4978016610e+00   1.5680160937e-03
3.5026868588e+00   1.5623543354e-03
3.5075720567e+00   1.5555527132e-03
3.5124572545e+00   1.5478853968e-03
3.5173424524e+00   1.5395936732e-03
3.5222276502e+00   1.5308918547e-03
3.5271128481e+00   1.5219729178e-03
3.5319980459e+00   1.5130138783e-03
3.5368832438e+00   1.7372815853e-03
3.5417684416e+00   1.7252012095e-03
3.5466536395e+00   1.7124419753e-03
3.5515388373e+00   1.6989750471e-03
3.5564240352e+00   1.6847463802e-03
3.5613092330e+00   1.6696729619e-03
3.5661944309e+00   1.6536369989e-03
3.5710796287e+00   1.9315792704e-03
3.5759648266e+00   1.8328219083e-03
3.5808500244e+00   1.7843561706e-03
3.5857352223e+00   1.7292994466e-03
3.5906204201e+00   1.6667280323e-03
3.5955056180e+00   1.5956025574e-03
3.6003908158e+00   1.4544294612e-03
3.6052760137e+00   1.4295379181e-03
3.6101612115e+00   1.4000695476e-03
3.6150464094e+00   1.3644324779e-03
3.6199316072e+00   1.4358098373e-03
3.6248168051e+00   1.4176594816e-03
3.6297020029e+00   1.3864259768e-03
3.6345872008e+00   1.3369992160e-03
3.6394723986e+00   1.0975110151e-03
3.6443575965e+00   9.6184191146e-04
3.6492427943e+00   7.8714672188e-04
3.6541279922e+00   5.6556625424e-04
3.6590131900e+00   2.8880050768e-04
3.6638983879e+00   9.8476293534e-04
3.6687835857e+00   1.3906127198e-03
3.6736687836e+00   1.8447263560e-03
3.6785539814e+00   2.6318994901e-03
3.6834391793e+00   2.8850876808e-03
3.6883243771e+00   3.5289913646e-03
3.6932095750e+00   4.3224023980e-03
3.6980947728e+00   5.3790365762e-03
3.7029799707e+00   6.7266369562e-03
3.7078651685e+00   8.6994379791e-03
3.7127503664e+00   1.3339331550e-02
3.7176355642e+00   2.3406948381e-02
3.7225207621e+00   9.8739601205e-02
3.7274059599e+00   3.2546867552e-02
3.7322911578e+00   1.1882810512e-02
3.7371763556e+00   8.1162246703e-03
3.7420615535e+00   6.6526361618e-03
3.7469467513e+00   4.1899473058e-03
3.7518319492e+00   3.4312207674e-03
3.7567171470e+00   2.8976635311e-03
3.7616023449e+00   1.5942398221e-03
3.7664875427e+00   1.2359584879e-03
3.7713727406e+00   9.5925150467e-04
3.7762579384e+00   7.4117300602e-04
3.7811431363e+00   4.3019267556e-04
3.7860283341e+00   6.4178786513e-04
3.7909135320e+00   5.1027460495e-04
3.7957987298e+00   4.0244906192e-04
3.8006839277e+00   3.1321840921e-04
3.8055691255e+00   2.3868678901e-04
3.8104543234e+00   1.7584595610e-04
3.8153395213e+00   1.2236035959e-04
3.8202247191e+00   7.6415021189e-05
3.8251099170e+00   3.6606491133e-05
3.8299951148e+00   1.8640723854e-06
3.8348803127e+00   2.8607355405e-05
3.8397655105e+00   5.5369009407e-05
3.8446507084e+00   7.8778811218e-05
3.8495359062e+00   9.9014248487e-05
3.8544211041e+00   1.1609003015e-04
3.8593063019e+00   1.2987250696e-04
3.8641914998e+00   1.4009238470e-04
3.8690766976e+00   1.4635685766e-04
3.8739618955e+00   1.4816186847e-04
3.8788470933e+00   1.4490472878e-04
3.8837322912e+00   1.3589686525e-04
3.8886174890e+00   1.2037613527e-04
3.8935026869e+00   9.7518188814e-05
3.8983878847e+00   6.6446856678e-05
3.9032730826e+00   2.6244376135e-05
3.9081582804e+00   2.4037112024e-05
3.9130434783e+00   8.5361720193e-05
3.9179286761e+00   1.5869432459e-04
3.9228138740e+00   2.4498645003e-04
3.9276990718e+00   1.3477518843e-04
3.9325842697e+00   2.2740187311e-04
3.9374694675e+00   3.3726230285e-04
3.9423546654e+00   4.6512929825e-04
3.9472398632e+00   6.1155097382e-04
3.9521250611e+00   7.7679108014e-04
3.9570102589e+00   9.6076419784e-04
3.9618954568e+00   1.1629700064e-03
3.9667806546e+00   1.3824328899e-03
3.9716658525e+00   1.6176549434e-03
3.9765510503e+00   1.8665915082e-03
3.9814362482e+00   2.1266581734e-03
3.9863214460e+00   2.3947846974e-03
3.9912066439e+00   2.6781743798e-03
3.9960918417e+00   2.9513706713e-03
4.0009770396e+00   3.2213952635e-03
4.0058622374e+00   3.4844805667e-03
4.0107474353e+00   3.7371134797e-03
4.0156326331e+00   3.9761976809e-03
4.0205178310e+00   4.1991811578e-03
4.0254030288e+00   4.4041376676e-03
4.0302882267e+00   4.5897976330e-03
4.0351734245e+00   4.7555308828e-03
4.0400586224e+00   4.9012892726e-03
4.0449438202e+00   5.0275206797e-03
4.0498290181e+00   5.1350669530e-03
4.0547142159e+00   5.2250574551e-03
4.0595994138e+00   5.2988075402e-03
4.0644846116e+00   5.3577284173e-03
4.0693698095e+00   5.4032519837e-03
4.0742550073e+00   5.4367717884e-03
4.0791402052e+00   5.4595994936e-03
4.0840254030e+00   5.4729350660e-03
4.0889106009e+00   5.4778483550e-03
4.0937957987e+00   5.4752695685e-03
4.0986809966e+00   5.4659862966e-03
4.1035661944e+00   5.4506450288e-03
4.1084513923e+00   5.4297554660e-03
4.1133365901e+00   5.4036962649e-03
4.1182217880e+00   5.3727211212e-03
4.1231069858e+00   5.3369642617e-03
4.1279921837e+00   5.2964816991e-03
4.1328773815e+00   5.5002751167e-03
4.1377625794e+00   5.4460153122e-03
4.1426477772e+00   5.3852385485e-03
4.1475329751e+00   5.3173359961e-03
4.1524181729e+00   5.2415587155e-03
4.1573033708e+00   5.1570069623e-03
4.1621885686e+00   5.0626169650e-03
4.1670737665e+00   4.9571451420e-03
4.1719589643e+00   5.0421371665e-03
4.1768441622e+00   4.8047576720e-03
4.1817293600e+00   4.6373822868e-03
4.1866145579e+00   4.4489762468e-03
4.1914997557e+00   4.2369025941e-03
4.1963849536e+00   3.9982605657e-03
4.2012701514e+00   3.7391940466e-03
4.2061553493e+00   3.4998598145e-03
4.2110405471e+00   3.2300280215e-03
4.2159257450e+00   2.9255640268e-03
4.2208109428e+00   2.6917267674e-03
4.2256961407e+00   2.3295977984e-03
4.2305813385e+00   1.9175173498e-03
4.2354665364e+00   1.4486092812e-03
4.2403517342e+00   6.7428794305e-04
4.2452369321e+00   3.5459379740e-05
4.2501221299e+00   6.8067030626e-04
4.2550073278e+00   1.4809463483e-03
4.2598925256e+00   2.3725246277e-03
4.2647777235e+00   4.3086568427e-03
4.2696629213e+00   5.3771742700e-03
4.2745481192e+00   6.5333162699e-03
4.2794333170e+00   7.9242236083e-03
4.2843185149e+00   8.8439314351e-03
4.2892037128e+00   1.0492883330e-02
4.2940889106e+00   1.2504384965e-02
4.2989741085e+00   1.5024079697e-02
4.3038593063e+00   1.8370269632e-02
4.3087445042e+00   2.2978768015e-02
4.3136297020e+00   3.2244063768e-02
4.3185148999e+00   5.4919415854e-02
4.3234000977e+00   3.0389244253e-01
4.3282852956e+00   7.9351086917e-02
4.3331704934e+00   3.3186891376e-02
4.3380556913e+00   2.0158662419e-02
4.3429408891e+00   1.3215442120e-02
4.3478260870e+00   9.4858811103e-03
4.3527112848e+00   7.1241892932e-03
4.3575964827e+00   4.8933035897e-03
4.3624816805e+00   3.6715532336e-03
4.3673668784e+00   2.7587358337e-03
4.3722520762e+00   2.0622421481e-03
4.3771372741e+00   1.0907609289e-03
4.3820224719e+00   7.5412091585e-04
4.3869076698e+00   4.5519258639e-04
4.3917928676e+00   2.1847149965e-04
4.3966780655e+00   3.1497414614e-05
4.4015632633e+00   1.1485872433e-04
4.4064484612e+00   2.2735523625e-04
4.4113336590e+00   3.1103019672e-04
4.4162188569e+00   3.6965529404e-04
4.4211040547e+00   1.2570058557e-04
4.4259892526e+00   1.4299533860e-04
4.4308744504e+00   1.4165254675e-04
4.4357596483e+00   1.2353793596e-04
4.4406448461e+00   9.0154608991e-05
4.4455300440e+00   4.2725028467e-05
4.4504152418e+00   1.7747444670e-05
4.4553004397e+00   9.0432560348e-05
4.4601856375e+00   1.7463898154e-04
4.4650708354e+00   2.6978891610e-04
4.4699560332e+00   3.7539918229e-04
4.4748412311e+00   4.9106673880e-04
4.4797264289e+00   6.1645704819e-04
4.4846116268e+00   7.5129392665e-04
4.4894968246e+00   8.9534977913e-04
4.4943820225e+00   1.0484353374e-03
4.4992672203e+00   1.2103882115e-03
4.5041524182e+00   1.3810597387e-03
4.5090376160e+00   1.5602997658e-03
4.5139228139e+00   1.7479391478e-03
4.5188080117e+00   1.9437698644e-03
4.5236932096e+00   2.1475227437e-03
4.5285784074e+00   2.3588428101e-03
4.5334636053e+00   2.5772676793e-03
4.5383488031e+00   2.7121012345e-03
4.5432340010e+00   2.9317695234e-03
4.5481191988e+00   3.1571031587e-03
4.5530043967e+00   3.3870276330e-03
4.5578895945e+00   3.6202266623e-03
4.5627747924e+00   3.8551361619e-03
4.5676599902e+00   4.0899503281e-03
4.5725451881e+00   4.3226423484e-03
4.5774303859e+00   4.5510015329e-03
4.5823155838e+00   4.7726874134e-03
4.5872007816e+00   4.9852996559e-03
4.5920859795e+00   5.1864606209e-03
4.5969711773e+00   5.3739054202e-03
4.6018563752e+00   5.5455727379e-03
4.6067415730e+00   5.6996981878e-03
4.6116267709e+00   5.9237405143e-03
4.6165119687e+00   6.0376584203e-03
4.6213971666e+00   6.1308890026e-03
4.6262823644e+00   6.2033714107e-03
4.6311675623e+00   6.2554424531e-03
4.6360527601e+00   6.2877877410e-03
4.6409379580e+00   6.3013783422e-03
4.6458231558e+00   6.2973993605e-03
4.6507083537e+00   6.2771766713e-03
4.6555935515e+00   6.2421071332e-03
4.6604787494e+00   6.1935962553e-03
4.6653639472e+00   6.1330058065e-03
4.6702491451e+00   6.0616124431e-03
4.6751343429e+00   5.9805772758e-03
4.6800195408e+00   5.8909254510e-03
4.6849047386e+00   5.7935343094e-03
4.6897899365e+00   5.6891284449e-03
4.6946751343e+00   5.5782799698e-03
4.6995603322e+00   5.4614124185e-03
4.7044455300e+00   5.3388069308e-03
4.7093307279e+00   5.2106096016e-03
4.7142159257e+00   5.0768391274e-03
4.7191011236e+00   4.9373941152e-03
4.7239863214e+00   4.7920600566e-03
4.7288715193e+00   4.8794801476e-03
4.7337567171e+00   4.7100899705e-03
4.7386419150e+00   4.5314140679e-03
4.7435271128e+00   4.3425646791e-03
4.7484123107e+00   4.1425460560e-03
4.7532975085e+00   3.9302582949e-03
4.7581827064e+00   3.7045025937e-03
4.7630679043e+00   3.5112774212e-03
4.7679531021e+00   3.1694851369e-03
4.7728383000e+00   2.9058050449e-03
4.7777234978e+00   2.6244714017e-03
4.7826086957e+00   2.3240700609e-03
4.7874938935e+00   2.0031830659e-03
4.7923790914e+00   1.7765484939e-03
4.7972642892e+00   1.4545998077e-03
4.8021494871e+00   1.1104562937e-03
4.8070346849e+00   7.4234562213e-04
4.8119198828e+00   3.4848664630e-04
4.8168050806e+00   3.0958671184e-05
4.8216902785e+00   4.7974361759e-04
4.8265754763e+00   9.6027449870e-04
4.8314606742e+00   1.4739166941e-03
4.8363458720e+00   2.0216379931e-03
4.8412310699e+00   2.6039355474e-03
4.8461162677e+00   3.2208230631e-03
4.8510014656e+00   3.8719235612e-03
4.8558866634e+00   4.9799580090e-03
4.8607718613e+00   5.6663125562e-03
4.8656570591e+00   6.3717272366e-03
4.8705422570e+00   7.0987925970e-03
4.8754274548e+00   8.0863259249e-03
4.8803126527e+00   8.6835324835e-03
4.8851978505e+00   9.4137887431e-03
4.8900830484e+00   1.0235945327e-02
4.8949682462e+00   1.1813727300e-02
4.8998534441e+00   1.3562604916e-02
4.9047386419e+00   1.6247003620e-02
4.9096238398e+00   2.2468188253e-02
4.9145090376e+00   3.9565255713e-02
4.9193942355e+00   3.7939968556e-01
4.9242794333e+00   1.8706396836e-02
4.9291646312e+00   6.0726757374e-03
4.9340498290e+00   1.6452364312e-03
4.9389350269e+00   5.9168021378e-04
4.9438202247e+00   2.8868393076e-03
4.9487054226e+00   3.5192825994e-03
4.9535906204e+00   3.9288391029e-03
4.9584758183e+00   4.1926657526e-03
4.9633610161e+00   4.3539893930e-03
4.9682462140e+00   4.5392722541e-03
4.9731314118e+00   4.3169232598e-03
4.9780166097e+00   4.3199784336e-03
4.9829018075e+00   4.2753365807e-03
4.9877870054e+00   4.1889542071e-03
4.9926722032e+00   4.0650332393e-03
4.9975574011e+00   3.9065801260e-03
5.0024425989e+00   3.7157818422e-03
5.0073277968e+00   3.4942685483e-03
5.0122129946e+00   3.1920773609e-03
5.0170981925e+00   2.9128142569e-03
5.0219833903e+00   2.6042521850e-03
5.0268685882e+00   2.2675365513e-03
5.0317537860e+00   1.9038357147e-03
5.0366389839e+00   1.5144100718e-03
5.0415241817e+00   1.1006714362e-03
5.0464093796e+00   6.6423476389e-04
5.0512945774e+00   2.0696336595e-04
5.0561797753e+00   2.6899194318e-04
5.0610649731e+00   7.6115984671e-04
5.0659501710e+00   1.2667221570e-03
5.0708353688e+00   1.7824948346e-03
5.0757205667e+00   2.3049173088e-03
5.0806057645e+00   2.8300510463e-03
5.0854909624e+00   3.3535866625e-03
5.0903761602e+00   3.8708634982e-03
5.0952613581e+00   4.3768984753e-03
5.1001465559e+00   4.8648909549e-03
5.1050317538e+00   5.3315815066e-03
5.1099169516e+00   5.7705510199e-03
5.1148021495e+00   6.1760122849e-03
5.1196873473e+00   6.5421179692e-03
5.1245725452e+00   6.8630203152e-03
5.1294577430e+00   7.1329269935e-03
5.1343429409e+00   7.3461504818e-03
5.1392281387e+00   7.4971488944e-03
5.1441133366e+00   7.5805570053e-03
5.1489985344e+00   7.5912072583e-03
5.1538837323e+00   7.5241417759e-03
5.1587689301e+00   7.3746176882e-03
5.1636541280e+00   7.1381094237e-03
5.1685393258e+00   6.8103128528e-03
5.1734245237e+00   6.4395590812e-03
5.1783097215e+00   5.9403152779e-03
5.1831949194e+00   5.3381346370e-03
5.1880801172e+00   4.6296096945e-03
5.1929653151e+00   3.8118442872e-03
5.1978505129e+00   2.8826087232e-03
5.2027357108e+00   1.8405358165e-03
5.2076209086e+00   6.8535608906e-04
5.2125061065e+00   5.8183461868e-04
5.2173913043e+00   1.9582881245e-03
5.2222765022e+00   3.4393174951e-03
5.2271617000e+00   4.7104033134e-03
5.2320468979e+00   6.4994271384e-03
5.2369320957e+00   8.2392742050e-03
5.2418172936e+00   1.0042678992e-02
5.2467024915e+00   1.1893017543e-02
5.2515876893e+00   1.3771718101e-02
5.2564728872e+00   1.5658793211e-02
5.2613580850e+00   1.7533516461e-02
5.2662432829e+00   1.9375196773e-02
5.2711284807e+00   2.1163986428e-02
5.2760136786e+00   2.2881650762e-02
5.2808988764e+00   2.4512229951e-02
5.2857840743e+00   2.6042536367e-02
5.2906692721e+00   2.7462452110e-02
5.2955544700e+00   2.8765016232e-02
5.3004396678e+00   2.9946315206e-02
5.3053248657e+00   3.1005209255e-02
5.3102100635e+00   3.1942938898e-02
5.3150952614e+00   3.2762660032e-02
5.3199804592e+00   3.3468953032e-02
5.3248656571e+00   3.4067343821e-02
5.3297508549e+00   3.4563864942e-02
5.3346360528e+00   3.4964674295e-02
5.3395212506e+00   3.5275739878e-02
5.3444064485e+00   3.5502591270e-02
5.3492916463e+00   3.5650133030e-02
5.3541768442e+00   3.5722511444e-02
5.3590620420e+00   3.5723023869e-02
5.3639472399e+00   3.5654058951e-02
5.3688324377e+00   3.5517056037e-02
5.3737176356e+00   3.5312472881e-02
5.3786028334e+00   3.5039752369e-02
5.3834880313e+00   3.4697281299e-02
5.3883732291e+00   3.4564503504e-02
5.3932584270e+00   3.4060621933e-02
5.3981436248e+00   3.3472349747e-02
5.4030288227e+00   3.2793201119e-02
5.4079140205e+00   3.2015525587e-02
5.4127992184e+00   3.1130495916e-02
5.4176844162e+00   3.0128108205e-02
5.4225696141e+00   2.9037014876e-02
5.4274548119e+00   2.7753930446e-02
5.4323400098e+00   2.6315369337e-02
5.4372252076e+00   2.4707133899e-02
5.4421104055e+00   2.2914400180e-02
5.4469956033e+00   2.0936004330e-02
5.4518808012e+00   1.8749789391e-02
5.4567659990e+00   1.6336150016e-02
5.4616511969e+00   1.3681601587e-02
5.4665363947e+00   1.0774405584e-02
5.4714215926e+00   8.0286968209e-03
5.4763067904e+00   4.6645614589e-03
5.4811919883e+00   1.0269609016e-03
5.4860771861e+00   2.8848544147e-03
5.4909623840e+00   7.0675924021e-03
5.4958475818e+00   1.1514186843e-02
5.5007327797e+00   1.6214703207e-02
5.5056179775e+00   2.1010942337e-02
5.5105031754e+00   2.6929040196e-02
5.5153883732e+00   3.2322363105e-02
5.5202735711e+00   3.7936158372e-02
5.5251587689e+00   4.3798803065e-02
5.5300439668e+00   5.0228997744e-02
5.5349291646e+00   5.6751485361e-02
5.5398143625e+00   6.3884416682e-02
5.5446995603e+00   7.1921411259e-02
5.5495847582e+00   8.1539381295e-02
5.5544699560e+00   9.4103380573e-02
5.5593551539e+00   1.1099607925e-01
5.5642403517e+00   1.3712712836e-01
5.5691255496e+00   1.8842145180e-01
5.5740107474e+00   3.1817983069e-01
5.5788959453e+00   1.7380154038e+00
5.5837811431e+00   3.9605595798e-01
5.5886663410e+00   1.5490234165e-01
5.5935515388e+00   8.7554462099e-02
5.5984367367e+00   5.5884366206e-02
5.6033219345e+00   3.6855455966e-02
5.6082071324e+00   2.5369233343e-02
5.6130923302e+00   1.7521169245e-02
5.6179775281e+00   1.1933124651e-02
5.6228627259e+00   7.8178500436e-03
5.6277479238e+00   4.7937466841e-03
5.6326331216e+00   2.5369541377e-03
5.6375183195e+00   8.5826293631e-04
5.6424035173e+00   3.7296317600e-04
5.6472887152e+00   1.2497326172e-03
5.6521739130e+00   1.8399637843e-03
5.6570591109e+00   2.1180739557e-03
5.6619443087e+00   2.2812792784e-03
5.6668295066e+00   2.2746169407e-03
5.6717147044e+00   2.1219310196e-03
5.6765999023e+00   1.8423589749e-03
5.6814851001e+00   1.4515734424e-03
5.6863702980e+00   9.6270600264e-04
5.6912554958e+00   3.8704790470e-04
5.6961406937e+00   2.6540911014e-04
5.7010258915e+00   9.8554922260e-04
5.7059110894e+00   1.7647970287e-03
5.7107962872e+00   2.5948500591e-03
5.7156814851e+00   3.4674655161e-03
5.7205666830e+00   4.3742917389e-03
5.7254518808e+00   5.3067378913e-03
5.7303370787e+00   6.2558766978e-03
5.7352222765e+00   7.2123775842e-03
5.7401074744e+00   8.3742145109e-03
5.7449926722e+00   9.2871834363e-03
5.7498778701e+00   1.0204049454e-02
5.7547630679e+00   1.1084418034e-02
5.7596482658e+00   1.1916772527e-02
5.7645334636e+00   1.2689372849e-02
5.7694186615e+00   1.3390346669e-02
5.7743038593e+00   1.4007789682e-02
5.7791890572e+00   1.4529871431e-02
5.7840742550e+00   1.4944943634e-02
5.7889594529e+00   1.5241648737e-02
5.7938446507e+00   1.5409027563e-02
5.7987298486e+00   1.5436626280e-02
5.8036150464e+00   1.5314604410e-02
5.8085002443e+00   1.5033847144e-02
5.8133854421e+00   1.4586086508e-02
5.8182706400e+00   1.3964036849e-02
5.8231558378e+00   1.3161550378e-02
5.8280410357e+00   1.2295124075e-02
5.8329262335e+00   1.1149260902e-02
5.8378114314e+00   9.8120641965e-03
5.8426966292e+00   8.2836751804e-03
5.8475818271e+00   6.5665950538e-03
5.8524670249e+00   4.6659782765e-03
5.8573522228e+00   2.5899059067e-03
5.8622374206e+00   3.4961114173e-04
5.8671226185e+00   2.0403753876e-03
5.8720078163e+00   4.5621947037e-03
5.8768930142e+00   7.1947745942e-03
5.8817782120e+00   9.9141148191e-03
5.8866634099e+00   1.2693753638e-02
5.8915486077e+00   1.5505416733e-02
5.8964338056e+00   1.8188236163e-02
5.9013190034e+00   2.0976139906e-02
5.9062042013e+00   2.3709180590e-02
5.9110893991e+00   2.6360367848e-02
5.9159745970e+00   2.8905264800e-02
5.9208597948e+00   3.1322655157e-02
5.9257449927e+00   3.3595008749e-02
5.9306301905e+00   3.5708722806e-02
5.9355153884e+00   3.7654139269e-02
5.9404005862e+00   3.9425359067e-02
5.9452857841e+00   4.1019889843e-02
5.9501709819e+00   4.2438172615e-02
5.9550561798e+00   4.3683035297e-02
5.9599413776e+00   4.4759117816e-02
5.9648265755e+00   4.5672306441e-02
5.9697117733e+00   4.6429205734e-02
5.9745969712e+00   4.7036666822e-02
5.9794821690e+00   4.7501381826e-02
5.9843673669e+00   4.7829546887e-02
5.9892525647e+00   4.8026590746e-02
5.9941377626e+00   4.8096962180e-02
5.9990229604e+00   4.8043967595e-02
6.0039081583e+00   4.7869649370e-02
6.0087933561e+00   4.7574695805e-02
6.0136785540e+00   4.7158374438e-02
6.0185637518e+00   4.6618481805e-02
6.0234489497e+00   4.5951311879e-02
6.0283341475e+00   4.5209827637e-02
6.0332193454e+00   4.4267751528e-02
6.0381045432e+00   4.3177397158e-02
6.0429897411e+00   4.1928705629e-02
6.0478749389e+00   4.0510027895e-02
6.0527601368e+00   3.8908148753e-02
6.0576453346e+00   3.7108338607e-02
6.0625305325e+00   3.5151386251e-02
6.0674157303e+00   3.2872496487e-02
6.0723009282e+00   3.0339804890e-02
6.0771861260e+00   2.7533928784e-02
6.0820713239e+00   2.4435160950e-02
6.0869565217e+00   2.1023974714e-02
6.0918417196e+00   1.7192441825e-02
6.0967269174e+00   1.3280453258e-02
6.1016121153e+00   8.8508646892e-03
6.1064973131e+00   4.0473543062e-03
6.1113825110e+00   1.1382751640e-03
6.1162677088e+00   6.7096740808e-03
6.1211529067e+00   1.2665498131e-02
6.1260381045e+00   1.8999364346e-02
6.1309233024e+00   2.5249546925e-02
6.1358085002e+00   3.2287123516e-02
6.1406936981e+00   3.9673738814e-02
6.1455788959e+00   4.7399789032e-02
6.1504640938e+00   5.5464441982e-02
6.1553492916e+00   6.3883706356e-02
6.1602344895e+00   7.2717645833e-02
6.1651196873e+00   8.2032371045e-02
6.1700048852e+00   9.1995886073e-02
6.1748900830e+00   1.0288056361e-01
6.1797752809e+00   1.1515826460e-01
6.1846604787e+00   1.2943604793e-01
6.1895456766e+00   1.4721330919e-01
6.1944308745e+00   1.7033050352e-01
6.1993160723e+00   2.0591155873e-01
6.2042012702e+00   2.6754355606e-01
6.2090864680e+00   4.0910131877e-01
6.2139716659e+00   1.1314469358e+00
6.2188568637e+00   9.8281120379e-01
6.2237420616e+00   2.9014972512e-01
6.2286272594e+00   1.5100652479e-01
6.2335124573e+00   9.0979254736e-02
6.2383976551e+00   5.7988319716e-02
6.2432828530e+00   3.7412875957e-02
6.2481680508e+00   2.3337577890e-02
6.2530532487e+00   1.3706602925e-02
6.2579384465e+00   6.7709088825e-03
6.2628236444e+00   1.7102840318e-03
6.2677088422e+00   1.9876867058e-03
6.2725940401e+00   4.6606164317e-03
6.2774792379e+00   6.7016197149e-03
6.2823644358e+00   7.9146260173e-03
6.2872496336e+00   8.6292862965e-03
6.2921348315e+00   8.9353987388e-03
6.2970200293e+00   8.9019431950e-03
6.3019052272e+00   8.5829698138e-03
6.3067904250e+00   8.0216221880e-03
6.3116756229e+00   7.2529615206e-03
6.3165608207e+00   6.3059997387e-03
6.3214460186e+00   5.2051988439e-03
6.3263312164e+00   3.9780405476e-03
6.3312164143e+00   2.6060717023e-03
6.3361016121e+00   1.1552745182e-03
6.3409868100e+00   3.7926446206e-04
6.3458720078e+00   1.9828611256e-03
6.3507572057e+00   3.6412673305e-03
6.3556424035e+00   5.3403327886e-03
6.3605276014e+00   7.0657145990e-03
6.3654127992e+00   8.8026283053e-03
6.3702979971e+00   1.0535637456e-02
6.3751831949e+00   1.2248480891e-02
6.3800683928e+00   1.3923938484e-02
6.3849535906e+00   1.5543736888e-02
6.3898387885e+00   1.7088496968e-02
6.3947239863e+00   1.8537722114e-02
6.3996091842e+00   2.0022189323e-02
6.4044943820e+00   2.1221364316e-02
6.4093795799e+00   2.2255615488e-02
6.4142647777e+00   2.3100417025e-02
6.4191499756e+00   2.3730644744e-02
6.4240351734e+00   2.4120733732e-02
6.4289203713e+00   2.4244816702e-02
6.4338055691e+00   2.4076821299e-02
6.4386907670e+00   2.3590502845e-02
6.4435759648e+00   2.2759388420e-02
6.4484611627e+00   2.1556608795e-02
6.4533463605e+00   1.9954596496e-02
6.4582315584e+00   1.7924630878e-02
6.4631167562e+00   1.5436214163e-02
6.4680019541e+00   1.2456265362e-02
6.4728871519e+00   8.9481214396e-03
6.4777723498e+00   4.8613077628e-03
6.4826575476e+00   1.6905026871e-04
6.4875427455e+00   5.1956579971e-03
6.4924279433e+00   1.1298029119e-02
6.4973131412e+00   1.8215105589e-02
6.5021983390e+00   2.6038161192e-02
6.5070835369e+00   3.4875405010e-02
6.5119687347e+00   4.4855016473e-02
6.5168539326e+00   5.5821715585e-02
6.5217391304e+00   6.8532079408e-02
6.5266243283e+00   8.2925738101e-02
6.5315095261e+00   9.9248488821e-02
6.5363947240e+00   1.1778658953e-01
6.5412799218e+00   1.3887160272e-01
6.5461651197e+00   1.6288507242e-01
6.5510503175e+00   1.9026261534e-01
6.5559355154e+00   2.2149680629e-01
6.5608207132e+00   2.5713798323e-01
6.5657059111e+00   2.9779179300e-01
6.5705911089e+00   3.4345296280e-01
6.5754763068e+00   3.9650113548e-01
6.5803615046e+00   4.5621985526e-01
6.5852467025e+00   5.2367112358e-01
6.5901319003e+00   5.9946651799e-01
6.5950170982e+00   6.8409279041e-01
6.5999022960e+00   7.7784253706e-01
6.6047874939e+00   8.8073790985e-01
6.6096726917e+00   9.9245516946e-01
6.6145578896e+00   1.1122614143e+00
6.6194430874e+00   1.2389772567e+00
6.6243282853e+00   1.3709791491e+00
6.6292134831e+00   1.5062513061e+00
6.6340986810e+00   1.6424894628e+00
6.6389838788e+00   1.7772483298e+00
6.6438690767e+00   1.9081143112e+00
6.6487542745e+00   2.0328782639e+00
6.6536394724e+00   2.1496823439e+00
6.6585246702e+00   2.2571207614e+00
6.6634098681e+00   2.3542845726e+00
6.6682950660e+00   2.4407520438e+00
6.6731802638e+00   2.5165352743e+00
6.6780654617e+00   2.5819987099e+00
6.6829506595e+00   2.6377657182e+00
6.6878358574e+00   2.6846266980e+00
6.6927210552e+00   2.7234579098e+00
6.6976062531e+00   2.7551558266e+00
6.7024914509e+00   2.7805882200e+00
6.7073766488e+00   2.8005607814e+00
6.7122618466e+00   2.8157967720e+00
6.7171470445e+00   2.8269267417e+00
6.7220322423e+00   2.8344854575e+00
6.7269174402e+00   2.8389135780e+00
6.7318026380e+00   2.8405621069e+00
6.7366878359e+00   2.8396944488e+00
6.7415730337e+00   2.8380457468e+00
6.7464582316e+00   2.8326289349e+00
6.7513434294e+00   2.8250424654e+00
6.7562286273e+00   2.8152697134e+00
6.7611138251e+00   2.8032326452e+00
6.7659990230e+00   2.7887931600e+00
6.7708842208e+00   2.7717533105e+00
6.7757694187e+00   2.7518545349e+00
6.7806546165e+00   2.7287761027e+00
6.7855398144e+00   2.7024570495e+00
6.7904250122e+00   2.6717683872e+00
6.7953102101e+00   2.6365392365e+00
6.8001954079e+00   2.5961803863e+00
6.8050806058e+00   2.5500345698e+00
6.8099658036e+00   2.4970864172e+00
6.8148510015e+00   2.4372237157e+00
6.8197361993e+00   2.3692649866e+00
6.8246213972e+00   2.2923706745e+00
6.8295065950e+00   2.2060432424e+00
6.8343917929e+00   2.1091304086e+00
6.8392769907e+00   2.0010057816e+00
6.8441621886e+00   1.8812989798e+00
6.8490473864e+00   1.7481744316e+00
6.8539325843e+00   1.6041926490e+00
6.8588177821e+00   1.4487763984e+00
6.8637029800e+00   1.2828769082e+00
6.8685881778e+00   1.1069422187e+00
6.8734733757e+00   9.2503003939e-01
6.8783585735e+00   7.3861929760e-01
6.8832437714e+00   5.5056745689e-01
6.8881289692e+00   3.6416912457e-01
6.8930141671e+00   1.8208896002e-01
6.8978993649e+00   7.4744330166e-03
6.9027845628e+00   1.5656181128e-01
6.9076697606e+00   3.0970373817e-01
6.9125549585e+00   4.4915694875e-01
6.9174401563e+00   5.7497593149e-01
6.9223253542e+00   6.8713848968e-01
6.9272105520e+00   7.8657674326e-01
6.9320957499e+00   8.7413299531e-01
6.9369809477e+00   9.5196104911e-01
6.9418661456e+00   1.0221155710e+00
6.9467513434e+00   1.0867315341e+00
6.9516365413e+00   1.1484256480e+00
6.9565217391e+00   1.2095990936e+00
6.9614069370e+00   1.2740984606e+00
6.9662921348e+00   1.3463708233e+00
6.9711773327e+00   1.4315751862e+00
6.9760625305e+00   1.5380105568e+00
6.9809477284e+00   1.6791316995e+00
6.9858329262e+00   1.8774850023e+00
6.9907181241e+00   2.1790440857e+00
6.9956033219e+00   2.6916039934e+00
7.0004885198e+00   3.7483433471e+00
7.0053737176e+00   7.1301796437e+00
7.0102589155e+00   6.8312971467e+01
7.0151441133e+00   4.8231643219e+00
7.0200293112e+00   2.2092213019e+00
7.0249145090e+00   1.2894851525e+00
7.0297997069e+00   8.1868087156e-01
7.0346849047e+00   5.3089896803e-01
7.0395701026e+00   3.3504853528e-01
7.0444553004e+00   1.9155053944e-01
7.0493404983e+00   8.0520521903e-02
7.0542256961e+00   9.0464112443e-03
7.0591108940e+00   8.3665517345e-02
7.0639960918e+00   1.4738423956e-01
7.0688812897e+00   2.0280679267e-01
7.0737664875e+00   2.5165381683e-01
7.0786516854e+00   2.9508680051e-01
7.0835368832e+00   3.3390506123e-01
7.0884220811e+00   3.6866950105e-01
7.0933072789e+00   3.9978208887e-01
7.0981924768e+00   4.2753737428e-01
7.1030776746e+00   4.5215565875e-01
7.1079628725e+00   4.7380373751e-01
7.1128480703e+00   4.9262922360e-01
7.1177332682e+00   5.0856434219e-01
7.1226184660e+00   5.2189261703e-01
7.1275036639e+00   5.3253715315e-01
7.1323888617e+00   5.4046805618e-01
7.1372740596e+00   5.4559706529e-01
7.1421592574e+00   5.4775871729e-01
7.1470444553e+00   5.4668202217e-01
7.1519296532e+00   5.4194717609e-01
7.1568148510e+00   5.3273855255e-01
7.1617000489e+00   5.1843214565e-01
7.1665852467e+00   4.9737873579e-01
7.1714704446e+00   4.6722841356e-01
7.1763556424e+00   4.2409749176e-01
7.1812408403e+00   3.6115646401e-01
7.1861260381e+00   2.6529321052e-01
7.1910112360e+00   1.0789093839e-01
7.1958964338e+00   1.8743017874e-01
7.2007816317e+00   9.1512281765e-01
7.2056668295e+00   5.2997912650e+00
7.2105520274e+00   5.0044751870e+00
7.2154372252e+00   2.4206995405e+00
7.2203224231e+00   1.8311715682e+00
7.2252076209e+00   1.5730068158e+00
7.2300928188e+00   1.4299183988e+00
7.2349780166e+00   1.3402682493e+00
7.2398632145e+00   1.2797054708e+00
7.2447484123e+00   1.2367236928e+00
7.2496336102e+00   1.2051684795e+00
7.2545188080e+00   1.1814483453e+00
7.2594040059e+00   1.1633250129e+00
7.2642892037e+00   1.1493297510e+00
7.2691744016e+00   1.1384579047e+00
7.2740595994e+00   1.1299983957e+00
7.2789447973e+00   1.1234334566e+00
7.2838299951e+00   1.1183770594e+00
7.2887151930e+00   1.1145357007e+00
7.2936003908e+00   1.1116826325e+00
7.2984855887e+00   1.1096404589e+00
7.3033707865e+00   1.1082690992e+00
7.3082559844e+00   1.1074572804e+00
7.3131411822e+00   1.1071164110e+00
7.3180263801e+00   1.1071760952e+00
7.3229115779e+00   1.1075808047e+00
7.3277967758e+00   1.1082873840e+00
7.3326819736e+00   1.1092631740e+00
7.3375671715e+00   1.1104846047e+00
7.3424523693e+00   1.1119361592e+00
7.3473375672e+00   1.1136096398e+00
7.3522227650e+00   1.1155036935e+00
7.3571079629e+00   1.1176235715e+00
7.3619931607e+00   1.1199811089e+00
7.3668783586e+00   1.1225949270e+00
7.3717635564e+00   1.1254908657e+00
7.3766487543e+00   1.1287026727e+00
7.3815339521e+00   1.1322729812e+00
7.3864191500e+00   1.1362546294e+00
7.3913043478e+00   1.1407123904e+00
7.3961895457e+00   1.1457252067e+00
7.4010747435e+00   1.1513890544e+00
7.4059599414e+00   1.1578206049e+00
7.4108451392e+00   1.1651619053e+00
7.4157303371e+00   1.1735863751e+00
7.4206155349e+00   1.1833065187e+00
7.4255007328e+00   1.1945836751e+00
7.4303859306e+00   1.2076573582e+00
7.4352711285e+00   1.2230916246e+00
7.4401563263e+00   1.2413116361e+00
7.4450415242e+00   1.2629519044e+00
7.4499267220e+00   1.2888177545e+00
7.4548119199e+00   1.3199394195e+00
7.4596971177e+00   1.3576463766e+00
7.4645823156e+00   1.4036709961e+00
7.4694675134e+00   1.4602955528e+00
7.4743527113e+00   1.5303789438e+00
7.4792379091e+00   1.6185285085e+00
7.4841231070e+00   1.7300066416e+00
7.4890083048e+00   1.8729309955e+00
7.4938935027e+00   2.0588590797e+00
7.4987787005e+00   2.3050492190e+00
7.5036638984e+00   2.6388338988e+00
7.5085490962e+00   3.1034881169e+00
7.5134342941e+00   3.7774217476e+00
7.5183194919e+00   4.8127749250e+00
7.5232046898e+00   6.5524226629e+00
7.5280898876e+00   9.9692971223e+00
7.5329750855e+00   1.9367366337e+01
7.5378602833e+00   1.4278957725e+02
7.5427454812e+00   2.9805727392e+01
7.5476306790e+00   1.4209511650e+01
7.5525158769e+00   9.6094253654e+00
7.5574010747e+00   7.3691825140e+00
7.5622862726e+00   6.0064555874e+00
7.5671714704e+00   5.0512244908e+00
7.5720566683e+00   4.3007220638e+00
7.5769418661e+00   3.6738252717e+00
7.5818270640e+00   3.1141163576e+00
7.5867122618e+00   2.5945153416e+00
7.5915974597e+00   2.1024217354e+00
7.5964826575e+00   1.6342584961e+00
7.6013678554e+00   1.1869224983e+00
7.6062530532e+00   7.6317204338e-01
7.6111382511e+00   3.6664715385e-01
7.6160234489e+00   1.7821792793e-03
7.6209086468e+00   3.2898413942e-01
7.6257938447e+00   6.2373464312e-01
7.6306790425e+00   8.8365290444e-01
7.6355642404e+00   1.1076882525e+00
7.6404494382e+00   1.3001118291e+00
7.6453346361e+00   1.4632571458e+00
7.6502198339e+00   1.5982484308e+00
7.6551050318e+00   1.7106916332e+00
7.6599902296e+00   1.8033146548e+00
7.6648754275e+00   1.8778591845e+00
7.6697606253e+00   1.9366761803e+00
7.6746458232e+00   1.9825692257e+00
7.6795310210e+00   2.0186633315e+00
7.6844162189e+00   2.0444238020e+00
7.6893014167e+00   2.0618457988e+00
7.6941866146e+00   2.0719356764e+00
7.6990718124e+00   2.0755099596e+00
7.7039570103e+00   2.0734436323e+00
7.7088422081e+00   2.0653467101e+00
7.7137274060e+00   2.0529642121e+00
7.7186126038e+00   2.0361780128e+00
7.7234978017e+00   2.0153680796e+00
7.7283829995e+00   1.9908912015e+00
7.7332681974e+00   1.9630894960e+00
7.7381533952e+00   1.9322940699e+00
7.7430385931e+00   1.8988245249e+00
7.7479237909e+00   1.8629851341e+00
7.7528089888e+00   1.8250585962e+00
7.7576941866e+00   1.7852982918e+00
7.7625793845e+00   1.7439199038e+00
7.7674645823e+00   1.7011018332e+00
7.7723497802e+00   1.6569870011e+00
7.7772349780e+00   1.6115933690e+00
7.7821201759e+00   1.5649107821e+00
7.7870053737e+00   1.5168594432e+00
7.7918905716e+00   1.4672917100e+00
7.7967757694e+00   1.4159665772e+00
7.8016609673e+00   1.3625856695e+00
7.8065461651e+00   1.3067632276e+00
7.8114313630e+00   1.2480316744e+00
7.8163165608e+00   1.1855452820e+00
7.8212017587e+00   1.1192478547e+00
7.8260869565e+00   1.0481310464e+00
7.8309721544e+00   9.7138097067e-01
7.8358573522e+00   8.8809609253e-01
7.8407425501e+00   7.9729099139e-01
7.8456277479e+00   6.9790447429e-01
7.8505129458e+00   5.8850857579e-01
7.8553981436e+00   4.6870435024e-01
7.8602833415e+00   3.3673407451e-01
7.8651685393e+00   1.9160631833e-01
7.8700537372e+00   3.2293904065e-02
7.8749389350e+00   1.4205512666e-01
7.8798241329e+00   3.3202866600e-01
7.8847093307e+00   5.3785168344e-01
7.8895945286e+00   7.5928431129e-01
7.8944797264e+00   9.9552726890e-01
7.8993649243e+00   1.2451479748e+00
7.9042501221e+00   1.5060421445e+00
7.9091353200e+00   1.7754445607e+00
7.9140205178e+00   2.0504913200e+00
7.9189057157e+00   2.3264729248e+00
7.9237909135e+00   2.5996828107e+00
7.9286761114e+00   2.8659509523e+00
7.9335613092e+00   3.1212643563e+00
7.9384465071e+00   3.3619723810e+00
7.9433317049e+00   3.5849493997e+00
7.9482169028e+00   3.7876986069e+00
7.9531021006e+00   3.9683911926e+00
7.9579872985e+00   4.1258453048e+00
7.9628724963e+00   4.2594569470e+00
7.9677576942e+00   4.3694239764e+00
7.9726428920e+00   4.4553142530e+00
7.9775280899e+00   4.5179408418e+00
7.9824132877e+00   4.5579210945e+00
7.9872984856e+00   4.5759229900e+00
7.9921836834e+00   4.5725977887e+00
7.9970688813e+00   4.5485344238e+00
8.0019540791e+00   4.5040710723e+00
8.0068392770e+00   4.4400111845e+00
8.0117244748e+00   4.3564568829e+00
8.0166096727e+00   4.2536771355e+00
8.0214948705e+00   4.1319217020e+00
8.0263800684e+00   3.9914692669e+00
8.0312652662e+00   3.8337448175e+00
8.0361504641e+00   3.6573716529e+00
8.0410356619e+00   3.4638779031e+00
8.0459208598e+00   3.2542486803e+00
8.0508060576e+00   3.0297964964e+00
8.0556912555e+00   2.7922034840e+00
8.0605764533e+00   2.5435442179e+00
8.0654616512e+00   2.2866772896e+00
8.0703468490e+00   2.0217899955e+00
8.0752320469e+00   1.7561409791e+00
8.0801172447e+00   1.4911615357e+00
8.0850024426e+00   1.2302145471e+00
8.0898876404e+00   9.7658295299e-01
8.0947728383e+00   7.3332111760e-01
8.0996580362e+00   5.0311536020e-01
8.1045432340e+00   2.8786793629e-01
8.1094284319e+00   8.9929538374e-02
8.1143136297e+00   9.0100660275e-02
8.1191988276e+00   2.5176614811e-01
8.1240840254e+00   3.9528049694e-01
8.1289692233e+00   5.2121710166e-01
8.1338544211e+00   6.3075758464e-01
8.1387396190e+00   7.2491041977e-01
8.1436248168e+00   8.0530499463e-01
8.1485100147e+00   8.7374895946e-01
8.1533952125e+00   9.3136360720e-01
8.1582804104e+00   9.8022362604e-01
8.1631656082e+00   1.0217531619e+00
8.1680508061e+00   1.0572316461e+00
8.1729360039e+00   1.0884368235e+00
8.1778212018e+00   1.1164633817e+00
8.1827063996e+00   1.1425603088e+00
8.1875915975e+00   1.1679365233e+00
8.1924767953e+00   1.1939206205e+00
8.1973619932e+00   1.2218753262e+00
8.2022471910e+00   1.2534204834e+00
8.2071323889e+00   1.2905698339e+00
8.2120175867e+00   1.3359923796e+00
8.2169027846e+00   1.3934822141e+00
8.2217879824e+00   1.4685975458e+00
8.2266731803e+00   1.5703603971e+00
8.2315583781e+00   1.7142262851e+00
8.2364435760e+00   1.9294293975e+00
8.2413287738e+00   2.2790075875e+00
8.2462139717e+00   2.9289712022e+00
8.2510991695e+00   4.5048308602e+00
8.2559843674e+00   1.3264432980e+01
8.2608695652e+00   9.5660713139e+00
8.2657547631e+00   3.0750175572e+00
8.2706399609e+00   1.6795310708e+00
8.2755251588e+00   1.0805752210e+00
8.2804103566e+00   7.5354851632e-01
8.2852955545e+00   5.5148319385e-01
8.2901807523e+00   4.1704148878e-01
8.2950659502e+00   3.2321248232e-01
8.2999511480e+00   2.5559685247e-01
8.3048363459e+00   2.0581448051e-01
8.3097215437e+00   1.6865857319e-01
8.3146067416e+00   1.4072660185e-01
8.3194919394e+00   1.1971505926e-01
8.3243771373e+00   1.0375408007e-01
8.3292623351e+00   9.2107808823e-02
8.3341475330e+00   8.3709561801e-02
8.3390327308e+00   7.7908892948e-02
8.3439179287e+00   7.4207496586e-02
8.3488031265e+00   7.2217001029e-02
8.3536883244e+00   7.1629522132e-02
8.3585735222e+00   7.2196735365e-02
8.3634587201e+00   7.3714795554e-02
8.3683439179e+00   7.6013373360e-02
8.3732291158e+00   7.8947654395e-02
8.3781143136e+00   8.2392508677e-02
8.3829995115e+00   8.6238269385e-02
8.3878847093e+00   9.0387710308e-02
8.3927699072e+00   9.4753911525e-02
8.3976551050e+00   9.9258771477e-02
8.4025403029e+00   1.0383197297e-01
8.4074255007e+00   1.0841024840e-01
8.4123106986e+00   1.1293682050e-01
8.4171958964e+00   1.1736092164e-01
8.4220810943e+00   1.2166274618e-01
8.4269662921e+00   1.2578032019e-01
8.4318514900e+00   1.2967496521e-01
8.4367366878e+00   1.3331422031e-01
8.4416218857e+00   1.3666854486e-01
8.4465070835e+00   1.3971043781e-01
8.4513922814e+00   1.4241348157e-01
8.4562774792e+00   1.4468116784e-01
8.4611626771e+00   1.4661526221e-01
8.4660478749e+00   1.4812786236e-01
8.4709330728e+00   1.4918680620e-01
8.4758182706e+00   1.4975606566e-01
8.4807034685e+00   1.4979501837e-01
8.4855886663e+00   1.4925795787e-01
8.4904738642e+00   1.4809394567e-01
8.4953590620e+00   1.4624713452e-01
8.5002442599e+00   1.4365771555e-01
8.5051294577e+00   1.3952224423e-01
8.5100146556e+00   1.3524613986e-01
8.5148998534e+00   1.3005135376e-01
8.5197850513e+00   1.2389009354e-01
8.5246702491e+00   1.1672974570e-01
8.5295554470e+00   1.0855955178e-01
8.5344406448e+00   9.9397390503e-02
8.5393258427e+00   8.9295780437e-02
8.5442110405e+00   7.8346007138e-02
8.5490962384e+00   6.6679242526e-02
8.5539814362e+00   5.4463754085e-02
8.5588666341e+00   4.1897829203e-02
8.5637518319e+00   2.9198796866e-02
8.5686370298e+00   1.6589337381e-02
8.5735222277e+00   4.2828923176e-03
8.5784074255e+00   7.5297854829e-03
8.5832926234e+00   1.8691151040e-02
8.5881778212e+00   2.9083308280e-02
8.5930630191e+00   3.8630054553e-02
8.5979482169e+00   4.7294980491e-02
8.6028334148e+00   5.5076606176e-02
8.6077186126e+00   6.2001751832e-02
8.6126038105e+00   6.8118281693e-02
8.6174890083e+00   7.3488120738e-02
8.6223742062e+00   7.8181134118e-02
8.6272594040e+00   8.2270163608e-02
8.6321446019e+00   8.5827282545e-02
8.6370297997e+00   8.8919034294e-02
8.6419149976e+00   9.1593655711e-02
8.6468001954e+00   9.3918655417e-02
8.6516853933e+00   9.6188818795e-02
8.6565705911e+00   9.7702052737e-02
8.6614557890e+00   9.9252721522e-02
8.6663409868e+00   1.0061652425e-01
8.6712261847e+00   1.0182040192e-01
8.6761113825e+00   1.0288684189e-01
8.6809965804e+00   1.0383441515e-01
8.6858817782e+00   1.0467827029e-01
8.6907669761e+00   1.0543057209e-01
8.6956521739e+00   1.0610087923e-01
8.7005373718e+00   1.0669645986e-01
8.7054225696e+00   1.0722254636e-01
8.7103077675e+00   1.0768253146e-01
8.7151929653e+00   1.0807810889e-01
8.7200781632e+00   1.0840936081e-01
8.7249633610e+00   1.0867479426e-01
8.7298485589e+00   1.0887132774e-01
8.7347337567e+00   1.0899422812e-01
8.7396189546e+00   1.0903699718e-01
8.7445041524e+00   1.0899120569e-01
8.7493893503e+00   1.0848929033e-01
8.7542745481e+00   1.0823697941e-01
8.7591597460e+00   1.0785815272e-01
8.7640449438e+00   1.0733406236e-01
8.7689301417e+00   1.0664231433e-01
8.7738153395e+00   1.0575630074e-01
8.7787005374e+00   1.0464454529e-01
8.7835857352e+00   1.0322236013e-01
8.7884709331e+00   1.0154660060e-01
8.7933561309e+00   9.9514494112e-02
8.7982413288e+00   9.7066879985e-02
8.8031265266e+00   9.4254085621e-02
8.8080117245e+00   9.0733136546e-02
8.8128969223e+00   8.6554033070e-02
8.8177821202e+00   8.1630269843e-02
8.8226673180e+00   7.5724712137e-02
8.8275525159e+00   6.8804853223e-02
8.8324377137e+00   6.0720271131e-02
8.8373229116e+00   5.1675622264e-02
8.8422081094e+00   4.0904829266e-02
8.8470933073e+00   2.8465271488e-02
8.8519785051e+00   1.4495463131e-02
8.8568637030e+00   1.8427960524e-03
8.8617489008e+00   2.0513881682e-02
8.8666340987e+00   4.1807296960e-02
8.8715192965e+00   6.6380941017e-02
8.8764044944e+00   9.4193303393e-02
8.8812896922e+00   1.2626597373e-01
8.8861748901e+00   1.6510831847e-01
8.8910600879e+00   2.0942025230e-01
8.8959452858e+00   2.6675937131e-01
8.9008304836e+00   3.4247769091e-01
8.9057156815e+00   4.5590892587e-01
8.9106008793e+00   6.5445683034e-01
8.9154860772e+00   1.1336201039e+00
8.9203712750e+00   4.3974330923e+00
8.9252564729e+00   2.1498877009e+00
8.9301416707e+00   8.2216013148e-01
8.9350268686e+00   4.8639138729e-01
8.9399120664e+00   3.3222737474e-01
8.9447972643e+00   2.4534453104e-01
8.9496824621e+00   1.8803321448e-01
8.9545676600e+00   1.4711267416e-01
8.9594528578e+00   1.1718678738e-01
8.9643380557e+00   9.4346187233e-02
8.9692232535e+00   7.6227904660e-02
8.9741084514e+00   6.0647233198e-02
8.9789936492e+00   4.8027079682e-02
8.9838788471e+00   3.6476543815e-02
8.9887640449e+00   2.5989022399e-02
8.9936492428e+00   1.6218580731e-02
8.9985344406e+00   6.9118816510e-03
9.0034196385e+00   1.7276841165e-03
9.0083048363e+00   1.0615411948e-02
9.0131900342e+00   1.9455033007e-02
9.0180752320e+00   2.8313042547e-02
9.0229604299e+00   3.7232912968e-02
9.0278456277e+00   4.6240988897e-02
9.0327308256e+00   5.5351646554e-02
9.0376160234e+00   6.4572055015e-02
9.0425012213e+00   7.3906784689e-02
9.0473864191e+00   8.3362460661e-02
9.0522716170e+00   9.2952653289e-02
9.0571568149e+00   1.0270324161e-01
9.0620420127e+00   1.1265859136e-01
9.0669272106e+00   1.2288908536e-01
9.0718124084e+00   1.3352747904e-01
9.0766976063e+00   1.4468336868e-01
9.0815828041e+00   1.5660059212e-01
9.0864680020e+00   1.6960304036e-01
9.0913531998e+00   1.8416334384e-01
9.0962383977e+00   2.0098696175e-01
9.1011235955e+00   2.2067111378e-01
9.1060087934e+00   2.4585141433e-01
9.1108939912e+00   2.7918319665e-01
9.1157791891e+00   3.2643594019e-01
9.1206643869e+00   4.0001151125e-01
9.1255495848e+00   5.3234439187e-01
9.1304347826e+00   8.4385940314e-01
9.1353199805e+00   2.4581875586e+00
9.1402051783e+00   2.0808544212e+00
9.1450903762e+00   6.7278805791e-01
9.1499755740e+00   3.8086027582e-01
9.1548607719e+00   2.5572779579e-01
9.1597459697e+00   1.8699442580e-01
9.1646311676e+00   1.4415379993e-01
9.1695163654e+00   1.1538251168e-01
9.1744015633e+00   9.5128079262e-02
9.1792867611e+00   8.0431489644e-02
9.1841719590e+00   6.9566068717e-02
9.1890571568e+00   6.1452319685e-02
9.1939423547e+00   5.5387168532e-02
9.1988275525e+00   5.0806176230e-02
9.2037127504e+00   4.7428268958e-02
9.2085979482e+00   4.4991479715e-02
9.2134831461e+00   4.3297144795e-02
9.2183683439e+00   4.2191263823e-02
9.2232535418e+00   4.1552245785e-02
9.2281387396e+00   4.1282608525e-02
9.2330239375e+00   4.1303196682e-02
9.2379091353e+00   4.1549044026e-02
9.2427943332e+00   4.1966333147e-02
9.2476795310e+00   4.2510102073e-02
9.2525647289e+00   4.3142468826e-02
9.2574499267e+00   4.3831221578e-02
9.2623351246e+00   4.4548667618e-02
9.2672203224e+00   4.5160462447e-02
9.2721055203e+00   4.5866240604e-02
9.2769907181e+00   4.6536641920e-02
9.2818759160e+00   4.7153802376e-02
9.2867611138e+00   4.7700722045e-02
9.2916463117e+00   4.8160746033e-02
9.2965315095e+00   4.8517081251e-02
9.3014167074e+00   4.8752340702e-02
9.3063019052e+00   4.8848109442e-02
9.3111871031e+00   4.8845022041e-02
9.3160723009e+00   4.8594408092e-02
9.3209574988e+00   4.8137776575e-02
9.3258426966e+00   4.7448535278e-02
9.3307278945e+00   4.6497199813e-02
9.3356130923e+00   4.5251128850e-02
9.3404982902e+00   4.3658409023e-02
9.3453834880e+00   4.1660594120e-02
9.3502686859e+00   3.9244688149e-02
9.3551538837e+00   3.6364667774e-02
9.3600390816e+00   3.2971707544e-02
9.3649242794e+00   2.8894280877e-02
9.3698094773e+00   2.4613997053e-02
9.3746946751e+00   1.9407178238e-02
9.3795798730e+00   1.3475783455e-02
9.3844650708e+00   6.7639721999e-03
9.3893502687e+00   7.8524061362e-04
9.3942354665e+00   9.2317650149e-03
9.3991206644e+00   1.8122368228e-02
9.4040058622e+00   2.8562915019e-02
9.4088910601e+00   4.0167228168e-02
9.4137762579e+00   5.3087137005e-02
9.4186614558e+00   6.7548741257e-02
9.4235466536e+00   8.3939858647e-02
9.4284318515e+00   1.0275006264e-01
9.4333170493e+00   1.2492122574e-01
9.4382022472e+00   1.5215770124e-01
9.4430874450e+00   1.8677790658e-01
9.4479726429e+00   2.3400833188e-01
9.4528578407e+00   3.0642613468e-01
9.4577430386e+00   4.3457244927e-01
9.4626282364e+00   7.4135750632e-01
9.4675134343e+00   2.5783454884e+00
9.4723986321e+00   1.6711931596e+00
9.4772838300e+00   6.1856133427e-01
9.4821690278e+00   3.7222166470e-01
9.4870542257e+00   2.6263474504e-01
9.4919394235e+00   2.0169923930e-01
9.4968246214e+00   1.6178665808e-01
9.5017098192e+00   1.3416491963e-01
9.5065950171e+00   1.1402539047e-01
9.5114802149e+00   9.8828009229e-02
9.5163654128e+00   8.6916451143e-02
9.5212506106e+00   7.7388348624e-02
9.5261358085e+00   6.9594154915e-02
9.5310210064e+00   6.3080244009e-02
9.5359062042e+00   5.7518240001e-02
9.5407914021e+00   5.2557368902e-02
9.5456765999e+00   4.8234755983e-02
9.5505617978e+00   4.4283391585e-02
9.5554469956e+00   4.0588538520e-02
9.5603321935e+00   3.7058380484e-02
9.5652173913e+00   3.3618875528e-02
9.5701025892e+00   3.0210108302e-02
9.5749877870e+00   2.6783667560e-02
9.5798729849e+00   2.3300742093e-02
9.5847581827e+00   1.9730730721e-02
9.5896433806e+00   1.6050226405e-02
9.5945285784e+00   1.2072000830e-02
9.5994137763e+00   8.1330639585e-03
9.6042989741e+00   4.0353281305e-03
9.6091841720e+00   2.0629660884e-04
9.6140693698e+00   4.5867100791e-03
9.6189545677e+00   9.0959500466e-03
9.6238397655e+00   1.3719343280e-02
9.6287249634e+00   1.8437659302e-02
9.6336101612e+00   2.3227283486e-02
9.6384953591e+00   2.8060422601e-02
9.6433805569e+00   3.2905352240e-02
9.6482657548e+00   3.7726711911e-02
9.6531509526e+00   4.2485849932e-02
9.6580361505e+00   4.7141217044e-02
9.6629213483e+00   5.1648804909e-02
9.6678065462e+00   5.5962623918e-02
9.6726917440e+00   6.0035213982e-02
9.6775769419e+00   6.3818182643e-02
9.6824621397e+00   6.7262766674e-02
9.6873473376e+00   7.0320416468e-02
9.6922325354e+00   7.2943406348e-02
9.6971177333e+00   7.5085478114e-02
9.7020029311e+00   7.6702528810e-02
9.7068881290e+00   7.7753356096e-02
9.7117733268e+00   7.8200474756e-02
9.7166585247e+00   7.8011014952e-02
9.7215437225e+00   7.7157706209e-02
9.7264289204e+00   7.5619916832e-02
9.7313141182e+00   7.3602633789e-02
9.7361993161e+00   7.0692039144e-02
9.7410845139e+00   6.7083677520e-02
9.7459697118e+00   6.2794175385e-02
9.7508549096e+00   5.7851775350e-02
9.7557401075e+00   5.2296663312e-02
9.7606253053e+00   4.6180840218e-02
9.7655105032e+00   3.9567459201e-02
9.7703957010e+00   3.2529587058e-02
9.7752808989e+00   2.5148400662e-02
9.7801660967e+00   1.7510887771e-02
9.7850512946e+00   9.7071793488e-03
9.7899364924e+00   1.8276871709e-03
9.7948216903e+00   6.0397522065e-03
9.7997068881e+00   1.3812523597e-02
9.8045920860e+00   2.1415488953e-02
9.8094772838e+00   2.8782716757e-02
9.8143624817e+00   3.5858607084e-02
9.8192476795e+00   4.2598396214e-02
9.8241328774e+00   4.8968080883e-02
9.8290180752e+00   5.4943720373e-02
9.8339032731e+00   6.0510625332e-02
9.8387884709e+00   6.5662046246e-02
9.8436736688e+00   7.0397768338e-02
9.8485588666e+00   7.4722680086e-02
9.8534440645e+00   7.8645368074e-02
9.8583292623e+00   8.2176807424e-02
9.8632144602e+00   8.5329185380e-02
9.8680996580e+00   8.8114876222e-02
9.8729848559e+00   9.0545570360e-02
9.8778700537e+00   9.2631549227e-02
9.8827552516e+00   9.4381090367e-02
9.8876404494e+00   9.5799983049e-02
9.8925256473e+00   9.6891134352e-02
9.8974108451e+00   9.7654243779e-02
9.9022960430e+00   9.8085530314e-02
9.9071812408e+00   9.8177495492e-02
9.9120664387e+00   9.7918710927e-02
9.9169516365e+00   9.7293622491e-02
9.9218368344e+00   9.6213687816e-02
9.9267220322e+00   9.4799870901e-02
9.9316072301e+00   9.2947728809e-02
9.9364924279e+00   9.0623648359e-02
9.9413776258e+00   8.7789183261e-02
9.9462628236e+00   8.4401034811e-02
9.9511480215e+00   8.0411119464e-02
9.9560332193e+00   7.5770607401e-02
9.9609184172e+00   7.0406334544e-02
9.9658036150e+00   6.4268956697e-02
9.9706888129e+00   5.7294653567e-02
9.9755740107e+00   4.9417490453e-02
9.9804592086e+00   4.0570559495e-02
9.9853444064e+00   3.0401018093e-02
9.9902296043e+00   1.9363601895e-02
9.9951148021e+00   7.1629668484e-03
1.0000000000e+01   6.5032898197e-03
1.0000000000e+01   6.5032898205e-03
