X    Y
0.0000000000e+00   0.0000000000e+00
1.0000000000e-04   4.1654168367e-06
1.1000000000e-03   4.5682309480e-05
1.1100000000e-02   4.4732996020e-04
8.9301368524e-02   2.8394681728e-03
1.6750273705e-01   4.1987760261e-03
2.4570410557e-01   4.8710024458e-03
3.2390547410e-01   5.1142147516e-03
4.0210684262e-01   5.1090311785e-03
4.8030821114e-01   4.9739528264e-03
5.5850957967e-01   4.7816794121e-03
6.3671094819e-01   4.5736137381e-03
7.1491231672e-01   4.3712323750e-03
7.9311368524e-01   4.1841500795e-03
8.7131505376e-01   4.0153750166e-03
9.4951642229e-01   3.8644983979e-03
1.0277177908e+00   3.7295330895e-03
1.1059191593e+00   3.6079570367e-03
1.1841205279e+00   3.4973311751e-03
1.2623218964e+00   3.3957015117e-03
1.3405232649e+00   3.3018796987e-03
1.4187246334e+00   3.2156252035e-03
1.4969260020e+00   3.1377173507e-03
1.5751273705e+00   3.0698979556e-03
1.6533287390e+00   3.1789137263e-03
1.7315301075e+00   3.2175196135e-03
1.8097314761e+00   3.2370256876e-03
1.8879328446e+00   3.2564410509e-03
1.9661342131e+00   3.2829167693e-03
2.0443355816e+00   3.3193720142e-03
2.1225369501e+00   3.3672946552e-03
2.2007383187e+00   3.4277773260e-03
2.2789396872e+00   3.5019122654e-03
2.2790396872e+00   3.5020164143e-03
2.2800396872e+00   3.5030592345e-03
2.2900396872e+00   3.5136212224e-03
2.3682410557e+00   3.6049332467e-03
2.4464424242e+00   3.7128812170e-03
2.5246437928e+00   3.8393833483e-03
2.6028451613e+00   3.9867608113e-03
2.6810465298e+00   4.1578382094e-03
2.7592478983e+00   4.3560637814e-03
2.8374492669e+00   4.5856605091e-03
2.9156506354e+00   4.8518185056e-03
2.9938520039e+00   5.1609389537e-03
3.0720533724e+00   5.5209384232e-03
3.1502547410e+00   5.9416178303e-03
3.2284561095e+00   6.4350909445e-03
3.3066574780e+00   7.0162519442e-03
3.3848588465e+00   7.7032396954e-03
3.4630602151e+00   8.5358057131e-03
3.5412615836e+00   9.5370821019e-03
3.6194629521e+00   1.0751858807e-02
3.6976643206e+00   1.2238566228e-02
3.7758656891e+00   1.4074294149e-02
3.8540670577e+00   1.6361462112e-02
3.8541670577e+00   1.6364733968e-02
3.8551670577e+00   1.6397505272e-02
3.8651670577e+00   1.6730559911e-02
3.9433684262e+00   1.9707165468e-02
4.0215697947e+00   2.3487773017e-02
4.0997711632e+00   2.8328669508e-02
4.1779725318e+00   3.4571077219e-02
4.2561739003e+00   4.2664907830e-02
4.3343752688e+00   5.3193427206e-02
4.4125766373e+00   6.6892385065e-02
4.4907780059e+00   8.4650624867e-02
4.5689793744e+00   1.0746964741e-01
4.6471807429e+00   1.3634820763e-01
4.7253821114e+00   1.7204892817e-01
4.8035834800e+00   2.1470602546e-01
4.8817848485e+00   2.6326149264e-01
4.9599862170e+00   3.1431501361e-01
5.0381875855e+00   3.6302885558e-01
5.1163889541e+00   4.0260333772e-01
5.1945903226e+00   4.2591897144e-01
5.1946903226e+00   4.2593578019e-01
5.1956903226e+00   4.2610189880e-01
5.2056903226e+00   4.2756466629e-01
5.2838916911e+00   4.2606485737e-01
5.3620930596e+00   4.0178016430e-01
5.4402944282e+00   3.5847668563e-01
5.5184957967e+00   3.0318889342e-01
5.5966971652e+00   2.4391670497e-01
5.6748985337e+00   1.8748367184e-01
5.7530999022e+00   1.3833556620e-01
5.8313012708e+00   9.8331274765e-02
5.9095026393e+00   6.7238551999e-02
5.9877040078e+00   4.5716436096e-02
6.0659053763e+00   3.0813061374e-02
6.1441067449e+00   2.0890849999e-02
6.2223081134e+00   1.4506520532e-02
6.3005094819e+00   1.0512046685e-02
6.3787108504e+00   8.0618372513e-03
6.4569122190e+00   6.5712739866e-03
6.5351135875e+00   5.6576245350e-03
6.5352135875e+00   5.6566857981e-03
6.5362135875e+00   5.6473286428e-03
6.5462135875e+00   5.5567013912e-03
6.6244149560e+00   4.9990504505e-03
6.7026163245e+00   4.6252674025e-03
6.7808176931e+00   4.3581590973e-03
6.8590190616e+00   4.1550332957e-03
6.9372204301e+00   3.9927534707e-03
7.0154217986e+00   3.8588444623e-03
7.0936231672e+00   3.7464713332e-03
7.1718245357e+00   3.6517330904e-03
7.2500259042e+00   3.5722601989e-03
7.3282272727e+00   3.5065093970e-03
7.4064286413e+00   3.4534153233e-03
7.4846300098e+00   3.4122185805e-03
7.5628313783e+00   3.3823795690e-03
7.6410327468e+00   3.3635346461e-03
7.7192341153e+00   3.3554745431e-03
7.7974354839e+00   3.3581357630e-03
7.8756368524e+00   3.3716002428e-03
7.9538382209e+00   3.3961003964e-03
8.0320395894e+00   3.4320276038e-03
8.1102409580e+00   3.4799431654e-03
8.1884423265e+00   3.5405267538e-03
8.2666436950e+00   3.6148646030e-03
8.3448450635e+00   3.7040709974e-03
8.4230464321e+00   3.8095583036e-03
8.5012478006e+00   3.9330661013e-03
8.5794491691e+00   4.0767147452e-03
8.6576505376e+00   4.2430796595e-03
8.6577505376e+00   4.2433082109e-03
8.6587505376e+00   4.2455960453e-03
8.6687505376e+00   4.2687079427e-03
8.7469519062e+00   4.4648755534e-03
8.8251532747e+00   4.6912939456e-03
8.9033546432e+00   4.9527369020e-03
8.9815560117e+00   5.2550531125e-03
9.0597573803e+00   5.6054410672e-03
9.1379587488e+00   6.0128046259e-03
9.2161601173e+00   6.4882109651e-03
9.2943614858e+00   7.0454718561e-03
9.3725628543e+00   7.7018605030e-03
9.4507642229e+00   8.4789548535e-03
9.5289655914e+00   9.4035608479e-03
9.6071669599e+00   1.0508614826e-02
9.6853683284e+00   1.1833897177e-02
9.7635696970e+00   1.3426318829e-02
9.8417710655e+00   1.5339483342e-02
9.9199724340e+00   1.7826545085e-02
9.9981738025e+00   2.0910279663e-02
1.0076375171e+01   2.4760916954e-02
1.0154576540e+01   2.9598596566e-02
1.0232777908e+01   3.5700838338e-02
1.0310979277e+01   4.3414486740e-02
1.0389180645e+01   5.3160026495e-02
1.0389280645e+01   5.3174007275e-02
1.0390280645e+01   5.3314042102e-02
1.0400280645e+01   5.4737315113e-02
1.0478482014e+01   6.7418929887e-02
1.0556683382e+01   8.3230763772e-02
1.0634884751e+01   1.0266675662e-01
1.0713086119e+01   1.2605774941e-01
1.0791287488e+01   1.5337903243e-01
1.0869488856e+01   1.8400067029e-01
1.0947690225e+01   2.1643108354e-01
1.1025891593e+01   2.4816164364e-01
1.1104092962e+01   2.7576501523e-01
1.1182294330e+01   2.9537932049e-01
1.1260495699e+01   3.0357918262e-01
1.1338697067e+01   2.9837891683e-01
1.1416898436e+01   2.7977340023e-01
1.1495099804e+01   2.5017821124e-01
1.1573301173e+01   2.1352673091e-01
1.1651502542e+01   1.7428778443e-01
1.1729703910e+01   1.3644208350e-01
1.1807905279e+01   1.0282882115e-01
1.1808005279e+01   1.0278933069e-01
1.1809005279e+01   1.0239495174e-01
1.1819005279e+01   9.8504061094e-02
1.1897206647e+01   7.1499520473e-02
1.1975408016e+01   5.0558471910e-02
1.2053609384e+01   3.5132111676e-02
1.2131810753e+01   2.4277067742e-02
1.2210012121e+01   1.6942697515e-02
1.2288213490e+01   1.2156406672e-02
1.2366414858e+01   9.1163618058e-03
1.2444616227e+01   7.2160967096e-03
1.2522817595e+01   6.0278382701e-03
1.2601018964e+01   5.2669714381e-03
1.2679220332e+01   4.7531263478e-03
1.2757421701e+01   4.3764765217e-03
1.2835623069e+01   4.0723571259e-03
1.2913824438e+01   3.8037546855e-03
1.2992025806e+01   3.5495069551e-03
1.3070227175e+01   3.2957753845e-03
1.3148428543e+01   3.0289873641e-03
1.3226629912e+01   2.7294922552e-03
1.3304831281e+01   3.1124758236e-03
1.3383032649e+01   3.2225941091e-03
1.3461234018e+01   3.2348419878e-03
1.3539435386e+01   3.2171865105e-03
1.3617636755e+01   3.1952314531e-03
1.3695838123e+01   3.1783173921e-03
1.3774039492e+01   3.1697540120e-03
1.3852240860e+01   3.1707310630e-03
1.3930442229e+01   3.1817819018e-03
1.3930542229e+01   3.1817862529e-03
1.3931542229e+01   3.1818319772e-03
1.3941542229e+01   3.1825049114e-03
1.4019743597e+01   3.1991404121e-03
1.4097944966e+01   3.2317698938e-03
1.4176146334e+01   3.2780179870e-03
1.4254347703e+01   3.3376088866e-03
1.4332549071e+01   3.4111629991e-03
1.4410750440e+01   3.4997966296e-03
1.4488951808e+01   3.6050126448e-03
1.4567153177e+01   3.7287034409e-03
1.4645354545e+01   3.8732057559e-03
1.4723555914e+01   4.0413891307e-03
1.4801757283e+01   4.2367752842e-03
1.4879958651e+01   4.4636913479e-03
1.4958160020e+01   4.7274614123e-03
1.5036361388e+01   5.0346395988e-03
1.5114562757e+01   5.3943621681e-03
1.5192764125e+01   5.8165164759e-03
1.5270965494e+01   6.3145313784e-03
1.5349166862e+01   6.9055575629e-03
1.5427368231e+01   7.6117326230e-03
1.5427468231e+01   7.6127213176e-03
1.5428468231e+01   7.6226211618e-03
1.5438468231e+01   7.7229234985e-03
1.5516669599e+01   8.5967388304e-03
1.5594870968e+01   9.6587347455e-03
1.5673072336e+01   1.0961199871e-02
1.5751273705e+01   1.2574094662e-02
1.5829475073e+01   1.4591776327e-02
1.5907676442e+01   1.7142369354e-02
1.5985877810e+01   2.0400643798e-02
1.6064079179e+01   2.4605237423e-02
1.6142280547e+01   3.0080701550e-02
1.6220481916e+01   3.7263985626e-02
1.6298683284e+01   4.6733480969e-02
1.6376884653e+01   5.9236627385e-02
1.6455086022e+01   7.5709542379e-02
1.6533287390e+01   9.8122108788e-02
1.6611488759e+01   1.2771077118e-01
1.6689690127e+01   1.6615572499e-01
1.6767891496e+01   2.1482432908e-01
1.6846092864e+01   2.7405404309e-01
1.6846192864e+01   2.7413610234e-01
1.6847192864e+01   2.7495751123e-01
1.6857192864e+01   2.8325187160e-01
1.6935394233e+01   3.5224151455e-01
1.7013595601e+01   4.2409805171e-01
1.7091796970e+01   4.8963400755e-01
1.7169998338e+01   5.3722271964e-01
1.7248199707e+01   5.5611441273e-01
1.7326401075e+01   5.4056806036e-01
1.7404602444e+01   4.9146811334e-01
1.7465779464e+01   4.3066468289e-01
1.7525284981e+01   3.4548170906e-01
1.7581431934e+01   2.2059053249e-01
1.7659633303e+01   1.7010388108e-01
1.7737834671e+01   1.2664711106e-01
1.7816036040e+01   9.1514508138e-02
1.7894237408e+01   6.4572126100e-02
1.7972438777e+01   4.4831153996e-02
1.8050640145e+01   3.0935064537e-02
1.8050740145e+01   3.0920400028e-02
1.8051740145e+01   3.0774154060e-02
1.8061740145e+01   2.9351037199e-02
1.8139941514e+01   2.0414647874e-02
1.8218142882e+01   1.4546373376e-02
1.8296344251e+01   1.0785027660e-02
1.8374545619e+01   8.4136343437e-03
1.8452746988e+01   6.9270668756e-03
1.8530948356e+01   5.9868498220e-03
1.8609149725e+01   5.3762025320e-03
1.8687351093e+01   4.9618930046e-03
1.8765552462e+01   4.6650786489e-03
1.8843753830e+01   4.4407412008e-03
1.8921955199e+01   4.2641211734e-03
1.9000156568e+01   4.1222501687e-03
1.9078357936e+01   4.0088647978e-03
1.9156559305e+01   3.9213751502e-03
1.9234760673e+01   3.8589796861e-03
1.9312962042e+01   3.8213818289e-03
1.9391163410e+01   3.8078411710e-03
1.9469364779e+01   3.8164809175e-03
1.9547566147e+01   3.8438801072e-03
1.9625767516e+01   3.8850149576e-03
1.9703968884e+01   3.9335919404e-03
1.9782170253e+01   3.9827535337e-03
1.9860371621e+01   4.0260579049e-03
1.9938572990e+01   4.0585603876e-03
2.0016774358e+01   3.7769363650e-03
2.0094975727e+01   3.6925427456e-03
2.0173177095e+01   3.6940497458e-03
2.0251378464e+01   3.7379599714e-03
2.0329579832e+01   3.8076144891e-03
2.0407781201e+01   3.8971073210e-03
2.0485982569e+01   4.0049758397e-03
2.0564183938e+01   4.1317337826e-03
2.0642385307e+01   4.2789244422e-03
2.0720586675e+01   4.4487848907e-03
2.0798788044e+01   4.6441655235e-03
2.0876989412e+01   4.8685669240e-03
2.0955190781e+01   5.1262427247e-03
2.0955290781e+01   5.1265956247e-03
2.0956290781e+01   5.1301280759e-03
2.0966290781e+01   5.1658001109e-03
2.1044492149e+01   5.4678449705e-03
2.1122693518e+01   5.8155877784e-03
2.1200894886e+01   6.2168899498e-03
2.1279096255e+01   6.6813739424e-03
2.1357297623e+01   7.2208643454e-03
2.1435498992e+01   7.8499470594e-03
2.1513700360e+01   8.5866696039e-03
2.1591901729e+01   9.4533955066e-03
2.1670103097e+01   1.0477798855e-02
2.1748304466e+01   1.1693935358e-02
2.1826505834e+01   1.3143251829e-02
2.1904707203e+01   1.4875302371e-02
2.1982908571e+01   1.6947841372e-02
2.2061109940e+01   1.9425884471e-02
2.2139311308e+01   2.2379298605e-02
2.2217512677e+01   2.5878531335e-02
2.2295714046e+01   2.9988240906e-02
2.2373915414e+01   3.5521552961e-02
2.2452116783e+01   4.2227686256e-02
2.2530318151e+01   5.0310162215e-02
2.2608519520e+01   5.9959352822e-02
2.2686720888e+01   7.1316476645e-02
2.2764922257e+01   8.4420134443e-02
2.2843123625e+01   9.9135814147e-02
2.2921324994e+01   1.1507580802e-01
2.2999526362e+01   1.3152774420e-01
2.2999626362e+01   1.3154869965e-01
2.3000626362e+01   1.3175820601e-01
2.3010626362e+01   1.3384790949e-01
2.3088827731e+01   1.4956421747e-01
2.3167029099e+01   1.6312474390e-01
2.3245230468e+01   1.7297721948e-01
2.3323431836e+01   1.7770545464e-01
2.3401633205e+01   1.7634716026e-01
2.3479834573e+01   1.6866261763e-01
2.3558035942e+01   1.5524999525e-01
2.3636237310e+01   1.3744766768e-01
2.3714438679e+01   1.1704454089e-01
2.3792640047e+01   9.5905214931e-02
2.3870841416e+01   7.5679124433e-02
2.3949042785e+01   5.7738610328e-02
2.4027244153e+01   4.3220549687e-02
2.4105445522e+01   3.1712235856e-02
2.4183646890e+01   2.3045232568e-02
2.4261848259e+01   1.6799021817e-02
2.4340049627e+01   1.2466906146e-02
2.4418250996e+01   9.5547879015e-03
2.4496452364e+01   7.6393656226e-03
2.4496552364e+01   7.6373693844e-03
2.4497552364e+01   7.6174667427e-03
2.4507552364e+01   7.4242943928e-03
2.4585753733e+01   6.2259267542e-03
2.4663955101e+01   5.4322831560e-03
2.4742156470e+01   4.8901820932e-03
2.4820357838e+01   4.5027651710e-03
2.4898559207e+01   4.2115070518e-03
2.4976760575e+01   3.9822035613e-03
2.5054961944e+01   3.7952127652e-03
2.5133163312e+01   3.6392316024e-03
2.5211364681e+01   3.5076041905e-03
2.5289566049e+01   3.3962537525e-03
2.5367767418e+01   3.3025638972e-03
2.5445968786e+01   3.2247702183e-03
2.5524170155e+01   3.1616068407e-03
2.5602371524e+01   3.1120777135e-03
2.5680572892e+01   3.0752995233e-03
2.5758774261e+01   3.0504047473e-03
2.5836975629e+01   3.0188409560e-03
2.5915176998e+01   3.0061415076e-03
2.5993378366e+01   3.0067752262e-03
2.6071579735e+01   3.0189674290e-03
2.6149781103e+01   3.0423492499e-03
2.6227982472e+01   3.0771310907e-03
2.6306183840e+01   3.1238571636e-03
2.6306283840e+01   3.1239248213e-03
2.6307283840e+01   3.1246025484e-03
2.6317283840e+01   3.1314951497e-03
2.6395485209e+01   3.1928308859e-03
2.6473686577e+01   3.2681360063e-03
2.6551887946e+01   3.3587628479e-03
2.6630089314e+01   3.4664085803e-03
2.6708290683e+01   3.5931783779e-03
2.6786492051e+01   3.7416740677e-03
2.6864693420e+01   3.9151118893e-03
2.6942894788e+01   4.1174767935e-03
2.7021096157e+01   4.3537231984e-03
2.7099297525e+01   4.6300334568e-03
2.7177498894e+01   4.9541446784e-03
2.7255700263e+01   5.3357506346e-03
2.7333901631e+01   5.7889689522e-03
2.7412103000e+01   6.3291480276e-03
2.7490304368e+01   6.9778722240e-03
2.7568505737e+01   7.7635985669e-03
2.7646707105e+01   8.7242735709e-03
2.7646807105e+01   8.7256351685e-03
2.7647807105e+01   8.7392713824e-03
2.7657807105e+01   8.8776826996e-03
2.7736008474e+01   1.0102614876e-02
2.7814209842e+01   1.1635660998e-02
2.7892411211e+01   1.3578027518e-02
2.7970612579e+01   1.6071161423e-02
2.8048813948e+01   1.9314755236e-02
2.8127015316e+01   2.3593114965e-02
2.8205216685e+01   2.9313279647e-02
2.8283418053e+01   3.7058736750e-02
2.8361619422e+01   4.7662126940e-02
2.8439820790e+01   6.2298191424e-02
2.8518022159e+01   8.2593528471e-02
2.8596223527e+01   1.1074174904e-01
2.8674424896e+01   1.5038999124e-01
2.8752626264e+01   2.0489884416e-01
2.8830827633e+01   2.7802230308e-01
2.8909029002e+01   3.7216667983e-01
2.8909129002e+01   3.7230051078e-01
2.8910129002e+01   3.7364062793e-01
2.8920129002e+01   3.8722061367e-01
2.8998330370e+01   5.0313377413e-01
2.9076531739e+01   6.2770912313e-01
2.9154733107e+01   7.4120221833e-01
2.9232934476e+01   8.1746497820e-01
2.9311135844e+01   8.3383839654e-01
2.9371947539e+01   7.9894196439e-01
2.9424937292e+01   7.3352256893e-01
2.9469987848e+01   6.4446269580e-01
2.9511684853e+01   5.1159517192e-01
2.9551150876e+01   2.9658063324e-01
2.9629352245e+01   2.2972509605e-01
2.9707553613e+01   1.7202148229e-01
2.9785754982e+01   1.2524069041e-01
2.9863956350e+01   8.9177872793e-02
2.9942157719e+01   6.2509908342e-02
2.9942257719e+01   6.2481058561e-02
2.9943257719e+01   6.2193246220e-02
2.9953257719e+01   5.9382883084e-02
3.0031459087e+01   4.1263609013e-02
3.0109660456e+01   2.8762028223e-02
3.0187861824e+01   2.0355262694e-02
3.0266063193e+01   1.4823580718e-02
3.0344264561e+01   1.1245182897e-02
3.0422465930e+01   8.9552055455e-03
3.0500667298e+01   7.4929605182e-03
3.0578868667e+01   6.5505285415e-03
3.0657070036e+01   5.9288178027e-03
3.0735271404e+01   5.5030280234e-03
3.0813472773e+01   5.1971818870e-03
3.0891674141e+01   4.9663161555e-03
3.0969875510e+01   4.7845910134e-03
3.1048076878e+01   4.6376549950e-03
3.1126278247e+01   4.5178788161e-03
3.1204479615e+01   4.4214091222e-03
3.1282680984e+01   4.3463158823e-03
3.1360882352e+01   4.2913781943e-03
3.1439083721e+01   4.2552600782e-03
3.1517285089e+01   4.2359704584e-03
3.1595486458e+01   4.2305855993e-03
3.1673687826e+01   4.2352459487e-03
3.1751889195e+01   4.2454327973e-03
3.1830090563e+01   4.2564957667e-03
3.1908291932e+01   4.2643544707e-03
3.1986493300e+01   4.2662524867e-03
3.2064694669e+01   4.2614139074e-03
3.2142896037e+01   4.2514535377e-03
3.2221097406e+01   4.2404264951e-03
3.2299298775e+01   4.2344688622e-03
3.2377500143e+01   4.2410671721e-03
3.2455701512e+01   4.2680830664e-03
3.2533902880e+01   4.3227289270e-03
3.2612104249e+01   4.4107199566e-03
3.2690305617e+01   4.5358032058e-03
3.2768506986e+01   4.6997800055e-03
3.2846708354e+01   4.9030041553e-03
3.2924909723e+01   5.1451770101e-03
3.3003111091e+01   5.4261067012e-03
3.3081312460e+01   5.6462050667e-03
3.3159513828e+01   5.9072874213e-03
3.3237715197e+01   6.2086905588e-03
3.3315916565e+01   6.5525776220e-03
3.3394117934e+01   6.9429586914e-03
3.3472319302e+01   7.3852617268e-03
3.3550520671e+01   7.8861774456e-03
3.3628722039e+01   8.4536423268e-03
3.3706923408e+01   9.0968887519e-03
3.3785124776e+01   9.8265195225e-03
3.3863326145e+01   1.0654573919e-02
3.3941527514e+01   1.1594551865e-02
3.4019728882e+01   1.2661354978e-02
3.4097930251e+01   1.3871090805e-02
3.4176131619e+01   1.5240670876e-02
3.4254332988e+01   1.6787114628e-02
3.4332534356e+01   1.8526453552e-02
3.4410735725e+01   2.0472119186e-02
3.4488937093e+01   2.2632703634e-02
3.4567138462e+01   2.5009015109e-02
3.4645339830e+01   2.7590429874e-02
3.4723541199e+01   3.0350682621e-02
3.4801742567e+01   3.3243450318e-02
3.4879943936e+01   3.6198363774e-02
3.4958145304e+01   3.9118389891e-02
3.5036346673e+01   4.1879785788e-02
3.5114548041e+01   4.4335904515e-02
3.5192749410e+01   4.6325879739e-02
3.5270950778e+01   4.7688521073e-02
3.5349152147e+01   4.8280602426e-02
3.5427353515e+01   4.7997295684e-02
3.5505554884e+01   4.6791188210e-02
3.5583756253e+01   4.4685654408e-02
3.5661957621e+01   4.1778786311e-02
3.5740158990e+01   3.8235768874e-02
3.5818360358e+01   3.4270190754e-02
3.5896561727e+01   3.0117525982e-02
3.5974763095e+01   2.6006011994e-02
3.6052964464e+01   2.2130700208e-02
3.6131165832e+01   1.8635399511e-02
3.6209367201e+01   1.5604981284e-02
3.6287568569e+01   1.3067866169e-02
3.6365769938e+01   1.1006302319e-02
3.6443971306e+01   9.3708171152e-03
3.6522172675e+01   8.0952013512e-03
3.6600374043e+01   7.1092244691e-03
3.6678575412e+01   6.3475866481e-03
3.6756776780e+01   5.7548857927e-03
3.6834978149e+01   5.2872661069e-03
3.6913179517e+01   4.9118223420e-03
3.6991380886e+01   4.6048314794e-03
3.7069582254e+01   4.3496366384e-03
3.7147783623e+01   4.1346873402e-03
3.7225984992e+01   3.9519193832e-03
3.7304186360e+01   3.7956164941e-03
3.7382387729e+01   3.6617082107e-03
3.7460589097e+01   3.5471573846e-03
3.7538790466e+01   3.4496437199e-03
3.7616991834e+01   3.3674642600e-03
3.7695193203e+01   3.2993459444e-03
3.7773394571e+01   3.2440660952e-03
3.7851595940e+01   3.2007368101e-03
3.7929797308e+01   3.1687168445e-03
3.8007998677e+01   3.1475627371e-03
3.8086200045e+01   3.1370052592e-03
3.8164401414e+01   3.1369407180e-03
3.8242602782e+01   3.1474290133e-03
3.8320804151e+01   3.1686960569e-03
3.8399005519e+01   3.2011397660e-03
3.8477206888e+01   3.2453399023e-03
3.8555408256e+01   3.3020727570e-03
3.8633609625e+01   3.3723322375e-03
3.8711810993e+01   3.4573593659e-03
3.8790012362e+01   3.5586827156e-03
3.8868213731e+01   3.6781729060e-03
3.8946415099e+01   3.8181150025e-03
3.9024616468e+01   3.9813036742e-03
3.9102817836e+01   4.1711674632e-03
3.9102917836e+01   4.1714289637e-03
3.9103917836e+01   4.1740467500e-03
3.9113917836e+01   4.2005047638e-03
3.9192119205e+01   4.4260339765e-03
3.9270320573e+01   4.6885564844e-03
3.9348521942e+01   4.9947781659e-03
3.9426723310e+01   5.3531339767e-03
3.9504924679e+01   5.7742869271e-03
3.9583126047e+01   6.2718073595e-03
3.9661327416e+01   6.8630844492e-03
3.9739528784e+01   7.5705255733e-03
3.9817730153e+01   8.4230834357e-03
3.9895931521e+01   9.4581056469e-03
3.9974132890e+01   1.0723419166e-02
4.0052334258e+01   1.2279441729e-02
4.0130535627e+01   1.4200963765e-02
4.0208736995e+01   1.6712533478e-02
4.0286938364e+01   1.9923409195e-02
4.0365139732e+01   2.4076706112e-02
4.0443341101e+01   2.9507986478e-02
4.0521542470e+01   3.6680685649e-02
4.0521642470e+01   3.6691233022e-02
4.0522642470e+01   3.6796919740e-02
4.0532642470e+01   3.7875404410e-02
4.0610843838e+01   4.7840247691e-02
4.0689045207e+01   6.1202625187e-02
4.0767246575e+01   7.9162431551e-02
4.0845447944e+01   1.0324790559e-01
4.0923649312e+01   1.3528211044e-01
4.1001850681e+01   1.7719904298e-01
4.1080052049e+01   2.3058864769e-01
4.1158253418e+01   2.9584622929e-01
4.1236454786e+01   3.7091380121e-01
4.1314656155e+01   4.4994355016e-01
4.1392857523e+01   5.2270096754e-01
4.1471058892e+01   5.7593515507e-01
4.1471158892e+01   5.7598501180e-01
4.1472158892e+01   5.7648065710e-01
4.1482158892e+01   5.8114047593e-01
4.1560360260e+01   5.9720616144e-01
4.1638561629e+01   5.7467794151e-01
4.1716762997e+01   5.1756944884e-01
4.1794964366e+01   4.3755815956e-01
4.1873165734e+01   3.4913277808e-01
4.1951367103e+01   2.6470237165e-01
4.2029568471e+01   1.9194078738e-01
4.2107769840e+01   1.3431152856e-01
4.2185971209e+01   9.1294786739e-02
4.2264172577e+01   6.0780047641e-02
4.2342373946e+01   4.0040166536e-02
4.2420575314e+01   2.6451446625e-02
4.2420675314e+01   2.6437667492e-02
4.2421675314e+01   2.6300317308e-02
4.2431675314e+01   2.4970117772e-02
4.2509876683e+01   1.6906513368e-02
4.2588078051e+01   1.1937109515e-02
4.2666279420e+01   8.9314984304e-03
4.2744480788e+01   7.1303391860e-03
4.2822682157e+01   6.0462671389e-03
4.2900883525e+01   5.3790433573e-03
4.2979084894e+01   4.9504925566e-03
4.3057286262e+01   4.6584006693e-03
4.3135487631e+01   4.4458634027e-03
4.3213688999e+01   4.2819958479e-03
4.3291890368e+01   4.1503664275e-03
4.3370091736e+01   4.0423471789e-03
4.3448293105e+01   3.9534145155e-03
4.3526494473e+01   3.8811297484e-03
4.3604695842e+01   3.8240365141e-03
4.3682897210e+01   3.7810513999e-03
4.3761098579e+01   3.7267377901e-03
4.3839299948e+01   3.6924089994e-03
4.3917501316e+01   3.6726520903e-03
4.3995702685e+01   3.6651655553e-03
4.4073904053e+01   3.6690349156e-03
4.4152105422e+01   3.6839979596e-03
4.4230306790e+01   3.7101384279e-03
4.4308508159e+01   3.7477632328e-03
4.4386709527e+01   3.7973584607e-03
4.4464910896e+01   3.8595802492e-03
4.4465010896e+01   3.8596681774e-03
4.4466010896e+01   3.8605486729e-03
4.4476010896e+01   3.8694754343e-03
4.4554212264e+01   3.9471264644e-03
4.4632413633e+01   4.0394507973e-03
4.4710615001e+01   4.1477208991e-03
4.4788816370e+01   4.2734770310e-03
4.4867017738e+01   4.4185665752e-03
4.4945219107e+01   4.5851960677e-03
4.5023420475e+01   4.7759967169e-03
4.5101621844e+01   4.9941053925e-03
4.5179823212e+01   5.2432635180e-03
4.5258024581e+01   5.5279359512e-03
4.5336225949e+01   5.8534504593e-03
4.5414427318e+01   6.2261552849e-03
4.5492628687e+01   6.6542908464e-03
4.5570830055e+01   7.1468220388e-03
4.5649031424e+01   7.7150828634e-03
4.5727232792e+01   8.3727937449e-03
4.5805434161e+01   9.1365965312e-03
4.5883635529e+01   1.0026694988e-02
4.5961836898e+01   1.1067611876e-02
4.6040038266e+01   1.2289130721e-02
4.6118239635e+01   1.3727354448e-02
4.6196441003e+01   1.5425500000e-02
4.6274642372e+01   1.7435068367e-02
4.6352843740e+01   1.9816667658e-02
4.6431045109e+01   2.2640345103e-02
4.6509246477e+01   2.5984980578e-02
4.6587447846e+01   2.9936091125e-02
4.6665649214e+01   3.4581157833e-02
4.6743850583e+01   4.0001014864e-02
4.6743950583e+01   4.0008484987e-02
4.6744950583e+01   4.0083262054e-02
4.6754950583e+01   4.0838635993e-02
4.6833151951e+01   4.7230019154e-02
4.6911353320e+01   5.4484403165e-02
4.6989554688e+01   6.2551858063e-02
4.7067756057e+01   7.1286178317e-02
4.7145957426e+01   8.0416132215e-02
4.7224158794e+01   8.9525404738e-02
4.7302360163e+01   9.8052167472e-02
4.7380561531e+01   1.0531971536e-01
4.7458762900e+01   1.1060547466e-01
4.7536964268e+01   1.1324571836e-01
4.7615165637e+01   1.1275902466e-01
4.7693367005e+01   1.0895719111e-01
4.7771568374e+01   1.0200078642e-01
4.7849769742e+01   9.2338805226e-02
4.7927971111e+01   8.0415965371e-02
4.8006172479e+01   6.8351685388e-02
4.8084373848e+01   5.6353903377e-02
4.8162575216e+01   4.5189094078e-02
4.8240776585e+01   3.5390640907e-02
4.8318977953e+01   2.7233481607e-02
4.8397179322e+01   2.0759944932e-02
4.8475380690e+01   1.5838477204e-02
4.8475480690e+01   1.5833082551e-02
4.8476480690e+01   1.5779254610e-02
4.8486480690e+01   1.5252718639e-02
4.8564682059e+01   1.1812218730e-02
4.8642883428e+01   9.3758337325e-03
4.8721084796e+01   7.6835501078e-03
4.8799286165e+01   6.5162674688e-03
4.8877487533e+01   5.7049607745e-03
4.8955688902e+01   5.1283238298e-03
4.9033890270e+01   4.7044396235e-03
4.9112091639e+01   4.3808257940e-03
4.9190293007e+01   4.1255063726e-03
4.9268494376e+01   3.9202251939e-03
4.9346695744e+01   3.7558494557e-03
4.9424897113e+01   3.6294449076e-03
4.9503098481e+01   3.5423271360e-03
4.9581299850e+01   3.4984662266e-03
4.9659501218e+01   3.5028292948e-03
4.9737702587e+01   3.5595054725e-03
4.9815903955e+01   3.2546403466e-03
4.9894105324e+01   3.1193065138e-03
4.9972306692e+01   3.0514241026e-03
5.0050508061e+01   3.0140750546e-03
5.0128709429e+01   2.9941129508e-03
5.0206910798e+01   2.9869316963e-03
5.0285112167e+01   2.9910006825e-03
5.0285212167e+01   2.9910116025e-03
5.0286212167e+01   2.9911218810e-03
5.0296212167e+01   2.9923319924e-03
5.0374413535e+01   3.0083528177e-03
5.0452614904e+01   3.0358029064e-03
5.0530816272e+01   3.0748908078e-03
5.0609017641e+01   3.1262072378e-03
5.0687219009e+01   3.1906237136e-03
5.0765420378e+01   3.2692838057e-03
5.0843621746e+01   3.3636331773e-03
5.0921823115e+01   3.4754726203e-03
5.1000024483e+01   3.6070317027e-03
5.1078225852e+01   3.7610659371e-03
5.1156427220e+01   3.9409829999e-03
5.1234628589e+01   4.1510050313e-03
5.1312829957e+01   4.3965019074e-03
5.1391031326e+01   4.6840470127e-03
5.1469232694e+01   5.0220455450e-03
5.1547434063e+01   5.4212048832e-03
5.1625635431e+01   5.8952914827e-03
5.1625735431e+01   5.8959529836e-03
5.1626735431e+01   5.9025763100e-03
5.1636735431e+01   5.9696500630e-03
5.1714936800e+01   6.5516408566e-03
5.1793138168e+01   7.2538884466e-03
5.1871339537e+01   8.1088881774e-03
5.1949540906e+01   9.1603089053e-03
5.2027742274e+01   1.0467515866e-02
5.2105943643e+01   1.2112105402e-02
5.2184145011e+01   1.4207275665e-02
5.2262346380e+01   1.6910981850e-02
5.2340547748e+01   2.0443752689e-02
5.2418749117e+01   2.5111636133e-02
5.2496950485e+01   3.1333885827e-02
5.2575151854e+01   3.9673667668e-02
5.2653353222e+01   5.1542271369e-02
5.2731554591e+01   6.8096636812e-02
5.2809755959e+01   9.1332810135e-02
5.2887957328e+01   1.2398768982e-01
5.2966158696e+01   1.6961070485e-01
5.2966258696e+01   1.6967911287e-01
5.2967258696e+01   1.7036473680e-01
5.2977258696e+01   1.7737719897e-01
5.3055460065e+01   2.4292136378e-01
5.3133661433e+01   3.2998374074e-01
5.3211862802e+01   4.3980608890e-01
5.3290064170e+01   5.6765264608e-01
5.3368265539e+01   6.9912699323e-01
5.3446466907e+01   8.0943314904e-01
5.3446566907e+01   8.0954800296e-01
5.3447566907e+01   8.1069196176e-01
5.3457566907e+01   8.2166169318e-01
5.3528571360e+01   8.7098793918e-01
5.3606364628e+01   8.5805621498e-01
5.3682249616e+01   7.8012289087e-01
5.3757626535e+01   6.5882749872e-01
5.3835827903e+01   5.1582493186e-01
5.3835927903e+01   5.1564269024e-01
5.3836927903e+01   5.1382107754e-01
5.3846927903e+01   4.9569387640e-01
5.3919400376e+01   3.7207829922e-01
5.3997601744e+01   2.6106585303e-01
5.4075803113e+01   1.7666769951e-01
5.4154004482e+01   1.1642580153e-01
5.4232205850e+01   7.5424732881e-02
5.4310407219e+01   4.8539290164e-02
5.4388608587e+01   3.1432291442e-02
5.4466809956e+01   2.0813848472e-02
5.4545011324e+01   1.4355047112e-02
5.4623212693e+01   1.0486502686e-02
5.4701414061e+01   8.1906967059e-03
5.4779615430e+01   6.8290128335e-03
5.4857816798e+01   6.0120104100e-03
5.4936018167e+01   5.5083474421e-03
5.5014219535e+01   5.1838756157e-03
5.5092420904e+01   4.9624948713e-03
5.5170622272e+01   4.8018753370e-03
5.5248823641e+01   4.6788452338e-03
5.5327025009e+01   4.5808617838e-03
5.5405226378e+01   4.5011661440e-03
5.5483427746e+01   4.4360999152e-03
5.5561629115e+01   4.3836537654e-03
5.5639830483e+01   4.3426994468e-03
5.5718031852e+01   4.3125915100e-03
5.5796233221e+01   4.2929646046e-03
5.5874434589e+01   4.2836322616e-03
5.5952635958e+01   4.2845375109e-03
5.6030837326e+01   4.2957297209e-03
5.6109038695e+01   4.3173547356e-03
5.6187240063e+01   4.3496519478e-03
5.6265441432e+01   4.3929552859e-03
5.6343642800e+01   4.4476967656e-03
5.6421844169e+01   4.5144120916e-03
5.6500045537e+01   4.5937481916e-03
5.6578246906e+01   4.6864727531e-03
5.6656448274e+01   4.7934858978e-03
5.6734649643e+01   4.9158341407e-03
5.6812851011e+01   5.0547267393e-03
5.6891052380e+01   5.2115544703e-03
5.6969253748e+01   5.3879107751e-03
5.7047455117e+01   5.5856151062e-03
5.7125656485e+01   5.8067381894e-03
5.7203857854e+01   6.0536287615e-03
5.7282059222e+01   6.3289411204e-03
5.7360260591e+01   6.6356624715e-03
5.7438461960e+01   6.9771385326e-03
5.7516663328e+01   7.3570951079e-03
5.7594864697e+01   7.7796522798e-03
5.7673066065e+01   8.2493264473e-03
5.7751267434e+01   8.7710135715e-03
5.7829468802e+01   9.3499446458e-03
5.7907670171e+01   9.9916015875e-03
5.7985871539e+01   1.0701578550e-02
5.8064072908e+01   1.1485370461e-02
5.8142274276e+01   1.2348067613e-02
5.8220475645e+01   1.3293933261e-02
5.8298677013e+01   1.4325840823e-02
5.8376878382e+01   1.5444552429e-02
5.8455079750e+01   1.6647831646e-02
5.8533281119e+01   1.7929401872e-02
5.8611482487e+01   1.9277792008e-02
5.8689683856e+01   2.0675153399e-02
5.8767885224e+01   2.2096185229e-02
5.8846086593e+01   2.3507364239e-02
5.8924287961e+01   2.4866727743e-02
5.9002489330e+01   2.6124489036e-02
5.9080690699e+01   2.7224748856e-02
5.9158892067e+01   2.8108482789e-02
5.9237093436e+01   2.8717817474e-02
5.9315294804e+01   2.9001362230e-02
5.9393496173e+01   2.8920070002e-02
5.9471697541e+01   2.8452826694e-02
5.9549898910e+01   2.7600797750e-02
5.9628100278e+01   2.6389579765e-02
5.9706301647e+01   2.4868463542e-02
5.9784503015e+01   2.3106592844e-02
5.9862704384e+01   2.1186410573e-02
5.9940905752e+01   1.9195363328e-02
6.0019107121e+01   1.7217219903e-02
6.0097308489e+01   1.5324433871e-02
6.0175509858e+01   1.3572714427e-02
6.0253711226e+01   1.1998447410e-02
6.0331912595e+01   1.0618981525e-02
6.0410113963e+01   9.4352387264e-03
6.0488315332e+01   8.4357618946e-03
6.0566516701e+01   7.6012307919e-03
6.0644718069e+01   6.9086272968e-03
6.0722919438e+01   6.3345223286e-03
6.0801120806e+01   5.8572793264e-03
6.0879322175e+01   5.4582334869e-03
6.0957523543e+01   5.1220663210e-03
6.1035724912e+01   4.8366496266e-03
6.1113926280e+01   4.5926093964e-03
6.1192127649e+01   4.3827962718e-03
6.1270329017e+01   4.2017774433e-03
6.1348530386e+01   4.0454053411e-03
6.1426731754e+01   3.9104784107e-03
6.1504933123e+01   3.7944874521e-03
6.1583134491e+01   3.6954317960e-03
6.1661335860e+01   3.6117750028e-03
6.1739537228e+01   3.5423155656e-03
6.1817738597e+01   3.4853900374e-03
6.1895939965e+01   3.4404773280e-03
6.1896039965e+01   3.4404201440e-03
6.1897039965e+01   3.4398497305e-03
6.1907039965e+01   3.4342863559e-03
6.1985241334e+01   3.3988477367e-03
6.2063442702e+01   3.3760675795e-03
6.2141644071e+01   3.3647271863e-03
6.2219845440e+01   3.3643585188e-03
6.2298046808e+01   3.3748709420e-03
6.2376248177e+01   3.3964076004e-03
6.2454449545e+01   3.4292950115e-03
6.2532650914e+01   3.4740316668e-03
6.2610852282e+01   3.5312947580e-03
6.2689053651e+01   3.6019574828e-03
6.2767255019e+01   3.6871147705e-03
6.2845456388e+01   3.7881175672e-03
6.2923657756e+01   3.9066169963e-03
6.3001859125e+01   4.0446204818e-03
6.3080060493e+01   4.2045625492e-03
6.3158261862e+01   4.3893934822e-03
6.3236463230e+01   4.6027228954e-03
6.3314664599e+01   4.8489055017e-03
6.3392865967e+01   5.1332858515e-03
6.3471067336e+01   5.4624227555e-03
6.3549268704e+01   5.8444045916e-03
6.3627470073e+01   6.2892586080e-03
6.3705671441e+01   6.8094882097e-03
6.3705771441e+01   6.8102081588e-03
6.3706771441e+01   6.8174158182e-03
6.3716771441e+01   6.8903168430e-03
6.3794972810e+01   7.5161618727e-03
6.3873174179e+01   8.2561233197e-03
6.3951375547e+01   9.1362325055e-03
6.4029576916e+01   1.0189740565e-02
6.4107778284e+01   1.1459338761e-02
6.4185979653e+01   1.3000065040e-02
6.4264181021e+01   1.4883042386e-02
6.4342382390e+01   1.7200127037e-02
6.4420583758e+01   2.0069370714e-02
6.4498785127e+01   2.3640886945e-02
6.4576986495e+01   2.8102253896e-02
6.4655187864e+01   3.3682030958e-02
6.4733389232e+01   4.0649418034e-02
6.4811590601e+01   4.9307701281e-02
6.4889791969e+01   5.9979090244e-02
6.4967993338e+01   7.3916177528e-02
6.5046194706e+01   9.1130034821e-02
6.5124396075e+01   1.1201741746e-01
6.5202597443e+01   1.3672378818e-01
6.5280798812e+01   1.6492936610e-01
6.5359000180e+01   1.9560282307e-01
6.5437201549e+01   2.2679841586e-01
6.5437301549e+01   2.2683749953e-01
6.5438301549e+01   2.2722812689e-01
6.5448301549e+01   2.3111203015e-01
6.5526502918e+01   2.5932260463e-01
6.5604704286e+01   2.8107517360e-01
6.5682905655e+01   2.9286499069e-01
6.5761107023e+01   2.9222396083e-01
6.5839308392e+01   2.7853102407e-01
6.5917509760e+01   2.5331635215e-01
6.5995711129e+01   2.1987713456e-01
6.6073912497e+01   1.8237162243e-01
6.6152113866e+01   1.4483920087e-01
6.6230315234e+01   1.1058973957e-01
6.6308516603e+01   8.1843548501e-02
6.6386717971e+01   5.8437685942e-02
6.6464919340e+01   4.0997120277e-02
6.6543120708e+01   2.8433329195e-02
6.6621322077e+01   1.9767955418e-02
6.6699523445e+01   1.4015683374e-02
6.6777724814e+01   1.0317373923e-02
6.6855926182e+01   7.9950412085e-03
6.6856026182e+01   7.9926653147e-03
6.6857026182e+01   7.9689854588e-03
6.6867026182e+01   7.7399208216e-03
6.6945227551e+01   6.3550281041e-03
6.7023428919e+01   5.4824012403e-03
6.7101630288e+01   4.9147206256e-03
6.7179831657e+01   4.5261958374e-03
6.7258033025e+01   4.2437319982e-03
6.7336234394e+01   4.0262642813e-03
6.7414435762e+01   3.8511939304e-03
6.7492637131e+01   3.7061171284e-03
6.7570838499e+01   3.5840892508e-03
6.7649039868e+01   3.4810521955e-03
6.7727241236e+01   3.3944892029e-03
6.7805442605e+01   3.3227313550e-03
6.7883643973e+01   3.2645916761e-03
6.7961845342e+01   3.2191606778e-03
6.8040046710e+01   3.1856877099e-03
6.8118248079e+01   3.1635190725e-03
6.8196449447e+01   3.1520832958e-03
6.8274650816e+01   3.1509175763e-03
6.8352852184e+01   3.1496747025e-03
6.8431053553e+01   3.1649559873e-03
6.8509254921e+01   3.1934059843e-03
6.8587456290e+01   3.2342246432e-03
6.8665657658e+01   3.2876378196e-03
6.8743859027e+01   3.3543757349e-03
6.8822060396e+01   3.4355122178e-03
6.8822160396e+01   3.4356257373e-03
6.8823160396e+01   3.4367623517e-03
6.8833160396e+01   3.4482710799e-03
6.8911361764e+01   3.5475665594e-03
6.8989563133e+01   3.6646667193e-03
6.9067764501e+01   3.8017711437e-03
6.9145965870e+01   3.9615834676e-03
6.9224167238e+01   4.1474263123e-03
6.9302368607e+01   4.3633924730e-03
6.9380569975e+01   4.6145422366e-03
6.9458771344e+01   4.9071594369e-03
6.9536972712e+01   5.2490799704e-03
6.9615174081e+01   5.6501045357e-03
6.9693375449e+01   6.1225003424e-03
6.9771576818e+01   6.6815824118e-03
6.9849778186e+01   7.3463424492e-03
6.9927979555e+01   8.1537990832e-03
7.0006180923e+01   9.1315449936e-03
7.0084382292e+01   1.0326971061e-02
7.0162583660e+01   1.1803091182e-02
7.0240785029e+01   1.3644670256e-02
7.0240885029e+01   1.3647307108e-02
7.0241885029e+01   1.3673718674e-02
7.0251885029e+01   1.3942196121e-02
7.0330086397e+01   1.6346989569e-02
7.0408287766e+01   1.9418277879e-02
7.0486489135e+01   2.3384055033e-02
7.0564690503e+01   2.8559248898e-02
7.0642891872e+01   3.5378722782e-02
7.0721093240e+01   4.4440016849e-02
7.0799294609e+01   5.6554983799e-02
7.0877495977e+01   7.2804510282e-02
7.0955697346e+01   9.4580864950e-02
7.1033898714e+01   1.2358615307e-01
7.1112100083e+01   1.6173230615e-01
7.1190301451e+01   2.1086038915e-01
7.1268502820e+01   2.7144073037e-01
7.1346704188e+01   3.4248576440e-01
7.1424905557e+01   4.1952871812e-01
7.1425005557e+01   4.1962783025e-01
7.1426005557e+01   4.2061873601e-01
7.1436005557e+01   4.3050154985e-01
7.1514206925e+01   5.0356553320e-01
7.1592408294e+01   5.5985052685e-01
7.1670609662e+01   5.8684998469e-01
7.1748811031e+01   5.7695454763e-01
7.1827012399e+01   5.3108098326e-01
7.1905213768e+01   4.5840353131e-01
7.1983415136e+01   3.7220744282e-01
7.2054998747e+01   2.9237064308e-01
7.2120789395e+01   2.2574694499e-01
7.2198990764e+01   1.6156071702e-01
7.2277192132e+01   1.1186052386e-01
7.2355393501e+01   7.5499316606e-02
7.2433594869e+01   5.0120673405e-02
7.2511796238e+01   3.3104183328e-02
7.2511896238e+01   3.3086704848e-02
7.2512896238e+01   3.2912454889e-02
7.2522896238e+01   3.1222529086e-02
7.2601097606e+01   2.0875815481e-02
7.2679298975e+01   1.4393134686e-02
7.2757500343e+01   1.0423775385e-02
7.2835701712e+01   8.0298529672e-03
7.2913903080e+01   6.5917091681e-03
7.2992104449e+01   5.7175581592e-03
7.3070305818e+01   5.1693843134e-03
7.3148507186e+01   4.8077689285e-03
7.3226708555e+01   4.5537062704e-03
7.3304909923e+01   4.3637361671e-03
7.3383111292e+01   4.2145816313e-03
7.3461312660e+01   4.0940800227e-03
7.3539514029e+01   3.9960164621e-03
7.3617715397e+01   3.9172371681e-03
7.3695916766e+01   3.8560296924e-03
7.3774118134e+01   3.8111902522e-03
7.3852319503e+01   3.7392753734e-03
7.3930520871e+01   3.6935404721e-03
7.4008722240e+01   3.6650373202e-03
7.4086923608e+01   3.6499191905e-03
7.4165124977e+01   3.6465795817e-03
7.4243326345e+01   3.6544195379e-03
7.4321527714e+01   3.6733338696e-03
7.4399729082e+01   3.7035110319e-03
7.4477930451e+01   3.7453358135e-03
7.4556131819e+01   3.7993635782e-03
7.4556231819e+01   3.7994406753e-03
7.4557231819e+01   3.8002128168e-03
7.4567231819e+01   3.8080515145e-03
7.4645433188e+01   3.8768793771e-03
7.4723634557e+01   3.9597227740e-03
7.4801835925e+01   4.0577082469e-03
7.4880037294e+01   4.1722155475e-03
7.4958238662e+01   4.3049091417e-03
7.5036440031e+01   4.4577833935e-03
7.5114641399e+01   4.6332208848e-03
7.5192842768e+01   4.8340652390e-03
7.5271044136e+01   5.0637106512e-03
7.5349245505e+01   5.3262103683e-03
7.5427446873e+01   5.6264054345e-03
7.5505648242e+01   5.9702670770e-03
7.5583849610e+01   6.3647335540e-03
7.5662050979e+01   6.8183084699e-03
7.5740252347e+01   7.3412806348e-03
7.5818453716e+01   7.9461314871e-03
7.5896655084e+01   8.6480342977e-03
7.5974856453e+01   9.4654620915e-03
7.6053057821e+01   1.0420920218e-02
7.6131259190e+01   1.1541860408e-02
7.6209460558e+01   1.2861805869e-02
7.6287661927e+01   1.4421202194e-02
7.6365863296e+01   1.6268775007e-02
7.6444064664e+01   1.8462686318e-02
7.6522266033e+01   2.1071424716e-02
7.6600467401e+01   2.4174075792e-02
7.6678668770e+01   2.7859418302e-02
7.6756870138e+01   3.2223041734e-02
7.6756970138e+01   3.2229108227e-02
7.6757970138e+01   3.2289843180e-02
7.6767970138e+01   3.2904235007e-02
7.6846171507e+01   3.8170159164e-02
7.6924372875e+01   4.4312052242e-02
7.7002574244e+01   5.1386909724e-02
7.7080775612e+01   5.9399590898e-02
7.7158976981e+01   6.8272650511e-02
7.7237178349e+01   7.7812643637e-02
7.7315379718e+01   8.7679229498e-02
7.7393581086e+01   9.7367386148e-02
7.7471782455e+01   1.0621591832e-01
7.7549983823e+01   1.1345467577e-01
7.7628185192e+01   1.1829600072e-01
7.7706386560e+01   1.2006242611e-01
7.7784587929e+01   1.1832633997e-01
7.7862789297e+01   1.1302589922e-01
7.7940990666e+01   1.0451891925e-01
7.8019192035e+01   9.3524287595e-02
7.8097393403e+01   8.0880621312e-02
7.8175594772e+01   6.7718908129e-02
7.8253796140e+01   5.4999913987e-02
7.8331997509e+01   4.3470371515e-02
7.8410198877e+01   3.3597140660e-02
7.8488400246e+01   2.5566195835e-02
7.8488500246e+01   2.5557106030e-02
7.8489500246e+01   2.5466370582e-02
7.8499500246e+01   2.4575212478e-02
7.8577701614e+01   1.8580826219e-02
7.8655902983e+01   1.4139921104e-02
7.8734104351e+01   1.0961299622e-02
7.8812305720e+01   8.7452994846e-03
7.8890507088e+01   7.2243731222e-03
7.8968708457e+01   6.1827656113e-03
7.9046909825e+01   5.4601383807e-03
7.9125111194e+01   4.9455296202e-03
7.9203312562e+01   4.5674153799e-03
7.9281513931e+01   4.2838645320e-03
7.9359715299e+01   4.0747821219e-03
7.9437916668e+01   3.9365933289e-03
7.9516118036e+01   3.8786737508e-03
7.9594319405e+01   3.9203823611e-03
7.9672520774e+01   4.0875894963e-03
7.9750722142e+01   4.4079717779e-03
7.9828923511e+01   3.6229803450e-03
7.9907124879e+01   3.2981685793e-03
7.9985326248e+01   3.1506382047e-03
8.0000000000e+01   3.1321364439e-03
