X    Y
0.0000000000e+00   5.0000000000e-01
1.0000000000e-04   5.0002500100e-01
1.1000000000e-03   5.0027512104e-01
1.1100000000e-02   5.0278735748e-01
8.9301368524e-02   5.2314183539e-01
1.6750273705e-01   5.4480686404e-01
2.4570410557e-01   5.6785816329e-01
3.2390547410e-01   5.9236898597e-01
4.0210684262e-01   6.1840809809e-01
4.8030821114e-01   6.4603733711e-01
5.5850957967e-01   6.7530872017e-01
6.3671094819e-01   7.0626109171e-01
7.1491231672e-01   7.3891632487e-01
7.9311368524e-01   7.7327512509e-01
8.7131505376e-01   8.0931252783e-01
9.4951642229e-01   8.4697323396e-01
1.0277177908e+00   8.8616698407e-01
1.1059191593e+00   9.2676423213e-01
1.1841205279e+00   9.6859243267e-01
1.2623218964e+00   1.0114332948e+00
1.3405232649e+00   1.0550213706e+00
1.4187246334e+00   1.0990443231e+00
1.4969260020e+00   1.1431451546e+00
1.5751273705e+00   1.1869265651e+00
1.6533287390e+00   1.2299644878e+00
1.6534287390e+00   1.2300188530e+00
1.6544287390e+00   1.2305623971e+00
1.6644287390e+00   1.2359868417e+00
1.7426301075e+00   1.2776174844e+00
1.8208314761e+00   1.3175169871e+00
1.8990328446e+00   1.3552210803e+00
1.9772342131e+00   1.3902807652e+00
2.0554355816e+00   1.4222756950e+00
2.1336369501e+00   1.4508267401e+00
2.2118383187e+00   1.4756070130e+00
2.2900396872e+00   1.4963507475e+00
2.3682410557e+00   1.5128596032e+00
2.4464424242e+00   1.5250061703e+00
2.5246437928e+00   1.5327346620e+00
2.6028451613e+00   1.5360589693e+00
2.6810465298e+00   1.5350584114e+00
2.7592478983e+00   1.5298716223e+00
2.8374492669e+00   1.5206890750e+00
2.9156506354e+00   1.5077447582e+00
2.9938520039e+00   1.4913074927e+00
3.0720533724e+00   1.4716723116e+00
3.1502547410e+00   1.4491522428e+00
3.2284561095e+00   1.4240707300e+00
3.3066574780e+00   1.3967548292e+00
3.3848588465e+00   1.3675292286e+00
3.4630602151e+00   1.3367110826e+00
3.5412615836e+00   1.3046056249e+00
3.6194629521e+00   1.2715025353e+00
3.6976643206e+00   1.2376730647e+00
3.7758656891e+00   1.2033679523e+00
3.8540670577e+00   1.1688161740e+00
3.9322684262e+00   1.1342245305e+00
4.0104697947e+00   1.0997780066e+00
4.0886711632e+00   1.0656407445e+00
4.1668725318e+00   1.0319573857e+00
4.2450739003e+00   9.9885451059e-01
4.3232752688e+00   9.6644194958e-01
4.4014766373e+00   9.3481386736e-01
4.4796780059e+00   9.0404968715e-01
4.5578793744e+00   8.7421506814e-01
4.6360807429e+00   8.4536319316e-01
4.7142821114e+00   8.1753650881e-01
4.7924834800e+00   7.9076877533e-01
4.8706848485e+00   7.6504526424e-01
4.8707848485e+00   7.6501306510e-01
4.8717848485e+00   7.6469117162e-01
4.8817848485e+00   7.6148204023e-01
4.9599862170e+00   7.3700281095e-01
5.0381875855e+00   7.1362111819e-01
5.1163889541e+00   6.9133875084e-01
5.1945903226e+00   6.7015310973e-01
5.2727916911e+00   6.5005806099e-01
5.3509930596e+00   6.3104471887e-01
5.4291944282e+00   6.1310216266e-01
5.5073957967e+00   5.9621809245e-01
5.5855971652e+00   5.8037942953e-01
5.6637985337e+00   5.6557286751e-01
5.7419999022e+00   5.5178538034e-01
5.8202012708e+00   5.3900469380e-01
5.8984026393e+00   5.2721972692e-01
5.9766040078e+00   5.1642101005e-01
6.0548053763e+00   5.0660108604e-01
6.1330067449e+00   4.9775490129e-01
6.2112081134e+00   4.8988019323e-01
6.2894094819e+00   4.8297788074e-01
6.3676108504e+00   4.7705246422e-01
6.4458122190e+00   4.7211244140e-01
6.5240135875e+00   4.6817074519e-01
6.6022149560e+00   4.6524520881e-01
6.6804163245e+00   4.6335906292e-01
6.7586176931e+00   4.6254146787e-01
6.8368190616e+00   4.6282808228e-01
6.9150204301e+00   4.6426166614e-01
6.9932217986e+00   4.6689271287e-01
7.0714231672e+00   4.7078009952e-01
7.1496245357e+00   4.7599173770e-01
7.1497245357e+00   4.7599925672e-01
7.1507245357e+00   4.7607457248e-01
7.1607245357e+00   4.7684031921e-01
7.2389259042e+00   4.8363612689e-01
7.3171272727e+00   4.9192806739e-01
7.3953286413e+00   5.0181506231e-01
7.4735300098e+00   5.1340725192e-01
7.5517313783e+00   5.2682620928e-01
7.6299327468e+00   5.4220484995e-01
7.7081341153e+00   5.5968690861e-01
7.7863354839e+00   5.7942582084e-01
7.8645368524e+00   6.0158281159e-01
7.9427382209e+00   6.2632395593e-01
8.0209395894e+00   6.5381594492e-01
8.0991409580e+00   6.8422026985e-01
8.1773423265e+00   7.1768554013e-01
8.2555436950e+00   7.5433769083e-01
8.3337450635e+00   7.9426793112e-01
8.4119464321e+00   8.3751868522e-01
8.4901478006e+00   8.8406688207e-01
8.5683491691e+00   9.3380676932e-01
8.6465505376e+00   9.8653197892e-01
8.6466505376e+00   9.8660118773e-01
8.6476505376e+00   9.8729351605e-01
8.6576505376e+00   9.9424065236e-01
8.7358519062e+00   1.0499718245e+00
8.8140532747e+00   1.1078352458e+00
8.8922546432e+00   1.1672189360e+00
8.9704560117e+00   1.2273737084e+00
9.0486573803e+00   1.2874247957e+00
9.1268587488e+00   1.3463946889e+00
9.2050601173e+00   1.4032369892e+00
9.2832614858e+00   1.4568795548e+00
9.3614628543e+00   1.5062737166e+00
9.4396642229e+00   1.5504451514e+00
9.4397642229e+00   1.5504979131e+00
9.4407642229e+00   1.5510249815e+00
9.4507642229e+00   1.5562405485e+00
9.5289655914e+00   1.5934157591e+00
9.6071669599e+00   1.6237444245e+00
9.6853683284e+00   1.6467570592e+00
9.7635696970e+00   1.6621917230e+00
9.8417710655e+00   1.6699936484e+00
9.9199724340e+00   1.6703025854e+00
9.9981738025e+00   1.6634304145e+00
1.0076375171e+01   1.6498321597e+00
1.0154576540e+01   1.6300736051e+00
1.0232777908e+01   1.6047983834e+00
1.0310979277e+01   1.5746968162e+00
1.0389180645e+01   1.5404781054e+00
1.0467382014e+01   1.5028468104e+00
1.0545583382e+01   1.4624839816e+00
1.0623784751e+01   1.4200328967e+00
1.0701986119e+01   1.3760890514e+00
1.0780187488e+01   1.3311938832e+00
1.0858388856e+01   1.2858315751e+00
1.0936590225e+01   1.2404283594e+00
1.1014791593e+01   1.1953537393e+00
1.1092992962e+01   1.1509231128e+00
1.1093092962e+01   1.1508668276e+00
1.1094092962e+01   1.1503040585e+00
1.1104092962e+01   1.1446846884e+00
1.1182294330e+01   1.1013106698e+00
1.1260495699e+01   1.0590915903e+00
1.1338697067e+01   1.0181986002e+00
1.1416898436e+01   9.7876627131e-01
1.1495099804e+01   9.4089711117e-01
1.1573301173e+01   9.0466588204e-01
1.1651502542e+01   8.7012365282e-01
1.1729703910e+01   8.3730154037e-01
1.1807905279e+01   8.0621412000e-01
1.1886106647e+01   7.7686250101e-01
1.1964308016e+01   7.4923707589e-01
1.2042509384e+01   7.2331995986e-01
1.2120710753e+01   6.9908714304e-01
1.2198912121e+01   6.7651038137e-01
1.2277113490e+01   6.5555885356e-01
1.2355314858e+01   6.3620061284e-01
1.2433516227e+01   6.1840386172e-01
1.2511717595e+01   6.0213807771e-01
1.2589918964e+01   5.8737501739e-01
1.2668120332e+01   5.7408962469e-01
1.2746321701e+01   5.6226086832e-01
1.2824523069e+01   5.5187064326e-01
1.2824623069e+01   5.5185827298e-01
1.2825623069e+01   5.5173469852e-01
1.2835623069e+01   5.5051179183e-01
1.2913824438e+01   5.4175212242e-01
1.2992025806e+01   5.3441542872e-01
1.3070227175e+01   5.2850418911e-01
1.3148428543e+01   5.2402828606e-01
1.3226629912e+01   5.2100565254e-01
1.3304831281e+01   5.1946292711e-01
1.3383032649e+01   5.1943611793e-01
1.3461234018e+01   5.2097126966e-01
1.3539435386e+01   5.2412512023e-01
1.3617636755e+01   5.2896572473e-01
1.3695838123e+01   5.3557301118e-01
1.3774039492e+01   5.4403921740e-01
1.3852240860e+01   5.5446913789e-01
1.3930442229e+01   5.6698008542e-01
1.4008643597e+01   5.8170144178e-01
1.4086844966e+01   5.9877363827e-01
1.4165046334e+01   6.1834636747e-01
1.4243247703e+01   6.4057579301e-01
1.4321449071e+01   6.6562045979e-01
1.4399650440e+01   6.9363564084e-01
1.4477851808e+01   7.2476578231e-01
1.4556053177e+01   7.5913478529e-01
1.4556153177e+01   7.5918085149e-01
1.4557153177e+01   7.5964181333e-01
1.4567153177e+01   7.6428144984e-01
1.4645354545e+01   8.0245815424e-01
1.4723555914e+01   8.4401074211e-01
1.4801757283e+01   8.8890927336e-01
1.4879958651e+01   9.3703932850e-01
1.4958160020e+01   9.8818338318e-01
1.5036361388e+01   1.0420035041e+00
1.5114562757e+01   1.0980274981e+00
1.5192764125e+01   1.1556409892e+00
1.5270965494e+01   1.2140879544e+00
1.5349166862e+01   1.2724818765e+00
1.5427368231e+01   1.3298288037e+00
1.5505569599e+01   1.3850622624e+00
1.5583770968e+01   1.4370883293e+00
1.5661972336e+01   1.4848374868e+00
1.5662072336e+01   1.4848953722e+00
1.5663072336e+01   1.4854737513e+00
1.5673072336e+01   1.4912096193e+00
1.5751273705e+01   1.5328684038e+00
1.5829475073e+01   1.5682862858e+00
1.5907676442e+01   1.5967986826e+00
1.5985877810e+01   1.6179453279e+00
1.6064079179e+01   1.6314836408e+00
1.6142280547e+01   1.6373872691e+00
1.6220481916e+01   1.6358314322e+00
1.6298683284e+01   1.6271679310e+00
1.6376884653e+01   1.6118933233e+00
1.6455086022e+01   1.5906138058e+00
1.6533287390e+01   1.5640099398e+00
1.6611488759e+01   1.5328036704e+00
1.6689690127e+01   1.4977293052e+00
1.6767891496e+01   1.4595093718e+00
1.6846092864e+01   1.4188356573e+00
1.6924294233e+01   1.3763552778e+00
1.7002495601e+01   1.3326613350e+00
1.7080696970e+01   1.2882875403e+00
1.7158898338e+01   1.2437060952e+00
1.7237099707e+01   1.1993278403e+00
1.7237199707e+01   1.1992713780e+00
1.7238199707e+01   1.1987068062e+00
1.7248199707e+01   1.1930662735e+00
1.7326401075e+01   1.1493471254e+00
1.7404602444e+01   1.1065171240e+00
1.7482803812e+01   1.0648145071e+00
1.7561005181e+01   1.0244319304e+00
1.7639206549e+01   9.8552154449e-01
1.7717407918e+01   9.4820002878e-01
1.7795609286e+01   9.1255343780e-01
1.7873810655e+01   8.7864176214e-01
1.7952012023e+01   8.4650314560e-01
1.8030213392e+01   8.1615772941e-01
1.8108414761e+01   7.8761111574e-01
1.8186616129e+01   7.6085745898e-01
1.8264817498e+01   7.3588220368e-01
1.8343018866e+01   7.1266449533e-01
1.8421220235e+01   6.9117929440e-01
1.8499421603e+01   6.7139922646e-01
1.8577622972e+01   6.5329620187e-01
1.8655824340e+01   6.3684283889e-01
1.8734025709e+01   6.2201372285e-01
1.8812227077e+01   6.0878653325e-01
1.8890428446e+01   5.9714306833e-01
1.8968629814e+01   5.8706854464e-01
1.8968729814e+01   5.8705666284e-01
1.8969729814e+01   5.8693798525e-01
1.8979729814e+01   5.8576525064e-01
1.9057931183e+01   5.7747420515e-01
1.9136132551e+01   5.7074427524e-01
1.9214333920e+01   5.6558244020e-01
1.9292535288e+01   5.6200364773e-01
1.9370736657e+01   5.6003145646e-01
1.9448938025e+01   5.5969864459e-01
1.9527139394e+01   5.6104777490e-01
1.9605340762e+01   5.6413169668e-01
1.9683542131e+01   5.6901395423e-01
1.9761743500e+01   5.7576905735e-01
1.9839944868e+01   5.8448255215e-01
1.9918146237e+01   5.9525080963e-01
1.9996347605e+01   6.0818042556e-01
2.0074548974e+01   6.2338709745e-01
2.0152750342e+01   6.4099381499e-01
2.0230951711e+01   6.6112817096e-01
2.0309153079e+01   6.8391857395e-01
2.0387354448e+01   7.0948912869e-01
2.0465555816e+01   7.3795294544e-01
2.0543757185e+01   7.6940370325e-01
2.0621958553e+01   8.0390531897e-01
2.0700159922e+01   8.4147975320e-01
2.0778361290e+01   8.8209316832e-01
2.0778461290e+01   8.8214701211e-01
2.0779461290e+01   8.8268571450e-01
2.0789461290e+01   8.8809912409e-01
2.0867662659e+01   9.3205013133e-01
2.0945864027e+01   9.7870991932e-01
2.1024065396e+01   1.0277721301e+00
2.1102266764e+01   1.0788169091e+00
2.1180468133e+01   1.1313044156e+00
2.1258669501e+01   1.1845750534e+00
2.1336870870e+01   1.2378581285e+00
2.1415072239e+01   1.2902900067e+00
2.1493273607e+01   1.3409418586e+00
2.1571474976e+01   1.3888558383e+00
2.1649676344e+01   1.4330872488e+00
2.1727877713e+01   1.4727491305e+00
2.1806079081e+01   1.5070549728e+00
2.1806179081e+01   1.5070951215e+00
2.1807179081e+01   1.5074960673e+00
2.1817179081e+01   1.5114511493e+00
2.1895380450e+01   1.5388606709e+00
2.1973581818e+01   1.5597331694e+00
2.2051783187e+01   1.5737979642e+00
2.2129984555e+01   1.5809721739e+00
2.2208185924e+01   1.5813522546e+00
2.2286387292e+01   1.5751960822e+00
2.2364588661e+01   1.5628982013e+00
2.2442790029e+01   1.5449610990e+00
2.2520991398e+01   1.5219651901e+00
2.2599192766e+01   1.4945397693e+00
2.2677394135e+01   1.4633365965e+00
2.2755595503e+01   1.4290071837e+00
2.2833796872e+01   1.3921842993e+00
2.2911998240e+01   1.3534677716e+00
2.2990199609e+01   1.3134143515e+00
2.3068400978e+01   1.2725311906e+00
2.3146602346e+01   1.2312723808e+00
2.3224803715e+01   1.1900379588e+00
2.3303005083e+01   1.1491746213e+00
2.3381206452e+01   1.1089786911e+00
2.3459407820e+01   1.0696989642e+00
2.3537609189e+01   1.0315408375e+00
2.3537709189e+01   1.0314928358e+00
2.3538709189e+01   1.0310129344e+00
2.3548709189e+01   1.0262255987e+00
2.3626910557e+01   9.8954961077e-01
2.3705111926e+01   9.5430932276e-01
2.3783313294e+01   9.2060215117e-01
2.3861514663e+01   8.8850000811e-01
2.3939716031e+01   8.5805321610e-01
2.4017917400e+01   8.2929412338e-01
2.4096118768e+01   8.0224039943e-01
2.4174320137e+01   7.7689800790e-01
2.4252521505e+01   7.5326386600e-01
2.4330722874e+01   7.3132820790e-01
2.4408924242e+01   7.1107667502e-01
2.4487125611e+01   6.9249215907e-01
2.4565326979e+01   6.7555642538e-01
2.4643528348e+01   6.6025154370e-01
2.4721729717e+01   6.4656115347e-01
2.4799931085e+01   6.3447158874e-01
2.4878132454e+01   6.2397288601e-01
2.4956333822e+01   6.1505969584e-01
2.5034535191e+01   6.0773211548e-01
2.5112736559e+01   6.0199645558e-01
2.5190937928e+01   5.9786331141e-01
2.5191037928e+01   5.9785906089e-01
2.5192037928e+01   5.9781670168e-01
2.5202037928e+01   5.9740772337e-01
2.5280239296e+01   5.9513151382e-01
2.5358440665e+01   5.9451235634e-01
2.5436642033e+01   5.9558793266e-01
2.5514843402e+01   5.9840468097e-01
2.5593044770e+01   6.0301800045e-01
2.5671246139e+01   6.0949227801e-01
2.5749447507e+01   6.1790067798e-01
2.5827648876e+01   6.2832461839e-01
2.5905850244e+01   6.4085283847e-01
2.5984051613e+01   6.5557994166e-01
2.6062252981e+01   6.7260427849e-01
2.6140454350e+01   6.9202501678e-01
2.6218655718e+01   7.1393823575e-01
2.6296857087e+01   7.3843188221e-01
2.6375058456e+01   7.6557944681e-01
2.6453259824e+01   7.9543228454e-01
2.6531461193e+01   8.2801050974e-01
2.6609662561e+01   8.6329267925e-01
2.6687863930e+01   9.0120448329e-01
2.6766065298e+01   9.4160700101e-01
2.6844266667e+01   9.8428529781e-01
2.6922468035e+01   1.0289384124e+00
2.6922568035e+01   1.0289966187e+00
2.6923568035e+01   1.0295788243e+00
2.6933568035e+01   1.0354149574e+00
2.7011769404e+01   1.0818353382e+00
2.7089970772e+01   1.1292677255e+00
2.7168172141e+01   1.1771137404e+00
2.7246373509e+01   1.2246909918e+00
2.7324574878e+01   1.2712499429e+00
2.7402776246e+01   1.3159977302e+00
2.7480977615e+01   1.3581278236e+00
2.7559178983e+01   1.3968535580e+00
2.7637380352e+01   1.4314428856e+00
2.7715581720e+01   1.4612513450e+00
2.7793783089e+01   1.4857503006e+00
2.7871984457e+01   1.5045492870e+00
2.7872084457e+01   1.5045695574e+00
2.7873084457e+01   1.5047717257e+00
2.7883084457e+01   1.5067397808e+00
2.7961285826e+01   1.5187430213e+00
2.8039487195e+01   1.5247163282e+00
2.8117688563e+01   1.5247399478e+00
2.8195889932e+01   1.5190271218e+00
2.8274091300e+01   1.5079050385e+00
2.8352292669e+01   1.4917924821e+00
2.8430494037e+01   1.4711761767e+00
2.8508695406e+01   1.4465875442e+00
2.8586896774e+01   1.4185812026e+00
2.8665098143e+01   1.3877161074e+00
2.8743299511e+01   1.3545398340e+00
2.8821500880e+01   1.3195761614e+00
2.8899702248e+01   1.2833158612e+00
2.8977903617e+01   1.2462104139e+00
2.9056104985e+01   1.2086682741e+00
2.9134306354e+01   1.1710532567e+00
2.9212507722e+01   1.1336846148e+00
2.9290709091e+01   1.0968386096e+00
2.9368910459e+01   1.0607505552e+00
2.9447111828e+01   1.0256180071e+00
2.9525313196e+01   9.9160408509e-01
2.9603514565e+01   9.5884104049e-01
2.9681715934e+01   9.2743386164e-01
2.9759917302e+01   8.9746380635e-01
2.9760017302e+01   8.9742643015e-01
2.9761017302e+01   8.9705280304e-01
2.9771017302e+01   8.9333004150e-01
2.9849218671e+01   8.6507455282e-01
2.9927420039e+01   8.3836580979e-01
3.0005621408e+01   8.1323150187e-01
3.0083822776e+01   7.8968812527e-01
3.0162024145e+01   7.6774338234e-01
3.0240225513e+01   7.4739833749e-01
3.0318426882e+01   7.2864934375e-01
3.0396628250e+01   7.1148975734e-01
3.0474829619e+01   6.9591145974e-01
3.0553030987e+01   6.8190620707e-01
3.0631232356e+01   6.6946682643e-01
3.0709433724e+01   6.5858827723e-01
3.0787635093e+01   6.4926859393e-01
3.0865836461e+01   6.4150972390e-01
3.0944037830e+01   6.3531827089e-01
3.1022239198e+01   6.3070615104e-01
3.1100440567e+01   6.2769116333e-01
3.1178641935e+01   6.2629747073e-01
3.1256843304e+01   6.2655598143e-01
3.1335044673e+01   6.2850461083e-01
3.1413246041e+01   6.3218839516e-01
3.1491447410e+01   6.3765941588e-01
3.1569648778e+01   6.4497648152e-01
3.1647850147e+01   6.5420450014e-01
3.1726051515e+01   6.6541346276e-01
3.1804252884e+01   6.7867694694e-01
3.1882454252e+01   6.9407004217e-01
3.1960655621e+01   7.1166659703e-01
3.2038856989e+01   7.3153569470e-01
3.2117058358e+01   7.5373728091e-01
3.2195259726e+01   7.7831689926e-01
3.2273461095e+01   8.0529953523e-01
3.2351662463e+01   8.3468263312e-01
3.2429863832e+01   8.6641982461e-01
3.2429963832e+01   8.6646189773e-01
3.2430963832e+01   8.6688283542e-01
3.2440963832e+01   8.7111281259e-01
3.2519165200e+01   9.0545758661e-01
3.2597366569e+01   9.4193873145e-01
3.2675567937e+01   9.8035385277e-01
3.2753769306e+01   1.0204310219e+00
3.2831970674e+01   1.0618238040e+00
3.2910172043e+01   1.1041094255e+00
3.2988373412e+01   1.1467910139e+00
3.3066574780e+01   1.1893046557e+00
3.3144776149e+01   1.2310316701e+00
3.3222977517e+01   1.2713160092e+00
3.3301178886e+01   1.3094861172e+00
3.3379380254e+01   1.3448799895e+00
3.3457581623e+01   1.3768716719e+00
3.3535782991e+01   1.4048971085e+00
3.3613984360e+01   1.4284771487e+00
3.3614084360e+01   1.4285042852e+00
3.3615084360e+01   1.4287752156e+00
3.3625084360e+01   1.4314409376e+00
3.3703285728e+01   1.4494944405e+00
3.3781487097e+01   1.4624434690e+00
3.3859688465e+01   1.4701701833e+00
3.3937889834e+01   1.4726783122e+00
3.4016091202e+01   1.4700856550e+00
3.4094292571e+01   1.4626117336e+00
3.4172493939e+01   1.4505619953e+00
3.4250695308e+01   1.4343100374e+00
3.4328896676e+01   1.4142792291e+00
3.4407098045e+01   1.3909248959e+00
3.4485299413e+01   1.3647179540e+00
3.4563500782e+01   1.3361305924e+00
3.4641702151e+01   1.3056243316e+00
3.4719903519e+01   1.2736405547e+00
3.4798104888e+01   1.2405934392e+00
3.4876306256e+01   1.2068650880e+00
3.4954507625e+01   1.1728025874e+00
3.5032708993e+01   1.1387166839e+00
3.5110910362e+01   1.1048817637e+00
3.5189111730e+01   1.0715368428e+00
3.5267313099e+01   1.0388877038e+00
3.5345514467e+01   1.0071086028e+00
3.5423715836e+01   9.7634531426e-01
3.5501917204e+01   9.4671786069e-01
3.5580118573e+01   9.1832339864e-01
3.5658319941e+01   8.9123907344e-01
3.5736521310e+01   8.6552477550e-01
3.5814722678e+01   8.4122575283e-01
3.5892924047e+01   8.1837505092e-01
3.5971125415e+01   7.9699576455e-01
3.5971225415e+01   7.9696937498e-01
3.5972225415e+01   7.9670561311e-01
3.5982225415e+01   7.9408137439e-01
3.6060426784e+01   7.7440058045e-01
3.6138628152e+01   7.5621649611e-01
3.6216829521e+01   7.3953346659e-01
3.6295030890e+01   7.2435320534e-01
3.6373232258e+01   7.1067612071e-01
3.6451433627e+01   6.9850249655e-01
3.6529634995e+01   6.8783353952e-01
3.6607836364e+01   6.7867230453e-01
3.6686037732e+01   6.7102450784e-01
3.6764239101e+01   6.6489923467e-01
3.6842440469e+01   6.6030954488e-01
3.6920641838e+01   6.5727297650e-01
3.6998843206e+01   6.5581194201e-01
3.7077044575e+01   6.5595400706e-01
3.7155245943e+01   6.5773203461e-01
3.7233447312e+01   6.6118417072e-01
3.7311648680e+01   6.6635363953e-01
3.7389850049e+01   6.7328830634e-01
3.7468051417e+01   6.8203995825e-01
3.7546252786e+01   6.9266324269e-01
3.7624454154e+01   7.0521419622e-01
3.7702655523e+01   7.1974829034e-01
3.7780856891e+01   7.3631792019e-01
3.7859058260e+01   7.5496926707e-01
3.7937259629e+01   7.7573847996e-01
3.8015460997e+01   7.9864714724e-01
3.8093662366e+01   8.2369706920e-01
3.8171863734e+01   8.5086439732e-01
3.8250065103e+01   8.8009327813e-01
3.8328266471e+01   9.1128922623e-01
3.8406467840e+01   9.4431255053e-01
3.8484669208e+01   9.7897368159e-01
3.8562870577e+01   1.0150232291e+00
3.8562970577e+01   1.0150700914e+00
3.8563970577e+01   1.0155388126e+00
3.8573970577e+01   1.0202356316e+00
3.8652171945e+01   1.0574911429e+00
3.8730373314e+01   1.0954028070e+00
3.8808574682e+01   1.1335370177e+00
3.8886776051e+01   1.1714092957e+00
3.8964977419e+01   1.2084946019e+00
3.9043178788e+01   1.2442413386e+00
3.9121380156e+01   1.2780884996e+00
3.9199581525e+01   1.3094850401e+00
3.9277782893e+01   1.3379102124e+00
3.9355984262e+01   1.3628934187e+00
3.9434185630e+01   1.3840320969e+00
3.9512386999e+01   1.4010063043e+00
3.9590588368e+01   1.4135889666e+00
3.9668789736e+01   1.4216511759e+00
3.9668889736e+01   1.4216585715e+00
3.9669889736e+01   1.4217321172e+00
3.9679889736e+01   1.4224266034e+00
3.9758091105e+01   1.4252992395e+00
3.9836292473e+01   1.4237049634e+00
3.9914493842e+01   1.4178073021e+00
3.9992695210e+01   1.4078434914e+00
4.0070896579e+01   1.3941110999e+00
4.0149097947e+01   1.3769538193e+00
4.0227299316e+01   1.3567473255e+00
4.0305500684e+01   1.3338859392e+00
4.0383702053e+01   1.3087706184e+00
4.0461903421e+01   1.2817986206e+00
4.0540104790e+01   1.2533549962e+00
4.0618306158e+01   1.2238059313e+00
4.0696507527e+01   1.1934938519e+00
4.0774708895e+01   1.1627341267e+00
4.0852910264e+01   1.1318131628e+00
4.0931111632e+01   1.1009876708e+00
4.1009313001e+01   1.0704848763e+00
4.1087514370e+01   1.0405034692e+00
4.1165715738e+01   1.0112153691e+00
4.1243917107e+01   9.8276701041e-01
4.1322118475e+01   9.5528197250e-01
4.1400319844e+01   9.2886310319e-01
4.1478521212e+01   9.0359483012e-01
4.1556722581e+01   8.7954544862e-01
4.1634923949e+01   8.5676933662e-01
4.1713125318e+01   8.3530906137e-01
4.1791326686e+01   8.1519735568e-01
4.1869528055e+01   7.9645895034e-01
4.1947729423e+01   7.7911225745e-01
4.2025930792e+01   7.6317090435e-01
4.2104132160e+01   7.4864512195e-01
4.2182333529e+01   7.3554299344e-01
4.2260534897e+01   7.2387157083e-01
4.2338736266e+01   7.1363786676e-01
4.2416937634e+01   7.0484972854e-01
4.2495139003e+01   6.9751660013e-01
4.2573340371e+01   6.9165017547e-01
4.2651541740e+01   6.8726494426e-01
4.2729743109e+01   6.8437862768e-01
4.2807944477e+01   6.8301249790e-01
4.2886145846e+01   6.8319157065e-01
4.2964347214e+01   6.8494465501e-01
4.3042548583e+01   6.8830423885e-01
4.3120749951e+01   6.9330618266e-01
4.3198951320e+01   6.9998918771e-01
4.3277152688e+01   7.0839399868e-01
4.3355354057e+01   7.1856229537e-01
4.3433555425e+01   7.3053522384e-01
4.3433655425e+01   7.3055170648e-01
4.3434655425e+01   7.3071669863e-01
4.3444655425e+01   7.3238321959e-01
4.3522856794e+01   7.4646405752e-01
4.3601058162e+01   7.6242651489e-01
4.3679259531e+01   7.8029563170e-01
4.3757460899e+01   8.0008495967e-01
4.3835662268e+01   8.2179259218e-01
4.3913863636e+01   8.4539671110e-01
4.3992065005e+01   8.7085074298e-01
4.4070266373e+01   8.9807828113e-01
4.4148467742e+01   9.2696800329e-01
4.4226669110e+01   9.5736889404e-01
4.4304870479e+01   9.8908615727e-01
4.4383071848e+01   1.0218782653e+00
4.4461273216e+01   1.0554556243e+00
4.4539474585e+01   1.0894813233e+00
4.4617675953e+01   1.1235743667e+00
4.4695877322e+01   1.1573156524e+00
4.4774078690e+01   1.1902567624e+00
4.4852280059e+01   1.2219313818e+00
4.4930481427e+01   1.2518688946e+00
4.5008682796e+01   1.2796094556e+00
4.5086884164e+01   1.3047196518e+00
4.5165085533e+01   1.3268077883e+00
4.5243286901e+01   1.3455378723e+00
4.5321488270e+01   1.3606415229e+00
4.5399689638e+01   1.3719272319e+00
4.5477891007e+01   1.3792906976e+00
4.5556092375e+01   1.3826885396e+00
4.5556192375e+01   1.3826903566e+00
4.5557192375e+01   1.3827081735e+00
4.5567192375e+01   1.3828510584e+00
4.5645393744e+01   1.3817783491e+00
4.5723595112e+01   1.3769215003e+00
4.5801796481e+01   1.3684681524e+00
4.5879997849e+01   1.3566581230e+00
4.5958199218e+01   1.3417724337e+00
4.6036400587e+01   1.3241221644e+00
4.6114601955e+01   1.3040377123e+00
4.6192803324e+01   1.2818589013e+00
4.6271004692e+01   1.2579262496e+00
4.6349206061e+01   1.2325735726e+00
4.6427407429e+01   1.2061219877e+00
4.6505608798e+01   1.1788752989e+00
4.6583810166e+01   1.1511166724e+00
4.6662011535e+01   1.1231064721e+00
4.6740212903e+01   1.0950810993e+00
4.6818414272e+01   1.0672526723e+00
4.6896615640e+01   1.0398093865e+00
4.6974817009e+01   1.0129164024e+00
4.7053018377e+01   9.8671713026e-01
4.7131219746e+01   9.6133479547e-01
4.7209421114e+01   9.3687418783e-01
4.7287622483e+01   9.1342351553e-01
4.7365823851e+01   8.9105629753e-01
4.7444025220e+01   8.6983323909e-01
4.7522226588e+01   8.4980404263e-01
4.7600427957e+01   8.3100911244e-01
4.7678629326e+01   8.1348111795e-01
4.7756830694e+01   7.9724638885e-01
4.7835032063e+01   7.8232612710e-01
4.7913233431e+01   7.6872282632e-01
4.7991434800e+01   7.5646202799e-01
4.7991534800e+01   7.5644721447e-01
4.7992534800e+01   7.5629920118e-01
4.8002534800e+01   7.5483126229e-01
4.8080736168e+01   7.4411895131e-01
4.8158937537e+01   7.3477542727e-01
4.8237138905e+01   7.2681277633e-01
4.8315340274e+01   7.2024393035e-01
4.8393541642e+01   7.1508322667e-01
4.8471743011e+01   7.1134685857e-01
4.8549944379e+01   7.0905321188e-01
4.8628145748e+01   7.0822307972e-01
4.8706347116e+01   7.0887974393e-01
4.8784548485e+01   7.1104890776e-01
4.8862749853e+01   7.1475845976e-01
4.8940951222e+01   7.2003804504e-01
4.9019152590e+01   7.2691841538e-01
4.9097353959e+01   7.3543052666e-01
4.9175555327e+01   7.4560434925e-01
4.9253756696e+01   7.5746735710e-01
4.9331958065e+01   7.7104266323e-01
4.9410159433e+01   7.8634677607e-01
4.9488360802e+01   8.0338696219e-01
4.9566562170e+01   8.2215821937e-01
4.9644763539e+01   8.4263988886e-01
4.9722964907e+01   8.6479196953e-01
4.9801166276e+01   8.8855123795e-01
4.9879367644e+01   9.1382732727e-01
4.9957569013e+01   9.4049897071e-01
5.0035770381e+01   9.6841066936e-01
5.0113971750e+01   9.9737009194e-01
5.0192173118e+01   1.0271469668e+00
5.0270374487e+01   1.0574721521e+00
5.0270474487e+01   1.0575111546e+00
5.0271474487e+01   1.0579012016e+00
5.0281474487e+01   1.0618037257e+00
5.0359675855e+01   1.0923791397e+00
5.0437877224e+01   1.1228076710e+00
5.0516078592e+01   1.1527195333e+00
5.0594279961e+01   1.1817264215e+00
5.0672481329e+01   1.2094313508e+00
5.0750682698e+01   1.2354398953e+00
5.0828884066e+01   1.2593722444e+00
5.0907085435e+01   1.2808753767e+00
5.0985286804e+01   1.2996345934e+00
5.1063488172e+01   1.3153836782e+00
5.1141689541e+01   1.3279130452e+00
5.1219890909e+01   1.3370754053e+00
5.1298092278e+01   1.3427886816e+00
5.1376293646e+01   1.3450361299e+00
5.1454495015e+01   1.3438638355e+00
5.1532696383e+01   1.3393759311e+00
5.1610897752e+01   1.3317280206e+00
5.1689099120e+01   1.3211193617e+00
5.1767300489e+01   1.3077843776e+00
5.1845501857e+01   1.2919840242e+00
5.1923703226e+01   1.2739974462e+00
5.2001904594e+01   1.2541142313e+00
5.2080105963e+01   1.2326274377e+00
5.2158307331e+01   1.2098274519e+00
5.2236508700e+01   1.1859966650e+00
5.2314710068e+01   1.1614049359e+00
5.2392911437e+01   1.1363196946e+00
5.2471112805e+01   1.1109501109e+00
5.2549314174e+01   1.0855096309e+00
5.2627515543e+01   1.0601918615e+00
5.2705716911e+01   1.0351705780e+00
5.2783918280e+01   1.0106002067e+00
5.2862119648e+01   9.8661667493e-01
5.2940321017e+01   9.6333853137e-01
5.3018522385e+01   9.4086825454e-01
5.3096723754e+01   9.1929367819e-01
5.3174925122e+01   8.9868947643e-01
5.3253126491e+01   8.7911866232e-01
5.3331327859e+01   8.6063406421e-01
5.3409529228e+01   8.4327975275e-01
5.3487730596e+01   8.2709239905e-01
5.3565931965e+01   8.1210255049e-01
5.3644133333e+01   7.9833581527e-01
5.3722334702e+01   7.8581395055e-01
5.3800536070e+01   7.7455585142e-01
5.3878737439e+01   7.6457843958e-01
5.3956938807e+01   7.5589745139e-01
5.4035140176e+01   7.4852812497e-01
5.4113341544e+01   7.4248578558e-01
5.4191542913e+01   7.3778632718e-01
5.4269744282e+01   7.3444658671e-01
5.4347945650e+01   7.3248460521e-01
5.4426147019e+01   7.3191976784e-01
5.4504348387e+01   7.3277281185e-01
5.4582549756e+01   7.3506568880e-01
5.4660751124e+01   7.3882126429e-01
5.4738952493e+01   7.4406283575e-01
5.4817153861e+01   7.5081344671e-01
5.4895355230e+01   7.5909497417e-01
5.4973556598e+01   7.6892696602e-01
5.5051757967e+01   7.8032520701e-01
5.5051857967e+01   7.8034079032e-01
5.5052857967e+01   7.8049676525e-01
5.5062857967e+01   7.8207070222e-01
5.5141059335e+01   7.9526969673e-01
5.5219260704e+01   8.1004769212e-01
5.5297462072e+01   8.2639606711e-01
5.5375663441e+01   8.4429340832e-01
5.5453864809e+01   8.6370266576e-01
5.5532066178e+01   8.8456816235e-01
5.5610267546e+01   9.0681256656e-01
5.5688468915e+01   9.3033397435e-01
5.5766670283e+01   9.5500328275e-01
5.5844871652e+01   9.8066207038e-01
5.5923073021e+01   1.0071212231e+00
5.6001274389e+01   1.0341605509e+00
5.6079475758e+01   1.0615296289e+00
5.6157677126e+01   1.0889500552e+00
5.6235878495e+01   1.1161192503e+00
5.6314079863e+01   1.1427158270e+00
5.6392281232e+01   1.1684064424e+00
5.6470482600e+01   1.1928539148e+00
5.6548683969e+01   1.2157262644e+00
5.6626885337e+01   1.2367062333e+00
5.6705086706e+01   1.2555007697e+00
5.6783288074e+01   1.2718499454e+00
5.6861489443e+01   1.2855347994e+00
5.6939690811e+01   1.2963836765e+00
5.7017892180e+01   1.3042767249e+00
5.7096093548e+01   1.3091455409e+00
5.7174294917e+01   1.3109769062e+00
5.7174394917e+01   1.3109773146e+00
5.7175394917e+01   1.3109811278e+00
5.7185394917e+01   1.3109922817e+00
5.7263596285e+01   1.3094047137e+00
5.7341797654e+01   1.3049202669e+00
5.7419999022e+01   1.2976740640e+00
5.7498200391e+01   1.2878373045e+00
5.7576401760e+01   1.2756104985e+00
5.7654603128e+01   1.2612165019e+00
5.7732804497e+01   1.2448936806e+00
5.7811005865e+01   1.2268894725e+00
5.7889207234e+01   1.2074545474e+00
5.7967408602e+01   1.1868376965e+00
5.8045609971e+01   1.1652815257e+00
5.8123811339e+01   1.1430189698e+00
5.8202012708e+01   1.1202706068e+00
5.8280214076e+01   1.0972427192e+00
5.8358415445e+01   1.0741260291e+00
5.8436616813e+01   1.0510950213e+00
5.8514818182e+01   1.0283077648e+00
5.8593019550e+01   1.0059061450e+00
5.8671220919e+01   9.8401642062e-01
5.8749422287e+01   9.6275003193e-01
5.8827623656e+01   9.4220459091e-01
5.8905825024e+01   9.2246499652e-01
5.8984026393e+01   9.0360462535e-01
5.9062227761e+01   8.8568655581e-01
5.9140429130e+01   8.6876479053e-01
5.9218630499e+01   8.5288544691e-01
5.9296831867e+01   8.3808789052e-01
5.9375033236e+01   8.2440385737e-01
5.9453234604e+01   8.1186320715e-01
5.9531435973e+01   8.0049087719e-01
5.9531535973e+01   8.0047709244e-01
5.9532535973e+01   8.0033935192e-01
5.9542535973e+01   7.9897266341e-01
5.9620737341e+01   7.8896125553e-01
5.9698938710e+01   7.8016266121e-01
5.9777140078e+01   7.7259502280e-01
5.9855341447e+01   7.6627562295e-01
5.9933542815e+01   7.6122135241e-01
6.0011744184e+01   7.5744907795e-01
6.0089945552e+01   7.5497590539e-01
6.0168146921e+01   7.5381933087e-01
6.0246348289e+01   7.5399727188e-01
6.0324549658e+01   7.5552796744e-01
6.0402751026e+01   7.5842973517e-01
6.0480952395e+01   7.6272057115e-01
6.0559153763e+01   7.6841757723e-01
6.0637355132e+01   7.7553619982e-01
6.0715556500e+01   7.8408926513e-01
6.0793757869e+01   7.9408579725e-01
6.0871959238e+01   8.0552961021e-01
6.0950160606e+01   8.1841767136e-01
6.1028361975e+01   8.3273824324e-01
6.1106563343e+01   8.4846882421e-01
6.1184764712e+01   8.6557392486e-01
6.1262966080e+01   8.8400273763e-01
6.1341167449e+01   9.0368678045e-01
6.1419368817e+01   9.2453762054e-01
6.1497570186e+01   9.4644481008e-01
6.1575771554e+01   9.6927418872e-01
6.1653972923e+01   9.9286672533e-01
6.1732174291e+01   1.0170380806e+00
6.1810375660e+01   1.0415790666e+00
6.1888577028e+01   1.0662571604e+00
6.1966778397e+01   1.0908191850e+00
6.2044979765e+01   1.1149958808e+00
6.2123181134e+01   1.1385048333e+00
6.2201382502e+01   1.1610584048e+00
6.2279583871e+01   1.1823700317e+00
6.2357785239e+01   1.2021616240e+00
6.2357885239e+01   1.2021858453e+00
6.2358885239e+01   1.2024278975e+00
6.2368885239e+01   1.2048322566e+00
6.2447086608e+01   1.2225688453e+00
6.2525287977e+01   1.2382531103e+00
6.2603489345e+01   1.2516812555e+00
6.2681690714e+01   1.2626860192e+00
6.2759892082e+01   1.2711408950e+00
6.2838093451e+01   1.2769628232e+00
6.2916294819e+01   1.2801132668e+00
6.2994496188e+01   1.2805976912e+00
6.3072697556e+01   1.2784635720e+00
6.3150898925e+01   1.2737971305e+00
6.3229100293e+01   1.2667190598e+00
6.3307301662e+01   1.2573795278e+00
6.3385503030e+01   1.2459527549e+00
6.3463704399e+01   1.2326314430e+00
6.3541905767e+01   1.2176213004e+00
6.3620107136e+01   1.2011358655e+00
6.3698308504e+01   1.1833917811e+00
6.3776509873e+01   1.1646046260e+00
6.3854711241e+01   1.1449853614e+00
6.3932912610e+01   1.1247374171e+00
6.4011113978e+01   1.1040544050e+00
6.4089315347e+01   1.0831184256e+00
6.4167516716e+01   1.0620989173e+00
6.4245718084e+01   1.0411519831e+00
6.4323919453e+01   1.0204201270e+00
6.4402120821e+01   1.0000323302e+00
6.4480322190e+01   9.8010440164e-01
6.4558523558e+01   9.6073954498e-01
6.4636724927e+01   9.4202909193e-01
6.4714926295e+01   9.2405336399e-01
6.4793127664e+01   9.0688262980e-01
6.4871329032e+01   8.9057813005e-01
6.4949530401e+01   8.7519314107e-01
6.5027731769e+01   8.6077404330e-01
6.5105933138e+01   8.4736135470e-01
6.5184134506e+01   8.3499068411e-01
6.5262335875e+01   8.2369355990e-01
6.5340537243e+01   8.1349809753e-01
6.5418738612e+01   8.0442948581e-01
6.5496939980e+01   7.9651029596e-01
6.5575141349e+01   7.8976064415e-01
6.5653342718e+01   7.8419826334e-01
6.5731544086e+01   7.7983855678e-01
6.5809745455e+01   7.7669471002e-01
6.5887946823e+01   7.7477792659e-01
6.5966148192e+01   7.7409782605e-01
6.6044349560e+01   7.7466300480e-01
6.6122550929e+01   7.7648171435e-01
6.6200752297e+01   7.7956256771e-01
6.6278953666e+01   7.8391514720e-01
6.6357155034e+01   7.8955036518e-01
6.6435356403e+01   7.9648042517e-01
6.6513557771e+01   8.0471824918e-01
6.6591759140e+01   8.1427627488e-01
6.6669960508e+01   8.2516458176e-01
6.6748161877e+01   8.3738837095e-01
6.6826363245e+01   8.5094489342e-01
6.6904564614e+01   8.6581998613e-01
6.6982765982e+01   8.8198442941e-01
6.7060967351e+01   8.9939037543e-01
6.7139168719e+01   9.1796811373e-01
6.7217370088e+01   9.3762343437e-01
6.7295571457e+01   9.5823582414e-01
6.7373772825e+01   9.7965768772e-01
6.7451974194e+01   1.0017147284e+00
6.7530175562e+01   1.0242075552e+00
6.7608376931e+01   1.0469145084e+00
6.7686578299e+01   1.0695956202e+00
6.7764779668e+01   1.0919975533e+00
6.7842981036e+01   1.1138592966e+00
6.7921182405e+01   1.1349183488e+00
6.7999383773e+01   1.1549170876e+00
6.8077585142e+01   1.1736090221e+00
6.8155786510e+01   1.1907646386e+00
6.8233987879e+01   1.2061765962e+00
6.8312189247e+01   1.2196640841e+00
6.8390390616e+01   1.2310762242e+00
6.8468591984e+01   1.2402944683e+00
6.8546793353e+01   1.2472340063e+00
6.8624994721e+01   1.2518442459e+00
6.8703196090e+01   1.2541084593e+00
6.8781397458e+01   1.2540427047e+00
6.8859598827e+01   1.2516941284e+00
6.8937800196e+01   1.2471387449e+00
6.9016001564e+01   1.2404787749e+00
6.9094202933e+01   1.2318396082e+00
6.9172404301e+01   1.2213664534e+00
6.9250605670e+01   1.2092207359e+00
6.9328807038e+01   1.1955763176e+00
6.9407008407e+01   1.1806156318e+00
6.9485209775e+01   1.1645258408e+00
6.9563411144e+01   1.1474951450e+00
6.9641612512e+01   1.1297093728e+00
6.9719813881e+01   1.1113489773e+00
6.9798015249e+01   1.0925865422e+00
6.9876216618e+01   1.0735848649e+00
6.9954417986e+01   1.0544956423e+00
7.0032619355e+01   1.0354587414e+00
7.0110820723e+01   1.0166019951e+00
7.0189022092e+01   9.9804143497e-01
7.0267223460e+01   9.7988185392e-01
7.0345424829e+01   9.6221758737e-01
7.0423626197e+01   9.4513340720e-01
7.0501827566e+01   9.2870543541e-01
7.0580028935e+01   9.1300200228e-01
7.0658230303e+01   8.9808439248e-01
7.0736431672e+01   8.8400744284e-01
7.0814633040e+01   8.7081997587e-01
7.0892834409e+01   8.5856507541e-01
7.0971035777e+01   8.4728023353e-01
7.1049237146e+01   8.3699742043e-01
7.1127438514e+01   8.2774314908e-01
7.1205639883e+01   8.1953861891e-01
7.1283841251e+01   8.1240002550e-01
7.1362042620e+01   8.0633911172e-01
7.1440243988e+01   8.0136400976e-01
7.1518445357e+01   7.9748038310e-01
7.1596646725e+01   7.9469282779e-01
7.1674848094e+01   7.9300643847e-01
7.1753049462e+01   7.9242839474e-01
7.1831250831e+01   7.9296938626e-01
7.1909452199e+01   7.9464467714e-01
7.1987653568e+01   7.9747461790e-01
7.2065854936e+01   8.0148444765e-01
7.2144056305e+01   8.0670328788e-01
7.2222257674e+01   8.1316230617e-01
7.2300459042e+01   8.2089211254e-01
7.2378660411e+01   8.2991953136e-01
7.2456861779e+01   8.4026395768e-01
7.2535063148e+01   8.5193354764e-01
7.2613264516e+01   8.6492150658e-01
7.2691465885e+01   8.7920272425e-01
7.2769667253e+01   8.9473097047e-01
7.2847868622e+01   9.1143681439e-01
7.2926069990e+01   9.2922637532e-01
7.3004271359e+01   9.4798096003e-01
7.3082472727e+01   9.6755759619e-01
7.3160674096e+01   9.8779043550e-01
7.3238875464e+01   1.0084929720e+00
7.3317076833e+01   1.0294609985e+00
7.3395278201e+01   1.0504762055e+00
7.3473479570e+01   1.0713103077e+00
7.3551680938e+01   1.0917295662e+00
7.3629882307e+01   1.1114995601e+00
7.3708083675e+01   1.1303900500e+00
7.3786285044e+01   1.1481797706e+00
7.3864486413e+01   1.1646609949e+00
7.3942687781e+01   1.1796437264e+00
7.4020889150e+01   1.1929593914e+00
7.4099090518e+01   1.2044639361e+00
7.4177291887e+01   1.2140402563e+00
7.4255493255e+01   1.2215999212e+00
7.4333694624e+01   1.2270841732e+00
7.4411895992e+01   1.2304642114e+00
7.4490097361e+01   1.2317407760e+00
7.4568298729e+01   1.2309430669e+00
7.4646500098e+01   1.2281270341e+00
7.4724701466e+01   1.2233730928e+00
7.4802902835e+01   1.2167833303e+00
7.4881104203e+01   1.2084782925e+00
7.4959305572e+01   1.1985934679e+00
7.5037506940e+01   1.1872756110e+00
7.5115708309e+01   1.1746790703e+00
7.5193909677e+01   1.1609622940e+00
7.5272111046e+01   1.1462846781e+00
7.5350312414e+01   1.1308038912e+00
7.5428513783e+01   1.1146737625e+00
7.5506715152e+01   1.0980427591e+00
7.5584916520e+01   1.0810530169e+00
7.5663117889e+01   1.0638398340e+00
7.5741319257e+01   1.0465314972e+00
7.5819520626e+01   1.0292492964e+00
7.5897721994e+01   1.0121075911e+00
7.5975923363e+01   9.9521381811e-01
7.6054124731e+01   9.7866837412e-01
7.6132326100e+01   9.6256435198e-01
7.6210527468e+01   9.4698715541e-01
7.6288728837e+01   9.3201405194e-01
7.6366930205e+01   9.1771374678e-01
7.6445131574e+01   9.0414606817e-01
7.6523332942e+01   8.9136184923e-01
7.6601534311e+01   8.7940307460e-01
7.6679735679e+01   8.6830333581e-01
7.6757937048e+01   8.5808861172e-01
7.6836138416e+01   8.4877836265e-01
7.6914339785e+01   8.4038690080e-01
7.6992541153e+01   8.3292497768e-01
7.7070742522e+01   8.2640150991e-01
7.7148943891e+01   8.2082534894e-01
7.7227145259e+01   8.1620698602e-01
7.7305346628e+01   8.1256007335e-01
7.7383547996e+01   8.0990263619e-01
7.7461749365e+01   8.0825785402e-01
7.7539950733e+01   8.0765430298e-01
7.7618152102e+01   8.0812558150e-01
7.7696353470e+01   8.0970928453e-01
7.7774554839e+01   8.1244534669e-01
7.7852756207e+01   8.1637383302e-01
7.7930957576e+01   8.2153230992e-01
7.8009158944e+01   8.2795296746e-01
7.8087360313e+01   8.3565968210e-01
7.8165561681e+01   8.4466520215e-01
7.8243763050e+01   8.5496860995e-01
7.8321964418e+01   8.6655317150e-01
7.8400165787e+01   8.7938463666e-01
7.8478367155e+01   8.9341000974e-01
7.8556568524e+01   9.0855678135e-01
7.8634769892e+01   9.2473259970e-01
7.8712971261e+01   9.4182536399e-01
7.8791172630e+01   9.5970373870e-01
7.8869373998e+01   9.7821810766e-01
7.8947575367e+01   9.9720200363e-01
7.9025776735e+01   1.0164740543e+00
7.9103978104e+01   1.0358404763e+00
7.9182179472e+01   1.0550981209e+00
7.9260380841e+01   1.0740380376e+00
7.9338582209e+01   1.0924494697e+00
7.9416783578e+01   1.1101241517e+00
7.9494984946e+01   1.1268607343e+00
7.9573186315e+01   1.1424691412e+00
7.9651387683e+01   1.1567746558e+00
7.9729589052e+01   1.1696215545e+00
7.9807790420e+01   1.1808761344e+00
7.9885991789e+01   1.1904290347e+00
7.9964193157e+01   1.1981967946e+00
8.0000000000e+01   1.2011411554e+00
