X    Y
0.0000000000e+00   6.0000000000e-01
1.0000000000e-04   6.0000000000e-01
1.1000000000e-03   6.0000000000e-01
5.9851978505e-03   6.0000000000e-01
1.0870395701e-02   6.0000000000e-01
1.5755593552e-02   6.0000000000e-01
2.0640791402e-02   6.0000000000e-01
2.5525989253e-02   6.0000000000e-01
3.0411187103e-02   6.0000000000e-01
3.5296384954e-02   6.0000000000e-01
4.0181582804e-02   6.0000000000e-01
4.5066780655e-02   6.0000000000e-01
4.9951978505e-02   6.0000000000e-01
5.4837176356e-02   6.0000000000e-01
5.9722374206e-02   6.0000000000e-01
6.4607572057e-02   6.0000000000e-01
6.9492769907e-02   6.0000000000e-01
7.4377967758e-02   6.0000000000e-01
7.9263165608e-02   6.0000000000e-01
8.4148363459e-02   6.0000000000e-01
8.9033561309e-02   6.0000000000e-01
9.3918759160e-02   6.0000000000e-01
9.8803957010e-02   6.0000000000e-01
1.0368915486e-01   6.0000000000e-01
1.0857435271e-01   6.0000000000e-01
1.1345955056e-01   6.0000000000e-01
1.1834474841e-01   6.0000000000e-01
1.2322994626e-01   6.0000000000e-01
1.2811514411e-01   6.0000000000e-01
1.3300034196e-01   6.0000000000e-01
1.3788553981e-01   6.0000000000e-01
1.4277073766e-01   6.0000000000e-01
1.4765593552e-01   6.0000000000e-01
1.4775593552e-01   6.0000000000e-01
1.4875593552e-01   6.0000000000e-01
1.5364113337e-01   6.0000000000e-01
1.5852633122e-01   6.0000000000e-01
1.6341152907e-01   6.0000000000e-01
1.6829672692e-01   6.0000000000e-01
1.7318192477e-01   6.0000000000e-01
1.7806712262e-01   6.0000000000e-01
1.8295232047e-01   6.0000000000e-01
1.8305232047e-01   6.0000000000e-01
1.8405232047e-01   6.0000000000e-01
1.8893751832e-01   6.0000000000e-01
1.9382271617e-01   6.0000000000e-01
1.9870791402e-01   6.0000000000e-01
2.0359311187e-01   6.0000000000e-01
2.0369311187e-01   6.0000000000e-01
2.0469311187e-01   6.0000000000e-01
2.0957830972e-01   6.0000000000e-01
2.1446350757e-01   6.0000000000e-01
2.1934870542e-01   6.0000000000e-01
2.1944870542e-01   6.0000000000e-01
2.2044870542e-01   6.0000000000e-01
2.2522673965e-01   6.0000000000e-01
2.3011193750e-01   6.0000000000e-01
2.3021193750e-01   6.0000000000e-01
2.3121193750e-01   6.0000000000e-01
2.3554559505e-01   6.0000000000e-01
2.3998823462e-01   6.0000000000e-01
2.4008823462e-01   6.0000000000e-01
2.4108823462e-01   6.0000000000e-01
2.4518099356e-01   6.0000000000e-01
2.4933728758e-01   6.0000000000e-01
2.4943728758e-01   4.0000000000e-01
2.5043728758e-01   4.0000000000e-01
2.5445347368e-01   4.0000000000e-01
2.5455347368e-01   2.2000000000e-01
2.5555347368e-01   2.2000000000e-01
2.5565347368e-01   2.6000000000e-01
2.5665347368e-01   2.6000000000e-01
2.6153867153e-01   2.6000000000e-01
2.6163867153e-01   2.2000000000e-01
2.6263867153e-01   2.2000000000e-01
2.6273867153e-01   2.4000000000e-01
2.6373867153e-01   2.4000000000e-01
2.6862386938e-01   2.4000000000e-01
2.6872386938e-01   2.0000000000e-01
2.6972386938e-01   2.0000000000e-01
2.6982386938e-01   2.4000000000e-01
2.7082386938e-01   2.4000000000e-01
2.7570906723e-01   2.4000000000e-01
2.7580906723e-01   2.0000000000e-01
2.7680906723e-01   2.0000000000e-01
2.7690906723e-01   2.4000000000e-01
2.7790906723e-01   2.4000000000e-01
2.8279426508e-01   2.4000000000e-01
2.8289426508e-01   5.8000000000e-01
2.8389426508e-01   5.8000000000e-01
2.8754801376e-01   5.8000000000e-01
2.9243321161e-01   5.8000000000e-01
2.9253321161e-01   5.8000000000e-01
2.9353321161e-01   5.8000000000e-01
2.9655770136e-01   5.8000000000e-01
2.9983422337e-01   5.8000000000e-01
2.9993422337e-01   5.8000000000e-01
3.0093422337e-01   5.8000000000e-01
3.0358827620e-01   5.8000000000e-01
3.0643699217e-01   5.8000000000e-01
3.0653699217e-01   5.8000000000e-01
3.0753699217e-01   5.8000000000e-01
3.0996431608e-01   5.8000000000e-01
3.1254358462e-01   5.8000000000e-01
3.1264358462e-01   5.8000000000e-01
3.1364358462e-01   5.8000000000e-01
3.1594366752e-01   5.8000000000e-01
3.1836955088e-01   5.8000000000e-01
3.1846955088e-01   5.8000000000e-01
3.1946955088e-01   5.8000000000e-01
3.2171573109e-01   5.8000000000e-01
3.2407391399e-01   5.8000000000e-01
3.2417391399e-01   5.8000000000e-01
3.2517391399e-01   5.8000000000e-01
3.2742428355e-01   5.8000000000e-01
3.2978148578e-01   5.8000000000e-01
3.2988148578e-01   5.8000000000e-01
3.3088148578e-01   5.8000000000e-01
3.3318686528e-01   5.8000000000e-01
3.3560046378e-01   5.8000000000e-01
3.3570046378e-01   5.8000000000e-01
3.3670046378e-01   5.8000000000e-01
3.3911059875e-01   5.8000000000e-01
3.4163437422e-01   5.8000000000e-01
3.4173437422e-01   5.8000000000e-01
3.4273437422e-01   5.8000000000e-01
3.4530351769e-01   5.8000000000e-01
3.4799368894e-01   5.8000000000e-01
3.4809368894e-01   5.8000000000e-01
3.4909368894e-01   5.8000000000e-01
3.5188682794e-01   5.8000000000e-01
3.5480864333e-01   5.8000000000e-01
3.5490864333e-01   5.8000000000e-01
3.5590864333e-01   5.8000000000e-01
3.5900997807e-01   5.8000000000e-01
3.6224630673e-01   5.8000000000e-01
3.6234630673e-01   5.8000000000e-01
3.6334630673e-01   5.8000000000e-01
3.6687256150e-01   5.8000000000e-01
3.7053682112e-01   5.8000000000e-01
3.7525629163e-01   5.8000000000e-01
3.7535629163e-01   5.8000000000e-01
3.7635629163e-01   5.8000000000e-01
3.8088710500e-01   5.8000000000e-01
3.8553878742e-01   5.8000000000e-01
3.9042398527e-01   5.8000000000e-01
3.9530918312e-01   5.8000000000e-01
4.0019438097e-01   5.8000000000e-01
4.0029438097e-01   5.8000000000e-01
4.0129438097e-01   5.8000000000e-01
4.0617957882e-01   5.8000000000e-01
4.1106477667e-01   5.8000000000e-01
4.1594997452e-01   5.8000000000e-01
4.2083517237e-01   5.8000000000e-01
4.2572037022e-01   5.8000000000e-01
4.3060556808e-01   5.8000000000e-01
4.3070556808e-01   5.8000000000e-01
4.3170556808e-01   5.8000000000e-01
4.3659076593e-01   5.8000000000e-01
4.4147596378e-01   5.8000000000e-01
4.4636116163e-01   5.8000000000e-01
4.4646116163e-01   5.8000000000e-01
4.4746116163e-01   5.8000000000e-01
4.5234635948e-01   5.8000000000e-01
4.5723155733e-01   5.8000000000e-01
4.6211675518e-01   5.8000000000e-01
4.6221675518e-01   5.8000000000e-01
4.6321675518e-01   5.8000000000e-01
4.6810195303e-01   5.8000000000e-01
4.7298715088e-01   5.8000000000e-01
4.7787234873e-01   5.8000000000e-01
4.7797234873e-01   5.8000000000e-01
4.7897234873e-01   5.8000000000e-01
4.8385754658e-01   5.8000000000e-01
4.8874274443e-01   5.8000000000e-01
4.9362794228e-01   5.8000000000e-01
4.9851314013e-01   5.8000000000e-01
4.9861314013e-01   5.8000000000e-01
4.9961314013e-01   5.8000000000e-01
5.0449833798e-01   5.8000000000e-01
5.0938353583e-01   5.8000000000e-01
5.1426873368e-01   5.8000000000e-01
5.1915393153e-01   5.8000000000e-01
5.2403912938e-01   5.8000000000e-01
5.2413912938e-01   5.8000000000e-01
5.2513912938e-01   5.8000000000e-01
5.3002432724e-01   5.8000000000e-01
5.3490952509e-01   5.8000000000e-01
5.3979472294e-01   5.8000000000e-01
5.4467992079e-01   5.8000000000e-01
5.4956511864e-01   5.8000000000e-01
5.5445031649e-01   5.8000000000e-01
5.5933551434e-01   5.8000000000e-01
5.6422071219e-01   5.8000000000e-01
5.6910591004e-01   5.8000000000e-01
5.6920591004e-01   5.8000000000e-01
5.7020591004e-01   5.8000000000e-01
5.7509110789e-01   5.8000000000e-01
5.7997630574e-01   5.8000000000e-01
5.8486150359e-01   5.8000000000e-01
5.8974670144e-01   5.8000000000e-01
5.9463189929e-01   5.8000000000e-01
5.9951709714e-01   5.8000000000e-01
6.0440229499e-01   5.8000000000e-01
6.0928749284e-01   5.8000000000e-01
6.1417269069e-01   5.8000000000e-01
6.1905788854e-01   5.8000000000e-01
6.2394308639e-01   5.8000000000e-01
6.2882828425e-01   5.8000000000e-01
6.3371348210e-01   5.8000000000e-01
6.3859867995e-01   5.8000000000e-01
6.4348387780e-01   5.8000000000e-01
6.4836907565e-01   5.8000000000e-01
6.4846907565e-01   5.8000000000e-01
6.4946907565e-01   5.8000000000e-01
6.5435427350e-01   5.8000000000e-01
6.5923947135e-01   5.8000000000e-01
6.6412466920e-01   5.8000000000e-01
6.6900986705e-01   5.8000000000e-01
6.7389506490e-01   5.8000000000e-01
6.7878026275e-01   5.8000000000e-01
6.8366546060e-01   5.8000000000e-01
6.8855065845e-01   5.8000000000e-01
6.9343585630e-01   5.8000000000e-01
6.9832105415e-01   5.8000000000e-01
7.0320625200e-01   5.8000000000e-01
7.0809144985e-01   5.8000000000e-01
7.1297664770e-01   5.8000000000e-01
7.1786184555e-01   5.8000000000e-01
7.2274704341e-01   5.8000000000e-01
7.2763224126e-01   5.8000000000e-01
7.3251743911e-01   5.8000000000e-01
7.3740263696e-01   5.8000000000e-01
7.4228783481e-01   5.8000000000e-01
7.4717303266e-01   5.8000000000e-01
7.5205823051e-01   5.8000000000e-01
7.5694342836e-01   5.8000000000e-01
7.6182862621e-01   5.8000000000e-01
7.6671382406e-01   5.8000000000e-01
7.7159902191e-01   5.8000000000e-01
7.7169902191e-01   5.8000000000e-01
7.7269902191e-01   5.8000000000e-01
7.7758421976e-01   5.8000000000e-01
7.8246941761e-01   5.8000000000e-01
7.8735461546e-01   5.8000000000e-01
7.9223981331e-01   5.8000000000e-01
7.9712501116e-01   5.8000000000e-01
8.0201020901e-01   5.8000000000e-01
8.0689540686e-01   5.8000000000e-01
8.1178060471e-01   5.8000000000e-01
8.1666580256e-01   5.8000000000e-01
8.2155100042e-01   5.8000000000e-01
8.2643619827e-01   5.8000000000e-01
8.3132139612e-01   5.8000000000e-01
8.3620659397e-01   5.8000000000e-01
8.4109179182e-01   5.8000000000e-01
8.4597698967e-01   5.8000000000e-01
8.4607698967e-01   5.8000000000e-01
8.4707698967e-01   5.8000000000e-01
8.5196218752e-01   5.8000000000e-01
8.5684738537e-01   5.8000000000e-01
8.6173258322e-01   5.8000000000e-01
8.6661778107e-01   5.8000000000e-01
8.7150297892e-01   5.8000000000e-01
8.7638817677e-01   5.8000000000e-01
8.8127337462e-01   5.8000000000e-01
8.8615857247e-01   5.8000000000e-01
8.9104377032e-01   5.8000000000e-01
8.9592896817e-01   5.8000000000e-01
9.0081416602e-01   5.8000000000e-01
9.0569936387e-01   5.8000000000e-01
9.1058456172e-01   5.8000000000e-01
9.1546975958e-01   5.8000000000e-01
9.2035495743e-01   5.8000000000e-01
9.2524015528e-01   5.8000000000e-01
9.3012535313e-01   5.8000000000e-01
9.3501055098e-01   5.8000000000e-01
9.3989574883e-01   5.8000000000e-01
9.4478094668e-01   5.8000000000e-01
9.4966614453e-01   5.8000000000e-01
9.5455134238e-01   5.8000000000e-01
9.5943654023e-01   5.8000000000e-01
9.6432173808e-01   5.8000000000e-01
9.6442173808e-01   5.8000000000e-01
9.6542173808e-01   5.8000000000e-01
9.7030693593e-01   5.8000000000e-01
9.7519213378e-01   5.8000000000e-01
9.8007733163e-01   5.8000000000e-01
9.8496252948e-01   5.8000000000e-01
9.8984772733e-01   5.8000000000e-01
9.9473292518e-01   5.8000000000e-01
9.9961812303e-01   5.8000000000e-01
9.9971812303e-01   5.8000000000e-01
1.0007181230e+00   5.8000000000e-01
1.0056033209e+00   5.8000000000e-01
1.0104885187e+00   5.8000000000e-01
1.0153737166e+00   5.8000000000e-01
1.0202589144e+00   5.8000000000e-01
1.0251441123e+00   5.8000000000e-01
1.0300293101e+00   5.8000000000e-01
1.0301293101e+00   5.8000000000e-01
1.0311293101e+00   5.8000000000e-01
1.0360145080e+00   5.8000000000e-01
1.0408997058e+00   5.8000000000e-01
1.0457849037e+00   5.8000000000e-01
1.0506701015e+00   5.8000000000e-01
1.0555552994e+00   5.8000000000e-01
1.0604404972e+00   5.8000000000e-01
1.0653256951e+00   5.8000000000e-01
1.0702108929e+00   5.8000000000e-01
1.0703108929e+00   5.8000000000e-01
1.0713108929e+00   5.8000000000e-01
1.0761960908e+00   5.8000000000e-01
1.0810812886e+00   5.8000000000e-01
1.0859664865e+00   5.8000000000e-01
1.0908516843e+00   5.8000000000e-01
1.0957368822e+00   5.8000000000e-01
1.1006220800e+00   5.8000000000e-01
1.1007220800e+00   5.8000000000e-01
1.1017220800e+00   5.8000000000e-01
1.1066072779e+00   5.8000000000e-01
1.1114924757e+00   5.8000000000e-01
1.1163776736e+00   5.8000000000e-01
1.1164776736e+00   5.8000000000e-01
1.1174776736e+00   5.8000000000e-01
1.1223628714e+00   5.8000000000e-01
1.1272480693e+00   5.8000000000e-01
1.1321332671e+00   5.8000000000e-01
1.1322332671e+00   5.8000000000e-01
1.1332332671e+00   5.8000000000e-01
1.1381184650e+00   5.8000000000e-01
1.1430036628e+00   5.8000000000e-01
1.1478888607e+00   5.8000000000e-01
1.1479888607e+00   5.8000000000e-01
1.1489888607e+00   5.8000000000e-01
1.1538740585e+00   5.8000000000e-01
1.1587592564e+00   5.8000000000e-01
1.1636444543e+00   5.8000000000e-01
1.1685296521e+00   5.8000000000e-01
1.1686296521e+00   5.8000000000e-01
1.1696296521e+00   5.8000000000e-01
1.1745148500e+00   5.8000000000e-01
1.1794000478e+00   5.8000000000e-01
1.1842852457e+00   5.8000000000e-01
1.1891704435e+00   5.8000000000e-01
1.1940556414e+00   5.8000000000e-01
1.1941556414e+00   5.8000000000e-01
1.1951556414e+00   5.8000000000e-01
1.2000408392e+00   5.8000000000e-01
1.2049260371e+00   5.8000000000e-01
1.2098112349e+00   5.8000000000e-01
1.2146964328e+00   5.8000000000e-01
1.2195816306e+00   5.8000000000e-01
1.2244668285e+00   5.8000000000e-01
1.2293520263e+00   5.8000000000e-01
1.2294520263e+00   5.8000000000e-01
1.2304520263e+00   5.8000000000e-01
1.2353372242e+00   5.8000000000e-01
1.2402224220e+00   5.8000000000e-01
1.2451076199e+00   5.8000000000e-01
1.2499928177e+00   5.8000000000e-01
1.2548780156e+00   5.8000000000e-01
1.2597632134e+00   5.8000000000e-01
1.2646484113e+00   5.8000000000e-01
1.2695336091e+00   5.8000000000e-01
1.2744188070e+00   5.8000000000e-01
1.2793040048e+00   5.8000000000e-01
1.2794040048e+00   5.8000000000e-01
1.2804040048e+00   5.8000000000e-01
1.2852892027e+00   5.8000000000e-01
1.2901744005e+00   5.8000000000e-01
1.2950595984e+00   5.8000000000e-01
1.2999447962e+00   5.8000000000e-01
1.3048299941e+00   5.8000000000e-01
1.3097151919e+00   5.8000000000e-01
1.3146003898e+00   5.8000000000e-01
1.3194855876e+00   5.8000000000e-01
1.3243707855e+00   5.8000000000e-01
1.3292559833e+00   5.8000000000e-01
1.3341411812e+00   5.8000000000e-01
1.3342411812e+00   5.8000000000e-01
1.3352411812e+00   5.8000000000e-01
1.3401263790e+00   5.8000000000e-01
1.3450115769e+00   5.8000000000e-01
1.3498967747e+00   5.8000000000e-01
1.3547819726e+00   5.8000000000e-01
1.3596671704e+00   5.8000000000e-01
1.3645523683e+00   5.8000000000e-01
1.3694375661e+00   5.8000000000e-01
1.3743227640e+00   5.8000000000e-01
1.3792079618e+00   5.8000000000e-01
1.3840931597e+00   5.8000000000e-01
1.3889783575e+00   5.8000000000e-01
1.3938635554e+00   5.8000000000e-01
1.3987487532e+00   5.8000000000e-01
1.4036339511e+00   5.8000000000e-01
1.4085191489e+00   5.8000000000e-01
1.4134043468e+00   5.8000000000e-01
1.4135043468e+00   5.8000000000e-01
1.4145043468e+00   5.8000000000e-01
1.4193895446e+00   5.8000000000e-01
1.4242747425e+00   5.8000000000e-01
1.4291599403e+00   5.8000000000e-01
1.4340451382e+00   5.8000000000e-01
1.4389303360e+00   5.8000000000e-01
1.4438155339e+00   5.8000000000e-01
1.4439155339e+00   5.8000000000e-01
1.4449155339e+00   5.8000000000e-01
1.4498007317e+00   5.8000000000e-01
1.4546859296e+00   5.8000000000e-01
1.4595711274e+00   5.8000000000e-01
1.4644563253e+00   5.8000000000e-01
1.4693415231e+00   5.8000000000e-01
1.4742267210e+00   5.8000000000e-01
1.4791119188e+00   5.8000000000e-01
1.4792119188e+00   5.8000000000e-01
1.4802119188e+00   5.8000000000e-01
1.4850971167e+00   5.8000000000e-01
1.4899823145e+00   5.8000000000e-01
1.4948675124e+00   5.8000000000e-01
1.4997527102e+00   5.8000000000e-01
1.5046379081e+00   5.8000000000e-01
1.5095231059e+00   5.8000000000e-01
1.5144083038e+00   5.8000000000e-01
1.5192935016e+00   5.8000000000e-01
1.5241786995e+00   5.8000000000e-01
1.5290638973e+00   5.8000000000e-01
1.5339490952e+00   5.8000000000e-01
1.5340490952e+00   5.8000000000e-01
1.5350490952e+00   5.8000000000e-01
1.5399342930e+00   5.8000000000e-01
1.5448194909e+00   5.8000000000e-01
1.5497046887e+00   5.8000000000e-01
1.5545898866e+00   5.8000000000e-01
1.5594750844e+00   5.8000000000e-01
1.5643602823e+00   5.8000000000e-01
1.5692454801e+00   5.8000000000e-01
1.5741306780e+00   5.8000000000e-01
1.5790158758e+00   5.8000000000e-01
1.5839010737e+00   5.8000000000e-01
1.5887862715e+00   5.8000000000e-01
1.5936714694e+00   5.8000000000e-01
1.5985566672e+00   5.8000000000e-01
1.6034418651e+00   5.8000000000e-01
1.6083270629e+00   5.8000000000e-01
1.6132122608e+00   5.8000000000e-01
1.6180974586e+00   5.8000000000e-01
1.6229826565e+00   5.8000000000e-01
1.6278678543e+00   5.8000000000e-01
1.6327530522e+00   5.8000000000e-01
1.6376382500e+00   5.8000000000e-01
1.6425234479e+00   5.8000000000e-01
1.6474086457e+00   5.8000000000e-01
1.6522938436e+00   5.8000000000e-01
1.6523938436e+00   5.8000000000e-01
1.6533938436e+00   5.8000000000e-01
1.6582790415e+00   5.8000000000e-01
1.6631642393e+00   5.8000000000e-01
1.6680494372e+00   5.8000000000e-01
1.6729346350e+00   5.8000000000e-01
1.6778198329e+00   5.8000000000e-01
1.6827050307e+00   5.8000000000e-01
1.6875902286e+00   5.8000000000e-01
1.6924754264e+00   5.8000000000e-01
1.6973606243e+00   5.8000000000e-01
1.7022458221e+00   5.8000000000e-01
1.7071310200e+00   5.8000000000e-01
1.7120162178e+00   5.8000000000e-01
1.7169014157e+00   5.8000000000e-01
1.7217866135e+00   5.8000000000e-01
1.7218866135e+00   5.8000000000e-01
1.7228866135e+00   5.8000000000e-01
1.7277718114e+00   5.8000000000e-01
1.7326570092e+00   5.8000000000e-01
1.7375422071e+00   5.8000000000e-01
1.7424274049e+00   5.8000000000e-01
1.7473126028e+00   5.8000000000e-01
1.7521978006e+00   5.8000000000e-01
1.7522978006e+00   5.8000000000e-01
1.7532978006e+00   5.8000000000e-01
1.7581829985e+00   5.8000000000e-01
1.7630681963e+00   5.8000000000e-01
1.7679533942e+00   5.8000000000e-01
1.7728385920e+00   5.8000000000e-01
1.7729385920e+00   5.8000000000e-01
1.7739385920e+00   5.8000000000e-01
1.7788237899e+00   5.8000000000e-01
1.7837089877e+00   5.8000000000e-01
1.7885941856e+00   5.8000000000e-01
1.7886941856e+00   5.8000000000e-01
1.7896941856e+00   5.8000000000e-01
1.7945793834e+00   5.8000000000e-01
1.7994645813e+00   5.8000000000e-01
1.8043497791e+00   5.8000000000e-01
1.8044497791e+00   5.8000000000e-01
1.8054497791e+00   5.8000000000e-01
1.8103349770e+00   5.8000000000e-01
1.8152201748e+00   5.8000000000e-01
1.8201053727e+00   5.8000000000e-01
1.8202053727e+00   5.8000000000e-01
1.8212053727e+00   5.8000000000e-01
1.8260905705e+00   5.8000000000e-01
1.8309757684e+00   5.8000000000e-01
1.8358609662e+00   5.8000000000e-01
1.8407461641e+00   5.8000000000e-01
1.8408461641e+00   3.2000000000e-01
1.8418461641e+00   3.2000000000e-01
1.8467313619e+00   3.2000000000e-01
1.8468313619e+00   2.0000000000e-01
1.8478313619e+00   2.0000000000e-01
1.8527165598e+00   2.0000000000e-01
1.8528165598e+00   4.4000000000e-01
1.8538165598e+00   4.4000000000e-01
1.8587017576e+00   4.4000000000e-01
1.8635869555e+00   4.4000000000e-01
1.8636869555e+00   5.8000000000e-01
1.8646869555e+00   5.8000000000e-01
1.8683980934e+00   5.8000000000e-01
1.8732832912e+00   5.8000000000e-01
1.8733832912e+00   5.8000000000e-01
1.8743832912e+00   5.8000000000e-01
1.8777257315e+00   5.8000000000e-01
1.8812306703e+00   5.8000000000e-01
1.8813306703e+00   5.8000000000e-01
1.8823306703e+00   5.8000000000e-01
1.8855135777e+00   5.8000000000e-01
1.8888109467e+00   5.8000000000e-01
1.8889109467e+00   5.8000000000e-01
1.8899109467e+00   5.8000000000e-01
1.8930510986e+00   5.8000000000e-01
1.8962847418e+00   5.8000000000e-01
1.8963847418e+00   5.8000000000e-01
1.8973847418e+00   5.8000000000e-01
1.9005779993e+00   5.8000000000e-01
1.9038573760e+00   5.8000000000e-01
1.9039573760e+00   5.8000000000e-01
1.9049573760e+00   5.8000000000e-01
1.9082928160e+00   5.8000000000e-01
1.9117121188e+00   5.8000000000e-01
1.9118121188e+00   5.8000000000e-01
1.9128121188e+00   5.8000000000e-01
1.9163836810e+00   5.8000000000e-01
1.9200369733e+00   5.8000000000e-01
1.9201369733e+00   5.8000000000e-01
1.9211369733e+00   5.8000000000e-01
1.9250552988e+00   5.8000000000e-01
1.9290501173e+00   5.8000000000e-01
1.9338092771e+00   5.8000000000e-01
1.9339092771e+00   5.8000000000e-01
1.9349092771e+00   5.8000000000e-01
1.9396246113e+00   5.8000000000e-01
1.9443972634e+00   5.8000000000e-01
1.9492824613e+00   5.8000000000e-01
1.9493824613e+00   5.8000000000e-01
1.9503824613e+00   5.8000000000e-01
1.9552676591e+00   5.8000000000e-01
1.9601528570e+00   5.8000000000e-01
1.9650380548e+00   5.8000000000e-01
1.9699232527e+00   5.8000000000e-01
1.9748084505e+00   5.8000000000e-01
1.9796936484e+00   5.8000000000e-01
1.9797936484e+00   5.8000000000e-01
1.9807936484e+00   5.8000000000e-01
1.9856788462e+00   5.8000000000e-01
1.9905640441e+00   5.8000000000e-01
1.9954492419e+00   5.8000000000e-01
2.0003344398e+00   5.8000000000e-01
2.0052196376e+00   5.8000000000e-01
2.0101048355e+00   5.8000000000e-01
2.0149900333e+00   5.8000000000e-01
2.0198752312e+00   5.8000000000e-01
2.0247604290e+00   5.8000000000e-01
2.0296456269e+00   5.8000000000e-01
2.0345308247e+00   5.8000000000e-01
2.0394160226e+00   5.8000000000e-01
2.0443012204e+00   5.8000000000e-01
2.0491864183e+00   5.8000000000e-01
2.0492864183e+00   5.8000000000e-01
2.0502864183e+00   5.8000000000e-01
2.0551716161e+00   5.8000000000e-01
2.0600568140e+00   5.8000000000e-01
2.0649420118e+00   5.8000000000e-01
2.0698272097e+00   5.8000000000e-01
2.0747124075e+00   5.8000000000e-01
2.0795976054e+00   5.8000000000e-01
2.0796976054e+00   5.8000000000e-01
2.0806976054e+00   5.8000000000e-01
2.0855828032e+00   5.8000000000e-01
2.0904680011e+00   5.8000000000e-01
2.0953531989e+00   5.8000000000e-01
2.1002383968e+00   5.8000000000e-01
2.1051235946e+00   5.8000000000e-01
2.1100087925e+00   5.8000000000e-01
2.1148939903e+00   5.8000000000e-01
2.1197791882e+00   5.8000000000e-01
2.1198791882e+00   5.8000000000e-01
2.1208791882e+00   5.8000000000e-01
2.1257643860e+00   5.8000000000e-01
2.1306495839e+00   5.8000000000e-01
2.1355347817e+00   5.8000000000e-01
2.1404199796e+00   5.8000000000e-01
2.1453051775e+00   5.8000000000e-01
2.1501903753e+00   5.8000000000e-01
2.1550755732e+00   5.8000000000e-01
2.1599607710e+00   5.8000000000e-01
2.1648459689e+00   5.8000000000e-01
2.1697311667e+00   5.8000000000e-01
2.1746163646e+00   5.8000000000e-01
2.1795015624e+00   5.8000000000e-01
2.1843867603e+00   5.8000000000e-01
2.1892719581e+00   5.8000000000e-01
2.1893719581e+00   5.8000000000e-01
2.1903719581e+00   5.8000000000e-01
2.1952571560e+00   5.8000000000e-01
2.2001423538e+00   5.8000000000e-01
2.2050275517e+00   5.8000000000e-01
2.2099127495e+00   5.8000000000e-01
2.2147979474e+00   5.8000000000e-01
2.2196831452e+00   5.8000000000e-01
2.2245683431e+00   5.8000000000e-01
2.2294535409e+00   5.8000000000e-01
2.2343387388e+00   5.8000000000e-01
2.2392239366e+00   5.8000000000e-01
2.2441091345e+00   5.8000000000e-01
2.2489943323e+00   5.8000000000e-01
2.2538795302e+00   5.8000000000e-01
2.2587647280e+00   5.8000000000e-01
2.2636499259e+00   5.8000000000e-01
2.2685351237e+00   5.8000000000e-01
2.2734203216e+00   5.8000000000e-01
2.2783055194e+00   5.8000000000e-01
2.2831907173e+00   5.8000000000e-01
2.2880759151e+00   5.8000000000e-01
2.2881759151e+00   5.8000000000e-01
2.2891759151e+00   5.8000000000e-01
2.2940611130e+00   5.8000000000e-01
2.2989463108e+00   5.8000000000e-01
2.3038315087e+00   5.8000000000e-01
2.3087167065e+00   5.8000000000e-01
2.3136019044e+00   5.8000000000e-01
2.3184871022e+00   5.8000000000e-01
2.3233723001e+00   5.8000000000e-01
2.3282574979e+00   5.8000000000e-01
2.3331426958e+00   5.8000000000e-01
2.3332426958e+00   5.8000000000e-01
2.3342426958e+00   5.8000000000e-01
2.3391278936e+00   5.8000000000e-01
2.3440130915e+00   5.8000000000e-01
2.3488982893e+00   5.8000000000e-01
2.3537834872e+00   5.8000000000e-01
2.3586686850e+00   5.8000000000e-01
2.3587686850e+00   5.8000000000e-01
2.3597686850e+00   5.8000000000e-01
2.3646538829e+00   5.8000000000e-01
2.3695390807e+00   5.8000000000e-01
2.3744242786e+00   5.8000000000e-01
2.3793094764e+00   5.8000000000e-01
2.3794094764e+00   5.8000000000e-01
2.3804094764e+00   5.8000000000e-01
2.3852946743e+00   5.8000000000e-01
2.3901798721e+00   5.8000000000e-01
2.3950650700e+00   5.8000000000e-01
2.3951650700e+00   5.6000000000e-01
2.3961650700e+00   5.6000000000e-01
2.4010502678e+00   5.6000000000e-01
2.4059354657e+00   5.6000000000e-01
2.4108206635e+00   5.6000000000e-01
2.4109206635e+00   5.8000000000e-01
2.4119206635e+00   5.8000000000e-01
2.4168058614e+00   5.8000000000e-01
2.4216910592e+00   5.8000000000e-01
2.4265762571e+00   5.8000000000e-01
2.4314614549e+00   5.8000000000e-01
2.4363466528e+00   5.8000000000e-01
2.4364466528e+00   5.8000000000e-01
2.4374466528e+00   5.8000000000e-01
2.4423318506e+00   5.8000000000e-01
2.4472170485e+00   5.8000000000e-01
2.4521022463e+00   5.8000000000e-01
2.4522022463e+00   5.8000000000e-01
2.4532022463e+00   5.8000000000e-01
2.4575743818e+00   5.8000000000e-01
2.4623597291e+00   5.8000000000e-01
2.4624597291e+00   5.8000000000e-01
2.4634597291e+00   5.8000000000e-01
2.4673059115e+00   5.8000000000e-01
2.4714018299e+00   5.8000000000e-01
2.4715018299e+00   5.8000000000e-01
2.4725018299e+00   5.8000000000e-01
2.4760725693e+00   5.8000000000e-01
2.4797869640e+00   5.8000000000e-01
2.4798869640e+00   5.8000000000e-01
2.4808869640e+00   5.8000000000e-01
2.4843432522e+00   5.8000000000e-01
2.4878995136e+00   5.8000000000e-01
2.4879995136e+00   5.8000000000e-01
2.4889995136e+00   5.8000000000e-01
2.4924639573e+00   5.8000000000e-01
2.4960105639e+00   5.8000000000e-01
2.4961105639e+00   5.8000000000e-01
2.4971105639e+00   5.8000000000e-01
2.5006901382e+00   5.8000000000e-01
2.5043444292e+00   5.8000000000e-01
2.5044444292e+00   5.8000000000e-01
2.5054444292e+00   5.8000000000e-01
2.5092456078e+00   5.8000000000e-01
2.5131160280e+00   5.8000000000e-01
2.5132160280e+00   5.8000000000e-01
2.5142160280e+00   5.8000000000e-01
2.5183586482e+00   5.8000000000e-01
2.5225623019e+00   5.8000000000e-01
2.5274474998e+00   5.8000000000e-01
2.5275474998e+00   5.8000000000e-01
2.5285474998e+00   5.8000000000e-01
2.5334326976e+00   5.8000000000e-01
2.5383178955e+00   5.8000000000e-01
2.5432030933e+00   5.8000000000e-01
2.5433030933e+00   5.8000000000e-01
2.5443030933e+00   5.8000000000e-01
2.5491882912e+00   5.8000000000e-01
2.5540734890e+00   5.8000000000e-01
2.5589586869e+00   5.8000000000e-01
2.5638438847e+00   5.8000000000e-01
2.5687290826e+00   5.8000000000e-01
2.5736142804e+00   5.8000000000e-01
2.5737142804e+00   5.8000000000e-01
2.5747142804e+00   5.8000000000e-01
2.5795994783e+00   5.8000000000e-01
2.5844846761e+00   5.8000000000e-01
2.5893698740e+00   5.8000000000e-01
2.5942550718e+00   5.8000000000e-01
2.5991402697e+00   5.8000000000e-01
2.6040254675e+00   5.8000000000e-01
2.6089106654e+00   5.8000000000e-01
2.6137958632e+00   5.8000000000e-01
2.6186810611e+00   5.8000000000e-01
2.6235662589e+00   5.8000000000e-01
2.6284514568e+00   5.8000000000e-01
2.6333366546e+00   5.8000000000e-01
2.6382218525e+00   5.8000000000e-01
2.6431070503e+00   5.8000000000e-01
2.6479922482e+00   5.8000000000e-01
2.6528774460e+00   5.8000000000e-01
2.6577626439e+00   5.8000000000e-01
2.6626478417e+00   5.8000000000e-01
2.6675330396e+00   5.8000000000e-01
2.6724182374e+00   5.8000000000e-01
2.6725182374e+00   5.8000000000e-01
2.6735182374e+00   5.8000000000e-01
2.6784034353e+00   5.8000000000e-01
2.6832886331e+00   5.8000000000e-01
2.6881738310e+00   5.8000000000e-01
2.6930590288e+00   5.8000000000e-01
2.6979442267e+00   5.8000000000e-01
2.7028294245e+00   5.8000000000e-01
2.7077146224e+00   5.8000000000e-01
2.7125998203e+00   5.8000000000e-01
2.7174850181e+00   5.8000000000e-01
2.7175850181e+00   5.8000000000e-01
2.7185850181e+00   5.8000000000e-01
2.7234702160e+00   5.8000000000e-01
2.7283554138e+00   5.8000000000e-01
2.7332406117e+00   5.8000000000e-01
2.7381258095e+00   5.8000000000e-01
2.7430110074e+00   5.8000000000e-01
2.7478962052e+00   5.8000000000e-01
2.7527814031e+00   5.8000000000e-01
2.7576666009e+00   5.8000000000e-01
2.7625517988e+00   5.8000000000e-01
2.7674369966e+00   5.8000000000e-01
2.7723221945e+00   5.8000000000e-01
2.7772073923e+00   5.8000000000e-01
2.7820925902e+00   5.8000000000e-01
2.7869777880e+00   5.8000000000e-01
2.7918629859e+00   5.8000000000e-01
2.7967481837e+00   5.8000000000e-01
2.8016333816e+00   5.8000000000e-01
2.8065185794e+00   5.8000000000e-01
2.8066185794e+00   5.8000000000e-01
2.8076185794e+00   5.8000000000e-01
2.8125037773e+00   5.8000000000e-01
2.8173889751e+00   5.8000000000e-01
2.8222741730e+00   5.8000000000e-01
2.8271593708e+00   5.8000000000e-01
2.8320445687e+00   5.8000000000e-01
2.8369297665e+00   5.8000000000e-01
2.8418149644e+00   5.8000000000e-01
2.8467001622e+00   5.8000000000e-01
2.8515853601e+00   5.8000000000e-01
2.8564705579e+00   5.8000000000e-01
2.8613557558e+00   5.8000000000e-01
2.8662409536e+00   5.8000000000e-01
2.8711261515e+00   5.8000000000e-01
2.8760113493e+00   5.8000000000e-01
2.8808965472e+00   5.8000000000e-01
2.8857817450e+00   5.8000000000e-01
2.8906669429e+00   5.8000000000e-01
2.8955521407e+00   5.8000000000e-01
2.9004373386e+00   5.8000000000e-01
2.9053225364e+00   5.8000000000e-01
2.9102077343e+00   5.8000000000e-01
2.9150929321e+00   5.8000000000e-01
2.9199781300e+00   5.8000000000e-01
2.9200781300e+00   5.8000000000e-01
2.9210781300e+00   5.8000000000e-01
2.9259633278e+00   5.8000000000e-01
2.9308485257e+00   5.8000000000e-01
2.9357337235e+00   5.8000000000e-01
2.9406189214e+00   5.8000000000e-01
2.9455041192e+00   5.8000000000e-01
2.9503893171e+00   5.8000000000e-01
2.9552745149e+00   5.8000000000e-01
2.9553745149e+00   5.8000000000e-01
2.9563745149e+00   5.8000000000e-01
2.9612597128e+00   5.8000000000e-01
2.9661449106e+00   5.8000000000e-01
2.9710301085e+00   5.8000000000e-01
2.9759153063e+00   5.8000000000e-01
2.9808005042e+00   5.8000000000e-01
2.9809005042e+00   5.8000000000e-01
2.9819005042e+00   5.8000000000e-01
2.9867857020e+00   5.8000000000e-01
2.9916708999e+00   5.8000000000e-01
2.9965560977e+00   5.8000000000e-01
3.0014412956e+00   5.8000000000e-01
3.0015412956e+00   5.8000000000e-01
3.0025412956e+00   5.8000000000e-01
3.0074264934e+00   5.8000000000e-01
3.0123116913e+00   5.8000000000e-01
3.0171968891e+00   5.8000000000e-01
3.0172968891e+00   5.2000000000e-01
3.0182968891e+00   5.2000000000e-01
3.0231820870e+00   5.2000000000e-01
3.0280672848e+00   5.2000000000e-01
3.0329524827e+00   5.2000000000e-01
3.0330524827e+00   5.6000000000e-01
3.0340524827e+00   5.6000000000e-01
3.0389376805e+00   5.6000000000e-01
3.0438228784e+00   5.6000000000e-01
3.0487080762e+00   5.6000000000e-01
3.0535932741e+00   5.6000000000e-01
3.0584784719e+00   5.6000000000e-01
3.0585784719e+00   5.8000000000e-01
3.0595784719e+00   5.8000000000e-01
3.0644636698e+00   5.8000000000e-01
3.0693488676e+00   5.8000000000e-01
3.0742340655e+00   5.8000000000e-01
3.0743340655e+00   5.8000000000e-01
3.0753340655e+00   5.8000000000e-01
3.0793331141e+00   5.8000000000e-01
3.0836345232e+00   5.8000000000e-01
3.0837345232e+00   5.8000000000e-01
3.0847345232e+00   5.8000000000e-01
3.0883901912e+00   5.8000000000e-01
3.0922127660e+00   5.8000000000e-01
3.0923127660e+00   5.8000000000e-01
3.0933127660e+00   5.8000000000e-01
3.0968082501e+00   5.8000000000e-01
3.1004136466e+00   5.8000000000e-01
3.1005136466e+00   5.8000000000e-01
3.1015136466e+00   5.8000000000e-01
3.1049814136e+00   5.8000000000e-01
3.1085349219e+00   5.8000000000e-01
3.1086349219e+00   5.8000000000e-01
3.1096349219e+00   5.8000000000e-01
3.1131860197e+00   5.8000000000e-01
3.1168131107e+00   5.8000000000e-01
3.1169131107e+00   5.8000000000e-01
3.1179131107e+00   5.8000000000e-01
3.1216536474e+00   5.8000000000e-01
3.1254644863e+00   5.8000000000e-01
3.1255644863e+00   5.8000000000e-01
3.1265644863e+00   5.8000000000e-01
3.1306096925e+00   5.8000000000e-01
3.1347179516e+00   5.8000000000e-01
3.1395023732e+00   5.8000000000e-01
3.1396023732e+00   5.8000000000e-01
3.1406023732e+00   5.8000000000e-01
3.1453694500e+00   5.8000000000e-01
3.1501785376e+00   5.8000000000e-01
3.1550637355e+00   5.8000000000e-01
3.1551637355e+00   5.8000000000e-01
3.1561637355e+00   5.8000000000e-01
3.1610489333e+00   5.8000000000e-01
3.1659341312e+00   5.8000000000e-01
3.1708193290e+00   5.8000000000e-01
3.1757045269e+00   5.8000000000e-01
3.1805897247e+00   5.8000000000e-01
3.1806897247e+00   5.8000000000e-01
3.1816897247e+00   5.8000000000e-01
3.1865749226e+00   5.8000000000e-01
3.1914601204e+00   5.8000000000e-01
3.1963453183e+00   5.8000000000e-01
3.2012305161e+00   5.8000000000e-01
3.2061157140e+00   5.8000000000e-01
3.2110009118e+00   5.8000000000e-01
3.2158861097e+00   5.8000000000e-01
3.2207713075e+00   5.8000000000e-01
3.2256565054e+00   5.8000000000e-01
3.2305417033e+00   5.8000000000e-01
3.2354269011e+00   5.8000000000e-01
3.2403120990e+00   5.8000000000e-01
3.2451972968e+00   5.8000000000e-01
3.2500824947e+00   5.8000000000e-01
3.2549676925e+00   5.8000000000e-01
3.2598528904e+00   5.8000000000e-01
3.2647380882e+00   5.8000000000e-01
3.2696232861e+00   5.8000000000e-01
3.2745084839e+00   5.8000000000e-01
3.2793936818e+00   5.8000000000e-01
3.2842788796e+00   5.8000000000e-01
3.2891640775e+00   5.8000000000e-01
3.2940492753e+00   5.8000000000e-01
3.2941492753e+00   5.8000000000e-01
3.2951492753e+00   5.8000000000e-01
3.3000344732e+00   5.8000000000e-01
3.3049196710e+00   5.8000000000e-01
3.3098048689e+00   5.8000000000e-01
3.3146900667e+00   5.8000000000e-01
3.3195752646e+00   5.8000000000e-01
3.3244604624e+00   5.8000000000e-01
3.3293456603e+00   5.8000000000e-01
3.3342308581e+00   5.8000000000e-01
3.3391160560e+00   5.8000000000e-01
3.3392160560e+00   5.8000000000e-01
3.3402160560e+00   5.8000000000e-01
3.3451012538e+00   5.8000000000e-01
3.3499864517e+00   5.8000000000e-01
3.3548716495e+00   5.8000000000e-01
3.3597568474e+00   5.8000000000e-01
3.3646420452e+00   5.8000000000e-01
3.3695272431e+00   5.8000000000e-01
3.3744124409e+00   5.8000000000e-01
3.3792976388e+00   5.8000000000e-01
3.3841828366e+00   5.8000000000e-01
3.3890680345e+00   5.8000000000e-01
3.3939532323e+00   5.8000000000e-01
3.3988384302e+00   5.8000000000e-01
3.4037236280e+00   5.8000000000e-01
3.4086088259e+00   5.8000000000e-01
3.4134940237e+00   5.8000000000e-01
3.4183792216e+00   5.8000000000e-01
3.4232644194e+00   5.8000000000e-01
3.4281496173e+00   5.8000000000e-01
3.4330348151e+00   5.8000000000e-01
3.4379200130e+00   5.8000000000e-01
3.4428052108e+00   5.8000000000e-01
3.4476904087e+00   5.8000000000e-01
3.4525756065e+00   5.8000000000e-01
3.4526756065e+00   5.8000000000e-01
3.4536756065e+00   5.8000000000e-01
3.4585608044e+00   5.8000000000e-01
3.4634460022e+00   5.8000000000e-01
3.4683312001e+00   5.8000000000e-01
3.4732163979e+00   5.8000000000e-01
3.4781015958e+00   5.8000000000e-01
3.4829867936e+00   5.8000000000e-01
3.4878719915e+00   5.8000000000e-01
3.4927571893e+00   5.8000000000e-01
3.4976423872e+00   5.8000000000e-01
3.5025275850e+00   5.8000000000e-01
3.5074127829e+00   5.8000000000e-01
3.5122979807e+00   5.8000000000e-01
3.5171831786e+00   5.8000000000e-01
3.5220683764e+00   5.8000000000e-01
3.5269535743e+00   5.8000000000e-01
3.5318387721e+00   5.8000000000e-01
3.5367239700e+00   5.8000000000e-01
3.5368239700e+00   5.8000000000e-01
3.5378239700e+00   5.8000000000e-01
3.5427091678e+00   5.8000000000e-01
3.5475943657e+00   5.8000000000e-01
3.5524795635e+00   5.8000000000e-01
3.5573647614e+00   5.8000000000e-01
3.5622499592e+00   5.8000000000e-01
3.5671351571e+00   5.8000000000e-01
3.5720203549e+00   5.8000000000e-01
3.5721203549e+00   5.8000000000e-01
3.5731203549e+00   5.8000000000e-01
3.5780055528e+00   5.8000000000e-01
3.5828907506e+00   5.8000000000e-01
3.5877759485e+00   5.8000000000e-01
3.5926611463e+00   5.8000000000e-01
3.5927611463e+00   5.8000000000e-01
3.5937611463e+00   5.8000000000e-01
3.5986463442e+00   5.8000000000e-01
3.6035315420e+00   5.8000000000e-01
3.6084167399e+00   5.8000000000e-01
3.6133019377e+00   5.8000000000e-01
3.6134019377e+00   5.8000000000e-01
3.6144019377e+00   5.8000000000e-01
3.6192871356e+00   5.8000000000e-01
3.6241723334e+00   5.8000000000e-01
3.6290575313e+00   5.8000000000e-01
3.6339427291e+00   5.8000000000e-01
3.6340427291e+00   3.6000000000e-01
3.6350427291e+00   3.6000000000e-01
3.6399279270e+00   3.6000000000e-01
3.6448131248e+00   3.6000000000e-01
3.6449131248e+00   4.4000000000e-01
3.6459131248e+00   4.4000000000e-01
3.6507983227e+00   4.4000000000e-01
3.6556835205e+00   4.4000000000e-01
3.6605687184e+00   4.4000000000e-01
3.6654539162e+00   4.4000000000e-01
3.6655539162e+00   5.8000000000e-01
3.6665539162e+00   5.8000000000e-01
3.6714391141e+00   5.8000000000e-01
3.6763243119e+00   5.8000000000e-01
3.6812095098e+00   5.8000000000e-01
3.6813095098e+00   5.8000000000e-01
3.6823095098e+00   5.8000000000e-01
3.6865806619e+00   5.8000000000e-01
3.6912250575e+00   5.8000000000e-01
3.6913250575e+00   5.8000000000e-01
3.6923250575e+00   5.8000000000e-01
3.6961533856e+00   5.8000000000e-01
3.7001901890e+00   5.8000000000e-01
3.7002901890e+00   5.8000000000e-01
3.7012901890e+00   5.8000000000e-01
3.7048977820e+00   5.8000000000e-01
3.7086308154e+00   5.8000000000e-01
3.7087308154e+00   5.8000000000e-01
3.7097308154e+00   5.8000000000e-01
3.7132679103e+00   5.8000000000e-01
3.7168956220e+00   5.8000000000e-01
3.7169956220e+00   5.8000000000e-01
3.7179956220e+00   5.8000000000e-01
3.7215825473e+00   5.8000000000e-01
3.7252459271e+00   5.8000000000e-01
3.7253459271e+00   5.8000000000e-01
3.7263459271e+00   5.8000000000e-01
3.7300928070e+00   5.8000000000e-01
3.7339089703e+00   5.8000000000e-01
3.7340089703e+00   5.8000000000e-01
3.7350089703e+00   5.8000000000e-01
3.7390307946e+00   5.8000000000e-01
3.7431145516e+00   5.8000000000e-01
3.7478155789e+00   5.8000000000e-01
3.7479155789e+00   5.8000000000e-01
3.7489155789e+00   5.8000000000e-01
3.7536030218e+00   5.8000000000e-01
3.7583325999e+00   5.8000000000e-01
3.7632177977e+00   5.8000000000e-01
3.7633177977e+00   5.8000000000e-01
3.7643177977e+00   5.8000000000e-01
3.7692029956e+00   5.8000000000e-01
3.7740881934e+00   5.8000000000e-01
3.7789733913e+00   5.8000000000e-01
3.7838585891e+00   5.8000000000e-01
3.7887437870e+00   5.8000000000e-01
3.7888437870e+00   5.8000000000e-01
3.7898437870e+00   5.8000000000e-01
3.7947289848e+00   5.8000000000e-01
3.7996141827e+00   5.8000000000e-01
3.8044993805e+00   5.8000000000e-01
3.8093845784e+00   5.8000000000e-01
3.8142697762e+00   5.8000000000e-01
3.8191549741e+00   5.8000000000e-01
3.8240401719e+00   5.8000000000e-01
3.8289253698e+00   5.8000000000e-01
3.8338105676e+00   5.8000000000e-01
3.8386957655e+00   5.8000000000e-01
3.8435809633e+00   5.8000000000e-01
3.8484661612e+00   5.8000000000e-01
3.8533513590e+00   5.8000000000e-01
3.8582365569e+00   5.8000000000e-01
3.8631217547e+00   5.8000000000e-01
3.8680069526e+00   5.8000000000e-01
3.8728921504e+00   5.8000000000e-01
3.8777773483e+00   5.8000000000e-01
3.8826625461e+00   5.8000000000e-01
3.8875477440e+00   5.8000000000e-01
3.8924329418e+00   5.8000000000e-01
3.8973181397e+00   5.8000000000e-01
3.9022033375e+00   5.8000000000e-01
3.9070885354e+00   5.8000000000e-01
3.9119737332e+00   5.8000000000e-01
3.9168589311e+00   5.8000000000e-01
3.9169589311e+00   5.8000000000e-01
3.9179589311e+00   5.8000000000e-01
3.9228441289e+00   5.8000000000e-01
3.9277293268e+00   5.8000000000e-01
3.9326145246e+00   5.8000000000e-01
3.9374997225e+00   5.8000000000e-01
3.9423849203e+00   5.8000000000e-01
3.9472701182e+00   5.8000000000e-01
3.9521553160e+00   5.8000000000e-01
3.9570405139e+00   5.8000000000e-01
3.9619257117e+00   5.8000000000e-01
3.9668109096e+00   5.8000000000e-01
3.9716961074e+00   5.8000000000e-01
3.9717961074e+00   5.8000000000e-01
3.9727961074e+00   5.8000000000e-01
3.9776813053e+00   5.8000000000e-01
3.9825665031e+00   5.8000000000e-01
3.9874517010e+00   5.8000000000e-01
3.9923368988e+00   5.8000000000e-01
3.9972220967e+00   5.8000000000e-01
4.0021072945e+00   5.8000000000e-01
4.0069924924e+00   5.8000000000e-01
4.0118776902e+00   5.8000000000e-01
4.0167628881e+00   5.8000000000e-01
4.0216480859e+00   5.8000000000e-01
4.0265332838e+00   5.8000000000e-01
4.0314184816e+00   5.8000000000e-01
4.0363036795e+00   5.8000000000e-01
4.0411888773e+00   5.8000000000e-01
4.0460740752e+00   5.8000000000e-01
4.0509592730e+00   5.8000000000e-01
4.0558444709e+00   5.8000000000e-01
4.0607296687e+00   5.8000000000e-01
4.0656148666e+00   5.8000000000e-01
4.0705000644e+00   5.8000000000e-01
4.0753852623e+00   5.8000000000e-01
4.0802704601e+00   5.8000000000e-01
4.0851556580e+00   5.8000000000e-01
4.0900408558e+00   5.8000000000e-01
4.0949260537e+00   5.8000000000e-01
4.0998112515e+00   5.8000000000e-01
4.1046964494e+00   5.8000000000e-01
4.1095816472e+00   5.8000000000e-01
4.1144668451e+00   5.8000000000e-01
4.1193520429e+00   5.8000000000e-01
4.1242372408e+00   5.8000000000e-01
4.1243372408e+00   5.8000000000e-01
4.1253372408e+00   5.8000000000e-01
4.1302224386e+00   5.8000000000e-01
4.1351076365e+00   5.8000000000e-01
4.1399928343e+00   5.8000000000e-01
4.1448780322e+00   5.8000000000e-01
4.1497632300e+00   5.8000000000e-01
4.1546484279e+00   5.8000000000e-01
4.1595336257e+00   5.8000000000e-01
4.1644188236e+00   5.8000000000e-01
4.1645188236e+00   5.8000000000e-01
4.1655188236e+00   5.8000000000e-01
4.1704040214e+00   5.8000000000e-01
4.1752892193e+00   5.8000000000e-01
4.1801744171e+00   5.8000000000e-01
4.1850596150e+00   5.8000000000e-01
4.1899448128e+00   5.8000000000e-01
4.1900448128e+00   5.8000000000e-01
4.1910448128e+00   5.8000000000e-01
4.1959300107e+00   5.8000000000e-01
4.2008152085e+00   5.8000000000e-01
4.2057004064e+00   5.8000000000e-01
4.2105856043e+00   5.8000000000e-01
4.2106856043e+00   5.8000000000e-01
4.2116856043e+00   5.8000000000e-01
4.2165708021e+00   5.8000000000e-01
4.2214560000e+00   5.8000000000e-01
4.2263411978e+00   5.8000000000e-01
4.2312263957e+00   5.8000000000e-01
4.2313263957e+00   5.8000000000e-01
4.2323263957e+00   5.8000000000e-01
4.2372115935e+00   5.8000000000e-01
4.2420967914e+00   5.8000000000e-01
4.2469819892e+00   5.8000000000e-01
4.2518671871e+00   5.8000000000e-01
4.2567523849e+00   5.8000000000e-01
4.2568523849e+00   5.8000000000e-01
4.2578523849e+00   5.8000000000e-01
4.2627375828e+00   5.8000000000e-01
4.2676227806e+00   5.8000000000e-01
4.2725079785e+00   5.8000000000e-01
4.2773931763e+00   5.8000000000e-01
4.2774931763e+00   5.8000000000e-01
4.2784931763e+00   5.8000000000e-01
4.2832022531e+00   5.8000000000e-01
4.2880874510e+00   5.8000000000e-01
4.2881874510e+00   5.8000000000e-01
4.2891874510e+00   5.8000000000e-01
4.2933727543e+00   5.8000000000e-01
4.2978092186e+00   5.8000000000e-01
4.2979092186e+00   5.8000000000e-01
4.2989092186e+00   5.8000000000e-01
4.3028268106e+00   5.8000000000e-01
4.3068820147e+00   5.8000000000e-01
4.3069820147e+00   5.8000000000e-01
4.3079820147e+00   5.8000000000e-01
4.3118089756e+00   5.8000000000e-01
4.3157258516e+00   5.8000000000e-01
4.3158258516e+00   5.8000000000e-01
4.3168258516e+00   5.8000000000e-01
4.3207015111e+00   5.8000000000e-01
4.3246467755e+00   5.8000000000e-01
4.3247467755e+00   5.8000000000e-01
4.3257467755e+00   5.8000000000e-01
4.3297978450e+00   5.8000000000e-01
4.3339071118e+00   5.8000000000e-01
4.3340071118e+00   5.8000000000e-01
4.3350071118e+00   5.8000000000e-01
4.3393654760e+00   5.8000000000e-01
4.3437703979e+00   5.8000000000e-01
4.3486555958e+00   5.8000000000e-01
4.3487555958e+00   5.8000000000e-01
4.3497555958e+00   5.8000000000e-01
4.3546407936e+00   5.8000000000e-01
4.3595259915e+00   5.8000000000e-01
4.3644111893e+00   5.8000000000e-01
4.3645111893e+00   5.8000000000e-01
4.3655111893e+00   5.8000000000e-01
4.3703963872e+00   5.8000000000e-01
4.3752815850e+00   5.8000000000e-01
4.3801667829e+00   5.8000000000e-01
4.3850519807e+00   5.8000000000e-01
4.3899371786e+00   5.8000000000e-01
4.3900371786e+00   5.8000000000e-01
4.3910371786e+00   5.8000000000e-01
4.3959223764e+00   5.8000000000e-01
4.4008075743e+00   5.8000000000e-01
4.4056927721e+00   5.8000000000e-01
4.4105779700e+00   5.8000000000e-01
4.4154631678e+00   5.8000000000e-01
4.4203483657e+00   5.8000000000e-01
4.4252335635e+00   5.8000000000e-01
4.4301187614e+00   5.8000000000e-01
4.4350039592e+00   5.8000000000e-01
4.4398891571e+00   5.8000000000e-01
4.4447743549e+00   5.8000000000e-01
4.4496595528e+00   5.8000000000e-01
4.4545447506e+00   5.8000000000e-01
4.4594299485e+00   5.8000000000e-01
4.4643151463e+00   5.8000000000e-01
4.4692003442e+00   5.8000000000e-01
4.4740855420e+00   5.8000000000e-01
4.4789707399e+00   5.8000000000e-01
4.4838559377e+00   5.8000000000e-01
4.4887411356e+00   5.8000000000e-01
4.4936263334e+00   5.8000000000e-01
4.4985115313e+00   5.8000000000e-01
4.5033967291e+00   5.8000000000e-01
4.5082819270e+00   5.8000000000e-01
4.5131671249e+00   5.8000000000e-01
4.5180523227e+00   5.8000000000e-01
4.5229375206e+00   5.8000000000e-01
4.5278227184e+00   5.8000000000e-01
4.5327079163e+00   5.8000000000e-01
4.5375931141e+00   5.8000000000e-01
4.5424783120e+00   5.8000000000e-01
4.5473635098e+00   5.8000000000e-01
4.5522487077e+00   5.8000000000e-01
4.5571339055e+00   5.8000000000e-01
4.5572339055e+00   5.8000000000e-01
4.5582339055e+00   5.8000000000e-01
4.5631191034e+00   5.8000000000e-01
4.5680043012e+00   5.8000000000e-01
4.5728894991e+00   5.8000000000e-01
4.5777746969e+00   5.8000000000e-01
4.5826598948e+00   5.8000000000e-01
4.5875450926e+00   5.8000000000e-01
4.5924302905e+00   5.8000000000e-01
4.5973154883e+00   5.8000000000e-01
4.6022006862e+00   5.8000000000e-01
4.6070858840e+00   5.8000000000e-01
4.6119710819e+00   5.8000000000e-01
4.6168562797e+00   5.8000000000e-01
4.6217414776e+00   5.8000000000e-01
4.6266266754e+00   5.8000000000e-01
4.6315118733e+00   5.8000000000e-01
4.6363970711e+00   5.8000000000e-01
4.6412822690e+00   5.8000000000e-01
4.6461674668e+00   5.8000000000e-01
4.6510526647e+00   5.8000000000e-01
4.6559378625e+00   5.8000000000e-01
4.6608230604e+00   5.8000000000e-01
4.6657082582e+00   5.8000000000e-01
4.6705934561e+00   5.8000000000e-01
4.6754786539e+00   5.8000000000e-01
4.6803638518e+00   5.8000000000e-01
4.6852490496e+00   5.8000000000e-01
4.6901342475e+00   5.8000000000e-01
4.6950194453e+00   5.8000000000e-01
4.6999046432e+00   5.8000000000e-01
4.7047898410e+00   5.8000000000e-01
4.7096750389e+00   5.8000000000e-01
4.7145602367e+00   5.8000000000e-01
4.7194454346e+00   5.8000000000e-01
4.7195454346e+00   5.8000000000e-01
4.7205454346e+00   5.8000000000e-01
4.7254306324e+00   5.8000000000e-01
4.7303158303e+00   5.8000000000e-01
4.7352010281e+00   5.8000000000e-01
4.7400862260e+00   5.8000000000e-01
4.7449714238e+00   5.8000000000e-01
4.7498566217e+00   5.8000000000e-01
4.7547418195e+00   5.8000000000e-01
4.7596270174e+00   5.8000000000e-01
4.7597270174e+00   5.8000000000e-01
4.7607270174e+00   5.8000000000e-01
4.7656122152e+00   5.8000000000e-01
4.7704974131e+00   5.8000000000e-01
4.7753826109e+00   5.8000000000e-01
4.7802678088e+00   5.8000000000e-01
4.7851530066e+00   5.8000000000e-01
4.7852530066e+00   5.8000000000e-01
4.7862530066e+00   5.8000000000e-01
4.7911382045e+00   5.8000000000e-01
4.7960234023e+00   5.8000000000e-01
4.8009086002e+00   5.8000000000e-01
4.8057937980e+00   5.8000000000e-01
4.8106789959e+00   5.8000000000e-01
4.8107789959e+00   5.8000000000e-01
4.8117789959e+00   5.8000000000e-01
4.8166641937e+00   5.8000000000e-01
4.8215493916e+00   5.8000000000e-01
4.8264345894e+00   5.8000000000e-01
4.8313197873e+00   5.8000000000e-01
4.8362049851e+00   5.8000000000e-01
4.8410901830e+00   5.8000000000e-01
4.8459753808e+00   5.8000000000e-01
4.8460753808e+00   5.8000000000e-01
4.8470753808e+00   5.8000000000e-01
4.8519605787e+00   5.8000000000e-01
4.8568457765e+00   5.8000000000e-01
4.8617309744e+00   5.8000000000e-01
4.8666161722e+00   5.8000000000e-01
4.8667161722e+00   5.8000000000e-01
4.8677161722e+00   5.8000000000e-01
4.8726013701e+00   5.8000000000e-01
4.8774865679e+00   5.8000000000e-01
4.8823717658e+00   5.8000000000e-01
4.8824717658e+00   5.8000000000e-01
4.8834717658e+00   5.8000000000e-01
4.8883569636e+00   5.8000000000e-01
4.8932421615e+00   5.8000000000e-01
4.8981273593e+00   5.8000000000e-01
4.8982273593e+00   5.8000000000e-01
4.8992273593e+00   5.8000000000e-01
4.9040763873e+00   5.8000000000e-01
4.9089615852e+00   5.8000000000e-01
4.9138467830e+00   5.8000000000e-01
4.9139467830e+00   5.8000000000e-01
4.9149467830e+00   5.8000000000e-01
4.9198319809e+00   5.8000000000e-01
4.9247171787e+00   5.8000000000e-01
4.9296023766e+00   5.8000000000e-01
4.9297023766e+00   5.8000000000e-01
4.9307023766e+00   5.8000000000e-01
4.9355875744e+00   5.8000000000e-01
4.9404727723e+00   5.8000000000e-01
4.9453579701e+00   5.8000000000e-01
4.9502431680e+00   5.8000000000e-01
4.9503431680e+00   5.8000000000e-01
4.9513431680e+00   5.8000000000e-01
4.9562283658e+00   5.8000000000e-01
4.9611135637e+00   5.8000000000e-01
4.9659987615e+00   5.8000000000e-01
4.9708839594e+00   5.8000000000e-01
4.9757691572e+00   5.8000000000e-01
4.9806543551e+00   5.8000000000e-01
4.9807543551e+00   5.8000000000e-01
4.9817543551e+00   5.8000000000e-01
4.9866395529e+00   5.8000000000e-01
4.9915247508e+00   5.8000000000e-01
4.9964099486e+00   5.8000000000e-01
5.0012951465e+00   5.8000000000e-01
5.0061803443e+00   5.8000000000e-01
5.0110655422e+00   5.8000000000e-01
5.0159507400e+00   5.8000000000e-01
5.0208359379e+00   5.8000000000e-01
5.0257211357e+00   5.8000000000e-01
5.0306063336e+00   5.8000000000e-01
5.0307063336e+00   5.8000000000e-01
5.0317063336e+00   5.8000000000e-01
5.0365915314e+00   5.8000000000e-01
5.0414767293e+00   5.8000000000e-01
5.0463619272e+00   5.8000000000e-01
5.0512471250e+00   5.8000000000e-01
5.0561323229e+00   5.8000000000e-01
5.0610175207e+00   5.8000000000e-01
5.0659027186e+00   5.8000000000e-01
5.0707879164e+00   5.8000000000e-01
5.0756731143e+00   5.8000000000e-01
5.0805583121e+00   5.8000000000e-01
5.0854435100e+00   5.8000000000e-01
5.0903287078e+00   5.8000000000e-01
5.0952139057e+00   5.8000000000e-01
5.1000991035e+00   5.8000000000e-01
5.1049843014e+00   5.8000000000e-01
5.1098694992e+00   5.8000000000e-01
5.1147546971e+00   5.8000000000e-01
5.1196398949e+00   5.8000000000e-01
5.1245250928e+00   5.8000000000e-01
5.1294102906e+00   5.8000000000e-01
5.1342954885e+00   5.8000000000e-01
5.1391806863e+00   5.8000000000e-01
5.1440658842e+00   5.8000000000e-01
5.1489510820e+00   5.8000000000e-01
5.1538362799e+00   5.8000000000e-01
5.1587214777e+00   5.8000000000e-01
5.1636066756e+00   5.8000000000e-01
5.1684918734e+00   5.8000000000e-01
5.1733770713e+00   5.8000000000e-01
5.1782622691e+00   5.8000000000e-01
5.1831474670e+00   5.8000000000e-01
5.1880326648e+00   5.8000000000e-01
5.1929178627e+00   5.8000000000e-01
5.1930178627e+00   5.8000000000e-01
5.1940178627e+00   5.8000000000e-01
5.1989030605e+00   5.8000000000e-01
5.2037882584e+00   5.8000000000e-01
5.2086734562e+00   5.8000000000e-01
5.2135586541e+00   5.8000000000e-01
5.2184438519e+00   5.8000000000e-01
5.2233290498e+00   5.8000000000e-01
5.2282142476e+00   5.8000000000e-01
5.2330994455e+00   5.8000000000e-01
5.2379846433e+00   5.8000000000e-01
5.2428698412e+00   5.8000000000e-01
5.2477550390e+00   5.8000000000e-01
5.2526402369e+00   5.8000000000e-01
5.2575254347e+00   5.8000000000e-01
5.2576254347e+00   5.8000000000e-01
5.2586254347e+00   5.8000000000e-01
5.2635106326e+00   5.8000000000e-01
5.2683958304e+00   5.8000000000e-01
5.2732810283e+00   5.8000000000e-01
5.2781662261e+00   5.8000000000e-01
5.2830514240e+00   5.8000000000e-01
5.2879366218e+00   5.8000000000e-01
5.2928218197e+00   5.8000000000e-01
5.2977070175e+00   5.8000000000e-01
5.3025922154e+00   5.8000000000e-01
5.3074774132e+00   5.8000000000e-01
5.3123626111e+00   5.8000000000e-01
5.3172478089e+00   5.8000000000e-01
5.3221330068e+00   5.8000000000e-01
5.3270182046e+00   5.8000000000e-01
5.3319034025e+00   5.8000000000e-01
5.3367886003e+00   5.8000000000e-01
5.3416737982e+00   5.8000000000e-01
5.3465589960e+00   5.8000000000e-01
5.3514441939e+00   5.8000000000e-01
5.3563293917e+00   5.8000000000e-01
5.3612145896e+00   5.8000000000e-01
5.3660997874e+00   5.8000000000e-01
5.3709849853e+00   5.8000000000e-01
5.3758701831e+00   5.8000000000e-01
5.3807553810e+00   5.8000000000e-01
5.3856405788e+00   5.8000000000e-01
5.3857405788e+00   5.8000000000e-01
5.3867405788e+00   5.8000000000e-01
5.3916257767e+00   5.8000000000e-01
5.3965109745e+00   5.8000000000e-01
5.4013961724e+00   5.8000000000e-01
5.4062813702e+00   5.8000000000e-01
5.4111665681e+00   5.8000000000e-01
5.4160517659e+00   5.8000000000e-01
5.4209369638e+00   5.8000000000e-01
5.4210369638e+00   5.8000000000e-01
5.4220369638e+00   5.8000000000e-01
5.4269221616e+00   5.8000000000e-01
5.4318073595e+00   5.8000000000e-01
5.4366925573e+00   5.8000000000e-01
5.4415777552e+00   5.8000000000e-01
5.4464629530e+00   5.8000000000e-01
5.4465629530e+00   5.8000000000e-01
5.4475629530e+00   5.8000000000e-01
5.4524481509e+00   5.8000000000e-01
5.4573333487e+00   5.8000000000e-01
5.4622185466e+00   5.8000000000e-01
5.4671037444e+00   5.8000000000e-01
5.4719889423e+00   5.8000000000e-01
5.4720889423e+00   5.6000000000e-01
5.4730889423e+00   5.6000000000e-01
5.4779741401e+00   5.6000000000e-01
5.4828593380e+00   5.6000000000e-01
5.4877445358e+00   5.6000000000e-01
5.4926297337e+00   5.6000000000e-01
5.4975149315e+00   5.6000000000e-01
5.5024001294e+00   5.6000000000e-01
5.5025001294e+00   5.8000000000e-01
5.5035001294e+00   5.8000000000e-01
5.5083853272e+00   5.8000000000e-01
5.5132705251e+00   5.8000000000e-01
5.5181557229e+00   5.8000000000e-01
5.5230409208e+00   5.8000000000e-01
5.5279261187e+00   5.8000000000e-01
5.5280261187e+00   5.8000000000e-01
5.5290261187e+00   5.8000000000e-01
5.5339113165e+00   5.8000000000e-01
5.5387965144e+00   5.8000000000e-01
5.5436817122e+00   5.8000000000e-01
5.5437817122e+00   5.8000000000e-01
5.5447817122e+00   5.8000000000e-01
5.5494929702e+00   5.8000000000e-01
5.5543781680e+00   5.8000000000e-01
5.5544781680e+00   5.8000000000e-01
5.5554781680e+00   5.8000000000e-01
5.5600492769e+00   5.8000000000e-01
5.5647138635e+00   5.8000000000e-01
5.5648138635e+00   5.8000000000e-01
5.5658138635e+00   5.8000000000e-01
5.5704361923e+00   5.8000000000e-01
5.5751110540e+00   5.8000000000e-01
5.5799962519e+00   5.8000000000e-01
5.5800962519e+00   5.8000000000e-01
5.5810962519e+00   5.8000000000e-01
5.5859814497e+00   5.8000000000e-01
5.5908666476e+00   5.8000000000e-01
5.5957518454e+00   5.8000000000e-01
5.5958518454e+00   5.8000000000e-01
5.5968518454e+00   5.8000000000e-01
5.6017370433e+00   5.8000000000e-01
5.6066222411e+00   5.8000000000e-01
5.6115074390e+00   5.8000000000e-01
5.6163926368e+00   5.8000000000e-01
5.6164926368e+00   5.8000000000e-01
5.6174926368e+00   5.8000000000e-01
5.6223778347e+00   5.8000000000e-01
5.6272630325e+00   5.8000000000e-01
5.6321482304e+00   5.8000000000e-01
5.6370334282e+00   5.8000000000e-01
5.6419186261e+00   5.8000000000e-01
5.6468038239e+00   5.8000000000e-01
5.6469038239e+00   5.8000000000e-01
5.6479038239e+00   5.8000000000e-01
5.6527890218e+00   5.8000000000e-01
5.6576742196e+00   5.8000000000e-01
5.6625594175e+00   5.8000000000e-01
5.6674446153e+00   5.8000000000e-01
5.6723298132e+00   5.8000000000e-01
5.6772150110e+00   5.8000000000e-01
5.6821002089e+00   5.8000000000e-01
5.6869854067e+00   5.8000000000e-01
5.6918706046e+00   5.8000000000e-01
5.6967558024e+00   5.8000000000e-01
5.7016410003e+00   5.8000000000e-01
5.7017410003e+00   5.8000000000e-01
5.7027410003e+00   5.8000000000e-01
5.7076261981e+00   5.8000000000e-01
5.7125113960e+00   5.8000000000e-01
5.7173965938e+00   5.8000000000e-01
5.7222817917e+00   5.8000000000e-01
5.7271669895e+00   5.8000000000e-01
5.7320521874e+00   5.8000000000e-01
5.7369373852e+00   5.8000000000e-01
5.7418225831e+00   5.8000000000e-01
5.7467077809e+00   5.8000000000e-01
5.7515929788e+00   5.8000000000e-01
5.7564781766e+00   5.8000000000e-01
5.7613633745e+00   5.8000000000e-01
5.7662485723e+00   5.8000000000e-01
5.7711337702e+00   5.8000000000e-01
5.7760189680e+00   5.8000000000e-01
5.7809041659e+00   5.8000000000e-01
5.7857893637e+00   5.8000000000e-01
5.7906745616e+00   5.8000000000e-01
5.7955597594e+00   5.8000000000e-01
5.8004449573e+00   5.8000000000e-01
5.8053301551e+00   5.8000000000e-01
5.8102153530e+00   5.8000000000e-01
5.8151005508e+00   5.8000000000e-01
5.8199857487e+00   5.8000000000e-01
5.8248709465e+00   5.8000000000e-01
5.8297561444e+00   5.8000000000e-01
5.8346413422e+00   5.8000000000e-01
5.8347413422e+00   5.8000000000e-01
5.8357413422e+00   5.8000000000e-01
5.8406265401e+00   5.8000000000e-01
5.8455117379e+00   5.8000000000e-01
5.8503969358e+00   5.8000000000e-01
5.8552821336e+00   5.8000000000e-01
5.8601673315e+00   5.8000000000e-01
5.8650525293e+00   5.8000000000e-01
5.8699377272e+00   5.8000000000e-01
5.8748229250e+00   5.8000000000e-01
5.8797081229e+00   5.8000000000e-01
5.8845933207e+00   5.8000000000e-01
5.8894785186e+00   5.8000000000e-01
5.8943637164e+00   5.8000000000e-01
5.8992489143e+00   5.8000000000e-01
5.9041341121e+00   5.8000000000e-01
5.9090193100e+00   5.8000000000e-01
5.9139045078e+00   5.8000000000e-01
5.9140045078e+00   5.8000000000e-01
5.9150045078e+00   5.8000000000e-01
5.9198897057e+00   5.8000000000e-01
5.9247749035e+00   5.8000000000e-01
5.9296601014e+00   5.8000000000e-01
5.9345452992e+00   5.8000000000e-01
5.9394304971e+00   5.8000000000e-01
5.9443156949e+00   5.8000000000e-01
5.9492008928e+00   5.8000000000e-01
5.9540860907e+00   5.8000000000e-01
5.9589712885e+00   5.8000000000e-01
5.9638564864e+00   5.8000000000e-01
5.9687416842e+00   5.8000000000e-01
5.9736268821e+00   5.8000000000e-01
5.9785120799e+00   5.8000000000e-01
5.9833972778e+00   5.8000000000e-01
5.9882824756e+00   5.8000000000e-01
5.9931676735e+00   5.8000000000e-01
5.9980528713e+00   5.8000000000e-01
6.0029380692e+00   5.8000000000e-01
6.0078232670e+00   5.8000000000e-01
6.0127084649e+00   5.8000000000e-01
6.0175936627e+00   5.8000000000e-01
6.0224788606e+00   5.8000000000e-01
6.0225788606e+00   5.8000000000e-01
6.0235788606e+00   5.8000000000e-01
6.0284640584e+00   5.8000000000e-01
6.0333492563e+00   5.8000000000e-01
6.0382344541e+00   5.8000000000e-01
6.0431196520e+00   5.8000000000e-01
6.0480048498e+00   5.8000000000e-01
6.0528900477e+00   5.8000000000e-01
6.0577752455e+00   5.8000000000e-01
6.0578752455e+00   5.8000000000e-01
6.0588752455e+00   5.8000000000e-01
6.0637604434e+00   5.8000000000e-01
6.0686456412e+00   5.8000000000e-01
6.0735308391e+00   5.8000000000e-01
6.0784160369e+00   5.8000000000e-01
6.0833012348e+00   5.8000000000e-01
6.0881864326e+00   5.8000000000e-01
6.0882864326e+00   5.8000000000e-01
6.0892864326e+00   5.8000000000e-01
6.0941716305e+00   5.8000000000e-01
6.0990568283e+00   5.8000000000e-01
6.1039420262e+00   5.8000000000e-01
6.1088272240e+00   5.8000000000e-01
6.1137124219e+00   5.8000000000e-01
6.1185976197e+00   5.8000000000e-01
6.1234828176e+00   5.8000000000e-01
6.1235828176e+00   5.8000000000e-01
6.1245828176e+00   5.8000000000e-01
6.1294680154e+00   5.8000000000e-01
6.1343532133e+00   5.8000000000e-01
6.1392384111e+00   5.8000000000e-01
6.1441236090e+00   5.8000000000e-01
6.1490088068e+00   5.8000000000e-01
6.1538940047e+00   5.8000000000e-01
6.1539940047e+00   5.8000000000e-01
6.1549940047e+00   5.8000000000e-01
6.1598792025e+00   5.8000000000e-01
6.1647644004e+00   5.8000000000e-01
6.1696495982e+00   5.8000000000e-01
6.1745347961e+00   5.8000000000e-01
6.1746347961e+00   5.8000000000e-01
6.1756347961e+00   5.8000000000e-01
6.1805199939e+00   5.8000000000e-01
6.1854051918e+00   5.8000000000e-01
6.1902903896e+00   5.8000000000e-01
6.1903903896e+00   5.8000000000e-01
6.1913903896e+00   5.8000000000e-01
6.1962755875e+00   5.8000000000e-01
6.2011607853e+00   5.8000000000e-01
6.2060459832e+00   5.8000000000e-01
6.2061459832e+00   5.8000000000e-01
6.2071459832e+00   5.8000000000e-01
6.2120311810e+00   5.8000000000e-01
6.2169163789e+00   5.8000000000e-01
6.2218015767e+00   5.8000000000e-01
6.2219015767e+00   5.8000000000e-01
6.2229015767e+00   5.8000000000e-01
6.2277867746e+00   5.8000000000e-01
6.2326719724e+00   5.8000000000e-01
6.2375571703e+00   5.8000000000e-01
6.2424423681e+00   5.8000000000e-01
6.2425423681e+00   5.8000000000e-01
6.2435423681e+00   5.8000000000e-01
6.2484275660e+00   5.8000000000e-01
6.2533127638e+00   5.8000000000e-01
6.2581979617e+00   5.8000000000e-01
6.2630831595e+00   5.8000000000e-01
6.2679683574e+00   5.8000000000e-01
6.2728535552e+00   5.8000000000e-01
6.2729535552e+00   5.8000000000e-01
6.2739535552e+00   5.8000000000e-01
6.2788387531e+00   5.8000000000e-01
6.2837239509e+00   5.8000000000e-01
6.2886091488e+00   5.8000000000e-01
6.2934943466e+00   5.8000000000e-01
6.2983795445e+00   5.8000000000e-01
6.3032647423e+00   5.8000000000e-01
6.3081499402e+00   5.8000000000e-01
6.3130351380e+00   5.8000000000e-01
6.3179203359e+00   5.8000000000e-01
6.3180203359e+00   5.8000000000e-01
6.3190203359e+00   5.8000000000e-01
6.3239055337e+00   5.8000000000e-01
6.3287907316e+00   5.8000000000e-01
6.3336759294e+00   5.8000000000e-01
6.3385611273e+00   5.8000000000e-01
6.3434463251e+00   5.8000000000e-01
6.3483315230e+00   5.8000000000e-01
6.3532167208e+00   5.8000000000e-01
6.3581019187e+00   5.8000000000e-01
6.3629871165e+00   5.8000000000e-01
6.3678723144e+00   5.8000000000e-01
6.3727575122e+00   5.8000000000e-01
6.3776427101e+00   5.8000000000e-01
6.3777427101e+00   5.8000000000e-01
6.3787427101e+00   5.8000000000e-01
6.3836279079e+00   5.8000000000e-01
6.3885131058e+00   5.8000000000e-01
6.3933983036e+00   5.8000000000e-01
6.3982835015e+00   5.8000000000e-01
6.4031686993e+00   5.8000000000e-01
6.4080538972e+00   5.8000000000e-01
6.4129390950e+00   5.8000000000e-01
6.4178242929e+00   5.8000000000e-01
6.4227094907e+00   5.8000000000e-01
6.4275946886e+00   5.8000000000e-01
6.4324798864e+00   5.8000000000e-01
6.4373650843e+00   5.8000000000e-01
6.4422502822e+00   5.8000000000e-01
6.4471354800e+00   5.8000000000e-01
6.4520206779e+00   5.8000000000e-01
6.4569058757e+00   5.8000000000e-01
6.4617910736e+00   5.8000000000e-01
6.4666762714e+00   5.8000000000e-01
6.4715614693e+00   5.8000000000e-01
6.4764466671e+00   5.8000000000e-01
6.4765466671e+00   5.8000000000e-01
6.4775466671e+00   5.8000000000e-01
6.4824318650e+00   5.8000000000e-01
6.4873170628e+00   5.8000000000e-01
6.4922022607e+00   5.8000000000e-01
6.4970874585e+00   5.8000000000e-01
6.5019726564e+00   5.8000000000e-01
6.5068578542e+00   5.8000000000e-01
6.5117430521e+00   5.8000000000e-01
6.5118430521e+00   5.8000000000e-01
6.5128430521e+00   5.8000000000e-01
6.5177282499e+00   5.8000000000e-01
6.5226134478e+00   5.8000000000e-01
6.5274986456e+00   5.8000000000e-01
6.5323838435e+00   5.8000000000e-01
6.5372690413e+00   5.8000000000e-01
6.5421542392e+00   5.8000000000e-01
6.5470394370e+00   5.8000000000e-01
6.5519246349e+00   5.8000000000e-01
6.5568098327e+00   5.8000000000e-01
6.5616950306e+00   5.8000000000e-01
6.5617950306e+00   5.8000000000e-01
6.5627950306e+00   5.8000000000e-01
6.5676802284e+00   5.8000000000e-01
6.5725654263e+00   5.8000000000e-01
6.5774506241e+00   5.8000000000e-01
6.5823358220e+00   5.8000000000e-01
6.5872210198e+00   5.8000000000e-01
6.5921062177e+00   5.8000000000e-01
6.5969914155e+00   5.8000000000e-01
6.6018766134e+00   5.8000000000e-01
6.6067618112e+00   5.8000000000e-01
6.6116470091e+00   5.8000000000e-01
6.6165322069e+00   5.8000000000e-01
6.6214174048e+00   5.8000000000e-01
6.6263026026e+00   5.8000000000e-01
6.6311878005e+00   5.8000000000e-01
6.6360729983e+00   5.8000000000e-01
6.6409581962e+00   5.8000000000e-01
6.6458433940e+00   5.8000000000e-01
6.6507285919e+00   5.8000000000e-01
6.6556137897e+00   5.8000000000e-01
6.6604989876e+00   5.8000000000e-01
6.6653841854e+00   5.8000000000e-01
6.6702693833e+00   5.8000000000e-01
6.6751545811e+00   5.8000000000e-01
6.6800397790e+00   5.8000000000e-01
6.6849249768e+00   5.8000000000e-01
6.6898101747e+00   5.8000000000e-01
6.6946953725e+00   5.8000000000e-01
6.6995805704e+00   5.8000000000e-01
6.7044657682e+00   5.8000000000e-01
6.7093509661e+00   5.8000000000e-01
6.7142361639e+00   5.8000000000e-01
6.7191213618e+00   5.8000000000e-01
6.7240065596e+00   5.8000000000e-01
6.7288917575e+00   5.8000000000e-01
6.7289917575e+00   5.8000000000e-01
6.7299917575e+00   5.8000000000e-01
6.7348769553e+00   5.8000000000e-01
6.7397621532e+00   5.8000000000e-01
6.7446473510e+00   5.8000000000e-01
6.7495325489e+00   5.8000000000e-01
6.7544177467e+00   5.8000000000e-01
6.7593029446e+00   5.8000000000e-01
6.7641881424e+00   5.8000000000e-01
6.7690733403e+00   5.8000000000e-01
6.7739585381e+00   5.8000000000e-01
6.7788437360e+00   5.8000000000e-01
6.7837289338e+00   5.8000000000e-01
6.7838289338e+00   5.8000000000e-01
6.7848289338e+00   5.8000000000e-01
6.7897141317e+00   5.8000000000e-01
6.7945993295e+00   5.8000000000e-01
6.7994845274e+00   5.8000000000e-01
6.8043697252e+00   5.8000000000e-01
6.8092549231e+00   5.8000000000e-01
6.8141401209e+00   5.8000000000e-01
6.8142401209e+00   5.8000000000e-01
6.8152401209e+00   5.8000000000e-01
6.8201253188e+00   5.8000000000e-01
6.8250105166e+00   5.8000000000e-01
6.8298957145e+00   5.8000000000e-01
6.8347809123e+00   5.8000000000e-01
6.8348809123e+00   5.8000000000e-01
6.8358809123e+00   5.8000000000e-01
6.8407661102e+00   5.8000000000e-01
6.8456513080e+00   5.8000000000e-01
6.8505365059e+00   5.8000000000e-01
6.8506365059e+00   5.8000000000e-01
6.8516365059e+00   5.8000000000e-01
6.8565217037e+00   5.8000000000e-01
6.8614069016e+00   5.8000000000e-01
6.8662920994e+00   5.8000000000e-01
6.8663920994e+00   5.4000000000e-01
6.8673920994e+00   5.4000000000e-01
6.8722772973e+00   5.4000000000e-01
6.8771624951e+00   5.4000000000e-01
6.8820476930e+00   5.4000000000e-01
6.8821476930e+00   5.8000000000e-01
6.8831476930e+00   5.8000000000e-01
6.8880328908e+00   5.8000000000e-01
6.8929180887e+00   5.8000000000e-01
6.8978032865e+00   5.8000000000e-01
6.9026884844e+00   5.8000000000e-01
6.9027884844e+00   5.8000000000e-01
6.9037884844e+00   5.8000000000e-01
6.9084242021e+00   5.8000000000e-01
6.9133093999e+00   5.8000000000e-01
6.9134093999e+00   5.8000000000e-01
6.9144093999e+00   5.8000000000e-01
6.9183284095e+00   5.8000000000e-01
6.9225900084e+00   5.8000000000e-01
6.9226900084e+00   5.8000000000e-01
6.9236900084e+00   5.8000000000e-01
6.9271848478e+00   5.8000000000e-01
6.9308871174e+00   5.8000000000e-01
6.9309871174e+00   5.8000000000e-01
6.9319871174e+00   5.8000000000e-01
6.9352571641e+00   5.8000000000e-01
6.9386584808e+00   5.8000000000e-01
6.9387584808e+00   5.8000000000e-01
6.9397584808e+00   5.8000000000e-01
6.9429382631e+00   5.8000000000e-01
6.9462177964e+00   5.8000000000e-01
6.9463177964e+00   5.8000000000e-01
6.9473177964e+00   5.8000000000e-01
6.9505119735e+00   5.8000000000e-01
6.9537936185e+00   5.8000000000e-01
6.9538936185e+00   5.8000000000e-01
6.9548936185e+00   5.8000000000e-01
6.9581943523e+00   5.8000000000e-01
6.9615785594e+00   5.8000000000e-01
6.9616785594e+00   5.8000000000e-01
6.9626785594e+00   5.8000000000e-01
6.9661781230e+00   5.8000000000e-01
6.9697590442e+00   5.8000000000e-01
6.9698590442e+00   5.8000000000e-01
6.9708590442e+00   5.8000000000e-01
6.9746615169e+00   5.8000000000e-01
6.9785412305e+00   5.8000000000e-01
6.9830788916e+00   5.8000000000e-01
6.9831788916e+00   5.8000000000e-01
6.9841788916e+00   5.8000000000e-01
6.9886817042e+00   5.8000000000e-01
6.9932460547e+00   5.8000000000e-01
6.9981312525e+00   5.8000000000e-01
6.9982312525e+00   5.8000000000e-01
6.9992312525e+00   5.8000000000e-01
7.0041164504e+00   5.8000000000e-01
7.0090016482e+00   5.8000000000e-01
7.0138868461e+00   5.8000000000e-01
7.0187720439e+00   5.8000000000e-01
7.0236572418e+00   5.8000000000e-01
7.0237572418e+00   5.8000000000e-01
7.0247572418e+00   5.8000000000e-01
7.0296424396e+00   5.8000000000e-01
7.0345276375e+00   5.8000000000e-01
7.0394128353e+00   5.8000000000e-01
7.0442980332e+00   5.8000000000e-01
7.0491832310e+00   5.8000000000e-01
7.0540684289e+00   5.8000000000e-01
7.0589536267e+00   5.8000000000e-01
7.0638388246e+00   5.8000000000e-01
7.0687240224e+00   5.8000000000e-01
7.0736092203e+00   5.8000000000e-01
7.0784944181e+00   5.8000000000e-01
7.0833796160e+00   5.8000000000e-01
7.0882648138e+00   5.8000000000e-01
7.0931500117e+00   5.8000000000e-01
7.0980352095e+00   5.8000000000e-01
7.1029204074e+00   5.8000000000e-01
7.1078056052e+00   5.8000000000e-01
7.1079056052e+00   5.8000000000e-01
7.1089056052e+00   5.8000000000e-01
7.1137908031e+00   5.8000000000e-01
7.1186760009e+00   5.8000000000e-01
7.1235611988e+00   5.8000000000e-01
7.1284463966e+00   5.8000000000e-01
7.1333315945e+00   5.8000000000e-01
7.1382167923e+00   5.8000000000e-01
7.1431019902e+00   5.8000000000e-01
7.1432019902e+00   5.8000000000e-01
7.1442019902e+00   5.8000000000e-01
7.1490871881e+00   5.8000000000e-01
7.1539723859e+00   5.8000000000e-01
7.1588575838e+00   5.8000000000e-01
7.1637427816e+00   5.8000000000e-01
7.1686279795e+00   5.8000000000e-01
7.1735131773e+00   5.8000000000e-01
7.1783983752e+00   5.8000000000e-01
7.1832835730e+00   5.8000000000e-01
7.1881687709e+00   5.8000000000e-01
7.1882687709e+00   5.8000000000e-01
7.1892687709e+00   5.8000000000e-01
7.1941539687e+00   5.8000000000e-01
7.1990391666e+00   5.8000000000e-01
7.2039243644e+00   5.8000000000e-01
7.2088095623e+00   5.8000000000e-01
7.2136947601e+00   5.8000000000e-01
7.2185799580e+00   5.8000000000e-01
7.2234651558e+00   5.8000000000e-01
7.2283503537e+00   5.8000000000e-01
7.2332355515e+00   5.8000000000e-01
7.2381207494e+00   5.8000000000e-01
7.2430059472e+00   5.8000000000e-01
7.2478911451e+00   5.8000000000e-01
7.2527763429e+00   5.8000000000e-01
7.2576615408e+00   5.8000000000e-01
7.2625467386e+00   5.8000000000e-01
7.2674319365e+00   5.8000000000e-01
7.2723171343e+00   5.8000000000e-01
7.2772023322e+00   5.8000000000e-01
7.2773023322e+00   5.8000000000e-01
7.2783023322e+00   5.8000000000e-01
7.2831875300e+00   5.8000000000e-01
7.2880727279e+00   5.8000000000e-01
7.2929579257e+00   5.8000000000e-01
7.2978431236e+00   5.8000000000e-01
7.3027283214e+00   5.8000000000e-01
7.3076135193e+00   5.8000000000e-01
7.3124987171e+00   5.8000000000e-01
7.3173839150e+00   5.8000000000e-01
7.3222691128e+00   5.8000000000e-01
7.3271543107e+00   5.8000000000e-01
7.3320395085e+00   5.8000000000e-01
7.3369247064e+00   5.8000000000e-01
7.3418099042e+00   5.8000000000e-01
7.3466951021e+00   5.8000000000e-01
7.3515802999e+00   5.8000000000e-01
7.3564654978e+00   5.8000000000e-01
7.3613506956e+00   5.8000000000e-01
7.3662358935e+00   5.8000000000e-01
7.3711210913e+00   5.8000000000e-01
7.3712210913e+00   5.8000000000e-01
7.3722210913e+00   5.8000000000e-01
7.3771062892e+00   5.8000000000e-01
7.3819914870e+00   5.8000000000e-01
7.3868766849e+00   5.8000000000e-01
7.3917618827e+00   5.8000000000e-01
7.3966470806e+00   5.8000000000e-01
7.4015322784e+00   5.8000000000e-01
7.4064174763e+00   5.8000000000e-01
7.4113026741e+00   5.8000000000e-01
7.4114026741e+00   5.8000000000e-01
7.4124026741e+00   5.8000000000e-01
7.4172878720e+00   5.8000000000e-01
7.4221730698e+00   5.8000000000e-01
7.4270582677e+00   5.8000000000e-01
7.4319434655e+00   5.8000000000e-01
7.4368286634e+00   5.8000000000e-01
7.4369286634e+00   5.8000000000e-01
7.4379286634e+00   5.8000000000e-01
7.4428138612e+00   5.8000000000e-01
7.4476990591e+00   5.8000000000e-01
7.4525842569e+00   5.8000000000e-01
7.4526842569e+00   5.8000000000e-01
7.4536842569e+00   5.8000000000e-01
7.4585694548e+00   5.8000000000e-01
7.4634546526e+00   5.8000000000e-01
7.4683398505e+00   5.8000000000e-01
7.4684398505e+00   5.8000000000e-01
7.4694398505e+00   5.8000000000e-01
7.4743250483e+00   5.8000000000e-01
7.4792102462e+00   5.8000000000e-01
7.4840954440e+00   5.8000000000e-01
7.4841954440e+00   5.8000000000e-01
7.4851954440e+00   5.8000000000e-01
7.4900806419e+00   5.8000000000e-01
7.4949658397e+00   5.8000000000e-01
7.4998510376e+00   5.8000000000e-01
7.5047362354e+00   5.8000000000e-01
7.5048362354e+00   5.8000000000e-01
7.5058362354e+00   5.8000000000e-01
7.5107214333e+00   5.8000000000e-01
7.5156066311e+00   5.8000000000e-01
7.5204918290e+00   5.8000000000e-01
7.5205918290e+00   5.8000000000e-01
7.5215918290e+00   5.8000000000e-01
7.5258778602e+00   5.8000000000e-01
7.5305749074e+00   5.8000000000e-01
7.5306749074e+00   5.8000000000e-01
7.5316749074e+00   5.8000000000e-01
7.5354133819e+00   5.8000000000e-01
7.5394137770e+00   5.8000000000e-01
7.5395137770e+00   5.8000000000e-01
7.5405137770e+00   5.8000000000e-01
7.5439563646e+00   5.8000000000e-01
7.5475511110e+00   5.8000000000e-01
7.5476511110e+00   5.8000000000e-01
7.5486511110e+00   5.8000000000e-01
7.5519577624e+00   5.8000000000e-01
7.5553712776e+00   5.8000000000e-01
7.5554712776e+00   5.8000000000e-01
7.5564712776e+00   5.8000000000e-01
7.5597605195e+00   5.8000000000e-01
7.5631377495e+00   5.8000000000e-01
7.5632377495e+00   5.8000000000e-01
7.5642377495e+00   5.8000000000e-01
7.5676099522e+00   5.8000000000e-01
7.5710632009e+00   5.8000000000e-01
7.5711632009e+00   5.8000000000e-01
7.5721632009e+00   5.8000000000e-01
7.5757150052e+00   5.8000000000e-01
7.5793444166e+00   5.8000000000e-01
7.5794444166e+00   5.8000000000e-01
7.5804444166e+00   5.8000000000e-01
7.5842812907e+00   5.8000000000e-01
7.5881910235e+00   5.8000000000e-01
7.5927230854e+00   5.8000000000e-01
7.5928230854e+00   5.8000000000e-01
7.5938230854e+00   5.8000000000e-01
7.5983284384e+00   5.8000000000e-01
7.6028905708e+00   5.8000000000e-01
7.6077757686e+00   5.8000000000e-01
7.6078757686e+00   5.8000000000e-01
7.6088757686e+00   5.8000000000e-01
7.6137609665e+00   5.8000000000e-01
7.6186461643e+00   5.8000000000e-01
7.6235313622e+00   5.8000000000e-01
7.6284165600e+00   5.8000000000e-01
7.6333017579e+00   5.8000000000e-01
7.6334017579e+00   5.8000000000e-01
7.6344017579e+00   5.8000000000e-01
7.6392869557e+00   5.8000000000e-01
7.6441721536e+00   5.8000000000e-01
7.6490573514e+00   5.8000000000e-01
7.6539425493e+00   5.8000000000e-01
7.6588277471e+00   5.8000000000e-01
7.6637129450e+00   5.8000000000e-01
7.6685981428e+00   5.8000000000e-01
7.6734833407e+00   5.8000000000e-01
7.6783685385e+00   5.8000000000e-01
7.6832537364e+00   5.8000000000e-01
7.6881389342e+00   5.8000000000e-01
7.6930241321e+00   5.8000000000e-01
7.6979093299e+00   5.8000000000e-01
7.7027945278e+00   5.8000000000e-01
7.7076797256e+00   5.8000000000e-01
7.7125649235e+00   5.8000000000e-01
7.7174501213e+00   5.8000000000e-01
7.7223353192e+00   5.8000000000e-01
7.7272205170e+00   5.8000000000e-01
7.7321057149e+00   5.8000000000e-01
7.7322057149e+00   5.8000000000e-01
7.7332057149e+00   5.8000000000e-01
7.7380909127e+00   5.8000000000e-01
7.7429761106e+00   5.8000000000e-01
7.7478613084e+00   5.8000000000e-01
7.7527465063e+00   5.8000000000e-01
7.7576317041e+00   5.8000000000e-01
7.7625169020e+00   5.8000000000e-01
7.7674020998e+00   5.8000000000e-01
7.7722872977e+00   5.8000000000e-01
7.7723872977e+00   5.8000000000e-01
7.7733872977e+00   5.8000000000e-01
7.7782724955e+00   5.8000000000e-01
7.7831576934e+00   5.8000000000e-01
7.7880428912e+00   5.8000000000e-01
7.7929280891e+00   5.8000000000e-01
7.7978132869e+00   5.8000000000e-01
7.8026984848e+00   5.8000000000e-01
7.8075836826e+00   5.8000000000e-01
7.8124688805e+00   5.8000000000e-01
7.8173540783e+00   5.8000000000e-01
7.8222392762e+00   5.8000000000e-01
7.8271244740e+00   5.8000000000e-01
7.8320096719e+00   5.8000000000e-01
7.8321096719e+00   5.8000000000e-01
7.8331096719e+00   5.8000000000e-01
7.8379948697e+00   5.8000000000e-01
7.8428800676e+00   5.8000000000e-01
7.8477652654e+00   5.8000000000e-01
7.8526504633e+00   5.8000000000e-01
7.8575356611e+00   5.8000000000e-01
7.8624208590e+00   5.8000000000e-01
7.8673060568e+00   5.8000000000e-01
7.8721912547e+00   5.8000000000e-01
7.8770764525e+00   5.8000000000e-01
7.8819616504e+00   5.8000000000e-01
7.8868468482e+00   5.8000000000e-01
7.8917320461e+00   5.8000000000e-01
7.8966172439e+00   5.8000000000e-01
7.9015024418e+00   5.8000000000e-01
7.9063876396e+00   5.8000000000e-01
7.9112728375e+00   5.8000000000e-01
7.9161580353e+00   5.8000000000e-01
7.9210432332e+00   5.8000000000e-01
7.9259284310e+00   5.8000000000e-01
7.9308136289e+00   5.8000000000e-01
7.9356988267e+00   5.8000000000e-01
7.9405840246e+00   5.8000000000e-01
7.9454692224e+00   5.8000000000e-01
7.9503544203e+00   5.8000000000e-01
7.9552396181e+00   5.8000000000e-01
7.9601248160e+00   5.8000000000e-01
7.9650100138e+00   5.8000000000e-01
7.9698952117e+00   5.8000000000e-01
7.9747804095e+00   5.8000000000e-01
7.9796656074e+00   5.8000000000e-01
7.9845508052e+00   5.8000000000e-01
7.9894360031e+00   5.8000000000e-01
7.9943212009e+00   5.8000000000e-01
7.9992063988e+00   5.8000000000e-01
8.0040915966e+00   5.8000000000e-01
8.0089767945e+00   5.8000000000e-01
8.0138619923e+00   5.8000000000e-01
8.0187471902e+00   5.8000000000e-01
8.0188471902e+00   5.8000000000e-01
8.0198471902e+00   5.8000000000e-01
8.0247323880e+00   5.8000000000e-01
8.0296175859e+00   5.8000000000e-01
8.0345027837e+00   5.8000000000e-01
8.0393879816e+00   5.8000000000e-01
8.0442731794e+00   5.8000000000e-01
8.0491583773e+00   5.8000000000e-01
8.0540435752e+00   5.8000000000e-01
8.0589287730e+00   5.8000000000e-01
8.0638139709e+00   5.8000000000e-01
8.0686991687e+00   5.8000000000e-01
8.0735843666e+00   5.8000000000e-01
8.0784695644e+00   5.8000000000e-01
8.0833547623e+00   5.8000000000e-01
8.0882399601e+00   5.8000000000e-01
8.0931251580e+00   5.8000000000e-01
8.0980103558e+00   5.8000000000e-01
8.1028955537e+00   5.8000000000e-01
8.1077807515e+00   5.8000000000e-01
8.1126659494e+00   5.8000000000e-01
8.1175511472e+00   5.8000000000e-01
8.1224363451e+00   5.8000000000e-01
8.1273215429e+00   5.8000000000e-01
8.1322067408e+00   5.8000000000e-01
8.1370919386e+00   5.8000000000e-01
8.1419771365e+00   5.8000000000e-01
8.1468623343e+00   5.8000000000e-01
8.1517475322e+00   5.8000000000e-01
8.1566327300e+00   5.8000000000e-01
8.1615179279e+00   5.8000000000e-01
8.1664031257e+00   5.8000000000e-01
8.1712883236e+00   5.8000000000e-01
8.1713883236e+00   5.8000000000e-01
8.1723883236e+00   5.8000000000e-01
8.1772735214e+00   5.8000000000e-01
8.1821587193e+00   5.8000000000e-01
8.1870439171e+00   5.8000000000e-01
8.1919291150e+00   5.8000000000e-01
8.1968143128e+00   5.8000000000e-01
8.2016995107e+00   5.8000000000e-01
8.2065847085e+00   5.8000000000e-01
8.2066847085e+00   5.8000000000e-01
8.2076847085e+00   5.8000000000e-01
8.2125699064e+00   5.8000000000e-01
8.2174551042e+00   5.8000000000e-01
8.2223403021e+00   5.8000000000e-01
8.2272254999e+00   5.8000000000e-01
8.2273254999e+00   5.8000000000e-01
8.2283254999e+00   5.8000000000e-01
8.2332106978e+00   5.8000000000e-01
8.2380958956e+00   5.8000000000e-01
8.2429810935e+00   5.8000000000e-01
8.2430810935e+00   5.8000000000e-01
8.2440810935e+00   5.8000000000e-01
8.2489662913e+00   5.8000000000e-01
8.2538514892e+00   5.8000000000e-01
8.2587366870e+00   5.8000000000e-01
8.2588366870e+00   5.8000000000e-01
8.2598366870e+00   5.8000000000e-01
8.2644846880e+00   5.8000000000e-01
8.2692294616e+00   5.8000000000e-01
8.2693294616e+00   5.8000000000e-01
8.2703294616e+00   5.8000000000e-01
8.2748015600e+00   5.8000000000e-01
8.2793361472e+00   5.8000000000e-01
8.2842213450e+00   5.8000000000e-01
8.2843213450e+00   5.0000000000e-01
8.2853213450e+00   5.0000000000e-01
8.2898413426e+00   5.0000000000e-01
8.2944218601e+00   5.0000000000e-01
8.2945218601e+00   3.4000000000e-01
8.2955218601e+00   3.4000000000e-01
8.3001372056e+00   3.4000000000e-01
8.3002372056e+00   2.0000000000e-01
8.3012372056e+00   2.0000000000e-01
8.3013372056e+00   2.2000000000e-01
8.3023372056e+00   2.2000000000e-01
8.3072224035e+00   2.2000000000e-01
8.3073224035e+00   2.4000000000e-01
8.3083224035e+00   2.4000000000e-01
8.3132076013e+00   2.4000000000e-01
8.3133076013e+00   5.8000000000e-01
8.3143076013e+00   5.8000000000e-01
8.3180360170e+00   5.8000000000e-01
8.3229212148e+00   5.8000000000e-01
8.3230212148e+00   5.8000000000e-01
8.3240212148e+00   5.8000000000e-01
8.3271476466e+00   5.8000000000e-01
8.3305265150e+00   5.8000000000e-01
8.3306265150e+00   5.8000000000e-01
8.3316265150e+00   5.8000000000e-01
8.3344259595e+00   5.8000000000e-01
8.3374055110e+00   5.8000000000e-01
8.3375055110e+00   5.8000000000e-01
8.3385055110e+00   5.8000000000e-01
8.3411172111e+00   5.8000000000e-01
8.3438621476e+00   5.8000000000e-01
8.3439621476e+00   5.8000000000e-01
8.3449621476e+00   5.8000000000e-01
8.3474839609e+00   5.8000000000e-01
8.3501180334e+00   5.8000000000e-01
8.3502180334e+00   5.8000000000e-01
8.3512180334e+00   5.8000000000e-01
8.3537247726e+00   5.8000000000e-01
8.3563344886e+00   5.8000000000e-01
8.3564344886e+00   5.8000000000e-01
8.3574344886e+00   5.8000000000e-01
8.3599893705e+00   5.8000000000e-01
8.3626460810e+00   5.8000000000e-01
8.3627460810e+00   5.8000000000e-01
8.3637460810e+00   5.8000000000e-01
8.3664090355e+00   5.8000000000e-01
8.3691770707e+00   5.8000000000e-01
8.3692770707e+00   5.8000000000e-01
8.3702770707e+00   5.8000000000e-01
8.3731118831e+00   5.8000000000e-01
8.3760566160e+00   5.8000000000e-01
8.3761566160e+00   5.8000000000e-01
8.3771566160e+00   5.8000000000e-01
8.3802384188e+00   5.8000000000e-01
8.3834344216e+00   5.8000000000e-01
8.3835344216e+00   5.8000000000e-01
8.3845344216e+00   5.8000000000e-01
8.3879594593e+00   5.8000000000e-01
8.3915005491e+00   5.8000000000e-01
8.3958143612e+00   5.8000000000e-01
8.3959143612e+00   5.8000000000e-01
8.3969143612e+00   5.8000000000e-01
8.4011164696e+00   5.8000000000e-01
8.4054279121e+00   5.8000000000e-01
8.4103131100e+00   5.8000000000e-01
8.4104131100e+00   5.8000000000e-01
8.4114131100e+00   5.8000000000e-01
8.4162983078e+00   5.8000000000e-01
8.4211835057e+00   5.8000000000e-01
8.4260687035e+00   5.8000000000e-01
8.4309539014e+00   5.8000000000e-01
8.4358390992e+00   5.8000000000e-01
8.4407242971e+00   5.8000000000e-01
8.4456094949e+00   5.8000000000e-01
8.4504946928e+00   5.8000000000e-01
8.4553798906e+00   5.8000000000e-01
8.4602650885e+00   5.8000000000e-01
8.4603650885e+00   5.8000000000e-01
8.4613650885e+00   5.8000000000e-01
8.4662502863e+00   5.8000000000e-01
8.4711354842e+00   5.8000000000e-01
8.4760206820e+00   5.8000000000e-01
8.4809058799e+00   5.8000000000e-01
8.4810058799e+00   5.8000000000e-01
8.4820058799e+00   5.8000000000e-01
8.4868910777e+00   5.8000000000e-01
8.4917762756e+00   5.8000000000e-01
8.4966614734e+00   5.8000000000e-01
8.5015466713e+00   5.8000000000e-01
8.5016466713e+00   5.8000000000e-01
8.5026466713e+00   5.8000000000e-01
8.5075318691e+00   5.8000000000e-01
8.5124170670e+00   5.8000000000e-01
8.5173022648e+00   5.8000000000e-01
8.5221874627e+00   5.8000000000e-01
8.5222874627e+00   5.8000000000e-01
8.5232874627e+00   5.8000000000e-01
8.5281726605e+00   5.8000000000e-01
8.5330578584e+00   5.8000000000e-01
8.5379430562e+00   5.8000000000e-01
8.5428282541e+00   5.8000000000e-01
8.5477134519e+00   5.8000000000e-01
8.5478134519e+00   5.8000000000e-01
8.5488134519e+00   5.8000000000e-01
8.5536986498e+00   5.8000000000e-01
8.5585838476e+00   5.8000000000e-01
8.5634690455e+00   5.8000000000e-01
8.5683542433e+00   5.8000000000e-01
8.5732394412e+00   5.8000000000e-01
8.5781246390e+00   5.8000000000e-01
8.5830098369e+00   5.8000000000e-01
8.5878950347e+00   5.8000000000e-01
8.5879950347e+00   5.8000000000e-01
8.5889950347e+00   5.8000000000e-01
8.5938802326e+00   5.8000000000e-01
8.5987654304e+00   5.8000000000e-01
8.6036506283e+00   5.8000000000e-01
8.6085358261e+00   5.8000000000e-01
8.6134210240e+00   5.8000000000e-01
8.6183062218e+00   5.8000000000e-01
8.6231914197e+00   5.8000000000e-01
8.6280766175e+00   5.8000000000e-01
8.6329618154e+00   5.8000000000e-01
8.6378470132e+00   5.8000000000e-01
8.6427322111e+00   5.8000000000e-01
8.6428322111e+00   5.8000000000e-01
8.6438322111e+00   5.8000000000e-01
8.6487174089e+00   5.8000000000e-01
8.6536026068e+00   5.8000000000e-01
8.6584878046e+00   5.8000000000e-01
8.6633730025e+00   5.8000000000e-01
8.6682582003e+00   5.8000000000e-01
8.6731433982e+00   5.8000000000e-01
8.6780285960e+00   5.8000000000e-01
8.6829137939e+00   5.8000000000e-01
8.6877989917e+00   5.8000000000e-01
8.6926841896e+00   5.8000000000e-01
8.6927841896e+00   5.8000000000e-01
8.6937841896e+00   5.8000000000e-01
8.6986693874e+00   5.8000000000e-01
8.7035545853e+00   5.8000000000e-01
8.7084397831e+00   5.8000000000e-01
8.7133249810e+00   5.8000000000e-01
8.7182101788e+00   5.8000000000e-01
8.7230953767e+00   5.8000000000e-01
8.7279805745e+00   5.8000000000e-01
8.7328657724e+00   5.8000000000e-01
8.7377509702e+00   5.8000000000e-01
8.7426361681e+00   5.8000000000e-01
8.7475213659e+00   5.8000000000e-01
8.7476213659e+00   5.8000000000e-01
8.7486213659e+00   5.8000000000e-01
8.7535065638e+00   5.8000000000e-01
8.7583917617e+00   5.8000000000e-01
8.7632769595e+00   5.8000000000e-01
8.7681621574e+00   5.8000000000e-01
8.7730473552e+00   5.8000000000e-01
8.7779325531e+00   5.8000000000e-01
8.7828177509e+00   5.8000000000e-01
8.7877029488e+00   5.8000000000e-01
8.7925881466e+00   5.8000000000e-01
8.7974733445e+00   5.8000000000e-01
8.7975733445e+00   5.8000000000e-01
8.7985733445e+00   5.8000000000e-01
8.8034585423e+00   5.8000000000e-01
8.8083437402e+00   5.8000000000e-01
8.8132289380e+00   5.8000000000e-01
8.8181141359e+00   5.8000000000e-01
8.8229993337e+00   5.8000000000e-01
8.8230993337e+00   5.8000000000e-01
8.8240993337e+00   5.8000000000e-01
8.8289845316e+00   5.8000000000e-01
8.8338697294e+00   5.8000000000e-01
8.8387549273e+00   5.8000000000e-01
8.8436401251e+00   5.8000000000e-01
8.8485253230e+00   5.8000000000e-01
8.8486253230e+00   5.8000000000e-01
8.8496253230e+00   5.8000000000e-01
8.8545105208e+00   5.8000000000e-01
8.8593957187e+00   5.8000000000e-01
8.8642809165e+00   5.8000000000e-01
8.8691661144e+00   5.8000000000e-01
8.8740513122e+00   5.8000000000e-01
8.8789365101e+00   5.8000000000e-01
8.8838217079e+00   5.8000000000e-01
8.8839217079e+00   5.8000000000e-01
8.8849217079e+00   5.8000000000e-01
8.8898069058e+00   5.8000000000e-01
8.8946921036e+00   5.8000000000e-01
8.8995773015e+00   5.8000000000e-01
8.9044624993e+00   5.8000000000e-01
8.9093476972e+00   5.8000000000e-01
8.9142328950e+00   5.8000000000e-01
8.9191180929e+00   5.8000000000e-01
8.9240032907e+00   5.8000000000e-01
8.9288884886e+00   5.8000000000e-01
8.9337736864e+00   5.8000000000e-01
8.9386588843e+00   5.8000000000e-01
8.9387588843e+00   5.8000000000e-01
8.9397588843e+00   5.8000000000e-01
8.9446440821e+00   5.8000000000e-01
8.9495292800e+00   5.8000000000e-01
8.9544144778e+00   5.8000000000e-01
8.9592996757e+00   5.8000000000e-01
8.9641848735e+00   5.8000000000e-01
8.9690700714e+00   5.8000000000e-01
8.9739552692e+00   5.8000000000e-01
8.9788404671e+00   5.8000000000e-01
8.9837256649e+00   5.8000000000e-01
8.9886108628e+00   5.8000000000e-01
8.9934960606e+00   5.8000000000e-01
8.9983812585e+00   5.8000000000e-01
9.0032664563e+00   5.8000000000e-01
9.0081516542e+00   5.8000000000e-01
9.0082516542e+00   5.8000000000e-01
9.0092516542e+00   5.8000000000e-01
9.0141368520e+00   5.8000000000e-01
9.0190220499e+00   5.8000000000e-01
9.0239072477e+00   5.8000000000e-01
9.0287924456e+00   5.8000000000e-01
9.0336776434e+00   5.8000000000e-01
9.0385628413e+00   5.8000000000e-01
9.0434480391e+00   5.8000000000e-01
9.0483332370e+00   5.8000000000e-01
9.0484332370e+00   5.8000000000e-01
9.0494332370e+00   5.8000000000e-01
9.0543184348e+00   5.8000000000e-01
9.0592036327e+00   5.8000000000e-01
9.0640888305e+00   5.8000000000e-01
9.0689740284e+00   5.8000000000e-01
9.0738592262e+00   5.8000000000e-01
9.0739592262e+00   5.8000000000e-01
9.0749592262e+00   5.8000000000e-01
9.0798444241e+00   5.8000000000e-01
9.0847296219e+00   5.8000000000e-01
9.0896148198e+00   5.8000000000e-01
9.0945000176e+00   5.8000000000e-01
9.0993852155e+00   5.8000000000e-01
9.0994852155e+00   5.6000000000e-01
9.1004852155e+00   5.6000000000e-01
9.1053704133e+00   5.6000000000e-01
9.1102556112e+00   5.6000000000e-01
9.1151408090e+00   5.6000000000e-01
9.1200260069e+00   5.6000000000e-01
9.1249112047e+00   5.6000000000e-01
9.1250112047e+00   3.4000000000e-01
9.1260112047e+00   3.4000000000e-01
9.1308964026e+00   3.4000000000e-01
9.1357816004e+00   3.4000000000e-01
9.1406667983e+00   3.4000000000e-01
9.1407667983e+00   5.8000000000e-01
9.1417667983e+00   5.8000000000e-01
9.1466519961e+00   5.8000000000e-01
9.1515371940e+00   5.8000000000e-01
9.1564223918e+00   5.8000000000e-01
9.1613075897e+00   5.8000000000e-01
9.1614075897e+00   5.8000000000e-01
9.1624075897e+00   5.8000000000e-01
9.1672927875e+00   5.8000000000e-01
9.1721779854e+00   5.8000000000e-01
9.1770631832e+00   5.8000000000e-01
9.1771631832e+00   5.8000000000e-01
9.1781631832e+00   5.8000000000e-01
9.1827928740e+00   5.8000000000e-01
9.1876091131e+00   5.8000000000e-01
9.1877091131e+00   5.8000000000e-01
9.1887091131e+00   5.8000000000e-01
9.1931894905e+00   5.8000000000e-01
9.1977665324e+00   5.8000000000e-01
9.1978665324e+00   5.8000000000e-01
9.1988665324e+00   5.8000000000e-01
9.2033848499e+00   5.8000000000e-01
9.2079598179e+00   5.8000000000e-01
9.2128450158e+00   5.8000000000e-01
9.2129450158e+00   5.8000000000e-01
9.2139450158e+00   5.8000000000e-01
9.2188236747e+00   5.8000000000e-01
9.2237088726e+00   5.8000000000e-01
9.2285940704e+00   5.8000000000e-01
9.2286940704e+00   5.8000000000e-01
9.2296940704e+00   5.8000000000e-01
9.2345792683e+00   5.8000000000e-01
9.2394644661e+00   5.8000000000e-01
9.2443496640e+00   5.8000000000e-01
9.2492348618e+00   5.8000000000e-01
9.2493348618e+00   5.8000000000e-01
9.2503348618e+00   5.8000000000e-01
9.2552200597e+00   5.8000000000e-01
9.2601052575e+00   5.8000000000e-01
9.2649904554e+00   5.8000000000e-01
9.2698756532e+00   5.8000000000e-01
9.2747608511e+00   5.8000000000e-01
9.2796460489e+00   5.8000000000e-01
9.2797460489e+00   5.8000000000e-01
9.2807460489e+00   5.8000000000e-01
9.2856312468e+00   5.8000000000e-01
9.2905164446e+00   5.8000000000e-01
9.2954016425e+00   5.8000000000e-01
9.3002868403e+00   5.8000000000e-01
9.3051720382e+00   5.8000000000e-01
9.3100572360e+00   5.8000000000e-01
9.3149424339e+00   5.8000000000e-01
9.3198276317e+00   5.8000000000e-01
9.3247128296e+00   5.8000000000e-01
9.3295980274e+00   5.8000000000e-01
9.3344832253e+00   5.8000000000e-01
9.3393684231e+00   5.8000000000e-01
9.3394684231e+00   5.8000000000e-01
9.3404684231e+00   5.8000000000e-01
9.3453536210e+00   5.8000000000e-01
9.3502388188e+00   5.8000000000e-01
9.3551240167e+00   5.8000000000e-01
9.3600092145e+00   5.8000000000e-01
9.3648944124e+00   5.8000000000e-01
9.3697796102e+00   5.8000000000e-01
9.3746648081e+00   5.8000000000e-01
9.3795500059e+00   5.8000000000e-01
9.3844352038e+00   5.8000000000e-01
9.3893204016e+00   5.8000000000e-01
9.3942055995e+00   5.8000000000e-01
9.3990907973e+00   5.8000000000e-01
9.4039759952e+00   5.8000000000e-01
9.4088611930e+00   5.8000000000e-01
9.4137463909e+00   5.8000000000e-01
9.4186315887e+00   5.8000000000e-01
9.4235167866e+00   5.8000000000e-01
9.4284019844e+00   5.8000000000e-01
9.4332871823e+00   5.8000000000e-01
9.4381723801e+00   5.8000000000e-01
9.4430575780e+00   5.8000000000e-01
9.4479427758e+00   5.8000000000e-01
9.4528279737e+00   5.8000000000e-01
9.4577131715e+00   5.8000000000e-01
9.4578131715e+00   5.8000000000e-01
9.4588131715e+00   5.8000000000e-01
9.4636983694e+00   5.8000000000e-01
9.4685835672e+00   5.8000000000e-01
9.4734687651e+00   5.8000000000e-01
9.4783539630e+00   5.8000000000e-01
9.4832391608e+00   5.8000000000e-01
9.4881243587e+00   5.8000000000e-01
9.4930095565e+00   5.8000000000e-01
9.4978947544e+00   5.8000000000e-01
9.5027799522e+00   5.8000000000e-01
9.5076651501e+00   5.8000000000e-01
9.5125503479e+00   5.8000000000e-01
9.5174355458e+00   5.8000000000e-01
9.5223207436e+00   5.8000000000e-01
9.5272059415e+00   5.8000000000e-01
9.5320911393e+00   5.8000000000e-01
9.5321911393e+00   5.8000000000e-01
9.5331911393e+00   5.8000000000e-01
9.5380763372e+00   5.8000000000e-01
9.5429615350e+00   5.8000000000e-01
9.5478467329e+00   5.8000000000e-01
9.5527319307e+00   5.8000000000e-01
9.5576171286e+00   5.8000000000e-01
9.5625023264e+00   5.8000000000e-01
9.5673875243e+00   5.8000000000e-01
9.5722727221e+00   5.8000000000e-01
9.5771579200e+00   5.8000000000e-01
9.5820431178e+00   5.8000000000e-01
9.5869283157e+00   5.8000000000e-01
9.5918135135e+00   5.8000000000e-01
9.5966987114e+00   5.8000000000e-01
9.6015839092e+00   5.8000000000e-01
9.6064691071e+00   5.8000000000e-01
9.6113543049e+00   5.8000000000e-01
9.6162395028e+00   5.8000000000e-01
9.6211247006e+00   5.8000000000e-01
9.6260098985e+00   5.8000000000e-01
9.6308950963e+00   5.8000000000e-01
9.6357802942e+00   5.8000000000e-01
9.6406654920e+00   5.8000000000e-01
9.6455506899e+00   5.8000000000e-01
9.6504358877e+00   5.8000000000e-01
9.6505358877e+00   5.8000000000e-01
9.6515358877e+00   5.8000000000e-01
9.6564210856e+00   5.8000000000e-01
9.6613062834e+00   5.8000000000e-01
9.6661914813e+00   5.8000000000e-01
9.6710766791e+00   5.8000000000e-01
9.6759618770e+00   5.8000000000e-01
9.6808470748e+00   5.8000000000e-01
9.6857322727e+00   5.8000000000e-01
9.6858322727e+00   5.8000000000e-01
9.6868322727e+00   5.8000000000e-01
9.6917174705e+00   5.8000000000e-01
9.6966026684e+00   5.8000000000e-01
9.7014878662e+00   5.8000000000e-01
9.7063730641e+00   5.8000000000e-01
9.7112582619e+00   5.8000000000e-01
9.7161434598e+00   5.8000000000e-01
9.7162434598e+00   5.8000000000e-01
9.7172434598e+00   5.8000000000e-01
9.7221286576e+00   5.8000000000e-01
9.7270138555e+00   5.8000000000e-01
9.7318990533e+00   5.8000000000e-01
9.7367842512e+00   5.8000000000e-01
9.7416694490e+00   5.8000000000e-01
9.7465546469e+00   5.8000000000e-01
9.7514398447e+00   5.8000000000e-01
9.7515398447e+00   5.8000000000e-01
9.7525398447e+00   5.8000000000e-01
9.7574250426e+00   5.8000000000e-01
9.7623102404e+00   5.8000000000e-01
9.7671954383e+00   5.8000000000e-01
9.7720806361e+00   5.8000000000e-01
9.7769658340e+00   5.8000000000e-01
9.7818510318e+00   5.8000000000e-01
9.7819510318e+00   5.8000000000e-01
9.7829510318e+00   5.8000000000e-01
9.7878362297e+00   5.8000000000e-01
9.7927214275e+00   5.8000000000e-01
9.7976066254e+00   5.8000000000e-01
9.8024918232e+00   5.8000000000e-01
9.8025918232e+00   5.8000000000e-01
9.8035918232e+00   5.8000000000e-01
9.8084770211e+00   5.8000000000e-01
9.8133622189e+00   5.8000000000e-01
9.8182474168e+00   5.8000000000e-01
9.8183474168e+00   5.8000000000e-01
9.8193474168e+00   5.8000000000e-01
9.8242326146e+00   5.8000000000e-01
9.8291178125e+00   5.8000000000e-01
9.8340030103e+00   5.8000000000e-01
9.8341030103e+00   5.8000000000e-01
9.8351030103e+00   5.8000000000e-01
9.8399882082e+00   5.8000000000e-01
9.8448734060e+00   5.8000000000e-01
9.8497586039e+00   5.8000000000e-01
9.8498586039e+00   5.8000000000e-01
9.8508586039e+00   5.8000000000e-01
9.8557438017e+00   5.8000000000e-01
9.8606289996e+00   5.8000000000e-01
9.8655141974e+00   5.8000000000e-01
9.8703993953e+00   5.8000000000e-01
9.8704993953e+00   5.8000000000e-01
9.8714993953e+00   5.8000000000e-01
9.8763845931e+00   5.8000000000e-01
9.8812697910e+00   5.8000000000e-01
9.8861549888e+00   5.8000000000e-01
9.8910401867e+00   5.8000000000e-01
9.8959253845e+00   5.8000000000e-01
9.9008105824e+00   5.8000000000e-01
9.9009105824e+00   5.8000000000e-01
9.9019105824e+00   5.8000000000e-01
9.9067957802e+00   5.8000000000e-01
9.9116809781e+00   5.8000000000e-01
9.9165661759e+00   5.8000000000e-01
9.9214513738e+00   5.8000000000e-01
9.9263365716e+00   5.8000000000e-01
9.9312217695e+00   5.8000000000e-01
9.9361069673e+00   5.8000000000e-01
9.9409921652e+00   5.8000000000e-01
9.9458773630e+00   5.8000000000e-01
9.9459773630e+00   5.8000000000e-01
9.9469773630e+00   5.8000000000e-01
9.9518625609e+00   5.8000000000e-01
9.9567477587e+00   5.8000000000e-01
9.9616329566e+00   5.8000000000e-01
9.9665181545e+00   5.8000000000e-01
9.9714033523e+00   5.8000000000e-01
9.9762885502e+00   5.8000000000e-01
9.9811737480e+00   5.8000000000e-01
9.9860589459e+00   5.8000000000e-01
9.9909441437e+00   5.8000000000e-01
9.9958293416e+00   5.8000000000e-01
1.0000000000e+01   5.8000000000e-01
