X    Y
0.0000000000e+00   8.0000000000e-01
1.0000000000e-04   8.0000000000e-01
1.1000000000e-03   8.0000000000e-01
1.1100000000e-02   8.0000000000e-01
8.9301368524e-02   8.0000000000e-01
1.6750273705e-01   8.0000000000e-01
2.4570410557e-01   8.0000000000e-01
3.2390547410e-01   8.0000000000e-01
4.0210684262e-01   8.0000000000e-01
4.8030821114e-01   8.0000000000e-01
5.5850957967e-01   8.0000000000e-01
6.3671094819e-01   8.0000000000e-01
7.1491231672e-01   8.0000000000e-01
7.9311368524e-01   8.0000000000e-01
8.7131505376e-01   8.0000000000e-01
9.4951642229e-01   8.0000000000e-01
1.0277177908e+00   8.0000000000e-01
1.1059191593e+00   8.0000000000e-01
1.1841205279e+00   8.0000000000e-01
1.2623218964e+00   8.0000000000e-01
1.3405232649e+00   8.0000000000e-01
1.4187246334e+00   8.0000000000e-01
1.4969260020e+00   8.0000000000e-01
1.5751273705e+00   8.0000000000e-01
1.6533287390e+00   8.0000000000e-01
1.6534287390e+00   8.0000000000e-01
1.6544287390e+00   8.0000000000e-01
1.6644287390e+00   8.0000000000e-01
1.7426301075e+00   8.0000000000e-01
1.8208314761e+00   8.0000000000e-01
1.8990328446e+00   8.0000000000e-01
1.9772342131e+00   8.0000000000e-01
2.0554355816e+00   8.0000000000e-01
2.1336369501e+00   8.0000000000e-01
2.2118383187e+00   8.0000000000e-01
2.2900396872e+00   8.0000000000e-01
2.3682410557e+00   8.0000000000e-01
2.4464424242e+00   8.0000000000e-01
2.5246437928e+00   8.0000000000e-01
2.6028451613e+00   8.0000000000e-01
2.6810465298e+00   8.0000000000e-01
2.7592478983e+00   8.0000000000e-01
2.8374492669e+00   8.0000000000e-01
2.9156506354e+00   8.0000000000e-01
2.9938520039e+00   8.0000000000e-01
3.0720533724e+00   8.0000000000e-01
3.1502547410e+00   8.0000000000e-01
3.2284561095e+00   8.0000000000e-01
3.3066574780e+00   8.0000000000e-01
3.3848588465e+00   8.0000000000e-01
3.4630602151e+00   8.0000000000e-01
3.5412615836e+00   8.0000000000e-01
3.6194629521e+00   8.0000000000e-01
3.6976643206e+00   8.0000000000e-01
3.7758656891e+00   8.0000000000e-01
3.8540670577e+00   8.0000000000e-01
3.9322684262e+00   8.0000000000e-01
4.0104697947e+00   8.0000000000e-01
4.0886711632e+00   8.0000000000e-01
4.1668725318e+00   8.0000000000e-01
4.2450739003e+00   8.0000000000e-01
4.3232752688e+00   8.0000000000e-01
4.4014766373e+00   8.0000000000e-01
4.4796780059e+00   8.0000000000e-01
4.5578793744e+00   8.0000000000e-01
4.6360807429e+00   8.0000000000e-01
4.7142821114e+00   8.0000000000e-01
4.7924834800e+00   8.0000000000e-01
4.8706848485e+00   8.0000000000e-01
4.9488862170e+00   8.0000000000e-01
5.0270875855e+00   8.0000000000e-01
5.0271875855e+00   8.0000000000e-01
5.0281875855e+00   8.0000000000e-01
5.0381875855e+00   8.0000000000e-01
5.1163889541e+00   8.0000000000e-01
5.1945903226e+00   8.0000000000e-01
5.2727916911e+00   8.0000000000e-01
5.3509930596e+00   8.0000000000e-01
5.4291944282e+00   8.0000000000e-01
5.5073957967e+00   8.0000000000e-01
5.5855971652e+00   8.0000000000e-01
5.6637985337e+00   8.0000000000e-01
5.7419999022e+00   8.0000000000e-01
5.8202012708e+00   8.0000000000e-01
5.8984026393e+00   8.0000000000e-01
5.9766040078e+00   8.0000000000e-01
6.0548053763e+00   8.0000000000e-01
6.1330067449e+00   8.0000000000e-01
6.2112081134e+00   8.0000000000e-01
6.2894094819e+00   8.0000000000e-01
6.3676108504e+00   8.0000000000e-01
6.4458122190e+00   8.0000000000e-01
6.5240135875e+00   8.0000000000e-01
6.6022149560e+00   8.0000000000e-01
6.6804163245e+00   8.0000000000e-01
6.7586176931e+00   8.0000000000e-01
6.8368190616e+00   8.0000000000e-01
6.9150204301e+00   8.0000000000e-01
6.9932217986e+00   8.0000000000e-01
7.0714231672e+00   8.0000000000e-01
7.1496245357e+00   8.0000000000e-01
7.2278259042e+00   8.0000000000e-01
7.3060272727e+00   8.0000000000e-01
7.3842286413e+00   8.0000000000e-01
7.4624300098e+00   8.0000000000e-01
7.5406313783e+00   8.0000000000e-01
7.6188327468e+00   8.0000000000e-01
7.6970341153e+00   8.0000000000e-01
7.6971341153e+00   8.0000000000e-01
7.6981341153e+00   8.0000000000e-01
7.7081341153e+00   8.0000000000e-01
7.7863354839e+00   8.0000000000e-01
7.8645368524e+00   8.0000000000e-01
7.9427382209e+00   8.0000000000e-01
8.0209395894e+00   8.0000000000e-01
8.0991409580e+00   8.0000000000e-01
8.1773423265e+00   8.0000000000e-01
8.2555436950e+00   8.0000000000e-01
8.3337450635e+00   8.0000000000e-01
8.4119464321e+00   8.0000000000e-01
8.4901478006e+00   8.0000000000e-01
8.5683491691e+00   8.0000000000e-01
8.6465505376e+00   8.0000000000e-01
8.7247519062e+00   8.0000000000e-01
8.8029532747e+00   8.0000000000e-01
8.8811546432e+00   8.0000000000e-01
8.9593560117e+00   8.0000000000e-01
9.0375573803e+00   8.0000000000e-01
9.0376573803e+00   8.0000000000e-01
9.0386573803e+00   8.0000000000e-01
9.0486573803e+00   8.0000000000e-01
9.1268587488e+00   8.0000000000e-01
9.2050601173e+00   8.0000000000e-01
9.2832614858e+00   8.0000000000e-01
9.3614628543e+00   8.0000000000e-01
9.4396642229e+00   8.0000000000e-01
9.5178655914e+00   8.0000000000e-01
9.5960669599e+00   8.0000000000e-01
9.6742683284e+00   8.0000000000e-01
9.7524696970e+00   8.0000000000e-01
9.8306710655e+00   8.0000000000e-01
9.9088724340e+00   8.0000000000e-01
9.9870738025e+00   8.0000000000e-01
1.0065275171e+01   8.0000000000e-01
1.0143476540e+01   8.0000000000e-01
1.0221677908e+01   8.0000000000e-01
1.0299879277e+01   8.0000000000e-01
1.0378080645e+01   8.0000000000e-01
1.0456282014e+01   8.0000000000e-01
1.0534483382e+01   8.0000000000e-01
1.0612684751e+01   8.0000000000e-01
1.0612784751e+01   8.0000000000e-01
1.0613784751e+01   8.0000000000e-01
1.0623784751e+01   8.0000000000e-01
1.0701986119e+01   8.0000000000e-01
1.0780187488e+01   8.0000000000e-01
1.0858388856e+01   8.0000000000e-01
1.0936590225e+01   8.0000000000e-01
1.1014791593e+01   8.0000000000e-01
1.1092992962e+01   8.0000000000e-01
1.1171194330e+01   8.0000000000e-01
1.1249395699e+01   8.0000000000e-01
1.1327597067e+01   8.0000000000e-01
1.1405798436e+01   8.0000000000e-01
1.1483999804e+01   8.0000000000e-01
1.1562201173e+01   8.0000000000e-01
1.1640402542e+01   8.0000000000e-01
1.1718603910e+01   8.0000000000e-01
1.1796805279e+01   8.0000000000e-01
1.1875006647e+01   8.0000000000e-01
1.1953208016e+01   8.0000000000e-01
1.2031409384e+01   8.0000000000e-01
1.2109610753e+01   8.0000000000e-01
1.2187812121e+01   8.0000000000e-01
1.2266013490e+01   8.0000000000e-01
1.2344214858e+01   8.0000000000e-01
1.2344314858e+01   8.0000000000e-01
1.2345314858e+01   8.0000000000e-01
1.2355314858e+01   8.0000000000e-01
1.2433516227e+01   8.0000000000e-01
1.2511717595e+01   8.0000000000e-01
1.2589918964e+01   8.0000000000e-01
1.2668120332e+01   8.0000000000e-01
1.2746321701e+01   8.0000000000e-01
1.2824523069e+01   8.0000000000e-01
1.2902724438e+01   8.0000000000e-01
1.2980925806e+01   8.0000000000e-01
1.3059127175e+01   8.0000000000e-01
1.3137328543e+01   8.0000000000e-01
1.3215529912e+01   8.0000000000e-01
1.3293731281e+01   8.0000000000e-01
1.3371932649e+01   8.0000000000e-01
1.3450134018e+01   8.0000000000e-01
1.3528335386e+01   8.0000000000e-01
1.3606536755e+01   8.0000000000e-01
1.3684738123e+01   8.0000000000e-01
1.3762939492e+01   8.0000000000e-01
1.3841140860e+01   8.0000000000e-01
1.3919342229e+01   8.0000000000e-01
1.3997543597e+01   8.0000000000e-01
1.4075744966e+01   8.0000000000e-01
1.4153946334e+01   8.0000000000e-01
1.4232147703e+01   8.0000000000e-01
1.4310349071e+01   8.0000000000e-01
1.4310449071e+01   8.0000000000e-01
1.4311449071e+01   8.0000000000e-01
1.4321449071e+01   8.0000000000e-01
1.4399650440e+01   8.0000000000e-01
1.4477851808e+01   8.0000000000e-01
1.4556053177e+01   8.0000000000e-01
1.4634254545e+01   8.0000000000e-01
1.4712455914e+01   8.0000000000e-01
1.4790657283e+01   8.0000000000e-01
1.4868858651e+01   8.0000000000e-01
1.4947060020e+01   8.0000000000e-01
1.5025261388e+01   8.0000000000e-01
1.5103462757e+01   8.0000000000e-01
1.5181664125e+01   8.0000000000e-01
1.5259865494e+01   8.0000000000e-01
1.5338066862e+01   8.0000000000e-01
1.5416268231e+01   8.0000000000e-01
1.5494469599e+01   8.0000000000e-01
1.5572670968e+01   8.0000000000e-01
1.5572770968e+01   8.0000000000e-01
1.5573770968e+01   8.0000000000e-01
1.5583770968e+01   8.0000000000e-01
1.5661972336e+01   8.0000000000e-01
1.5740173705e+01   8.0000000000e-01
1.5818375073e+01   8.0000000000e-01
1.5896576442e+01   8.0000000000e-01
1.5974777810e+01   8.0000000000e-01
1.6052979179e+01   8.0000000000e-01
1.6131180547e+01   8.0000000000e-01
1.6209381916e+01   8.0000000000e-01
1.6287583284e+01   8.0000000000e-01
1.6365784653e+01   8.0000000000e-01
1.6443986022e+01   8.0000000000e-01
1.6522187390e+01   8.0000000000e-01
1.6600388759e+01   8.0000000000e-01
1.6678590127e+01   8.0000000000e-01
1.6756791496e+01   8.0000000000e-01
1.6834992864e+01   8.0000000000e-01
1.6913194233e+01   8.0000000000e-01
1.6991395601e+01   8.0000000000e-01
1.7069596970e+01   8.0000000000e-01
1.7147798338e+01   8.0000000000e-01
1.7225999707e+01   8.0000000000e-01
1.7226099707e+01   8.0000000000e-01
1.7227099707e+01   8.0000000000e-01
1.7237099707e+01   8.0000000000e-01
1.7315301075e+01   8.0000000000e-01
1.7393502444e+01   8.0000000000e-01
1.7471703812e+01   8.0000000000e-01
1.7549905181e+01   8.0000000000e-01
1.7628106549e+01   8.0000000000e-01
1.7706307918e+01   8.0000000000e-01
1.7784509286e+01   8.0000000000e-01
1.7862710655e+01   8.0000000000e-01
1.7940912023e+01   8.0000000000e-01
1.8019113392e+01   8.0000000000e-01
1.8097314761e+01   8.0000000000e-01
1.8175516129e+01   8.0000000000e-01
1.8253717498e+01   8.0000000000e-01
1.8331918866e+01   8.0000000000e-01
1.8410120235e+01   8.0000000000e-01
1.8488321603e+01   8.0000000000e-01
1.8566522972e+01   8.0000000000e-01
1.8644724340e+01   8.0000000000e-01
1.8722925709e+01   8.0000000000e-01
1.8801127077e+01   8.0000000000e-01
1.8879328446e+01   8.0000000000e-01
1.8957529814e+01   8.0000000000e-01
1.9035731183e+01   8.0000000000e-01
1.9113932551e+01   8.0000000000e-01
1.9192133920e+01   8.0000000000e-01
1.9270335288e+01   8.0000000000e-01
1.9348536657e+01   8.0000000000e-01
1.9426738025e+01   8.0000000000e-01
1.9504939394e+01   8.0000000000e-01
1.9583140762e+01   8.0000000000e-01
1.9661342131e+01   8.0000000000e-01
1.9661442131e+01   8.0000000000e-01
1.9662442131e+01   8.0000000000e-01
1.9672442131e+01   8.0000000000e-01
1.9750643500e+01   8.0000000000e-01
1.9828844868e+01   8.0000000000e-01
1.9907046237e+01   8.0000000000e-01
1.9985247605e+01   8.0000000000e-01
2.0063448974e+01   8.0000000000e-01
2.0141650342e+01   8.0000000000e-01
2.0219851711e+01   8.0000000000e-01
2.0298053079e+01   8.0000000000e-01
2.0376254448e+01   8.0000000000e-01
2.0454455816e+01   8.0000000000e-01
2.0532657185e+01   8.0000000000e-01
2.0610858553e+01   8.0000000000e-01
2.0689059922e+01   8.0000000000e-01
2.0767261290e+01   8.0000000000e-01
2.0845462659e+01   8.0000000000e-01
2.0923664027e+01   8.0000000000e-01
2.1001865396e+01   8.0000000000e-01
2.1080066764e+01   8.0000000000e-01
2.1158268133e+01   8.0000000000e-01
2.1236469501e+01   8.0000000000e-01
2.1314670870e+01   8.0000000000e-01
2.1314770870e+01   8.0000000000e-01
2.1315770870e+01   8.0000000000e-01
2.1325770870e+01   8.0000000000e-01
2.1403972239e+01   8.0000000000e-01
2.1482173607e+01   8.0000000000e-01
2.1560374976e+01   8.0000000000e-01
2.1638576344e+01   8.0000000000e-01
2.1716777713e+01   8.0000000000e-01
2.1794979081e+01   8.0000000000e-01
2.1873180450e+01   8.0000000000e-01
2.1951381818e+01   8.0000000000e-01
2.2029583187e+01   8.0000000000e-01
2.2107784555e+01   8.0000000000e-01
2.2185985924e+01   8.0000000000e-01
2.2264187292e+01   8.0000000000e-01
2.2342388661e+01   8.0000000000e-01
2.2420590029e+01   8.0000000000e-01
2.2498791398e+01   8.0000000000e-01
2.2576992766e+01   8.0000000000e-01
2.2655194135e+01   8.0000000000e-01
2.2733395503e+01   8.0000000000e-01
2.2811596872e+01   8.0000000000e-01
2.2889798240e+01   8.0000000000e-01
2.2889898240e+01   8.0000000000e-01
2.2890898240e+01   8.0000000000e-01
2.2900898240e+01   8.0000000000e-01
2.2979099609e+01   8.0000000000e-01
2.3057300978e+01   8.0000000000e-01
2.3135502346e+01   8.0000000000e-01
2.3213703715e+01   8.0000000000e-01
2.3291905083e+01   8.0000000000e-01
2.3370106452e+01   8.0000000000e-01
2.3448307820e+01   8.0000000000e-01
2.3526509189e+01   8.0000000000e-01
2.3604710557e+01   8.0000000000e-01
2.3682911926e+01   8.0000000000e-01
2.3761113294e+01   8.0000000000e-01
2.3839314663e+01   8.0000000000e-01
2.3917516031e+01   8.0000000000e-01
2.3995717400e+01   8.0000000000e-01
2.4073918768e+01   8.0000000000e-01
2.4152120137e+01   8.0000000000e-01
2.4230321505e+01   8.0000000000e-01
2.4308522874e+01   8.0000000000e-01
2.4386724242e+01   8.0000000000e-01
2.4464925611e+01   8.0000000000e-01
2.4543126979e+01   8.0000000000e-01
2.4621328348e+01   8.0000000000e-01
2.4699529717e+01   8.0000000000e-01
2.4777731085e+01   8.0000000000e-01
2.4855932454e+01   8.0000000000e-01
2.4934133822e+01   8.0000000000e-01
2.5012335191e+01   8.0000000000e-01
2.5090536559e+01   8.0000000000e-01
2.5168737928e+01   8.0000000000e-01
2.5168837928e+01   8.0000000000e-01
2.5169837928e+01   8.0000000000e-01
2.5179837928e+01   8.0000000000e-01
2.5258039296e+01   8.0000000000e-01
2.5336240665e+01   8.0000000000e-01
2.5414442033e+01   8.0000000000e-01
2.5492643402e+01   8.0000000000e-01
2.5570844770e+01   8.0000000000e-01
2.5649046139e+01   8.0000000000e-01
2.5727247507e+01   8.0000000000e-01
2.5805448876e+01   8.0000000000e-01
2.5883650244e+01   8.0000000000e-01
2.5961851613e+01   8.0000000000e-01
2.6040052981e+01   8.0000000000e-01
2.6118254350e+01   8.0000000000e-01
2.6196455718e+01   8.0000000000e-01
2.6274657087e+01   8.0000000000e-01
2.6352858456e+01   8.0000000000e-01
2.6431059824e+01   8.0000000000e-01
2.6509261193e+01   8.0000000000e-01
2.6587462561e+01   8.0000000000e-01
2.6665663930e+01   8.0000000000e-01
2.6743865298e+01   8.0000000000e-01
2.6822066667e+01   8.0000000000e-01
2.6900268035e+01   8.0000000000e-01
2.6978469404e+01   8.0000000000e-01
2.7056670772e+01   8.0000000000e-01
2.7134872141e+01   8.0000000000e-01
2.7134972141e+01   8.0000000000e-01
2.7135972141e+01   8.0000000000e-01
2.7145972141e+01   8.0000000000e-01
2.7224173509e+01   8.0000000000e-01
2.7302374878e+01   8.0000000000e-01
2.7380576246e+01   8.0000000000e-01
2.7458777615e+01   8.0000000000e-01
2.7536978983e+01   8.0000000000e-01
2.7615180352e+01   8.0000000000e-01
2.7693381720e+01   8.0000000000e-01
2.7771583089e+01   8.0000000000e-01
2.7849784457e+01   8.0000000000e-01
2.7927985826e+01   8.0000000000e-01
2.8006187195e+01   8.0000000000e-01
2.8084388563e+01   8.0000000000e-01
2.8162589932e+01   8.0000000000e-01
2.8240791300e+01   8.0000000000e-01
2.8318992669e+01   8.0000000000e-01
2.8397194037e+01   8.0000000000e-01
2.8475395406e+01   8.0000000000e-01
2.8553596774e+01   8.0000000000e-01
2.8631798143e+01   8.0000000000e-01
2.8709999511e+01   8.0000000000e-01
2.8788200880e+01   8.0000000000e-01
2.8866402248e+01   8.0000000000e-01
2.8944603617e+01   8.0000000000e-01
2.9022804985e+01   8.0000000000e-01
2.9101006354e+01   8.0000000000e-01
2.9179207722e+01   8.0000000000e-01
2.9179307722e+01   8.0000000000e-01
2.9180307722e+01   8.0000000000e-01
2.9190307722e+01   8.0000000000e-01
2.9268509091e+01   8.0000000000e-01
2.9346710459e+01   8.0000000000e-01
2.9424911828e+01   8.0000000000e-01
2.9503113196e+01   8.0000000000e-01
2.9581314565e+01   8.0000000000e-01
2.9659515934e+01   8.0000000000e-01
2.9737717302e+01   8.0000000000e-01
2.9815918671e+01   8.0000000000e-01
2.9894120039e+01   8.0000000000e-01
2.9972321408e+01   8.0000000000e-01
3.0050522776e+01   8.0000000000e-01
3.0128724145e+01   8.0000000000e-01
3.0206925513e+01   8.0000000000e-01
3.0285126882e+01   8.0000000000e-01
3.0363328250e+01   8.0000000000e-01
3.0441529619e+01   8.0000000000e-01
3.0519730987e+01   8.0000000000e-01
3.0597932356e+01   8.0000000000e-01
3.0676133724e+01   8.0000000000e-01
3.0754335093e+01   8.0000000000e-01
3.0832536461e+01   8.0000000000e-01
3.0910737830e+01   8.0000000000e-01
3.0988939198e+01   8.0000000000e-01
3.1067140567e+01   8.0000000000e-01
3.1145341935e+01   8.0000000000e-01
3.1223543304e+01   8.0000000000e-01
3.1301744673e+01   8.0000000000e-01
3.1379946041e+01   8.0000000000e-01
3.1458147410e+01   8.0000000000e-01
3.1536348778e+01   8.0000000000e-01
3.1614550147e+01   8.0000000000e-01
3.1692751515e+01   8.0000000000e-01
3.1770952884e+01   8.0000000000e-01
3.1849154252e+01   8.0000000000e-01
3.1927355621e+01   8.0000000000e-01
3.2005556989e+01   8.0000000000e-01
3.2083758358e+01   8.0000000000e-01
3.2161959726e+01   8.0000000000e-01
3.2240161095e+01   8.0000000000e-01
3.2240261095e+01   8.0000000000e-01
3.2241261095e+01   8.0000000000e-01
3.2251261095e+01   8.0000000000e-01
3.2329462463e+01   8.0000000000e-01
3.2407663832e+01   8.0000000000e-01
3.2485865200e+01   8.0000000000e-01
3.2564066569e+01   8.0000000000e-01
3.2642267937e+01   8.0000000000e-01
3.2720469306e+01   8.0000000000e-01
3.2798670674e+01   8.0000000000e-01
3.2876872043e+01   8.0000000000e-01
3.2955073412e+01   8.0000000000e-01
3.3033274780e+01   8.0000000000e-01
3.3111476149e+01   8.0000000000e-01
3.3189677517e+01   8.0000000000e-01
3.3267878886e+01   8.0000000000e-01
3.3346080254e+01   8.0000000000e-01
3.3424281623e+01   8.0000000000e-01
3.3502482991e+01   8.0000000000e-01
3.3580684360e+01   8.0000000000e-01
3.3658885728e+01   8.0000000000e-01
3.3737087097e+01   8.0000000000e-01
3.3815288465e+01   8.0000000000e-01
3.3893489834e+01   8.0000000000e-01
3.3971691202e+01   8.0000000000e-01
3.4049892571e+01   8.0000000000e-01
3.4128093939e+01   8.0000000000e-01
3.4128193939e+01   8.0000000000e-01
3.4129193939e+01   8.0000000000e-01
3.4139193939e+01   8.0000000000e-01
3.4217395308e+01   8.0000000000e-01
3.4295596676e+01   8.0000000000e-01
3.4373798045e+01   8.0000000000e-01
3.4451999413e+01   8.0000000000e-01
3.4530200782e+01   8.0000000000e-01
3.4608402151e+01   8.0000000000e-01
3.4686603519e+01   8.0000000000e-01
3.4764804888e+01   8.0000000000e-01
3.4843006256e+01   8.0000000000e-01
3.4921207625e+01   8.0000000000e-01
3.4999408993e+01   8.0000000000e-01
3.5077610362e+01   8.0000000000e-01
3.5155811730e+01   8.0000000000e-01
3.5234013099e+01   8.0000000000e-01
3.5312214467e+01   8.0000000000e-01
3.5390415836e+01   8.0000000000e-01
3.5468617204e+01   8.0000000000e-01
3.5546818573e+01   8.0000000000e-01
3.5625019941e+01   8.0000000000e-01
3.5703221310e+01   8.0000000000e-01
3.5781422678e+01   8.0000000000e-01
3.5859624047e+01   8.0000000000e-01
3.5937825415e+01   8.0000000000e-01
3.6016026784e+01   8.0000000000e-01
3.6094228152e+01   8.0000000000e-01
3.6172429521e+01   8.0000000000e-01
3.6250630890e+01   8.0000000000e-01
3.6328832258e+01   8.0000000000e-01
3.6407033627e+01   8.0000000000e-01
3.6485234995e+01   8.0000000000e-01
3.6563436364e+01   8.0000000000e-01
3.6641637732e+01   8.0000000000e-01
3.6719839101e+01   8.0000000000e-01
3.6798040469e+01   8.0000000000e-01
3.6876241838e+01   8.0000000000e-01
3.6954443206e+01   8.0000000000e-01
3.7032644575e+01   8.0000000000e-01
3.7032744575e+01   7.8000000000e-01
3.7033744575e+01   7.8000000000e-01
3.7043744575e+01   7.8000000000e-01
3.7121945943e+01   7.8000000000e-01
3.7200147312e+01   7.8000000000e-01
3.7278348680e+01   7.8000000000e-01
3.7356550049e+01   7.8000000000e-01
3.7434751417e+01   7.8000000000e-01
3.7512952786e+01   7.8000000000e-01
3.7591154154e+01   7.8000000000e-01
3.7669355523e+01   7.8000000000e-01
3.7747556891e+01   7.8000000000e-01
3.7825758260e+01   7.8000000000e-01
3.7903959629e+01   7.8000000000e-01
3.7982160997e+01   7.8000000000e-01
3.8060362366e+01   7.8000000000e-01
3.8138563734e+01   7.8000000000e-01
3.8216765103e+01   7.8000000000e-01
3.8294966471e+01   7.8000000000e-01
3.8373167840e+01   7.8000000000e-01
3.8451369208e+01   7.8000000000e-01
3.8529570577e+01   7.8000000000e-01
3.8607771945e+01   7.8000000000e-01
3.8685973314e+01   7.8000000000e-01
3.8764174682e+01   7.8000000000e-01
3.8842376051e+01   7.8000000000e-01
3.8920577419e+01   7.8000000000e-01
3.8998778788e+01   7.8000000000e-01
3.9076980156e+01   7.8000000000e-01
3.9155181525e+01   7.8000000000e-01
3.9233382893e+01   7.8000000000e-01
3.9311584262e+01   7.8000000000e-01
3.9389785630e+01   7.8000000000e-01
3.9467986999e+01   7.8000000000e-01
3.9546188368e+01   7.8000000000e-01
3.9624389736e+01   7.8000000000e-01
3.9702591105e+01   7.8000000000e-01
3.9780792473e+01   7.8000000000e-01
3.9858993842e+01   7.8000000000e-01
3.9937195210e+01   7.8000000000e-01
4.0015396579e+01   7.8000000000e-01
4.0093597947e+01   7.8000000000e-01
4.0171799316e+01   7.8000000000e-01
4.0250000684e+01   7.8000000000e-01
4.0328202053e+01   7.8000000000e-01
4.0406403421e+01   7.8000000000e-01
4.0484604790e+01   7.8000000000e-01
4.0562806158e+01   7.8000000000e-01
4.0641007527e+01   7.8000000000e-01
4.0719208895e+01   7.8000000000e-01
4.0797410264e+01   7.8000000000e-01
4.0875611632e+01   7.8000000000e-01
4.0953813001e+01   7.8000000000e-01
4.1032014370e+01   7.8000000000e-01
4.1110215738e+01   7.8000000000e-01
4.1188417107e+01   7.8000000000e-01
4.1266618475e+01   7.8000000000e-01
4.1344819844e+01   7.8000000000e-01
4.1423021212e+01   7.8000000000e-01
4.1501222581e+01   7.8000000000e-01
4.1579423949e+01   7.8000000000e-01
4.1657625318e+01   7.8000000000e-01
4.1735826686e+01   7.8000000000e-01
4.1814028055e+01   7.8000000000e-01
4.1892229423e+01   7.8000000000e-01
4.1970430792e+01   7.8000000000e-01
4.2048632160e+01   7.8000000000e-01
4.2126833529e+01   7.8000000000e-01
4.2205034897e+01   7.8000000000e-01
4.2283236266e+01   7.8000000000e-01
4.2361437634e+01   7.8000000000e-01
4.2439639003e+01   7.8000000000e-01
4.2517840371e+01   7.8000000000e-01
4.2596041740e+01   7.8000000000e-01
4.2674243109e+01   7.8000000000e-01
4.2752444477e+01   7.8000000000e-01
4.2830645846e+01   7.8000000000e-01
4.2908847214e+01   7.8000000000e-01
4.2987048583e+01   7.8000000000e-01
4.3065249951e+01   7.8000000000e-01
4.3143451320e+01   7.8000000000e-01
4.3221652688e+01   7.8000000000e-01
4.3299854057e+01   7.8000000000e-01
4.3378055425e+01   7.8000000000e-01
4.3456256794e+01   7.8000000000e-01
4.3534458162e+01   7.8000000000e-01
4.3612659531e+01   7.8000000000e-01
4.3690860899e+01   7.8000000000e-01
4.3769062268e+01   7.8000000000e-01
4.3847263636e+01   7.8000000000e-01
4.3925465005e+01   7.8000000000e-01
4.4003666373e+01   7.8000000000e-01
4.4081867742e+01   7.8000000000e-01
4.4160069110e+01   7.8000000000e-01
4.4238270479e+01   7.8000000000e-01
4.4316471848e+01   7.8000000000e-01
4.4394673216e+01   7.8000000000e-01
4.4472874585e+01   7.8000000000e-01
4.4551075953e+01   7.8000000000e-01
4.4629277322e+01   7.8000000000e-01
4.4707478690e+01   7.8000000000e-01
4.4785680059e+01   7.8000000000e-01
4.4863881427e+01   7.8000000000e-01
4.4942082796e+01   7.8000000000e-01
4.5020284164e+01   7.8000000000e-01
4.5098485533e+01   7.8000000000e-01
4.5176686901e+01   7.8000000000e-01
4.5254888270e+01   7.8000000000e-01
4.5333089638e+01   7.8000000000e-01
4.5411291007e+01   7.8000000000e-01
4.5489492375e+01   7.8000000000e-01
4.5567693744e+01   7.8000000000e-01
4.5645895112e+01   7.8000000000e-01
4.5724096481e+01   7.8000000000e-01
4.5802297849e+01   7.8000000000e-01
4.5880499218e+01   7.8000000000e-01
4.5958700587e+01   7.8000000000e-01
4.6036901955e+01   7.8000000000e-01
4.6115103324e+01   7.8000000000e-01
4.6193304692e+01   7.8000000000e-01
4.6271506061e+01   7.8000000000e-01
4.6349707429e+01   7.8000000000e-01
4.6427908798e+01   7.8000000000e-01
4.6506110166e+01   7.8000000000e-01
4.6584311535e+01   7.8000000000e-01
4.6662512903e+01   7.8000000000e-01
4.6740714272e+01   7.8000000000e-01
4.6818915640e+01   7.8000000000e-01
4.6897117009e+01   7.8000000000e-01
4.6975318377e+01   7.8000000000e-01
4.7053519746e+01   7.8000000000e-01
4.7131721114e+01   7.8000000000e-01
4.7209922483e+01   7.8000000000e-01
4.7288123851e+01   7.8000000000e-01
4.7366325220e+01   7.8000000000e-01
4.7444526588e+01   7.8000000000e-01
4.7522727957e+01   7.8000000000e-01
4.7600929326e+01   7.8000000000e-01
4.7679130694e+01   7.8000000000e-01
4.7757332063e+01   7.8000000000e-01
4.7835533431e+01   7.8000000000e-01
4.7913734800e+01   7.8000000000e-01
4.7991936168e+01   7.8000000000e-01
4.8070137537e+01   7.8000000000e-01
4.8148338905e+01   7.8000000000e-01
4.8226540274e+01   7.8000000000e-01
4.8304741642e+01   7.8000000000e-01
4.8382943011e+01   7.8000000000e-01
4.8461144379e+01   7.8000000000e-01
4.8539345748e+01   7.8000000000e-01
4.8617547116e+01   7.8000000000e-01
4.8695748485e+01   7.8000000000e-01
4.8773949853e+01   7.8000000000e-01
4.8852151222e+01   7.8000000000e-01
4.8930352590e+01   7.8000000000e-01
4.9008553959e+01   7.8000000000e-01
4.9086755327e+01   7.8000000000e-01
4.9164956696e+01   7.8000000000e-01
4.9243158065e+01   7.8000000000e-01
4.9321359433e+01   7.8000000000e-01
4.9399560802e+01   7.8000000000e-01
4.9477762170e+01   7.8000000000e-01
4.9555963539e+01   7.8000000000e-01
4.9634164907e+01   7.8000000000e-01
4.9712366276e+01   7.8000000000e-01
4.9790567644e+01   7.8000000000e-01
4.9868769013e+01   7.8000000000e-01
4.9946970381e+01   7.8000000000e-01
5.0025171750e+01   7.8000000000e-01
5.0103373118e+01   7.8000000000e-01
5.0181574487e+01   7.8000000000e-01
5.0259775855e+01   7.8000000000e-01
5.0337977224e+01   7.8000000000e-01
5.0416178592e+01   7.8000000000e-01
5.0494379961e+01   7.8000000000e-01
5.0572581329e+01   7.8000000000e-01
5.0650782698e+01   7.8000000000e-01
5.0728984066e+01   7.8000000000e-01
5.0807185435e+01   7.8000000000e-01
5.0885386804e+01   7.8000000000e-01
5.0963588172e+01   7.8000000000e-01
5.1041789541e+01   7.8000000000e-01
5.1119990909e+01   7.8000000000e-01
5.1198192278e+01   7.8000000000e-01
5.1276393646e+01   7.8000000000e-01
5.1354595015e+01   7.8000000000e-01
5.1432796383e+01   7.8000000000e-01
5.1510997752e+01   7.8000000000e-01
5.1589199120e+01   7.8000000000e-01
5.1667400489e+01   7.8000000000e-01
5.1745601857e+01   7.8000000000e-01
5.1823803226e+01   7.8000000000e-01
5.1902004594e+01   7.8000000000e-01
5.1980205963e+01   7.8000000000e-01
5.2058407331e+01   7.8000000000e-01
5.2136608700e+01   7.8000000000e-01
5.2214810068e+01   7.8000000000e-01
5.2293011437e+01   7.8000000000e-01
5.2371212805e+01   7.8000000000e-01
5.2449414174e+01   7.8000000000e-01
5.2527615543e+01   7.8000000000e-01
5.2605816911e+01   7.8000000000e-01
5.2684018280e+01   7.8000000000e-01
5.2762219648e+01   7.8000000000e-01
5.2840421017e+01   7.8000000000e-01
5.2918622385e+01   7.8000000000e-01
5.2996823754e+01   7.8000000000e-01
5.3075025122e+01   7.8000000000e-01
5.3153226491e+01   7.8000000000e-01
5.3231427859e+01   7.8000000000e-01
5.3309629228e+01   7.8000000000e-01
5.3387830596e+01   7.8000000000e-01
5.3466031965e+01   7.8000000000e-01
5.3544233333e+01   7.8000000000e-01
5.3622434702e+01   7.8000000000e-01
5.3700636070e+01   7.8000000000e-01
5.3778837439e+01   7.8000000000e-01
5.3857038807e+01   7.8000000000e-01
5.3935240176e+01   7.8000000000e-01
5.4013441544e+01   7.8000000000e-01
5.4091642913e+01   7.8000000000e-01
5.4169844282e+01   7.8000000000e-01
5.4248045650e+01   7.8000000000e-01
5.4326247019e+01   7.8000000000e-01
5.4404448387e+01   7.8000000000e-01
5.4482649756e+01   7.8000000000e-01
5.4560851124e+01   7.8000000000e-01
5.4639052493e+01   7.8000000000e-01
5.4717253861e+01   7.8000000000e-01
5.4795455230e+01   7.8000000000e-01
5.4873656598e+01   7.8000000000e-01
5.4951857967e+01   7.8000000000e-01
5.5030059335e+01   7.8000000000e-01
5.5108260704e+01   7.8000000000e-01
5.5186462072e+01   7.8000000000e-01
5.5264663441e+01   7.8000000000e-01
5.5342864809e+01   7.8000000000e-01
5.5421066178e+01   7.8000000000e-01
5.5499267546e+01   7.8000000000e-01
5.5577468915e+01   7.8000000000e-01
5.5655670283e+01   7.8000000000e-01
5.5733871652e+01   7.8000000000e-01
5.5812073021e+01   7.8000000000e-01
5.5890274389e+01   7.8000000000e-01
5.5968475758e+01   7.8000000000e-01
5.6046677126e+01   7.8000000000e-01
5.6124878495e+01   7.8000000000e-01
5.6203079863e+01   7.8000000000e-01
5.6281281232e+01   7.8000000000e-01
5.6359482600e+01   7.8000000000e-01
5.6437683969e+01   7.8000000000e-01
5.6515885337e+01   7.8000000000e-01
5.6594086706e+01   7.8000000000e-01
5.6672288074e+01   7.8000000000e-01
5.6750489443e+01   7.8000000000e-01
5.6828690811e+01   7.8000000000e-01
5.6906892180e+01   7.8000000000e-01
5.6985093548e+01   7.8000000000e-01
5.7063294917e+01   7.8000000000e-01
5.7141496285e+01   7.8000000000e-01
5.7219697654e+01   7.8000000000e-01
5.7297899022e+01   7.8000000000e-01
5.7376100391e+01   7.8000000000e-01
5.7454301760e+01   7.8000000000e-01
5.7532503128e+01   7.8000000000e-01
5.7610704497e+01   7.8000000000e-01
5.7688905865e+01   7.8000000000e-01
5.7767107234e+01   7.8000000000e-01
5.7845308602e+01   7.8000000000e-01
5.7923509971e+01   7.8000000000e-01
5.8001711339e+01   7.8000000000e-01
5.8079912708e+01   7.8000000000e-01
5.8158114076e+01   7.8000000000e-01
5.8236315445e+01   7.8000000000e-01
5.8314516813e+01   7.8000000000e-01
5.8392718182e+01   7.8000000000e-01
5.8470919550e+01   7.8000000000e-01
5.8549120919e+01   7.8000000000e-01
5.8627322287e+01   7.8000000000e-01
5.8705523656e+01   7.8000000000e-01
5.8783725024e+01   7.8000000000e-01
5.8861926393e+01   7.8000000000e-01
5.8940127761e+01   7.8000000000e-01
5.9018329130e+01   7.8000000000e-01
5.9096530499e+01   7.8000000000e-01
5.9174731867e+01   7.8000000000e-01
5.9252933236e+01   7.8000000000e-01
5.9331134604e+01   7.8000000000e-01
5.9409335973e+01   7.8000000000e-01
5.9487537341e+01   7.8000000000e-01
5.9565738710e+01   7.8000000000e-01
5.9643940078e+01   7.8000000000e-01
5.9722141447e+01   7.8000000000e-01
5.9800342815e+01   7.8000000000e-01
5.9878544184e+01   7.8000000000e-01
5.9956745552e+01   7.8000000000e-01
6.0034946921e+01   7.8000000000e-01
6.0113148289e+01   7.8000000000e-01
6.0191349658e+01   7.8000000000e-01
6.0269551026e+01   7.8000000000e-01
6.0347752395e+01   7.8000000000e-01
6.0425953763e+01   7.8000000000e-01
6.0504155132e+01   7.8000000000e-01
6.0582356500e+01   7.8000000000e-01
6.0660557869e+01   7.8000000000e-01
6.0738759238e+01   7.8000000000e-01
6.0816960606e+01   7.8000000000e-01
6.0895161975e+01   7.8000000000e-01
6.0973363343e+01   7.8000000000e-01
6.1051564712e+01   7.8000000000e-01
6.1129766080e+01   7.8000000000e-01
6.1207967449e+01   7.8000000000e-01
6.1286168817e+01   7.8000000000e-01
6.1364370186e+01   7.8000000000e-01
6.1442571554e+01   7.8000000000e-01
6.1520772923e+01   7.8000000000e-01
6.1598974291e+01   7.8000000000e-01
6.1677175660e+01   7.8000000000e-01
6.1755377028e+01   7.8000000000e-01
6.1833578397e+01   7.8000000000e-01
6.1911779765e+01   7.8000000000e-01
6.1989981134e+01   7.8000000000e-01
6.2068182502e+01   7.8000000000e-01
6.2146383871e+01   7.8000000000e-01
6.2224585239e+01   7.8000000000e-01
6.2302786608e+01   7.8000000000e-01
6.2380987977e+01   7.8000000000e-01
6.2459189345e+01   7.8000000000e-01
6.2537390714e+01   7.8000000000e-01
6.2615592082e+01   7.8000000000e-01
6.2693793451e+01   7.8000000000e-01
6.2771994819e+01   7.8000000000e-01
6.2850196188e+01   7.8000000000e-01
6.2928397556e+01   7.8000000000e-01
6.3006598925e+01   7.8000000000e-01
6.3084800293e+01   7.8000000000e-01
6.3163001662e+01   7.8000000000e-01
6.3241203030e+01   7.8000000000e-01
6.3319404399e+01   7.8000000000e-01
6.3397605767e+01   7.8000000000e-01
6.3475807136e+01   7.8000000000e-01
6.3554008504e+01   7.8000000000e-01
6.3632209873e+01   7.8000000000e-01
6.3710411241e+01   7.8000000000e-01
6.3788612610e+01   7.8000000000e-01
6.3866813978e+01   7.8000000000e-01
6.3945015347e+01   7.8000000000e-01
6.4023216716e+01   7.8000000000e-01
6.4101418084e+01   7.8000000000e-01
6.4179619453e+01   7.8000000000e-01
6.4257820821e+01   7.8000000000e-01
6.4336022190e+01   7.8000000000e-01
6.4414223558e+01   7.8000000000e-01
6.4492424927e+01   7.8000000000e-01
6.4570626295e+01   7.8000000000e-01
6.4648827664e+01   7.8000000000e-01
6.4727029032e+01   7.8000000000e-01
6.4805230401e+01   7.8000000000e-01
6.4883431769e+01   7.8000000000e-01
6.4961633138e+01   7.8000000000e-01
6.5039834506e+01   7.8000000000e-01
6.5118035875e+01   7.8000000000e-01
6.5196237243e+01   7.8000000000e-01
6.5274438612e+01   7.8000000000e-01
6.5352639980e+01   7.8000000000e-01
6.5430841349e+01   7.8000000000e-01
6.5509042717e+01   7.8000000000e-01
6.5587244086e+01   7.8000000000e-01
6.5665445455e+01   7.8000000000e-01
6.5743646823e+01   7.8000000000e-01
6.5821848192e+01   7.8000000000e-01
6.5900049560e+01   7.8000000000e-01
6.5978250929e+01   7.8000000000e-01
6.6056452297e+01   7.8000000000e-01
6.6134653666e+01   7.8000000000e-01
6.6212855034e+01   7.8000000000e-01
6.6291056403e+01   7.8000000000e-01
6.6369257771e+01   7.8000000000e-01
6.6447459140e+01   7.8000000000e-01
6.6525660508e+01   7.8000000000e-01
6.6603861877e+01   7.8000000000e-01
6.6682063245e+01   7.8000000000e-01
6.6760264614e+01   7.8000000000e-01
6.6838465982e+01   7.8000000000e-01
6.6916667351e+01   7.8000000000e-01
6.6994868719e+01   7.8000000000e-01
6.7073070088e+01   7.8000000000e-01
6.7151271457e+01   7.8000000000e-01
6.7229472825e+01   7.8000000000e-01
6.7307674194e+01   7.8000000000e-01
6.7385875562e+01   7.8000000000e-01
6.7464076931e+01   7.8000000000e-01
6.7542278299e+01   7.8000000000e-01
6.7620479668e+01   7.8000000000e-01
6.7698681036e+01   7.8000000000e-01
6.7776882405e+01   7.8000000000e-01
6.7855083773e+01   7.8000000000e-01
6.7933285142e+01   7.8000000000e-01
6.8011486510e+01   7.8000000000e-01
6.8089687879e+01   7.8000000000e-01
6.8167889247e+01   7.8000000000e-01
6.8246090616e+01   7.8000000000e-01
6.8324291984e+01   7.8000000000e-01
6.8402493353e+01   7.8000000000e-01
6.8480694721e+01   7.8000000000e-01
6.8558896090e+01   7.8000000000e-01
6.8637097458e+01   7.8000000000e-01
6.8715298827e+01   7.8000000000e-01
6.8793500196e+01   7.8000000000e-01
6.8871701564e+01   7.8000000000e-01
6.8949902933e+01   7.8000000000e-01
6.9028104301e+01   7.8000000000e-01
6.9106305670e+01   7.8000000000e-01
6.9184507038e+01   7.8000000000e-01
6.9262708407e+01   7.8000000000e-01
6.9340909775e+01   7.8000000000e-01
6.9419111144e+01   7.8000000000e-01
6.9497312512e+01   7.8000000000e-01
6.9575513881e+01   7.8000000000e-01
6.9653715249e+01   7.8000000000e-01
6.9731916618e+01   7.8000000000e-01
6.9810117986e+01   7.8000000000e-01
6.9888319355e+01   7.8000000000e-01
6.9966520723e+01   7.8000000000e-01
7.0044722092e+01   7.8000000000e-01
7.0122923460e+01   7.8000000000e-01
7.0201124829e+01   7.8000000000e-01
7.0279326197e+01   7.8000000000e-01
7.0357527566e+01   7.8000000000e-01
7.0435728935e+01   7.8000000000e-01
7.0513930303e+01   7.8000000000e-01
7.0592131672e+01   7.8000000000e-01
7.0670333040e+01   7.8000000000e-01
7.0748534409e+01   7.8000000000e-01
7.0826735777e+01   7.8000000000e-01
7.0904937146e+01   7.8000000000e-01
7.0983138514e+01   7.8000000000e-01
7.1061339883e+01   7.8000000000e-01
7.1139541251e+01   7.8000000000e-01
7.1217742620e+01   7.8000000000e-01
7.1295943988e+01   7.8000000000e-01
7.1374145357e+01   7.8000000000e-01
7.1452346725e+01   7.8000000000e-01
7.1530548094e+01   7.8000000000e-01
7.1608749462e+01   7.8000000000e-01
7.1686950831e+01   7.8000000000e-01
7.1765152199e+01   7.8000000000e-01
7.1843353568e+01   7.8000000000e-01
7.1921554936e+01   7.8000000000e-01
7.1999756305e+01   7.8000000000e-01
7.2077957674e+01   7.8000000000e-01
7.2156159042e+01   7.8000000000e-01
7.2234360411e+01   7.8000000000e-01
7.2312561779e+01   7.8000000000e-01
7.2390763148e+01   7.8000000000e-01
7.2468964516e+01   7.8000000000e-01
7.2547165885e+01   7.8000000000e-01
7.2625367253e+01   7.8000000000e-01
7.2703568622e+01   7.8000000000e-01
7.2781769990e+01   7.8000000000e-01
7.2859971359e+01   7.8000000000e-01
7.2938172727e+01   7.8000000000e-01
7.3016374096e+01   7.8000000000e-01
7.3094575464e+01   7.8000000000e-01
7.3172776833e+01   7.8000000000e-01
7.3250978201e+01   7.8000000000e-01
7.3329179570e+01   7.8000000000e-01
7.3407380938e+01   7.8000000000e-01
7.3485582307e+01   7.8000000000e-01
7.3563783675e+01   7.8000000000e-01
7.3641985044e+01   7.8000000000e-01
7.3720186413e+01   7.8000000000e-01
7.3798387781e+01   7.8000000000e-01
7.3876589150e+01   7.8000000000e-01
7.3954790518e+01   7.8000000000e-01
7.4032991887e+01   7.8000000000e-01
7.4111193255e+01   7.8000000000e-01
7.4189394624e+01   7.8000000000e-01
7.4267595992e+01   7.8000000000e-01
7.4345797361e+01   7.8000000000e-01
7.4423998729e+01   7.8000000000e-01
7.4502200098e+01   7.8000000000e-01
7.4580401466e+01   7.8000000000e-01
7.4658602835e+01   7.8000000000e-01
7.4736804203e+01   7.8000000000e-01
7.4815005572e+01   7.8000000000e-01
7.4893206940e+01   7.8000000000e-01
7.4971408309e+01   7.8000000000e-01
7.5049609677e+01   7.8000000000e-01
7.5127811046e+01   7.8000000000e-01
7.5206012414e+01   7.8000000000e-01
7.5284213783e+01   7.8000000000e-01
7.5362415152e+01   7.8000000000e-01
7.5440616520e+01   7.8000000000e-01
7.5518817889e+01   7.8000000000e-01
7.5597019257e+01   7.8000000000e-01
7.5675220626e+01   7.8000000000e-01
7.5753421994e+01   7.8000000000e-01
7.5831623363e+01   7.8000000000e-01
7.5909824731e+01   7.8000000000e-01
7.5988026100e+01   7.8000000000e-01
7.6066227468e+01   7.8000000000e-01
7.6144428837e+01   7.8000000000e-01
7.6222630205e+01   7.8000000000e-01
7.6300831574e+01   7.8000000000e-01
7.6379032942e+01   7.8000000000e-01
7.6457234311e+01   7.8000000000e-01
7.6535435679e+01   7.8000000000e-01
7.6613637048e+01   7.8000000000e-01
7.6691838416e+01   7.8000000000e-01
7.6770039785e+01   7.8000000000e-01
7.6848241153e+01   7.8000000000e-01
7.6926442522e+01   7.8000000000e-01
7.7004643891e+01   7.8000000000e-01
7.7082845259e+01   7.8000000000e-01
7.7161046628e+01   7.8000000000e-01
7.7239247996e+01   7.8000000000e-01
7.7317449365e+01   7.8000000000e-01
7.7395650733e+01   7.8000000000e-01
7.7473852102e+01   7.8000000000e-01
7.7552053470e+01   7.8000000000e-01
7.7630254839e+01   7.8000000000e-01
7.7708456207e+01   7.8000000000e-01
7.7786657576e+01   7.8000000000e-01
7.7864858944e+01   7.8000000000e-01
7.7943060313e+01   7.8000000000e-01
7.8021261681e+01   7.8000000000e-01
7.8099463050e+01   7.8000000000e-01
7.8177664418e+01   7.8000000000e-01
7.8255865787e+01   7.8000000000e-01
7.8334067155e+01   7.8000000000e-01
7.8412268524e+01   7.8000000000e-01
7.8490469892e+01   7.8000000000e-01
7.8568671261e+01   7.8000000000e-01
7.8646872630e+01   7.8000000000e-01
7.8725073998e+01   7.8000000000e-01
7.8803275367e+01   7.8000000000e-01
7.8881476735e+01   7.8000000000e-01
7.8959678104e+01   7.8000000000e-01
7.9037879472e+01   7.8000000000e-01
7.9116080841e+01   7.8000000000e-01
7.9194282209e+01   7.8000000000e-01
7.9272483578e+01   7.8000000000e-01
7.9350684946e+01   7.8000000000e-01
7.9428886315e+01   7.8000000000e-01
7.9507087683e+01   7.8000000000e-01
7.9585289052e+01   7.8000000000e-01
7.9663490420e+01   7.8000000000e-01
7.9741691789e+01   7.8000000000e-01
7.9819893157e+01   7.8000000000e-01
7.9898094526e+01   7.8000000000e-01
7.9976295894e+01   7.8000000000e-01
8.0000000000e+01   7.8000000000e-01
