X    Y
0.0000000000e+00   0.0000000000e+00
7.8431372549e-02   1.3714979970e-04
1.5686274510e-01   1.3786395657e-04
2.3529411765e-01   1.3842934443e-04
3.1372549020e-01   1.3883068545e-04
3.9215686275e-01   1.3905236461e-04
4.7058823529e-01   1.3907830566e-04
5.4901960784e-01   1.3889183993e-04
6.2745098039e-01   1.3847556713e-04
7.0588235294e-01   1.3781120681e-04
7.8431372549e-01   1.3687943845e-04
8.6274509804e-01   1.3565972733e-04
9.4117647059e-01   1.3413013143e-04
1.0196078431e+00   1.3226708296e-04
1.0980392157e+00   1.3004513603e-04
1.1764705882e+00   1.2743667047e-04
1.2549019608e+00   1.2441154246e-04
1.3333333333e+00   1.2093667562e-04
1.4117647059e+00   1.1697559529e-04
1.4901960784e+00   1.1694335712e-04
1.5686274510e+00   1.2310169586e-04
1.6470588235e+00   1.2979481346e-04
1.7254901961e+00   1.3704592879e-04
1.8039215686e+00   1.4487275016e-04
1.8823529412e+00   1.5328406272e-04
1.9607843137e+00   2.7207263746e-04
2.0392156863e+00   2.8755121793e-04
2.1176470588e+00   3.0373287928e-04
2.1960784314e+00   3.2048919911e-04
2.2745098039e+00   3.3764573656e-04
2.3529411765e+00   3.5497471121e-04
2.4313725490e+00   3.7218771696e-04
2.5098039216e+00   3.8892895189e-04
2.5882352941e+00   4.0476961893e-04
2.6666666667e+00   4.1920433390e-04
2.7450980392e+00   4.3165053781e-04
2.8235294118e+00   4.4145201306e-04
2.9019607843e+00   4.4788763630e-04
2.9803921569e+00   4.5018655274e-04
3.0588235294e+00   5.4093557992e-04
3.1372549020e+00   5.3038132692e-04
3.2156862745e+00   5.1204612617e-04
3.2941176471e+00   4.8525134439e-04
3.3725490196e+00   5.0234462785e-04
3.4509803922e+00   5.3798959537e-04
3.5294117647e+00   5.6694799799e-04
3.6078431373e+00   5.8733839821e-04
3.6862745098e+00   5.9727608907e-04
3.7647058824e+00   5.9499977078e-04
3.8431372549e+00   5.7901848792e-04
3.9215686275e+00   5.4826737125e-04
4.0000000000e+00   5.0226455657e-04
4.0784313725e+00   4.3617547522e-04
4.1568627451e+00   3.3395747369e-04
4.2352941176e+00   2.9114125413e-04
4.3137254902e+00   3.4012749233e-04
4.3921568627e+00   3.7838138365e-04
4.4705882353e+00   4.0565854310e-04
4.5490196078e+00   4.2225638471e-04
4.6274509804e+00   4.2892487282e-04
4.7058823529e+00   4.2675142747e-04
4.7843137255e+00   4.5959410674e-04
4.8627450980e+00   4.9051727704e-04
4.9411764706e+00   5.5586678704e-04
5.0196078431e+00   6.1076962056e-04
5.0980392157e+00   6.5507744813e-04
5.1764705882e+00   6.8901497910e-04
5.2549019608e+00   7.1310261296e-04
5.3333333333e+00   7.2807845321e-04
5.4117647059e+00   7.3482576508e-04
5.4901960784e+00   7.3430964676e-04
5.5686274510e+00   7.2752471223e-04
5.6470588235e+00   7.1545407947e-04
5.7254901961e+00   6.9903894683e-04
5.8039215686e+00   6.7915753856e-04
5.8823529412e+00   6.5661226133e-04
5.9607843137e+00   6.3212455397e-04
6.0392156863e+00   6.0633793632e-04
6.1176470588e+00   5.7983055086e-04
6.1960784314e+00   5.5313795330e-04
6.2745098039e+00   5.2658698971e-04
6.3529411765e+00   3.4802208265e-04
6.4313725490e+00   3.3032466165e-04
6.5098039216e+00   3.1327325480e-04
6.5882352941e+00   2.9698141163e-04
6.6666666667e+00   2.8153424205e-04
6.7450980392e+00   2.6699236338e-04
6.8235294118e+00   2.5339549491e-04
6.9019607843e+00   2.4076568875e-04
6.9803921569e+00   2.2911019854e-04
7.0588235294e+00   2.1842399251e-04
7.1372549020e+00   2.0869191486e-04
7.2156862745e+00   1.9989049289e-04
7.2941176471e+00   1.9198937989e-04
7.3725490196e+00   1.8495242298e-04
7.4509803922e+00   1.7873835827e-04
7.5294117647e+00   1.7330116978e-04
7.6078431373e+00   1.6859020853e-04
7.6862745098e+00   1.6455025342e-04
7.7647058824e+00   1.6112179818e-04
7.8431372549e+00   1.5824195618e-04
7.9215686275e+00   1.5584646654e-04
8.0000000000e+00   1.5387333833e-04
8.0784313725e+00   1.5226866199e-04
8.1568627451e+00   1.5099502955e-04
8.2352941176e+00   1.5004282606e-04
8.3137254902e+00   1.4944438377e-04
8.3921568627e+00   1.4929063706e-04
8.4705882353e+00   1.4974950385e-04
8.5490196078e+00   1.5108477852e-04
8.6274509804e+00   1.5367389297e-04
8.7058823529e+00   1.5802252771e-04
8.7843137255e+00   1.6477377588e-04
8.8627450980e+00   1.7470941643e-04
8.9411764706e+00   1.8874086537e-04
9.0196078431e+00   2.0788756365e-04
9.0980392157e+00   2.3324092916e-04
9.1764705882e+00   2.6591253966e-04
9.2549019608e+00   2.9797767926e-04
9.3333333333e+00   3.0114605431e-04
9.4117647059e+00   1.8726926366e-04
9.4901960784e+00   1.8892263731e-04
9.5686274510e+00   1.9043390143e-04
9.6470588235e+00   1.9179745242e-04
9.7254901961e+00   1.9300755427e-04
9.8039215686e+00   1.9405828738e-04
9.8823529412e+00   1.9494349449e-04
9.9607843137e+00   1.9565672308e-04
1.0039215686e+01   1.9619116361e-04
1.0117647059e+01   1.9653958226e-04
1.0196078431e+01   1.9669424554e-04
1.0274509804e+01   1.9664683233e-04
1.0352941176e+01   1.9638832567e-04
1.0431372549e+01   1.9590887231e-04
1.0509803922e+01   1.9519759218e-04
1.0588235294e+01   1.9424231303e-04
1.0666666667e+01   1.9302919824e-04
1.0745098039e+01   1.9154222945e-04
1.0823529412e+01   1.8976250126e-04
1.0901960784e+01   1.8766728690e-04
1.0980392157e+01   1.8522884261e-04
1.1058823529e+01   1.8241293939e-04
1.1137254902e+01   1.7917714679e-04
1.1215686275e+01   1.7546894812e-04
1.1294117647e+01   1.7122384159e-04
1.1372549020e+01   1.6636367810e-04
1.1450980392e+01   1.6079560018e-04
1.1529411765e+01   1.1899575250e-04
1.1607843137e+01   1.8185965712e-04
1.1686274510e+01   1.9319627320e-04
1.1764705882e+01   2.0495496534e-04
1.1843137255e+01   2.1709062171e-04
1.1921568627e+01   2.2954102947e-04
1.2000000000e+01   2.4222385356e-04
1.2078431373e+01   2.5503341315e-04
1.2156862745e+01   2.6783735225e-04
1.2235294118e+01   2.8047334795e-04
1.2313725490e+01   2.9274604825e-04
1.2392156863e+01   3.0442446441e-04
1.2470588235e+01   3.1524002983e-04
1.2549019608e+01   3.2488543698e-04
1.2627450980e+01   5.4306318740e-04
1.2705882353e+01   5.5228051647e-04
1.2784313725e+01   5.5723703739e-04
1.2862745098e+01   5.5715833659e-04
1.2941176471e+01   5.5128689054e-04
1.3019607843e+01   5.3892612538e-04
1.3098039216e+01   5.1949320783e-04
1.3176470588e+01   4.9257826911e-04
1.3254901961e+01   4.5800599990e-04
1.3333333333e+01   4.5959954472e-04
1.3411764706e+01   4.8850564560e-04
1.3490196078e+01   5.1019210748e-04
1.3568627451e+01   5.2319962581e-04
1.3647058824e+01   5.2617966908e-04
1.3725490196e+01   5.1790689402e-04
1.3803921569e+01   4.9718178851e-04
1.3882352941e+01   4.6263716579e-04
1.3960784314e+01   4.1889035317e-04
1.4039215686e+01   4.2214958132e-04
1.4117647059e+01   3.3739964249e-04
1.4196078431e+01   3.0117121567e-04
1.4274509804e+01   3.3859612462e-04
1.4352941176e+01   3.6568603988e-04
1.4431372549e+01   3.8299445665e-04
1.4509803922e+01   3.9142347096e-04
1.4588235294e+01   3.9211164374e-04
1.4666666667e+01   3.8629217777e-04
1.4745098039e+01   4.3780200460e-04
1.4823529412e+01   5.0370405073e-04
1.4901960784e+01   5.5868266049e-04
1.4980392157e+01   6.0285511399e-04
1.5058823529e+01   6.3667889764e-04
1.5137254902e+01   6.6086611238e-04
1.5215686275e+01   6.7630288927e-04
1.5294117647e+01   6.8397835559e-04
1.5372549020e+01   6.8492544479e-04
1.5450980392e+01   6.8017411183e-04
1.5529411765e+01   6.7071634223e-04
1.5607843137e+01   6.5748171708e-04
1.5686274510e+01   6.4132219810e-04
1.5764705882e+01   6.2300516337e-04
1.5843137255e+01   6.0321434813e-04
1.5921568627e+01   5.8255874550e-04
1.6000000000e+01   5.6158893044e-04
1.6078431373e+01   5.4081780410e-04
1.6156862745e+01   5.2073781330e-04
1.6235294118e+01   5.0113651413e-04
1.6313725490e+01   4.8198446708e-04
1.6392156863e+01   4.1437477066e-04
1.6470588235e+01   4.0018944393e-04
1.6549019608e+01   3.8712501790e-04
1.6627450980e+01   3.7523178695e-04
1.6705882353e+01   3.6453599931e-04
1.6784313725e+01   3.5504384631e-04
1.6862745098e+01   3.4674497774e-04
1.6941176471e+01   3.3961557269e-04
1.7019607843e+01   3.3362099972e-04
1.7098039216e+01   3.2871809988e-04
1.7176470588e+01   3.2485712435e-04
1.7254901961e+01   3.2198335556e-04
1.7333333333e+01   3.2003844050e-04
1.7411764706e+01   3.1896146913e-04
1.7490196078e+01   3.1868984254e-04
1.7568627451e+01   3.1915999555e-04
1.7647058824e+01   3.2030806614e-04
1.7725490196e+01   3.2207063525e-04
1.7803921569e+01   3.2438568993e-04
1.7882352941e+01   3.2719398157e-04
1.7960784314e+01   3.3044094971e-04
1.8039215686e+01   3.3407935215e-04
1.8117647059e+01   3.3807267680e-04
1.8196078431e+01   3.4239930575e-04
1.8274509804e+01   3.4705726001e-04
1.8352941176e+01   3.5206917836e-04
1.8431372549e+01   3.5748698962e-04
1.8509803922e+01   3.6339553760e-04
1.8588235294e+01   3.6991423240e-04
1.8666666667e+01   3.7719564962e-04
1.8745098039e+01   3.8541990037e-04
1.8823529412e+01   3.9478356621e-04
1.8901960784e+01   4.0548204811e-04
1.8980392157e+01   4.1768432341e-04
1.9058823529e+01   4.3149934295e-04
1.9137254902e+01   4.4693362496e-04
1.9215686275e+01   4.6384000402e-04
1.9294117647e+01   4.8185795422e-04
1.9372549020e+01   5.0034640641e-04
1.9450980392e+01   5.1831049581e-04
1.9529411765e+01   5.3432418417e-04
1.9607843137e+01   5.4645117500e-04
1.9686274510e+01   5.5322322506e-04
1.9764705882e+01   5.5636415479e-04
1.9843137255e+01   4.8560659454e-04
1.9921568627e+01   4.8741411222e-04
2.0000000000e+01   2.9998150112e-04
2.0000000000e+01   2.9998150112e-04
