X    Y
0.0000000000e+00   0.0000000000e+00
1.0000000000e-04   4.1654168367e-06
1.1000000000e-03   4.5682309480e-05
1.1100000000e-02   4.4732996020e-04
8.9301368524e-02   2.8394681728e-03
1.6750273705e-01   4.1987760261e-03
2.4570410557e-01   4.8710024458e-03
3.2390547410e-01   5.1142147516e-03
4.0210684262e-01   5.1090311785e-03
4.8030821114e-01   4.9739528264e-03
5.5850957967e-01   4.7816794121e-03
6.3671094819e-01   4.5736137381e-03
7.1491231672e-01   4.3712323750e-03
7.9311368524e-01   4.1841500795e-03
8.7131505376e-01   4.0153750166e-03
9.4951642229e-01   3.8644983979e-03
1.0277177908e+00   3.7422236192e-03
1.1059191593e+00   3.6344170122e-03
1.1841205279e+00   3.5413115755e-03
1.2623218964e+00   3.4623125875e-03
1.3405232649e+00   3.3966002224e-03
1.4187246334e+00   3.3433833660e-03
1.4969260020e+00   3.3019949671e-03
1.5751273705e+00   3.2719205765e-03
1.6533287390e+00   3.2528019519e-03
1.7315301075e+00   3.2444340367e-03
1.8097314761e+00   3.2467665510e-03
1.8879328446e+00   3.2599006995e-03
1.8880328446e+00   3.2599247343e-03
1.8890328446e+00   3.2601660559e-03
1.8990328446e+00   3.2626768438e-03
1.9772342131e+00   3.2885397742e-03
2.0554355816e+00   3.3258347248e-03
2.1336369501e+00   3.3751991086e-03
2.2118383187e+00   3.4374346694e-03
2.2900396872e+00   3.5135497181e-03
2.3682410557e+00   3.6047985620e-03
2.4464424242e+00   3.7127268080e-03
2.5246437928e+00   3.8392274447e-03
2.6028451613e+00   3.9866117445e-03
2.6810465298e+00   4.1577026063e-03
2.7592478983e+00   4.3559463035e-03
2.8374492669e+00   4.5855673458e-03
2.9156506354e+00   4.8517620022e-03
2.9938520039e+00   5.1609523918e-03
3.0720533724e+00   5.5211191962e-03
3.1502547410e+00   5.9422395369e-03
3.2284561095e+00   6.4368669712e-03
3.2285561095e+00   6.4375530679e-03
3.2295561095e+00   6.4444220557e-03
3.2395561095e+00   6.5139217035e-03
3.3177574780e+00   7.1123480302e-03
3.3959588465e+00   7.8239283941e-03
3.4741602151e+00   8.6758415473e-03
3.5523615836e+00   9.7033610824e-03
3.6305629521e+00   1.0952604495e-02
3.7087643206e+00   1.2484284856e-02
3.7869656891e+00   1.4378830192e-02
3.8651670577e+00   1.6743342148e-02
3.9433684262e+00   1.9720980783e-02
3.9434684262e+00   1.9725256779e-02
3.9444684262e+00   1.9768088741e-02
3.9544684262e+00   2.0203703606e-02
4.0326697947e+00   2.4119562364e-02
4.1108711632e+00   2.9139583925e-02
4.1890725318e+00   3.5619274049e-02
4.2672739003e+00   4.4026544535e-02
4.3454752688e+00   5.4966162698e-02
4.4236766373e+00   6.9197273899e-02
4.5018780059e+00   8.7629498070e-02
4.5800793744e+00   1.1127230610e-01
4.6582807429e+00   1.4109950547e-01
4.7364821114e+00   1.7778229332e-01
4.8146834800e+00   2.2125628353e-01
4.8928848485e+00   2.7014615329e-01
4.9710862170e+00   3.2119881960e-01
5.0492875855e+00   3.6905082483e-01
5.0493875855e+00   3.6910709164e-01
5.0503875855e+00   3.6966884495e-01
5.0603875855e+00   3.7519171352e-01
5.1385889541e+00   4.1086524919e-01
5.2167903226e+00   4.2852315252e-01
5.2949916911e+00   4.2380623430e-01
5.3731930596e+00   3.9658090779e-01
5.4513944282e+00   3.5117307093e-01
5.5295957967e+00   2.9489129837e-01
5.5296957967e+00   2.9481584073e-01
5.5306957967e+00   2.9406101603e-01
5.5406957967e+00   2.8649116651e-01
5.6188971652e+00   2.2744578097e-01
5.6970985337e+00   1.7276077802e-01
5.7752999022e+00   1.2620632798e-01
5.8535012708e+00   8.9191548159e-02
5.9317026393e+00   6.1402108251e-02
6.0099040078e+00   4.1544699679e-02
6.0881053763e+00   2.7956818944e-02
6.1663067449e+00   1.9006272373e-02
6.2445081134e+00   1.3299838843e-02
6.3227094819e+00   9.7549501158e-03
6.4009108504e+00   7.5892485052e-03
6.4791122190e+00   6.2706638151e-03
6.4792122190e+00   6.2693559238e-03
6.4802122190e+00   6.2563212517e-03
6.4902122190e+00   6.1302883444e-03
6.5684135875e+00   5.3668096461e-03
6.6466149560e+00   4.8744175522e-03
6.7248163245e+00   4.5381878406e-03
6.8030176931e+00   4.2932057562e-03
6.8812190616e+00   4.1038283532e-03
6.9594204301e+00   3.9507940895e-03
7.0376217986e+00   3.8236898826e-03
7.1158231672e+00   3.7167537234e-03
7.1940245357e+00   3.6266394316e-03
7.2722259042e+00   3.5512695408e-03
7.3504272727e+00   3.4892627501e-03
7.4286286413e+00   3.4396525915e-03
7.5068300098e+00   3.4017492086e-03
7.5850313783e+00   3.3750703331e-03
7.6632327468e+00   3.3593059759e-03
7.7414341153e+00   3.3543003197e-03
7.8196354839e+00   3.3600433293e-03
7.8978368524e+00   3.3766687802e-03
7.9760382209e+00   3.4044573613e-03
8.0542395894e+00   3.4438444510e-03
8.1324409580e+00   3.4954326970e-03
8.2106423265e+00   3.5600098940e-03
8.2888436950e+00   3.6385729823e-03
8.3670450635e+00   3.7323593433e-03
8.3671450635e+00   3.7324896335e-03
8.3681450635e+00   3.7337940398e-03
8.3781450635e+00   3.7469892160e-03
8.4563464321e+00   3.8600345783e-03
8.5345478006e+00   3.9919641899e-03
8.6127491691e+00   4.1450872887e-03
8.6909505376e+00   4.3222061326e-03
8.7691519062e+00   4.5267247307e-03
8.8473532747e+00   4.7627877663e-03
8.9255546432e+00   5.0354587059e-03
9.0037560117e+00   5.3509491689e-03
9.0819573803e+00   5.7169156824e-03
9.0820573803e+00   5.7174198079e-03
9.0830573803e+00   5.7224664426e-03
9.0930573803e+00   5.7734753538e-03
9.1712587488e+00   6.2088180753e-03
9.2494601173e+00   6.7178547982e-03
9.3276614858e+00   7.3158996574e-03
9.4058628543e+00   8.0222826224e-03
9.4840642229e+00   8.8615491569e-03
9.5622655914e+00   9.8650489158e-03
9.6404669599e+00   1.1073039882e-02
9.7186683284e+00   1.2537467770e-02
9.7968696970e+00   1.4325620342e-02
9.8750710655e+00   1.6524890559e-02
9.9532724340e+00   1.9248886403e-02
1.0031473803e+01   2.2645087853e-02
1.0109675171e+01   2.6904085768e-02
1.0109775171e+01   2.6910182805e-02
1.0110775171e+01   2.6971252396e-02
1.0120775171e+01   2.7591988477e-02
1.0198976540e+01   3.3139174338e-02
1.0277177908e+01   4.0151698860e-02
1.0355379277e+01   4.9021174340e-02
1.0433580645e+01   6.0211834707e-02
1.0511782014e+01   7.4243169757e-02
1.0589983382e+01   9.1642802318e-02
1.0668184751e+01   1.1285315840e-01
1.0746386119e+01   1.3807623283e-01
1.0824587488e+01   1.6705201614e-01
1.0902788856e+01   1.9879547509e-01
1.0980990225e+01   2.3136722861e-01
1.1059191593e+01   2.6181043397e-01
1.1137392962e+01   2.8640936378e-01
1.1215594330e+01   3.0135450558e-01
1.1293795699e+01   3.0370943570e-01
1.1371997067e+01   2.9234438505e-01
1.1372097067e+01   2.9232131582e-01
1.1373097067e+01   2.9208947795e-01
1.1383097067e+01   2.8965756424e-01
1.1461298436e+01   2.6415309123e-01
1.1539499804e+01   2.2981409671e-01
1.1617701173e+01   1.9103324679e-01
1.1695902542e+01   1.5210801943e-01
1.1774103910e+01   1.1640575263e-01
1.1852305279e+01   8.5986048299e-02
1.1930506647e+01   6.1643183603e-02
1.1930606647e+01   6.1615950119e-02
1.1931606647e+01   6.1344150251e-02
1.1941606647e+01   5.8679399443e-02
1.2019808016e+01   4.1023849163e-02
1.2098009384e+01   2.8367920623e-02
1.2176210753e+01   1.9675527533e-02
1.2254412121e+01   1.3923999282e-02
1.2332613490e+01   1.0233051475e-02
1.2410814858e+01   7.9145387064e-03
1.2489016227e+01   6.4702216912e-03
1.2567217595e+01   5.5621387445e-03
1.2645418964e+01   4.9737933968e-03
1.2723620332e+01   4.5734062105e-03
1.2801821701e+01   4.2841223156e-03
1.2880023069e+01   4.0626300154e-03
1.2958224438e+01   3.8850506415e-03
1.2958324438e+01   3.8848440735e-03
1.2959324438e+01   3.8827811636e-03
1.2969324438e+01   3.8624250088e-03
1.3047525806e+01   3.7185996374e-03
1.3125727175e+01   3.5976443859e-03
1.3203928543e+01   3.4954067925e-03
1.3282129912e+01   3.4092844308e-03
1.3360331281e+01   3.3375257525e-03
1.3438532649e+01   3.2788854241e-03
1.3516734018e+01   3.2324524973e-03
1.3594935386e+01   3.1975627368e-03
1.3673136755e+01   3.1737518994e-03
1.3751338123e+01   3.1607299484e-03
1.3829539492e+01   3.1583670934e-03
1.3907740860e+01   3.1666875810e-03
1.3985942229e+01   3.1858694791e-03
1.4064143597e+01   3.2162498216e-03
1.4142344966e+01   3.2583351039e-03
1.4220546334e+01   3.3128175512e-03
1.4298747703e+01   3.3805979680e-03
1.4376949071e+01   3.4628163937e-03
1.4455150440e+01   3.5608922953e-03
1.4455250440e+01   3.5610285702e-03
1.4456250440e+01   3.5623929009e-03
1.4466250440e+01   3.5761951912e-03
1.4544451808e+01   3.6945429397e-03
1.4622653177e+01   3.8329910691e-03
1.4700854545e+01   3.9942520029e-03
1.4779055914e+01   4.1816539868e-03
1.4857257283e+01   4.3992919159e-03
1.4935458651e+01   4.6522242811e-03
1.5013660020e+01   4.9467318287e-03
1.5091861388e+01   5.2906595889e-03
1.5091961388e+01   5.2911349901e-03
1.5092961388e+01   5.2958943192e-03
1.5102961388e+01   5.3440240909e-03
1.5181162757e+01   5.7565979765e-03
1.5259364125e+01   6.2429887207e-03
1.5337565494e+01   6.8197286225e-03
1.5415766862e+01   7.5081278195e-03
1.5493968231e+01   8.3358923271e-03
1.5572169599e+01   9.3393608879e-03
1.5650370968e+01   1.0566613991e-02
1.5728572336e+01   1.2081816218e-02
1.5806773705e+01   1.3971291938e-02
1.5884975073e+01   1.6352027807e-02
1.5963176442e+01   1.9383556521e-02
1.6041377810e+01   2.3284416089e-02
1.6041477810e+01   2.3290079271e-02
1.6042477810e+01   2.3346815621e-02
1.6052477810e+01   2.3924782299e-02
1.6130679179e+01   2.9192178466e-02
1.6208880547e+01   3.6110690166e-02
1.6287081916e+01   4.5266783378e-02
1.6365283284e+01   5.7449043052e-02
1.6443484653e+01   7.3694029963e-02
1.6521686022e+01   9.5314138887e-02
1.6599887390e+01   1.2387100523e-01
1.6678088759e+01   1.6103040618e-01
1.6756290127e+01   2.0820504895e-01
1.6834491496e+01   2.6588631262e-01
1.6912692864e+01   3.3264214167e-01
1.6990894233e+01   4.0399122447e-01
1.6990994233e+01   4.0408229796e-01
1.6991994233e+01   4.0499273034e-01
1.7001994233e+01   4.1406245971e-01
1.7080195601e+01   4.8046415196e-01
1.7158396970e+01   5.3049657869e-01
1.7236598338e+01   5.5320372833e-01
1.7314799707e+01   5.4220441592e-01
1.7393001075e+01   4.9867983654e-01
1.7471202444e+01   4.3108646055e-01
1.7471302444e+01   4.3098975331e-01
1.7472302444e+01   4.3002163428e-01
1.7482302444e+01   4.2024133161e-01
1.7560503812e+01   3.4023251071e-01
1.7638705181e+01   2.6173642145e-01
1.7716906549e+01   1.9258378247e-01
1.7795107918e+01   1.3645187703e-01
1.7873309286e+01   9.3755212278e-02
1.7951510655e+01   6.2963578690e-02
1.8029712023e+01   4.1734311233e-02
1.8107913392e+01   2.7654321015e-02
1.8186114761e+01   1.8624132998e-02
1.8264316129e+01   1.2994296390e-02
1.8342517498e+01   9.5603890367e-03
1.8420718866e+01   7.4928888507e-03
1.8498920235e+01   6.2483693099e-03
1.8577121603e+01   5.4863694135e-03
1.8655322972e+01   5.0020577659e-03
1.8733524340e+01   4.6766326213e-03
1.8733624340e+01   4.6762838449e-03
1.8734624340e+01   4.6728041361e-03
1.8744624340e+01   4.6387927423e-03
1.8822825709e+01   4.4136238492e-03
1.8901027077e+01   4.2403042569e-03
1.8979228446e+01   4.1007152962e-03
1.9057429814e+01   3.9851341189e-03
1.9135631183e+01   3.8882520921e-03
1.9213832551e+01   3.8070508829e-03
1.9292033920e+01   3.7397111577e-03
1.9370235288e+01   3.6850643977e-03
1.9448436657e+01   3.6423229398e-03
1.9526638025e+01   3.6109481695e-03
1.9604839394e+01   3.5905861232e-03
1.9683040762e+01   3.5810360073e-03
1.9761242131e+01   3.5822353243e-03
1.9839443500e+01   3.5942541134e-03
1.9917644868e+01   3.6172949823e-03
1.9995846237e+01   3.6516975701e-03
2.0074047605e+01   3.6979470233e-03
2.0152248974e+01   3.7566865674e-03
2.0230450342e+01   3.8287345749e-03
2.0308651711e+01   3.9151067897e-03
2.0386853079e+01   4.0170446292e-03
2.0465054448e+01   4.1360507894e-03
2.0543255816e+01   4.2739337425e-03
2.0621457185e+01   4.4328631615e-03
2.0699658553e+01   4.6154389068e-03
2.0777859922e+01   4.8247769045e-03
2.0777959922e+01   4.8250632510e-03
2.0778959922e+01   4.8279294547e-03
2.0788959922e+01   4.8568671812e-03
2.0867161290e+01   5.1013807947e-03
2.0945362659e+01   5.3816002321e-03
2.1023564027e+01   5.7030923817e-03
2.1101765396e+01   6.0725915365e-03
2.1179966764e+01   6.4982710048e-03
2.1258168133e+01   6.9900843149e-03
2.1336369501e+01   7.5601936444e-03
2.1414570870e+01   8.2235069542e-03
2.1492772239e+01   8.9983491817e-03
2.1570973607e+01   9.9072962087e-03
2.1649174976e+01   1.0978201898e-02
2.1649274976e+01   1.0979688969e-02
2.1650274976e+01   1.0994577291e-02
2.1660274976e+01   1.1145238640e-02
2.1738476344e+01   1.2443659764e-02
2.1816677713e+01   1.3987641735e-02
2.1894879081e+01   1.5830893352e-02
2.1973080450e+01   1.8039056989e-02
2.2051281818e+01   2.0691639229e-02
2.2129483187e+01   2.3883641885e-02
2.2207684555e+01   2.7726350049e-02
2.2285885924e+01   3.2346398907e-02
2.2364087292e+01   3.7881803329e-02
2.2442288661e+01   4.4473137851e-02
2.2520490029e+01   5.2247632125e-02
2.2598691398e+01   6.1293875259e-02
2.2676892766e+01   7.1625565357e-02
2.2755094135e+01   8.3134917556e-02
2.2833295503e+01   9.5540521949e-02
2.2911496872e+01   1.0834063746e-01
2.2989698240e+01   1.2078982416e-01
2.3067899609e+01   1.3192123874e-01
2.3146100978e+01   1.4063385647e-01
2.3224302346e+01   1.4584900076e-01
2.3224402346e+01   1.4585302873e-01
2.3225402346e+01   1.4589291366e-01
2.3235402346e+01   1.4625200100e-01
2.3313603715e+01   1.4645365143e-01
2.3391805083e+01   1.4186511480e-01
2.3470006452e+01   1.3270876323e-01
2.3548207820e+01   1.1977343365e-01
2.3626409189e+01   1.0427628525e-01
2.3704610557e+01   8.7632269305e-02
2.3782811926e+01   7.1201696232e-02
2.3861013294e+01   5.6085029050e-02
2.3861113294e+01   5.6066892482e-02
2.3862113294e+01   5.5885713471e-02
2.3872113294e+01   5.4092804599e-02
2.3950314663e+01   4.1340278904e-02
2.4028516031e+01   3.0976813367e-02
2.4106717400e+01   2.2959287167e-02
2.4184918768e+01   1.7025105686e-02
2.4263120137e+01   1.2799447503e-02
2.4341321505e+01   9.8839602875e-03
2.4419522874e+01   7.9164260511e-03
2.4497724242e+01   6.6011978209e-03
2.4575925611e+01   5.7165723889e-03
2.4654126979e+01   5.1076264013e-03
2.4732328348e+01   4.6723485223e-03
2.4810529717e+01   4.3467371666e-03
2.4810629717e+01   4.3463711337e-03
2.4811629717e+01   4.3427171215e-03
2.4821629717e+01   4.3067965136e-03
2.4899831085e+01   4.0594599520e-03
2.4978032454e+01   3.8583484819e-03
2.5056233822e+01   3.6908926905e-03
2.5134435191e+01   3.5495395346e-03
2.5212636559e+01   3.4295413048e-03
2.5290837928e+01   3.3277378923e-03
2.5369039296e+01   3.2419036890e-03
2.5447240665e+01   3.1704018704e-03
2.5525442033e+01   3.1119990600e-03
2.5603643402e+01   3.0657623340e-03
2.5681844770e+01   3.0309990524e-03
2.5760046139e+01   3.0072201031e-03
2.5838247507e+01   2.9941171400e-03
2.5916448876e+01   2.9915491148e-03
2.5994650244e+01   2.9995359851e-03
2.6072851613e+01   3.0182591643e-03
2.6151052981e+01   3.0480669362e-03
2.6229254350e+01   3.0894861970e-03
2.6229354350e+01   3.0895468813e-03
2.6230354350e+01   3.0901548331e-03
2.6240354350e+01   3.0963455250e-03
2.6318555718e+01   3.1519218844e-03
2.6396757087e+01   3.2209344789e-03
2.6474958456e+01   3.3046271693e-03
2.6553159824e+01   3.4045553769e-03
2.6631361193e+01   3.5226488074e-03
2.6709562561e+01   3.6612933287e-03
2.6787763930e+01   3.8234377591e-03
2.6865965298e+01   4.0127331145e-03
2.6944166667e+01   4.2337276644e-03
2.7022368035e+01   4.4920924881e-03
2.7100569404e+01   4.7949682236e-03
2.7178770772e+01   5.1514029482e-03
2.7256972141e+01   5.5729563450e-03
2.7335173509e+01   6.0745282487e-03
2.7335273509e+01   6.0752287195e-03
2.7336273509e+01   6.0822423364e-03
2.7346273509e+01   6.1532789533e-03
2.7424474878e+01   6.7704343788e-03
2.7502676246e+01   7.5168812928e-03
2.7580877615e+01   8.4280888438e-03
2.7659078983e+01   9.5518598085e-03
2.7737280352e+01   1.0953371626e-02
2.7815481720e+01   1.2722527610e-02
2.7893683089e+01   1.4984747140e-02
2.7893783089e+01   1.4988024379e-02
2.7894783089e+01   1.5020856563e-02
2.7904783089e+01   1.5355247550e-02
2.7982984457e+01   1.8400829656e-02
2.8061185826e+01   2.2411884176e-02
2.8139387195e+01   2.7769227832e-02
2.8217588563e+01   3.5023001986e-02
2.8295789932e+01   4.4969289233e-02
2.8373991300e+01   5.8755909191e-02
2.8452192669e+01   7.8019197078e-02
2.8530394037e+01   1.0503898774e-01
2.8608595406e+01   1.4286263254e-01
2.8686796774e+01   1.9527336343e-01
2.8764998143e+01   2.6635017884e-01
2.8843199511e+01   3.5921514718e-01
2.8843299511e+01   3.5934829540e-01
2.8844299511e+01   3.6068176041e-01
2.8854299511e+01   3.7421335971e-01
2.8932500880e+01   4.9121670234e-01
2.9010702248e+01   6.2054655872e-01
2.9010802248e+01   6.2071288501e-01
2.9011802248e+01   6.2237561782e-01
2.9021802248e+01   6.3893940753e-01
2.9100003617e+01   7.5870362109e-01
2.9178204985e+01   8.4079366688e-01
2.9256406354e+01   8.6074613695e-01
2.9334607722e+01   8.1037894448e-01
2.9412809091e+01   7.0310139239e-01
2.9491010459e+01   5.6640027385e-01
2.9569211828e+01   4.2820449578e-01
2.9569311828e+01   4.2803609302e-01
2.9570311828e+01   4.2635371740e-01
2.9580311828e+01   4.0970048192e-01
2.9658513196e+01   2.9217307164e-01
2.9736714565e+01   2.0029194667e-01
2.9814915934e+01   1.3328590240e-01
2.9893117302e+01   8.6902621495e-02
2.9971318671e+01   5.6066816732e-02
3.0049520039e+01   3.6221016188e-02
3.0127721408e+01   2.3784275249e-02
3.0205922776e+01   1.6160010787e-02
3.0284124145e+01   1.1566344738e-02
3.0362325513e+01   8.8307792670e-03
3.0440526882e+01   7.2080735897e-03
3.0518728250e+01   6.2386749409e-03
3.0596929619e+01   5.6468574621e-03
3.0675130987e+01   5.2713028907e-03
3.0753332356e+01   5.0197823787e-03
3.0831533724e+01   4.8406473115e-03
3.0909735093e+01   4.7054755216e-03
3.0987936461e+01   4.5988297527e-03
3.1066137830e+01   4.5123820506e-03
3.1144339198e+01   4.4416313746e-03
3.1222540567e+01   4.3841146986e-03
3.1300741935e+01   4.3384541153e-03
3.1378943304e+01   4.3038598236e-03
3.1457144673e+01   4.2798758881e-03
3.1535346041e+01   4.2662526082e-03
3.1613547410e+01   4.2628837848e-03
3.1691748778e+01   4.2697768582e-03
3.1769950147e+01   4.2870396610e-03
3.1848151515e+01   4.3148757256e-03
3.1926352884e+01   4.3535842642e-03
3.2004554252e+01   4.4035630473e-03
3.2082755621e+01   4.4653134535e-03
3.2160956989e+01   4.5394474815e-03
3.2239158358e+01   4.6266967603e-03
3.2317359726e+01   4.7279237004e-03
3.2395561095e+01   4.8441349541e-03
3.2473762463e+01   4.9764973326e-03
3.2551963832e+01   5.1263562778e-03
3.2630165200e+01   5.2952569220e-03
3.2708366569e+01   5.4849676874e-03
3.2786567937e+01   5.6975062846e-03
3.2864769306e+01   5.9351678304e-03
3.2942970674e+01   6.2005546105e-03
3.3021172043e+01   6.4966067020e-03
3.3099373412e+01   6.8266322199e-03
3.3177574780e+01   7.1943352749e-03
3.3255776149e+01   7.6038387784e-03
3.3333977517e+01   8.0596979121e-03
3.3412178886e+01   8.5668983197e-03
3.3490380254e+01   9.1308308075e-03
3.3568581623e+01   9.7572315059e-03
3.3646782991e+01   1.0452073246e-02
3.3724984360e+01   1.1221390313e-02
3.3803185728e+01   1.2071014940e-02
3.3881387097e+01   1.3006200121e-02
3.3959588465e+01   1.4031103003e-02
3.4037789834e+01   1.5148104984e-02
3.4115991202e+01   1.6356951460e-02
3.4194192571e+01   1.7653709667e-02
3.4272393939e+01   1.9029569462e-02
3.4350595308e+01   2.0469551355e-02
3.4428796676e+01   2.1951239222e-02
3.4506998045e+01   2.3443718519e-02
3.4585199413e+01   2.4906965921e-02
3.4663400782e+01   2.6291987088e-02
3.4741602151e+01   2.7542012820e-02
3.4819803519e+01   2.8595013580e-02
3.4898004888e+01   2.9387654979e-02
3.4976206256e+01   2.9860584373e-02
3.5054407625e+01   2.9964630691e-02
3.5132608993e+01   2.9667171617e-02
3.5210810362e+01   2.8957662502e-02
3.5289011730e+01   2.7851231484e-02
3.5367213099e+01   2.6389404713e-02
3.5445414467e+01   2.4637453763e-02
3.5523615836e+01   2.2678486296e-02
3.5601817204e+01   2.0605082633e-02
3.5680018573e+01   1.8509826084e-02
3.5758219941e+01   1.6476317433e-02
3.5836421310e+01   1.4572127521e-02
3.5914622678e+01   1.2844665218e-02
3.5992824047e+01   1.1320260513e-02
3.6071025415e+01   1.0006101978e-02
3.6149226784e+01   8.8941658717e-03
3.6227428152e+01   7.9660692947e-03
3.6305629521e+01   7.1978528810e-03
3.6383830890e+01   6.5639749545e-03
3.6462032258e+01   6.0401578593e-03
3.6540233627e+01   5.6050546131e-03
3.6618434995e+01   5.2409285144e-03
3.6696636364e+01   4.9336402863e-03
3.6774837732e+01   4.6722379095e-03
3.6853039101e+01   4.4483841767e-03
3.6931240469e+01   4.2557763904e-03
3.7009441838e+01   4.0896395129e-03
3.7087643206e+01   3.9463214489e-03
3.7087743206e+01   3.9461497965e-03
3.7088743206e+01   3.9444350941e-03
3.7098743206e+01   3.9274689467e-03
3.7176944575e+01   3.8055618588e-03
3.7255145943e+01   3.7011354661e-03
3.7333347312e+01   3.6123519683e-03
3.7411548680e+01   3.5378008387e-03
3.7489750049e+01   3.4763885806e-03
3.7567951417e+01   3.4272709993e-03
3.7646152786e+01   3.3898104011e-03
3.7724354154e+01   3.3635478349e-03
3.7802555523e+01   3.3481851572e-03
3.7880756891e+01   3.3435740920e-03
3.7958958260e+01   3.3497107822e-03
3.8037159629e+01   3.3667350723e-03
3.8115360997e+01   3.3949342274e-03
3.8193562366e+01   3.4347511185e-03
3.8271763734e+01   3.4867971804e-03
3.8349965103e+01   3.5518707145e-03
3.8428166471e+01   3.6309814030e-03
3.8506367840e+01   3.7253822526e-03
3.8584569208e+01   3.8366106085e-03
3.8662770577e+01   3.9665404372e-03
3.8740971945e+01   4.1174487857e-03
3.8741071945e+01   4.1176563124e-03
3.8742071945e+01   4.1197337119e-03
3.8752071945e+01   4.1407222395e-03
3.8830273314e+01   4.3190008215e-03
3.8908474682e+01   4.5249150633e-03
3.8986676051e+01   4.7626748531e-03
3.9064877419e+01   5.0374282787e-03
3.9143078788e+01   5.3554975788e-03
3.9221280156e+01   5.7246850736e-03
3.9299481525e+01   6.1546716492e-03
3.9377682893e+01   6.6575382776e-03
3.9455884262e+01   7.2484515767e-03
3.9455984262e+01   7.2492712768e-03
3.9456984262e+01   7.2574778918e-03
3.9466984262e+01   7.3405145959e-03
3.9545185630e+01   8.0557039010e-03
3.9623386999e+01   8.9064279505e-03
3.9701588368e+01   9.9249541367e-03
3.9779789736e+01   1.1152808533e-02
3.9857991105e+01   1.2643698176e-02
3.9936192473e+01   1.4467367502e-02
4.0014393842e+01   1.6714641277e-02
4.0092595210e+01   1.9503923165e-02
4.0170796579e+01   2.2989376867e-02
4.0248997947e+01   2.7370850482e-02
4.0327199316e+01   3.2905199876e-02
4.0405400684e+01   3.9917841696e-02
4.0483602053e+01   4.8811862680e-02
4.0483702053e+01   4.8824638954e-02
4.0484702053e+01   4.8952614027e-02
4.0494702053e+01   5.0253820805e-02
4.0572903421e+01   6.1890859985e-02
4.0651104790e+01   7.6519155098e-02
4.0729306158e+01   9.4701286730e-02
4.0807507527e+01   1.1690846100e-01
4.0885708895e+01   1.4335192530e-01
4.0963910264e+01   1.7374191177e-01
4.1042111632e+01   2.0700238195e-01
4.1120313001e+01   2.4102615749e-01
4.1198514370e+01   2.7261852426e-01
4.1276715738e+01   2.9779971808e-01
4.1354917107e+01   3.1255118897e-01
4.1433118475e+01   3.1387323864e-01
4.1511319844e+01   3.0076929278e-01
4.1589521212e+01   2.7468734899e-01
4.1667722581e+01   2.3916643530e-01
4.1667822581e+01   2.3911691182e-01
4.1668822581e+01   2.3862124835e-01
4.1678822581e+01   2.3362381178e-01
4.1757023949e+01   1.9300383136e-01
4.1835225318e+01   1.5272004830e-01
4.1913426686e+01   1.1616171653e-01
4.1991628055e+01   8.5310245825e-02
4.2069829423e+01   6.0837447079e-02
4.2148030792e+01   4.2447007130e-02
4.2226232160e+01   2.9275749605e-02
4.2304433529e+01   2.0237775500e-02
4.2382634897e+01   1.4263841284e-02
4.2460836266e+01   1.0435261751e-02
4.2539037634e+01   8.0348625161e-03
4.2539137634e+01   8.0324648857e-03
4.2540137634e+01   8.0085689159e-03
4.2550137634e+01   7.7774642356e-03
4.2628339003e+01   6.3825185891e-03
4.2706540371e+01   5.5062902386e-03
4.2784741740e+01   4.9380518928e-03
4.2862943109e+01   4.5503206581e-03
4.2941144477e+01   4.2691635304e-03
4.3019345846e+01   4.0531086012e-03
4.3097547214e+01   3.8793642675e-03
4.3175748583e+01   3.7354341110e-03
4.3253949951e+01   3.6143164966e-03
4.3332151320e+01   3.5118964118e-03
4.3410352688e+01   3.4255871705e-03
4.3488554057e+01   3.3536450062e-03
4.3566755425e+01   3.2948286111e-03
4.3644956794e+01   3.2482293511e-03
4.3723158162e+01   3.2131843737e-03
4.3801359531e+01   3.1892302341e-03
4.3879560899e+01   3.1760771413e-03
4.3957762268e+01   3.1735889414e-03
4.4035963636e+01   3.1817885160e-03
4.4114165005e+01   3.2008522707e-03
4.4192366373e+01   3.2311144689e-03
4.4270567742e+01   3.2730778119e-03
4.4270667742e+01   3.2731392057e-03
4.4271667742e+01   3.2737542590e-03
4.4281667742e+01   3.2800166848e-03
4.4359869110e+01   3.3361838938e-03
4.4438070479e+01   3.4057887684e-03
4.4516271848e+01   3.4899918728e-03
4.4594473216e+01   3.5902408861e-03
4.4672674585e+01   3.7083210733e-03
4.4750875953e+01   3.8464226899e-03
4.4829077322e+01   4.0072285393e-03
4.4907278690e+01   4.1940268086e-03
4.4985480059e+01   4.4108557700e-03
4.5063681427e+01   4.6627228996e-03
4.5141882796e+01   4.9557990781e-03
4.5220084164e+01   5.2978008592e-03
4.5298285533e+01   5.6984138771e-03
4.5376486901e+01   6.1698812003e-03
4.5454688270e+01   6.7277929736e-03
4.5532889638e+01   7.3921681549e-03
4.5532989638e+01   7.3930966222e-03
4.5533989638e+01   7.4023931664e-03
4.5543989638e+01   7.4965583344e-03
4.5622191007e+01   8.3150631714e-03
4.5700392375e+01   9.3056688217e-03
4.5778593744e+01   1.0514967149e-02
4.5856795112e+01   1.2004940843e-02
4.5934996481e+01   1.3858701986e-02
4.6013197849e+01   1.6188490606e-02
4.6091399218e+01   1.9146783870e-02
4.6169600587e+01   2.2941601799e-02
4.6169700587e+01   2.2947101700e-02
4.6170700587e+01   2.3002200894e-02
4.6180700587e+01   2.3563353352e-02
4.6258901955e+01   2.8666853679e-02
4.6337103324e+01   3.5344868518e-02
4.6415304692e+01   4.4147124402e-02
4.6493506061e+01   5.5809021396e-02
4.6571707429e+01   7.1292274430e-02
4.6649908798e+01   9.1808634316e-02
4.6728110166e+01   1.1879417478e-01
4.6806311535e+01   1.5377772812e-01
4.6884512903e+01   1.9806175435e-01
4.6962714272e+01   2.5212941930e-01
4.7040915640e+01   3.1475579403e-01
4.7119117009e+01   3.8199710224e-01
4.7197318377e+01   4.4656800616e-01
4.7197418377e+01   4.4664475422e-01
4.7198418377e+01   4.4741108935e-01
4.7208418377e+01   4.5495515385e-01
4.7286619746e+01   5.0410087686e-01
4.7364821114e+01   5.2868663978e-01
4.7443022483e+01   5.2218415915e-01
4.7521223851e+01   4.8474251765e-01
4.7599425220e+01   4.2335945983e-01
4.7677626588e+01   3.4911638371e-01
4.7677726588e+01   3.4901822586e-01
4.7678726588e+01   3.4803653001e-01
4.7688726588e+01   3.3821219635e-01
4.7766927957e+01   2.6289996786e-01
4.7845129326e+01   1.9533403243e-01
4.7923330694e+01   1.3962297650e-01
4.8001532063e+01   9.6664137026e-02
4.8079733431e+01   6.5312776541e-02
4.8157934800e+01   4.3472986782e-02
4.8236136168e+01   2.8858292203e-02
4.8314337537e+01   1.9413972396e-02
4.8392538905e+01   1.3489345331e-02
4.8470740274e+01   9.8585593484e-03
4.8548941642e+01   7.6659273352e-03
4.8627143011e+01   6.3447395622e-03
4.8705344379e+01   5.5367771975e-03
4.8783545748e+01   5.0249720703e-03
4.8783645748e+01   5.0244445709e-03
4.8784645748e+01   5.0191843986e-03
4.8794645748e+01   4.9680264214e-03
4.8872847116e+01   4.6420121606e-03
4.8951048485e+01   4.4069310838e-03
4.9029249853e+01   4.2267118735e-03
4.9107451222e+01   4.0819403371e-03
4.9185652590e+01   3.9621980145e-03
4.9263853959e+01   3.8617963859e-03
4.9342055327e+01   3.7775046040e-03
4.9420256696e+01   3.7073755347e-03
4.9498458065e+01   3.6501564849e-03
4.9576659433e+01   3.6049989677e-03
4.9654860802e+01   3.5713169182e-03
4.9733062170e+01   3.5487172411e-03
4.9811263539e+01   3.5369655915e-03
4.9889464907e+01   3.5359698680e-03
4.9967666276e+01   3.5457733729e-03
5.0045867644e+01   3.5665540714e-03
5.0124069013e+01   3.5986284750e-03
5.0202270381e+01   3.6424596795e-03
5.0280471750e+01   3.6986696209e-03
5.0358673118e+01   3.7680559438e-03
5.0436874487e+01   3.8516141565e-03
5.0515075855e+01   3.9505660202e-03
5.0593277224e+01   4.0663954418e-03
5.0671478592e+01   4.2008935275e-03
5.0749679961e+01   4.3562149541e-03
5.0827881329e+01   4.5349484208e-03
5.0827981329e+01   4.5351932308e-03
5.0828981329e+01   4.5376437127e-03
5.0838981329e+01   4.5623882090e-03
5.0917182698e+01   4.7716963846e-03
5.0995384066e+01   5.0118609924e-03
5.1073585435e+01   5.2875190901e-03
5.1151786804e+01   5.6042814119e-03
5.1229988172e+01   5.9689597297e-03
5.1308189541e+01   6.3898544382e-03
5.1386390909e+01   6.8771187996e-03
5.1464592278e+01   7.4432207088e-03
5.1542793646e+01   8.1035279577e-03
5.1620995015e+01   8.8770487948e-03
5.1621095015e+01   8.8781199561e-03
5.1622095015e+01   8.8888438426e-03
5.1632095015e+01   8.9973212577e-03
5.1710296383e+01   9.9293163362e-03
5.1788497752e+01   1.1032175377e-02
5.1866699120e+01   1.2343608979e-02
5.1944900489e+01   1.3910598829e-02
5.2023101857e+01   1.5791577985e-02
5.2101303226e+01   1.8058934894e-02
5.2179504594e+01   2.0801723949e-02
5.2257705963e+01   2.4128306393e-02
5.2335907331e+01   2.8168383597e-02
5.2414108700e+01   3.3073484952e-02
5.2492310068e+01   3.9014410127e-02
5.2570511437e+01   4.6173417728e-02
5.2648712805e+01   5.4728216132e-02
5.2726914174e+01   6.4824348002e-02
5.2805115543e+01   7.6532945468e-02
5.2883316911e+01   8.9792948548e-02
5.2883416911e+01   8.9810812244e-02
5.2884416911e+01   8.9989566975e-02
5.2894416911e+01   9.1788725217e-02
5.2972618280e+01   1.0648446137e-01
5.3050819648e+01   1.2183503791e-01
5.3129021017e+01   1.3694482542e-01
5.3207222385e+01   1.5061712038e-01
5.3285423754e+01   1.6146038263e-01
5.3363625122e+01   1.6809203871e-01
5.3441826491e+01   1.6941162645e-01
5.3520027859e+01   1.6487279040e-01
5.3598229228e+01   1.5466123308e-01
5.3676430596e+01   1.3970457553e-01
5.3754631965e+01   1.2149888051e-01
5.3832833333e+01   1.0180663788e-01
5.3911034702e+01   8.2324651942e-02
5.3989236070e+01   6.4417694968e-02
5.4067437439e+01   4.8974155441e-02
5.4145638807e+01   3.6389624755e-02
5.4145738807e+01   3.6375389664e-02
5.4146738807e+01   3.6233296324e-02
5.4156738807e+01   3.4838032410e-02
5.4234940176e+01   2.5477298263e-02
5.4313141544e+01   1.8599132707e-02
5.4391342913e+01   1.3743542574e-02
5.4469544282e+01   1.0428156748e-02
5.4547745650e+01   8.2188415233e-03
5.4625947019e+01   6.7643052237e-03
5.4704148387e+01   5.8031707693e-03
5.4782349756e+01   5.1541613578e-03
5.4860551124e+01   4.6988724747e-03
5.4938752493e+01   4.3638143945e-03
5.5016953861e+01   4.1051176221e-03
5.5095155230e+01   3.8972493156e-03
5.5173356598e+01   3.7254555969e-03
5.5251557967e+01   3.5810675543e-03
5.5251657967e+01   3.5808963062e-03
5.5252657967e+01   3.5791858697e-03
5.5262657967e+01   3.5622839281e-03
5.5340859335e+01   3.4419027481e-03
5.5419060704e+01   3.3400681007e-03
5.5497262072e+01   3.2543248677e-03
5.5575463441e+01   3.1829503530e-03
5.5653664809e+01   3.1246826290e-03
5.5731866178e+01   3.0785820516e-03
5.5810067546e+01   3.0439568001e-03
5.5888268915e+01   3.0203207290e-03
5.5966470283e+01   3.0073687116e-03
5.6044671652e+01   3.0049626891e-03
5.6122873021e+01   3.0131253379e-03
5.6201074389e+01   3.0320400059e-03
5.6279275758e+01   3.0620564719e-03
5.6357477126e+01   3.1037026401e-03
5.6435678495e+01   3.1577027339e-03
5.6513879863e+01   3.2250029900e-03
5.6592081232e+01   3.3068063699e-03
5.6592181232e+01   3.3069208680e-03
5.6593181232e+01   3.3080672866e-03
5.6603181232e+01   3.3196759720e-03
5.6681382600e+01   3.4199024544e-03
5.6759583969e+01   3.5383046025e-03
5.6837785337e+01   3.6772616214e-03
5.6915986706e+01   3.8397124502e-03
5.6994188074e+01   4.0292946072e-03
5.7072389443e+01   4.2505267591e-03
5.7150590811e+01   4.5090492486e-03
5.7228792180e+01   4.8119399384e-03
5.7306993548e+01   5.1682314768e-03
5.7385194917e+01   5.5893424033e-03
5.7463396285e+01   6.0900325956e-03
5.7541597654e+01   6.6894851738e-03
5.7619799022e+01   7.4128796044e-03
5.7698000391e+01   8.2936434496e-03
5.7698100391e+01   8.2948888488e-03
5.7699100391e+01   8.3073609551e-03
5.7709100391e+01   8.4339156272e-03
5.7787301760e+01   9.5508464686e-03
5.7865503128e+01   1.0941710188e-02
5.7943704497e+01   1.2694417421e-02
5.8021905865e+01   1.4931253901e-02
5.8100107234e+01   1.7824120063e-02
5.8178308602e+01   2.1616951726e-02
5.8256509971e+01   2.6658618972e-02
5.8256609971e+01   2.6666059623e-02
5.8257609971e+01   2.6740622216e-02
5.8267609971e+01   2.7502111521e-02
5.8345811339e+01   3.4595213090e-02
5.8424012708e+01   4.4287252076e-02
5.8502214076e+01   5.7670566223e-02
5.8580415445e+01   7.6294772160e-02
5.8658616813e+01   1.0230824734e-01
5.8736818182e+01   1.3856927385e-01
5.8815019550e+01   1.8861324971e-01
5.8893220919e+01   2.5624849761e-01
5.8971422287e+01   3.4441990299e-01
5.9049623656e+01   4.5297003529e-01
5.9049723656e+01   4.5312000975e-01
5.9050723656e+01   4.5462106911e-01
5.9060723656e+01   4.6975845343e-01
5.9138925024e+01   5.9310059076e-01
5.9217126393e+01   7.1157834815e-01
5.9217226393e+01   7.1171652219e-01
5.9218226393e+01   7.1309556718e-01
5.9228226393e+01   7.2660465194e-01
5.9306427761e+01   8.0883189990e-01
5.9384629130e+01   8.3382252492e-01
5.9462830499e+01   7.9213100473e-01
5.9541031867e+01   6.9433560362e-01
5.9619233236e+01   5.6527884509e-01
5.9697434604e+01   4.3171241359e-01
5.9775635973e+01   3.1272989884e-01
5.9775735973e+01   3.1259186425e-01
5.9776735973e+01   3.1121368783e-01
5.9786735973e+01   2.9765042061e-01
5.9864937341e+01   2.0563969079e-01
5.9943138710e+01   1.3771462905e-01
6.0021340078e+01   9.0216602867e-02
6.0099541447e+01   5.8374355110e-02
6.0177742815e+01   3.7740086138e-02
6.0255944184e+01   2.4738247396e-02
6.0334145552e+01   1.6733883907e-02
6.0412346921e+01   1.1896704713e-02
6.0490548289e+01   9.0109578294e-03
6.0568749658e+01   7.2981896661e-03
6.0646951026e+01   6.2756357075e-03
6.0725152395e+01   5.6524299820e-03
6.0803353763e+01   5.2579152065e-03
6.0881555132e+01   4.9943662347e-03
6.0959756500e+01   4.8070280643e-03
6.1037957869e+01   4.6657814976e-03
6.1116159238e+01   4.5542841382e-03
6.1194360606e+01   4.4637297072e-03
6.1272561975e+01   4.3893608285e-03
6.1350763343e+01   4.3285705232e-03
6.1428964712e+01   4.2798931228e-03
6.1507166080e+01   4.2424795360e-03
6.1585367449e+01   4.2158297809e-03
6.1663568817e+01   4.1996592006e-03
6.1741770186e+01   4.1938329128e-03
6.1819971554e+01   4.1983346761e-03
6.1898172923e+01   4.2132530986e-03
6.1976374291e+01   4.2387767735e-03
6.2054575660e+01   4.2751943133e-03
6.2132777028e+01   4.3228974526e-03
6.2210978397e+01   4.3823864808e-03
6.2289179765e+01   4.4542778063e-03
6.2367381134e+01   4.5393137152e-03
6.2445582502e+01   4.6383745140e-03
6.2523783871e+01   4.7524932887e-03
6.2601985239e+01   4.8828735235e-03
6.2680186608e+01   5.0309098025e-03
6.2758387977e+01   5.1982117876e-03
6.2836589345e+01   5.3866316227e-03
6.2914790714e+01   5.5982948535e-03
6.2992992082e+01   5.8356348523e-03
6.3071193451e+01   6.1014305843e-03
6.3149394819e+01   6.3988472881e-03
6.3227596188e+01   6.7314792346e-03
6.3305797556e+01   7.1033930934e-03
6.3383998925e+01   7.5191694928e-03
6.3462200293e+01   7.9839390123e-03
6.3540401662e+01   8.5034069555e-03
6.3618603030e+01   9.0838587318e-03
6.3696804399e+01   9.7321344841e-03
6.3775005767e+01   1.0455557713e-02
6.3853207136e+01   1.1261797057e-02
6.3931408504e+01   1.2158635228e-02
6.4009609873e+01   1.3153614195e-02
6.4087811241e+01   1.4253520730e-02
6.4166012610e+01   1.5463674482e-02
6.4166112610e+01   1.5465293933e-02
6.4167112610e+01   1.5481498644e-02
6.4177112610e+01   1.5644566388e-02
6.4255313979e+01   1.6983811487e-02
6.4333515347e+01   1.8434991181e-02
6.4411716716e+01   1.9991493391e-02
6.4489918084e+01   2.1639750969e-02
6.4568119453e+01   2.3357487540e-02
6.4646320821e+01   2.5112088426e-02
6.4724522190e+01   2.6859396074e-02
6.4802723558e+01   2.8543317910e-02
6.4880924927e+01   3.0096686408e-02
6.4959126295e+01   3.1443786367e-02
6.5037327664e+01   3.2504823469e-02
6.5115529032e+01   3.3202326777e-02
6.5193730401e+01   3.3469067378e-02
6.5271931769e+01   3.3256599935e-02
6.5350133138e+01   3.2543113165e-02
6.5428334506e+01   3.1339059805e-02
6.5506535875e+01   2.9689161426e-02
6.5584737243e+01   2.7669914934e-02
6.5662938612e+01   2.5382560969e-02
6.5741139980e+01   2.2942463270e-02
6.5819341349e+01   2.0466663981e-02
6.5897542718e+01   1.8061799189e-02
6.5975744086e+01   1.5814434180e-02
6.6053945455e+01   1.3785250516e-02
6.6132146823e+01   1.2007586266e-02
6.6210348192e+01   1.0489879364e-02
6.6288549560e+01   9.2208558754e-03
6.6288649560e+01   9.2193828128e-03
6.6289649560e+01   9.2046723828e-03
6.6299649560e+01   9.0595750774e-03
6.6377850929e+01   8.0440495250e-03
6.6456052297e+01   7.2165624371e-03
6.6534253666e+01   6.5441759218e-03
6.6612455034e+01   5.9964042832e-03
6.6690656403e+01   5.5470872563e-03
6.6768857771e+01   5.1749980797e-03
6.6847059140e+01   4.8636147297e-03
6.6925260508e+01   4.6004613734e-03
6.7003461877e+01   4.3763288620e-03
6.7081663245e+01   4.1845611103e-03
6.7159864614e+01   4.0204842239e-03
6.7238065982e+01   3.8809748612e-03
6.7316267351e+01   3.7641183954e-03
6.7394468719e+01   3.6511464222e-03
6.7472670088e+01   3.5583846724e-03
6.7550871457e+01   3.4818130831e-03
6.7629072825e+01   3.4192161893e-03
6.7707274194e+01   3.3692717622e-03
6.7785475562e+01   3.3311364998e-03
6.7863676931e+01   3.3042594231e-03
6.7941878299e+01   3.2882969648e-03
6.8020079668e+01   3.2830734318e-03
6.8098281036e+01   3.2885646373e-03
6.8176482405e+01   3.3048971063e-03
6.8254683773e+01   3.3323546798e-03
6.8254783773e+01   3.3323968319e-03
6.8255783773e+01   3.3328194143e-03
6.8265783773e+01   3.3371514326e-03
6.8343985142e+01   3.3777769539e-03
6.8422186510e+01   3.4307795673e-03
6.8500387879e+01   3.4969447122e-03
6.8578589247e+01   3.5773090388e-03
6.8656790616e+01   3.6731758286e-03
6.8734991984e+01   3.7861524687e-03
6.8813193353e+01   3.9182048073e-03
6.8891394721e+01   4.0717288024e-03
6.8969596090e+01   4.2496424646e-03
6.9047797458e+01   4.4555124331e-03
6.9125998827e+01   4.6936917586e-03
6.9204200196e+01   4.9695318164e-03
6.9282401564e+01   5.2896351229e-03
6.9360602933e+01   5.6621914912e-03
6.9438804301e+01   6.0974185355e-03
6.9517005670e+01   6.6081414682e-03
6.9595207038e+01   7.2105677269e-03
6.9595307038e+01   7.2114053611e-03
6.9596307038e+01   7.2197917802e-03
6.9606307038e+01   7.3046736802e-03
6.9684508407e+01   8.0376823762e-03
6.9762709775e+01   8.9139752156e-03
6.9840911144e+01   9.9690795965e-03
6.9919112512e+01   1.1249206442e-02
6.9997313881e+01   1.2814831731e-02
7.0075515249e+01   1.4745519473e-02
7.0153716618e+01   1.7146375900e-02
7.0231917986e+01   2.0156591301e-02
7.0310119355e+01   2.3960536944e-02
7.0310219355e+01   2.3966006130e-02
7.0311219355e+01   2.4020790849e-02
7.0321219355e+01   2.4578042472e-02
7.0399420723e+01   2.9590498405e-02
7.0477622092e+01   3.6012419591e-02
7.0555823460e+01   4.4272774440e-02
7.0634024829e+01   5.4914172769e-02
7.0712226197e+01   6.8599916033e-02
7.0790427566e+01   8.6098095070e-02
7.0868628935e+01   1.0822099528e-01
7.0946830303e+01   1.3568980105e-01
7.1025031672e+01   1.6889262910e-01
7.1103233040e+01   2.0752100127e-01
7.1181434409e+01   2.5012348337e-01
7.1259635777e+01   2.9371470622e-01
7.1337837146e+01   3.3369506457e-01
7.1416038514e+01   3.6437568903e-01
7.1416138514e+01   3.6440648480e-01
7.1417138514e+01   3.6471309268e-01
7.1427138514e+01   3.6764207721e-01
7.1505339883e+01   3.8103027489e-01
7.1583541251e+01   3.7562598651e-01
7.1661742620e+01   3.5148581407e-01
7.1739943988e+01   3.1215049192e-01
7.1818145357e+01   2.6352973616e-01
7.1896346725e+01   2.1212510114e-01
7.1896446725e+01   2.1206011388e-01
7.1897446725e+01   2.1141050233e-01
7.1907446725e+01   2.0494244910e-01
7.1985648094e+01   1.5697837263e-01
7.2063849462e+01   1.1570001987e-01
7.2142050831e+01   8.2506124175e-02
7.2220252199e+01   5.7308420711e-02
7.2298453568e+01   3.9116731655e-02
7.2376654936e+01   2.6552399076e-02
7.2454856305e+01   1.8207403749e-02
7.2533057674e+01   1.2847592393e-02
7.2611259042e+01   9.4951194306e-03
7.2689460411e+01   7.4328345436e-03
7.2767661779e+01   6.1676117852e-03
7.2845863148e+01   5.3789669491e-03
7.2845963148e+01   5.3781672452e-03
7.2846963148e+01   5.3701946142e-03
7.2856963148e+01   5.2928470261e-03
7.2935164516e+01   4.8101848705e-03
7.3013365885e+01   4.4770092776e-03
7.3091567253e+01   4.2318717636e-03
7.3169768622e+01   4.0409546246e-03
7.3247969990e+01   3.8859165962e-03
7.3326171359e+01   3.7567749304e-03
7.3404372727e+01   3.6479414457e-03
7.3482574096e+01   3.5561167263e-03
7.3560775464e+01   3.4792123077e-03
7.3638976833e+01   3.4158135503e-03
7.3717178201e+01   3.3649152612e-03
7.3795379570e+01   3.3257908114e-03
7.3873580938e+01   3.2979257445e-03
7.3951782307e+01   3.2809829871e-03
7.4029983675e+01   3.2747844499e-03
7.4108185044e+01   3.2793021437e-03
7.4186386413e+01   3.2946557876e-03
7.4264587781e+01   3.3211156761e-03
7.4342789150e+01   3.3591104615e-03
7.4420990518e+01   3.4092400201e-03
7.4499191887e+01   3.4722939469e-03
7.4577393255e+01   3.5492765763e-03
7.4577493255e+01   3.5493844404e-03
7.4578493255e+01   3.5504644452e-03
7.4588493255e+01   3.5614014665e-03
7.4666694624e+01   3.6558370337e-03
7.4744895992e+01   3.7672405238e-03
7.4823097361e+01   3.8975522163e-03
7.4901298729e+01   4.0491376190e-03
7.4979500098e+01   4.2248794040e-03
7.5057701466e+01   4.4282953487e-03
7.5135902835e+01   4.6636901344e-03
7.5214104203e+01   4.9363516532e-03
7.5292305572e+01   5.2528062043e-03
7.5292405572e+01   5.2532421749e-03
7.5293405572e+01   5.2576065364e-03
7.5303405572e+01   5.3017196275e-03
7.5381606940e+01   5.6782007312e-03
7.5459808309e+01   6.1183156635e-03
7.5538009677e+01   6.6351945980e-03
7.5616211046e+01   7.2454638044e-03
7.5694412414e+01   7.9703245337e-03
7.5772613783e+01   8.8370041593e-03
7.5850815152e+01   9.8807143751e-03
7.5929016520e+01   1.1147300940e-02
7.6007217889e+01   1.2696831853e-02
7.6085419257e+01   1.4608435876e-02
7.6163620626e+01   1.6986788031e-02
7.6241821994e+01   1.9970782783e-02
7.6320023363e+01   2.3744806936e-02
7.6320123363e+01   2.3750236382e-02
7.6321123363e+01   2.3804623451e-02
7.6331123363e+01   2.4357874066e-02
7.6409324731e+01   2.9337891502e-02
7.6487526100e+01   3.5727360854e-02
7.6565727468e+01   4.3960307895e-02
7.6643928837e+01   5.4588706528e-02
7.6722130205e+01   6.8291988888e-02
7.6800331574e+01   8.5864329489e-02
7.6878532942e+01   1.0815747875e-01
7.6956734311e+01   1.3594770979e-01
7.7034935679e+01   1.6969197973e-01
7.7113137048e+01   2.0915386441e-01
7.7191338416e+01   2.5293326258e-01
7.7269539785e+01   2.9803756204e-01
7.7347741153e+01   3.3976016253e-01
7.7425942522e+01   3.7218647909e-01
7.7426042522e+01   3.7221938075e-01
7.7427042522e+01   3.7254701973e-01
7.7437042522e+01   3.7568338949e-01
7.7515243891e+01   3.9044031659e-01
7.7593445259e+01   3.8576144110e-01
7.7671646628e+01   3.6155469256e-01
7.7749847996e+01   3.2141286450e-01
7.7828049365e+01   2.7146514085e-01
7.7906250733e+01   2.1850138842e-01
7.7906350733e+01   2.1843437651e-01
7.7907350733e+01   2.1776452152e-01
7.7917350733e+01   2.1109442547e-01
7.7995552102e+01   1.6161489496e-01
7.8073753470e+01   1.1902934947e-01
7.8151954839e+01   8.4798553646e-02
7.8230156207e+01   5.8830313774e-02
7.8308357576e+01   4.0095394718e-02
7.8386558944e+01   2.7164578999e-02
7.8464760313e+01   1.8581630728e-02
7.8542961681e+01   1.3072602532e-02
7.8621163050e+01   9.6295900897e-03
7.8699364418e+01   7.5141126161e-03
7.8777565787e+01   6.2186316925e-03
7.8855767155e+01   5.4133257805e-03
7.8855867155e+01   5.4125107660e-03
7.8856867155e+01   5.4043857081e-03
7.8866867155e+01   5.3255799011e-03
7.8945068524e+01   4.8348579647e-03
7.9023269892e+01   4.4975452685e-03
7.9101471261e+01   4.2503436021e-03
7.9179672630e+01   4.0584059885e-03
7.9257873998e+01   3.9028546091e-03
7.9336075367e+01   3.7734321702e-03
7.9414276735e+01   3.6644184302e-03
7.9492478104e+01   3.5724543026e-03
7.9570679472e+01   3.4954266233e-03
7.9648880841e+01   3.4319119617e-03
7.9727082209e+01   3.3809029810e-03
7.9805283578e+01   3.3416732793e-03
7.9883484946e+01   3.3137091296e-03
7.9961686315e+01   3.2966739226e-03
8.0000000000e+01   3.2922560147e-03
