X    Y
0.0000000000e+00   nan
7.8163165608e-03   5.9578847602e-15
1.5632633122e-02   6.0897643411e-15
2.3448949682e-02   6.2675568970e-15
3.1265266243e-02   6.4911248340e-15
3.9081582804e-02   6.8431159601e-15
4.6897899365e-02   7.3507172073e-15
5.4714215926e-02   8.1826445161e-15
6.2530532487e-02   9.2161438004e-15
7.0346849047e-02   1.0871678668e-14
7.8163165608e-02   1.3180250833e-14
8.5979482169e-02   1.5961425656e-14
9.3795798730e-02   1.9734561077e-14
1.0161211529e-01   2.4604451089e-14
1.0942843185e-01   3.0645030446e-14
1.1724474841e-01   3.8055527166e-14
1.2506106497e-01   4.6984223546e-14
1.3287738153e-01   5.7543518580e-14
1.4069369809e-01   6.9941184472e-14
1.4851001466e-01   8.4454903147e-14
1.5632633122e-01   1.0108768287e-13
1.6414264778e-01   1.2004878223e-13
1.7195896434e-01   1.4160731614e-13
1.7977528090e-01   1.6560639701e-13
1.8759159746e-01   1.9263949974e-13
1.9540791402e-01   2.2250861150e-13
2.0322423058e-01   2.5538016537e-13
2.1104054714e-01   2.9139534587e-13
2.1885686370e-01   3.3067469047e-13
2.2667318026e-01   3.7347112734e-13
2.3448949682e-01   4.1942595244e-13
2.4230581339e-01   4.6878586281e-13
2.5012212995e-01   5.2149597609e-13
2.5793844651e-01   5.7750828455e-13
2.6575476307e-01   6.3678069453e-13
2.7357107963e-01   6.9927623064e-13
2.8138739619e-01   7.6472249730e-13
2.8920371275e-01   8.3311060292e-13
2.9702002931e-01   9.0409237371e-13
3.0483634587e-01   9.7757742081e-13
3.1265266243e-01   1.0532693917e-12
3.2046897899e-01   1.1309016891e-12
3.2828529555e-01   1.2103364963e-12
3.3610161212e-01   1.2908484222e-12
3.4391792868e-01   1.3721707571e-12
3.5173424524e-01   1.4538698888e-12
3.5955056180e-01   1.5357379083e-12
3.6736687836e-01   1.6168526954e-12
3.7518319492e-01   1.6969079002e-12
3.8299951148e-01   1.7752715366e-12
3.9081582804e-01   1.8511907766e-12
3.9863214460e-01   1.9241410955e-12
4.0644846116e-01   1.9933078535e-12
4.1426477772e-01   2.0581004808e-12
4.2208109428e-01   2.1178129750e-12
4.2989741085e-01   2.1716342683e-12
4.3771372741e-01   2.2186574362e-12
4.4553004397e-01   2.2581896262e-12
4.5334636053e-01   2.2894368402e-12
4.6116267709e-01   2.3113665040e-12
4.6897899365e-01   2.3233003962e-12
4.7679531021e-01   2.3243214132e-12
4.8461162677e-01   2.3135699521e-12
4.9242794333e-01   2.2901025065e-12
5.0024425989e-01   2.2530322922e-12
5.0806057645e-01   2.2015245817e-12
5.1587689301e-01   2.1347924624e-12
5.2369320957e-01   2.0518359788e-12
5.3150952614e-01   1.9518371257e-12
5.3932584270e-01   1.8340216439e-12
5.4714215926e-01   1.6976555828e-12
5.5495847582e-01   1.5419207680e-12
5.6277479238e-01   1.3660398905e-12
5.7059110894e-01   1.1693915091e-12
5.7840742550e-01   9.5126624057e-13
5.8622374206e-01   7.1098717145e-13
5.9404005862e-01   4.4813458805e-13
6.0185637518e-01   1.6219291507e-13
6.0967269174e-01   1.4733287803e-13
6.1748900830e-01   4.8080945042e-13
6.2530532487e-01   8.3826693692e-13
6.3312164143e-01   1.2201669806e-12
6.4093795799e-01   1.6267442506e-12
6.4875427455e-01   2.0580198473e-12
6.5657059111e-01   2.5140200403e-12
6.6438690767e-01   2.9945721240e-12
6.7220322423e-01   3.4995173780e-12
6.8001954079e-01   4.0287104246e-12
6.8783585735e-01   4.5816237172e-12
6.9565217391e-01   5.1577586119e-12
7.0346849047e-01   5.7564505090e-12
7.1128480703e-01   6.3772600590e-12
7.1910112360e-01   7.0192040464e-12
7.2691744016e-01   7.6815326195e-12
7.3473375672e-01   8.3631605915e-12
7.4255007328e-01   9.0630513217e-12
7.5036638984e-01   9.7796678692e-12
7.5818270640e-01   1.0512078557e-11
7.6599902296e-01   1.1258498864e-11
7.7381533952e-01   1.2017746665e-11
7.8163165608e-01   1.2787986365e-11
7.8944797264e-01   1.3567453204e-11
7.9726428920e-01   1.4354277181e-11
8.0508060576e-01   1.5146657803e-11
8.1289692233e-01   1.5942183164e-11
8.2071323889e-01   1.6738862502e-11
8.2852955545e-01   1.7534608184e-11
8.3634587201e-01   1.8326908790e-11
8.4416218857e-01   1.9113336776e-11
8.5197850513e-01   1.9891219244e-11
8.5979482169e-01   2.0658291114e-11
8.6761113825e-01   2.1411718909e-11
8.7542745481e-01   2.2148597620e-11
8.8324377137e-01   2.2866424314e-11
8.9106008793e-01   2.3562144502e-11
8.9887640449e-01   2.4232791646e-11
9.0669272106e-01   2.4875636388e-11
9.1450903762e-01   2.5487565487e-11
9.2232535418e-01   2.6065700929e-11
9.3014167074e-01   2.6606637146e-11
9.3795798730e-01   2.7107803865e-11
9.4577430386e-01   2.7565802060e-11
9.5359062042e-01   2.7977758287e-11
9.6140693698e-01   2.8340426290e-11
9.6922325354e-01   2.8650925523e-11
9.7703957010e-01   2.8906438342e-11
9.8485588666e-01   2.9103775485e-11
9.9267220322e-01   2.9239957307e-11
1.0004885198e+00   2.9312205479e-11
1.0083048363e+00   2.9317512234e-11
1.0161211529e+00   2.9253206198e-11
1.0239374695e+00   2.9116801313e-11
1.0317537860e+00   2.8905436072e-11
1.0395701026e+00   2.8616708731e-11
1.0473864191e+00   2.8248115074e-11
1.0552027357e+00   2.7797457980e-11
1.0630190523e+00   2.7262296170e-11
1.0708353688e+00   2.6640756709e-11
1.0786516854e+00   2.5930715227e-11
1.0864680020e+00   2.5130466757e-11
1.0942843185e+00   2.4238316126e-11
1.1021006351e+00   2.3252576495e-11
1.1099169516e+00   2.2171960891e-11
1.1177332682e+00   2.0995179878e-11
1.1255495848e+00   1.9720940603e-11
1.1333659013e+00   1.8348332918e-11
1.1411822179e+00   1.6876690642e-11
1.1489985344e+00   1.5305329315e-11
1.1568148510e+00   1.3633800248e-11
1.1646311676e+00   1.1861757726e-11
1.1724474841e+00   9.9890820292e-12
1.1802638007e+00   8.0158737735e-12
1.1880801172e+00   5.9421988197e-12
1.1958964338e+00   3.7685860093e-12
1.2037127504e+00   1.4953978962e-12
1.2115290669e+00   8.7642623665e-13
1.2193453835e+00   3.3461190983e-12
1.2271617000e+00   5.9127149984e-12
1.2349780166e+00   8.5750538103e-12
1.2427943332e+00   1.1331784678e-11
1.2506106497e+00   1.4181490280e-11
1.2584269663e+00   1.7122447056e-11
1.2662432829e+00   2.0153110106e-11
1.2740595994e+00   2.3271512095e-11
1.2818759160e+00   2.6475746452e-11
1.2896922325e+00   2.9763728393e-11
1.2975085491e+00   3.3133433650e-11
1.3053248657e+00   3.6582425573e-11
1.3131411822e+00   4.0108682808e-11
1.3209574988e+00   4.3709655604e-11
1.3287738153e+00   4.7382973107e-11
1.3365901319e+00   5.1126323161e-11
1.3444064485e+00   5.4937102764e-11
1.3522227650e+00   5.8812998997e-11
1.3600390816e+00   6.2751407682e-11
1.3678553981e+00   6.6750010680e-11
1.3756717147e+00   7.0806541572e-11
1.3834880313e+00   7.4918555488e-11
1.3913043478e+00   7.9083885889e-11
1.3991206644e+00   8.3300298987e-11
1.4069369809e+00   8.7565833314e-11
1.4147532975e+00   9.1878682164e-11
1.4225696141e+00   9.6236965324e-11
1.4303859306e+00   1.0063917868e-10
1.4382022472e+00   1.0508396452e-10
1.4460185638e+00   1.0957010909e-10
1.4538348803e+00   1.1409665188e-10
1.4616511969e+00   1.1866288225e-10
1.4694675134e+00   1.2326844744e-10
1.4772838300e+00   1.2791323756e-10
1.4851001466e+00   1.3259760438e-10
1.4929164631e+00   1.3732169402e-10
1.5007327797e+00   1.4208655168e-10
1.5085490962e+00   1.4689367333e-10
1.5163654128e+00   1.5174456289e-10
1.5241817294e+00   1.5664161041e-10
1.5319980459e+00   1.6158699078e-10
1.5398143625e+00   1.6658397862e-10
1.5476306790e+00   1.7163628629e-10
1.5554469956e+00   1.7674784455e-10
1.5632633122e+00   1.8192323865e-10
1.5710796287e+00   1.8716770617e-10
1.5788959453e+00   1.9248735265e-10
1.5867122618e+00   1.9788849891e-10
1.5945285784e+00   2.0337811654e-10
1.6023448950e+00   2.0896404444e-10
1.6101612115e+00   2.1465498843e-10
1.6179775281e+00   2.2046008994e-10
1.6257938447e+00   2.2638957627e-10
1.6336101612e+00   2.3245389945e-10
1.6414264778e+00   2.3866481816e-10
1.6492427943e+00   2.4503496892e-10
1.6570591109e+00   2.5157787022e-10
1.6648754275e+00   2.5830771268e-10
1.6726917440e+00   2.6523958021e-10
1.6805080606e+00   2.7238988584e-10
1.6883243771e+00   2.7977594895e-10
1.6961406937e+00   2.8741578932e-10
1.7039570103e+00   2.9532920876e-10
1.7117733268e+00   3.0353672833e-10
1.7195896434e+00   3.1205981436e-10
1.7274059599e+00   3.2092153344e-10
1.7352222765e+00   3.3014613687e-10
1.7430385931e+00   3.3975886090e-10
1.7508549096e+00   3.4978701354e-10
1.7586712262e+00   3.6025827759e-10
1.7664875427e+00   3.7120287137e-10
1.7743038593e+00   3.8265164016e-10
1.7821201759e+00   3.9463736297e-10
1.7899364924e+00   4.0719456128e-10
1.7977528090e+00   4.2035909464e-10
1.8055691255e+00   4.3416904485e-10
1.8133854421e+00   4.4866345645e-10
1.8212017587e+00   4.6388429861e-10
1.8290180752e+00   4.7987477980e-10
1.8368343918e+00   4.9668067098e-10
1.8446507084e+00   5.1434926701e-10
1.8524670249e+00   5.3293050112e-10
1.8602833415e+00   5.5247634069e-10
1.8680996580e+00   5.7304147820e-10
1.8759159746e+00   5.9468294726e-10
1.8837322912e+00   6.1746017185e-10
1.8915486077e+00   6.4143566831e-10
1.8993649243e+00   6.6667467008e-10
1.9071812408e+00   6.9324540430e-10
1.9149975574e+00   7.2121893826e-10
1.9228138740e+00   7.5066989923e-10
1.9306301905e+00   7.8167633054e-10
1.9384465071e+00   8.1431954997e-10
1.9462628236e+00   8.4868466695e-10
1.9540791402e+00   8.8486088903e-10
1.9618954568e+00   9.2294161576e-10
1.9697117733e+00   9.6302387721e-10
1.9775280899e+00   1.0052097553e-09
1.9853444064e+00   1.0496053949e-09
1.9931607230e+00   1.0963228862e-09
2.0009770396e+00   1.1454781815e-09
2.0087933561e+00   1.1971936600e-09
2.0166096727e+00   1.2515968313e-09
2.0244259893e+00   1.3088210374e-09
2.0322423058e+00   1.3690060590e-09
2.0400586224e+00   1.4322982868e-09
2.0478749389e+00   1.4988505642e-09
2.0556912555e+00   1.5688231638e-09
2.0635075721e+00   1.6423836536e-09
2.0713238886e+00   1.7197075634e-09
2.0791402052e+00   1.8009786149e-09
2.0869565217e+00   1.8863894201e-09
2.0947728383e+00   1.9761413996e-09
2.1025891549e+00   2.0704456271e-09
2.1104054714e+00   2.1695230078e-09
2.1182217880e+00   2.2736051635e-09
2.1260381045e+00   2.3829345337e-09
2.1338544211e+00   2.4977651880e-09
2.1416707377e+00   2.6183631992e-09
2.1494870542e+00   2.7450073887e-09
2.1573033708e+00   2.8779898644e-09
2.1651196873e+00   3.0176168207e-09
2.1729360039e+00   3.1642090142e-09
2.1807523205e+00   3.3181026230e-09
2.1885686370e+00   3.4796499016e-09
2.1963849536e+00   3.6492202292e-09
2.2042012702e+00   3.8272003554e-09
2.2120175867e+00   4.0139961243e-09
2.2198339033e+00   4.2100325581e-09
2.2276502198e+00   4.4157554294e-09
2.2354665364e+00   4.6316319137e-09
2.2432828530e+00   4.8581520222e-09
2.2510991695e+00   5.0958291057e-09
2.2589154861e+00   5.3452015179e-09
2.2667318026e+00   5.6068338510e-09
2.2745481192e+00   5.8813177327e-09
2.2823644358e+00   6.1692740644e-09
2.2901807523e+00   6.4713534525e-09
2.2979970689e+00   6.7882383448e-09
2.3058133854e+00   7.1206444967e-09
2.3136297020e+00   7.4693223902e-09
2.3214460186e+00   7.8350592564e-09
2.3292623351e+00   8.2186808115e-09
2.3370786517e+00   8.6210532242e-09
2.3448949682e+00   9.0430849295e-09
2.3527112848e+00   9.4857289514e-09
2.3605276014e+00   9.9499854897e-09
2.3683439179e+00   1.0436903574e-08
2.3761602345e+00   1.0947584053e-08
2.3839765511e+00   1.1483182344e-08
2.3917928676e+00   1.2044910931e-08
2.3996091842e+00   1.2634042447e-08
2.4074255007e+00   1.3251912655e-08
2.4152418173e+00   1.3899924192e-08
2.4230581339e+00   1.4579549402e-08
2.4308744504e+00   1.5292334795e-08
2.4386907670e+00   1.6039904484e-08
2.4465070835e+00   1.6823964156e-08
2.4543234001e+00   1.7646306027e-08
2.4621397167e+00   1.8508813099e-08
2.4699560332e+00   1.9413464608e-08
2.4777723498e+00   2.0362340627e-08
2.4855886663e+00   2.1357628378e-08
2.4934049829e+00   2.2401627744e-08
2.5012212995e+00   2.3496757804e-08
2.5090376160e+00   2.4645563834e-08
2.5168539326e+00   2.5850724345e-08
2.5246702491e+00   2.7115058491e-08
2.5324865657e+00   2.8441535301e-08
2.5403028823e+00   2.9833281838e-08
2.5481191988e+00   3.1293593114e-08
2.5559355154e+00   3.2825941634e-08
2.5637518319e+00   3.4433989012e-08
2.5715681485e+00   3.6121597837e-08
2.5793844651e+00   3.7892843472e-08
2.5872007816e+00   3.9752028711e-08
2.5950170982e+00   4.1703697722e-08
2.6028334148e+00   4.3752652398e-08
2.6106497313e+00   4.5903969197e-08
2.6184660479e+00   4.8163017789e-08
2.6262823644e+00   5.0535481329e-08
2.6340986810e+00   5.3027378143e-08
2.6419149976e+00   5.5645085366e-08
2.6497313141e+00   5.8395364343e-08
2.6575476307e+00   6.1285389518e-08
2.6653639472e+00   6.4322778666e-08
2.6731802638e+00   6.7515625804e-08
2.6809965804e+00   7.0872538466e-08
2.6888128969e+00   7.4402677413e-08
2.6966292135e+00   7.8115800506e-08
2.7044455300e+00   8.2022311420e-08
2.7122618466e+00   8.6133312317e-08
2.7200781632e+00   9.0460663300e-08
2.7278944797e+00   9.5017046024e-08
2.7357107963e+00   9.9816036391e-08
2.7435271128e+00   1.0487218345e-07
2.7513434294e+00   1.1020109830e-07
2.7591597460e+00   1.1581955185e-07
2.7669760625e+00   1.2174558490e-07
2.7747923791e+00   1.2799863037e-07
2.7826086957e+00   1.3459965087e-07
2.7904250122e+00   1.4157129291e-07
2.7982413288e+00   1.4893806018e-07
2.8060576453e+00   1.5672650964e-07
2.8138739619e+00   1.6496547256e-07
2.8216902785e+00   1.7368630593e-07
2.8295065950e+00   1.8292317759e-07
2.8373229116e+00   1.9271339248e-07
2.8451392281e+00   2.0309776432e-07
2.8529555447e+00   2.1412104340e-07
2.8607718613e+00   2.2583240829e-07
2.8685881778e+00   2.3828603406e-07
2.8764044944e+00   2.5154175078e-07
2.8842208109e+00   2.6566581005e-07
2.8920371275e+00   2.8073177982e-07
2.8998534441e+00   2.9682159469e-07
2.9076697606e+00   3.1402679264e-07
2.9154860772e+00   3.3244998003e-07
2.9233023937e+00   3.5220657202e-07
2.9311187103e+00   3.7342687600e-07
2.9389350269e+00   3.9625859409e-07
2.9467513434e+00   4.2086985030e-07
2.9545676600e+00   4.4745287414e-07
2.9623839766e+00   4.7622851250e-07
2.9702002931e+00   5.0745179568e-07
2.9780166097e+00   5.4141885688e-07
2.9858329262e+00   5.7847560617e-07
2.9936492428e+00   6.1902869861e-07
3.0014655594e+00   6.6355953918e-07
3.0092818759e+00   7.1264235111e-07
3.0170981925e+00   7.6696775498e-07
3.0249145090e+00   8.2737392187e-07
3.0327308256e+00   8.9488830229e-07
3.0405471422e+00   9.7078436745e-07
3.0483634587e+00   1.0566600689e-06
3.0561797753e+00   1.1545483731e-06
3.0639960918e+00   1.2670762878e-06
3.0718124084e+00   1.3976991574e-06
3.0796287250e+00   1.5510553514e-06
3.0874450415e+00   1.7335202739e-06
3.0952613581e+00   1.9541038875e-06
3.1030776746e+00   2.2259688755e-06
3.1108939912e+00   2.5691353742e-06
3.1187103078e+00   3.0156162880e-06
3.1265266243e+00   3.6199803391e-06
3.1343429409e+00   4.4834669030e-06
3.1421592574e+00   5.8174532621e-06
3.1499755740e+00   8.1491852245e-06
3.1577918906e+00   1.3263683929e-05
3.1656082071e+00   3.3496501933e-05
3.1734245237e+00   7.1461101744e-05
3.1812408403e+00   1.7783990284e-05
3.1890571568e+00   1.0316239938e-05
3.1968734734e+00   7.3431611291e-06
3.2046897899e+00   5.7457428215e-06
3.2125061065e+00   4.7486620681e-06
3.2203224231e+00   4.0670532934e-06
3.2281387396e+00   3.5716450999e-06
3.2359550562e+00   3.1952906736e-06
3.2437713727e+00   2.8996507776e-06
3.2515876893e+00   2.6612410008e-06
3.2594040059e+00   2.4648723376e-06
3.2672203224e+00   2.3002854492e-06
3.2750366390e+00   2.1603006539e-06
3.2828529555e+00   2.0397428873e-06
3.2906692721e+00   1.9347876067e-06
3.2984855887e+00   1.8425471263e-06
3.3063019052e+00   1.7608002266e-06
3.3141182218e+00   1.6878103059e-06
3.3219345383e+00   1.6221999971e-06
3.3297508549e+00   1.5628628018e-06
3.3375671715e+00   1.5088995899e-06
3.3453834880e+00   1.4595721673e-06
3.3531998046e+00   1.4142687888e-06
3.3610161212e+00   1.3724781785e-06
3.3688324377e+00   1.3337697069e-06
3.3766487543e+00   1.2977780857e-06
3.3844650708e+00   1.2641914251e-06
3.3922813874e+00   1.2327418204e-06
3.4000977040e+00   1.2031978658e-06
3.4079140205e+00   1.1753586488e-06
3.4157303371e+00   1.1490488968e-06
3.4235466536e+00   1.1241150231e-06
3.4313629702e+00   1.1004218867e-06
3.4391792868e+00   1.0778501176e-06
3.4469956033e+00   1.0562938968e-06
3.4548119199e+00   1.0356591037e-06
3.4626282364e+00   1.0158617608e-06
3.4704445530e+00   9.9682672259e-07
3.4782608696e+00   9.7848656385e-07
3.4860771861e+00   9.6078063449e-07
3.4938935027e+00   9.4365425061e-07
3.5017098192e+00   9.2705800108e-07
3.5095261358e+00   9.1094714958e-07
3.5173424524e+00   8.9528111791e-07
3.5251587689e+00   8.8002303768e-07
3.5329750855e+00   8.6513935999e-07
3.5407914021e+00   8.5059951452e-07
3.5486077186e+00   8.3637561073e-07
3.5564240352e+00   8.2244217536e-07
3.5642403517e+00   8.0877592212e-07
3.5720566683e+00   7.9535554623e-07
3.5798729849e+00   7.8216154368e-07
3.5876893014e+00   7.6917605107e-07
3.5955056180e+00   7.5638270223e-07
3.6033219345e+00   7.4376649945e-07
3.6111382511e+00   7.3131370063e-07
3.6189545677e+00   7.1901171577e-07
3.6267708842e+00   7.0684901466e-07
3.6345872008e+00   6.9481504433e-07
3.6424035173e+00   6.8290015358e-07
3.6502198339e+00   6.7109552523e-07
3.6580361505e+00   6.5939311428e-07
3.6658524670e+00   6.4778559188e-07
3.6736687836e+00   6.3626629487e-07
3.6814851001e+00   6.2482917821e-07
3.6893014167e+00   6.1346877307e-07
3.6971177333e+00   6.0218014736e-07
3.7049340498e+00   5.9095886982e-07
3.7127503664e+00   5.7980097675e-07
3.7205666830e+00   5.6870294196e-07
3.7283829995e+00   5.5766164757e-07
3.7361993161e+00   5.4667435887e-07
3.7440156326e+00   5.3573869906e-07
3.7518319492e+00   5.2485262722e-07
3.7596482658e+00   5.1401441691e-07
3.7674645823e+00   5.0322263596e-07
3.7752808989e+00   4.9247612895e-07
3.7830972154e+00   4.8177399902e-07
3.7909135320e+00   4.7111559147e-07
3.7987298486e+00   4.6050047884e-07
3.8065461651e+00   4.4992844614e-07
3.8143624817e+00   4.3939947717e-07
3.8221787982e+00   4.2891374101e-07
3.8299951148e+00   4.1847158035e-07
3.8378114314e+00   4.0807349926e-07
3.8456277479e+00   3.9772015198e-07
3.8534440645e+00   3.8741233229e-07
3.8612603810e+00   3.7715096339e-07
3.8690766976e+00   3.6693708802e-07
3.8768930142e+00   3.5677185913e-07
3.8847093307e+00   3.4665653084e-07
3.8925256473e+00   3.3659245007e-07
3.9003419638e+00   3.2658104784e-07
3.9081582804e+00   3.1662383169e-07
3.9159745970e+00   3.0672237770e-07
3.9237909135e+00   2.9687832338e-07
3.9316072301e+00   2.8709336070e-07
3.9394235467e+00   2.7736922891e-07
3.9472398632e+00   2.6770770793e-07
3.9550561798e+00   2.5811061226e-07
3.9628724963e+00   2.4857978461e-07
3.9706888129e+00   2.3911709028e-07
3.9785051295e+00   2.2972441113e-07
3.9863214460e+00   2.2040364040e-07
3.9941377626e+00   2.1115667689e-07
4.0019540791e+00   2.0198542040e-07
4.0097703957e+00   1.9289176669e-07
4.0175867123e+00   1.8387760244e-07
4.0254030288e+00   1.7494480147e-07
4.0332193454e+00   1.6609521902e-07
4.0410356619e+00   1.5733068884e-07
4.0488519785e+00   1.4865301867e-07
4.0566682951e+00   1.4006398629e-07
4.0644846116e+00   1.3156533601e-07
4.0723009282e+00   1.2315877527e-07
4.0801172447e+00   1.1484597101e-07
4.0879335613e+00   1.0662854657e-07
4.0957498779e+00   9.8508078367e-08
4.1035661944e+00   9.0486093791e-08
4.1113825110e+00   8.2564068082e-08
4.1191988276e+00   7.4743421489e-08
4.1270151441e+00   6.7025517090e-08
4.1348314607e+00   5.9411658676e-08
4.1426477772e+00   5.1903088694e-08
4.1504640938e+00   4.4500985700e-08
4.1582804104e+00   3.7206463511e-08
4.1660967269e+00   3.0020568739e-08
4.1739130435e+00   2.2944279634e-08
4.1817293600e+00   1.5978504942e-08
4.1895456766e+00   9.1240820533e-09
4.1973619932e+00   2.3817762400e-09
4.2051783097e+00   4.2477199518e-09
4.2129946263e+00   1.0763788539e-08
4.2208109428e+00   1.7165885336e-08
4.2286272594e+00   2.3453541832e-08
4.2364435760e+00   2.9626365001e-08
4.2442598925e+00   3.5684037682e-08
4.2520762091e+00   4.1626319325e-08
4.2598925256e+00   4.7453045263e-08
4.2677088422e+00   5.3164127053e-08
4.2755251588e+00   5.8759552692e-08
4.2833414753e+00   6.4239385731e-08
4.2911577919e+00   6.9603765777e-08
4.2989741085e+00   7.4852907241e-08
4.3067904250e+00   7.9987099478e-08
4.3146067416e+00   8.5006705849e-08
4.3224230581e+00   8.9912162864e-08
4.3302393747e+00   9.4703980207e-08
4.3380556913e+00   9.9382738908e-08
4.3458720078e+00   1.0394909120e-07
4.3536883244e+00   1.0840375920e-07
4.3615046409e+00   1.1274753380e-07
4.3693209575e+00   1.1698127368e-07
4.3771372741e+00   1.2110590437e-07
4.3849535906e+00   1.2512241669e-07
4.3927699072e+00   1.2903186578e-07
4.4005862237e+00   1.3283536974e-07
4.4084025403e+00   1.3653410840e-07
4.4162188569e+00   1.4012932177e-07
4.4240351734e+00   1.4362230888e-07
4.4318514900e+00   1.4701442625e-07
4.4396678065e+00   1.5030708661e-07
4.4474841231e+00   1.5350175750e-07
4.4553004397e+00   1.5659995973e-07
4.4631167562e+00   1.5960326620e-07
4.4709330728e+00   1.6251330002e-07
4.4787493894e+00   1.6533173349e-07
4.4865657059e+00   1.6806028674e-07
4.4943820225e+00   1.7070072639e-07
4.5021983390e+00   1.7325486389e-07
4.5100146556e+00   1.7572455421e-07
4.5178309722e+00   1.7811169490e-07
4.5256472887e+00   1.8041822467e-07
4.5334636053e+00   1.8264612197e-07
4.5412799218e+00   1.8479740416e-07
4.5490962384e+00   1.8687412610e-07
4.5569125550e+00   1.8887837914e-07
4.5647288715e+00   1.9081229056e-07
4.5725451881e+00   1.9267802168e-07
4.5803615046e+00   1.9447776787e-07
4.5881778212e+00   1.9621375762e-07
4.5959941378e+00   1.9788825092e-07
4.6038104543e+00   1.9950353978e-07
4.6116267709e+00   2.0106194697e-07
4.6194430874e+00   2.0256582549e-07
4.6272594040e+00   2.0401755857e-07
4.6350757206e+00   2.0541955921e-07
4.6428920371e+00   2.0677426972e-07
4.6507083537e+00   2.0808416163e-07
4.6585246702e+00   2.0935173615e-07
4.6663409868e+00   2.1057952376e-07
4.6741573034e+00   2.1177008472e-07
4.6819736199e+00   2.1292600889e-07
4.6897899365e+00   2.1404991703e-07
4.6976062531e+00   2.1514446082e-07
4.7054225696e+00   2.1621232337e-07
4.7132388862e+00   2.1725622046e-07
4.7210552027e+00   2.1827890141e-07
4.7288715193e+00   2.1928315005e-07
4.7366878359e+00   2.2027178599e-07
4.7445041524e+00   2.2124766617e-07
4.7523204690e+00   2.2221368612e-07
4.7601367855e+00   2.2317278209e-07
4.7679531021e+00   2.2412793221e-07
4.7757694187e+00   2.2508215933e-07
4.7835857352e+00   2.2603853276e-07
4.7914020518e+00   2.2700017049e-07
4.7992183683e+00   2.2797024210e-07
4.8070346849e+00   2.2895197140e-07
4.8148510015e+00   2.2994863911e-07
4.8226673180e+00   2.3096358627e-07
4.8304836346e+00   2.3200021747e-07
4.8382999511e+00   2.3306200433e-07
4.8461162677e+00   2.3415248916e-07
4.8539325843e+00   2.3527528934e-07
4.8617489008e+00   2.3643410082e-07
4.8695652174e+00   2.3763270326e-07
4.8773815340e+00   2.3887496444e-07
4.8851978505e+00   2.4016484486e-07
4.8930141671e+00   2.4150640347e-07
4.9008304836e+00   2.4290380269e-07
4.9086468002e+00   2.4436131431e-07
4.9164631168e+00   2.4588332600e-07
4.9242794333e+00   2.4747434671e-07
4.9320957499e+00   2.4913901427e-07
4.9399120664e+00   2.5088210143e-07
4.9477283830e+00   2.5270852401e-07
4.9555446996e+00   2.5462334796e-07
4.9633610161e+00   2.5663179774e-07
4.9711773327e+00   2.5873926449e-07
4.9789936492e+00   2.6095131501e-07
4.9868099658e+00   2.6327370084e-07
4.9946262824e+00   2.6571236782e-07
5.0024425989e+00   2.6827346628e-07
5.0102589155e+00   2.7096336136e-07
5.0180752320e+00   2.7378864410e-07
5.0258915486e+00   2.7675614299e-07
5.0337078652e+00   2.7987293604e-07
5.0415241817e+00   2.8314636318e-07
5.0493404983e+00   2.8658403904e-07
5.0571568149e+00   2.9019386741e-07
5.0649731314e+00   2.9398405484e-07
5.0727894480e+00   2.9796312604e-07
5.0806057645e+00   3.0213993904e-07
5.0884220811e+00   3.0652370185e-07
5.0962383977e+00   3.1112398940e-07
5.1040547142e+00   3.1595076123e-07
5.1118710308e+00   3.2101437983e-07
5.1196873473e+00   3.2632563051e-07
5.1275036639e+00   3.3189574147e-07
5.1353199805e+00   3.3773640448e-07
5.1431362970e+00   3.4385979749e-07
5.1509526136e+00   3.5027860763e-07
5.1587689301e+00   3.5700605512e-07
5.1665852467e+00   3.6405591842e-07
5.1744015633e+00   3.7144256039e-07
5.1822178798e+00   3.7918095584e-07
5.1900341964e+00   3.8728672026e-07
5.1978505129e+00   3.9577613971e-07
5.2056668295e+00   4.0466620201e-07
5.2134831461e+00   4.1397462898e-07
5.2212994626e+00   4.2371991148e-07
5.2291157792e+00   4.3392134456e-07
5.2369320957e+00   4.4459906407e-07
5.2447484123e+00   4.5577408663e-07
5.2525647289e+00   4.6746834967e-07
5.2603810454e+00   4.7970475429e-07
5.2681973620e+00   4.9250720901e-07
5.2760136786e+00   5.0590067705e-07
5.2838299951e+00   5.1991122409e-07
5.2916463117e+00   5.3456606964e-07
5.2994626282e+00   5.4989363980e-07
5.3072789448e+00   5.6592362272e-07
5.3150952614e+00   5.8268702656e-07
5.3229115779e+00   6.0021624038e-07
5.3307278945e+00   6.1854509777e-07
5.3385442110e+00   6.3770894313e-07
5.3463605276e+00   6.5774470103e-07
5.3541768442e+00   6.7869094918e-07
5.3619931607e+00   7.0058799478e-07
5.3698094773e+00   7.2347795422e-07
5.3776257938e+00   7.4740483656e-07
5.3854421104e+00   7.7241463113e-07
5.3932584270e+00   7.9855539924e-07
5.4010747435e+00   8.2587737075e-07
5.4088910601e+00   8.5443304399e-07
5.4167073766e+00   8.8427729198e-07
5.4245236932e+00   9.1546747356e-07
5.4323400098e+00   9.4806354904e-07
5.4401563263e+00   9.8212820243e-07
5.4479726429e+00   1.0177269699e-06
5.4557889595e+00   1.0549283736e-06
5.4636052760e+00   1.0938040638e-06
5.4714215926e+00   1.1344289667e-06
5.4792379091e+00   1.1768814413e-06
5.4870542257e+00   1.2212434427e-06
5.4948705423e+00   1.2676006954e-06
5.5026868588e+00   1.3160428750e-06
5.5105031754e+00   1.3666637995e-06
5.5183194919e+00   1.4195616312e-06
5.5261358085e+00   1.4748390894e-06
5.5339521251e+00   1.5326036742e-06
5.5417684416e+00   1.5929679028e-06
5.5495847582e+00   1.6560495602e-06
5.5574010747e+00   1.7219719617e-06
5.5652173913e+00   1.7908642320e-06
5.5730337079e+00   1.8628616001e-06
5.5808500244e+00   1.9381057108e-06
5.5886663410e+00   2.0167449548e-06
5.5964826575e+00   2.0989348184e-06
5.6042989741e+00   2.1848382543e-06
5.6121152907e+00   2.2746260747e-06
5.6199316072e+00   2.3684773688e-06
5.6277479238e+00   2.4665799467e-06
5.6355642404e+00   2.5691308108e-06
5.6433805569e+00   2.6763366573e-06
5.6511968735e+00   2.7884144114e-06
5.6590131900e+00   2.9055917958e-06
5.6668295066e+00   3.0281079387e-06
5.6746458232e+00   3.1562140228e-06
5.6824621397e+00   3.2901739775e-06
5.6902784563e+00   3.4302652205e-06
5.6980947728e+00   3.5767794511e-06
5.7059110894e+00   3.7300235011e-06
5.7137274060e+00   3.8903202461e-06
5.7215437225e+00   4.0580095844e-06
5.7293600391e+00   4.2334494913e-06
5.7371763556e+00   4.4170171489e-06
5.7449926722e+00   4.6091101678e-06
5.7528089888e+00   4.8101479017e-06
5.7606253053e+00   5.0205728677e-06
5.7684416219e+00   5.2408522800e-06
5.7762579384e+00   5.4714797111e-06
5.7840742550e+00   5.7129768909e-06
5.7918905716e+00   5.9658956582e-06
5.7997068881e+00   6.2308200801e-06
5.8075232047e+00   6.5083687576e-06
5.8153395213e+00   6.7991973360e-06
5.8231558378e+00   7.1040012431e-06
5.8309721544e+00   7.4235186789e-06
5.8387884709e+00   7.7585338856e-06
5.8466047875e+00   8.1098807297e-06
5.8544211041e+00   8.4784466306e-06
5.8622374206e+00   8.8651768774e-06
5.8700537372e+00   9.2710793798e-06
5.8778700537e+00   9.6972299044e-06
5.8856863703e+00   1.0144777857e-05
5.8935026869e+00   1.0614952677e-05
5.9013190034e+00   1.1109070929e-05
5.9091353200e+00   1.1628544166e-05
5.9169516365e+00   1.2174887685e-05
5.9247679531e+00   1.2749730285e-05
5.9325842697e+00   1.3354825161e-05
5.9404005862e+00   1.3992062102e-05
5.9482169028e+00   1.4663481170e-05
5.9560332193e+00   1.5371288088e-05
5.9638495359e+00   1.6117871576e-05
5.9716658525e+00   1.6905822938e-05
5.9794821690e+00   1.7737958254e-05
5.9872984856e+00   1.8617343581e-05
5.9951148021e+00   1.9547323662e-05
6.0029311187e+00   2.0531554710e-05
6.0107474353e+00   2.1574041985e-05
6.0185637518e+00   2.2679182973e-05
6.0263800684e+00   2.3851817192e-05
6.0341963850e+00   2.5097283831e-05
6.0420127015e+00   2.6421488695e-05
6.0498290181e+00   2.7830982273e-05
6.0576453346e+00   2.9333051130e-05
6.0654616512e+00   3.0935825369e-05
6.0732779678e+00   3.2648405551e-05
6.0810942843e+00   3.4481013305e-05
6.0889106009e+00   3.6445170981e-05
6.0967269174e+00   3.8553917057e-05
6.1045432340e+00   4.0822065919e-05
6.1123595506e+00   4.3266523041e-05
6.1201758671e+00   4.5906669863e-05
6.1279921837e+00   4.8764837025e-05
6.1358085002e+00   5.1866890576e-05
6.1436248168e+00   5.5242963920e-05
6.1514411334e+00   5.8928379591e-05
6.1592574499e+00   6.2964820887e-05
6.1670737665e+00   6.7401836116e-05
6.1748900830e+00   7.2298791092e-05
6.1827063996e+00   7.7727433827e-05
6.1905227162e+00   8.3775307743e-05
6.1983390327e+00   9.0550359997e-05
6.2061553493e+00   9.8187263382e-05
6.2139716659e+00   1.0685624429e-04
6.2217879824e+00   1.1677565769e-04
6.2296042990e+00   1.2823030588e-04
6.2374206155e+00   1.4159881393e-04
6.2452369321e+00   1.5739575480e-04
6.2530532487e+00   1.7633871024e-04
6.2608695652e+00   1.9945937311e-04
6.2686858818e+00   2.2829658292e-04
6.2765021983e+00   2.6525166516e-04
6.2843185149e+00   3.1429122994e-04
6.2921348315e+00   3.8247098422e-04
6.2999511480e+00   4.8367006116e-04
6.3077674646e+00   6.4946993070e-04
6.3155837811e+00   9.7059090754e-04
6.3234000977e+00   1.8571680957e-03
6.3312164143e+00   1.5775061588e-02
6.3390327308e+00   2.5275094277e-03
6.3468490474e+00   1.1913457731e-03
6.3546653639e+00   7.8831364236e-04
6.3624816805e+00   5.9391190241e-04
6.3702979971e+00   4.7945592418e-04
6.3781143136e+00   4.0404159706e-04
6.3859306302e+00   3.5060190206e-04
6.3937469468e+00   3.1075092796e-04
6.4015632633e+00   2.7988699418e-04
6.4093795799e+00   2.5527443357e-04
6.4171958964e+00   2.3518478136e-04
6.4250122130e+00   2.1847229499e-04
6.4328285296e+00   2.0434746047e-04
6.4406448461e+00   1.9224852019e-04
6.4484611627e+00   1.8176486019e-04
6.4562774792e+00   1.7258937368e-04
6.4640937958e+00   1.6448777319e-04
6.4719101124e+00   1.5727820992e-04
6.4797264289e+00   1.5081737565e-04
6.4875427455e+00   1.4499080259e-04
6.4953590620e+00   1.3970595286e-04
6.5031753786e+00   1.3488720447e-04
6.5109916952e+00   1.3047215304e-04
6.5188080117e+00   1.2640884348e-04
6.5266243283e+00   1.2265366969e-04
6.5344406448e+00   1.1916976152e-04
6.5422569614e+00   1.1592573208e-04
6.5500732780e+00   1.1289469474e-04
6.5578895945e+00   1.1005348458e-04
6.5657059111e+00   1.0738203619e-04
6.5735222277e+00   1.0486288256e-04
6.5813385442e+00   1.0248074824e-04
6.5891548608e+00   1.0022221686e-04
6.5969711773e+00   9.8075457527e-05
6.6047874939e+00   9.6029998407e-05
6.6126038105e+00   9.4076538096e-05
6.6204201270e+00   9.2206787771e-05
6.6282364436e+00   9.0413338341e-05
6.6360527601e+00   8.8689548125e-05
6.6438690767e+00   8.7029447430e-05
6.6516853933e+00   8.5427657161e-05
6.6595017098e+00   8.3879319091e-05
6.6673180264e+00   8.2380035896e-05
6.6751343429e+00   8.0925819393e-05
6.6829506595e+00   7.9513045711e-05
6.6907669761e+00   7.8138416311e-05
6.6985832926e+00   7.6798924009e-05
6.7063996092e+00   7.5491823244e-05
6.7142159257e+00   7.4214604004e-05
6.7220322423e+00   7.2964968876e-05
6.7298485589e+00   7.1740812802e-05
6.7376648754e+00   7.0540205169e-05
6.7454811920e+00   6.9361373922e-05
6.7532975085e+00   6.8202691446e-05
6.7611138251e+00   6.7062661971e-05
6.7689301417e+00   6.5939910329e-05
6.7767464582e+00   6.4833171881e-05
6.7845627748e+00   6.3741283480e-05
6.7923790914e+00   6.2663175341e-05
6.8001954079e+00   6.1597863711e-05
6.8080117245e+00   6.0544444254e-05
6.8158280410e+00   5.9502086055e-05
6.8236443576e+00   5.8470026184e-05
6.8314606742e+00   5.7447564763e-05
6.8392769907e+00   5.6434060460e-05
6.8470933073e+00   5.5428926385e-05
6.8549096238e+00   5.4431626338e-05
6.8627259404e+00   5.3441671369e-05
6.8705422570e+00   5.2458616620e-05
6.8783585735e+00   5.1482058418e-05
6.8861748901e+00   5.0511631601e-05
6.8939912066e+00   4.9547007047e-05
6.9018075232e+00   4.8587889386e-05
6.9096238398e+00   4.7634014876e-05
6.9174401563e+00   4.6685149441e-05
6.9252564729e+00   4.5741086831e-05
6.9330727894e+00   4.4801646920e-05
6.9408891060e+00   4.3866674100e-05
6.9487054226e+00   4.2936035797e-05
6.9565217391e+00   4.2009621062e-05
6.9643380557e+00   4.1087339258e-05
6.9721543723e+00   4.0169118818e-05
6.9799706888e+00   3.9254906078e-05
6.9877870054e+00   3.8344664175e-05
6.9956033219e+00   3.7438371996e-05
7.0034196385e+00   3.6536023196e-05
7.0112359551e+00   3.5637625251e-05
7.0190522716e+00   3.4743198568e-05
7.0268685882e+00   3.3852775634e-05
7.0346849047e+00   3.2966400202e-05
7.0425012213e+00   3.2084126517e-05
7.0503175379e+00   3.1206018575e-05
7.0581338544e+00   3.0332149414e-05
7.0659501710e+00   2.9462600430e-05
7.0737664875e+00   2.8597460730e-05
7.0815828041e+00   2.7736826501e-05
7.0893991207e+00   2.6880800406e-05
7.0972154372e+00   2.6029491009e-05
7.1050317538e+00   2.5183012214e-05
7.1128480703e+00   2.4341482726e-05
7.1206643869e+00   2.3505025535e-05
7.1284807035e+00   2.2673767413e-05
7.1362970200e+00   2.1847838435e-05
7.1441133366e+00   2.1027371511e-05
7.1519296532e+00   2.0212501939e-05
7.1597459697e+00   1.9403366967e-05
7.1675622863e+00   1.8600105381e-05
7.1753786028e+00   1.7802857096e-05
7.1831949194e+00   1.7011762767e-05
7.1910112360e+00   1.6226963414e-05
7.1988275525e+00   1.5448600059e-05
7.2066438691e+00   1.4676813378e-05
7.2144601856e+00   1.3911743360e-05
7.2222765022e+00   1.3153528988e-05
7.2300928188e+00   1.2402307922e-05
7.2379091353e+00   1.1658216206e-05
7.2457254519e+00   1.0921387972e-05
7.2535417684e+00   1.0191955171e-05
7.2613580850e+00   9.4700473038e-06
7.2691744016e+00   8.7557911711e-06
7.2769907181e+00   8.0493106299e-06
7.2848070347e+00   7.3507263633e-06
7.2926233512e+00   6.6601556612e-06
7.3004396678e+00   5.9777122114e-06
7.3082559844e+00   5.3035059020e-06
7.3160723009e+00   4.6376426338e-06
7.3238886175e+00   3.9802241445e-06
7.3317049340e+00   3.3313478412e-06
7.3395212506e+00   2.6911066455e-06
7.3473375672e+00   2.0595888473e-06
7.3551538837e+00   1.4368779697e-06
7.3629702003e+00   8.2305264258e-07
7.3707865169e+00   2.1818648678e-07
7.3786028334e+00   3.7765199147e-07
7.3864191500e+00   9.6439949806e-07
7.3942354665e+00   1.5419980384e-06
7.4020517831e+00   2.1103949948e-06
7.4098680997e+00   2.6695431964e-06
7.4176844162e+00   3.2194009794e-06
7.4255007328e+00   3.7599322387e-06
7.4333170493e+00   4.2911064699e-06
7.4411333659e+00   4.8128988059e-06
7.4489496825e+00   5.3252900424e-06
7.4567659990e+00   5.8282666568e-06
7.4645823156e+00   6.3218208194e-06
7.4723986321e+00   6.8059503972e-06
7.4802149487e+00   7.2806589502e-06
7.4880312653e+00   7.7459557206e-06
7.4958475818e+00   8.2018556154e-06
7.5036638984e+00   8.6483791827e-06
7.5114802149e+00   9.0855525816e-06
7.5192965315e+00   9.5134075458e-06
7.5271128481e+00   9.9319813417e-06
7.5349291646e+00   1.0341316721e-05
7.5427454812e+00   1.0741461870e-05
7.5505617978e+00   1.1132470347e-05
7.5583781143e+00   1.1514401028e-05
7.5661944309e+00   1.1887318032e-05
7.5740107474e+00   1.2251290658e-05
7.5818270640e+00   1.2606393305e-05
7.5896433806e+00   1.2952705399e-05
7.5974596971e+00   1.3290311309e-05
7.6052760137e+00   1.3619300265e-05
7.6130923302e+00   1.3939766272e-05
7.6209086468e+00   1.4251808021e-05
7.6287249634e+00   1.4555528799e-05
7.6365412799e+00   1.4851036400e-05
7.6443575965e+00   1.5138443027e-05
7.6521739130e+00   1.5417865201e-05
7.6599902296e+00   1.5689423669e-05
7.6678065462e+00   1.5953243303e-05
7.6756228627e+00   1.6209453009e-05
7.6834391793e+00   1.6458185635e-05
7.6912554958e+00   1.6699577870e-05
7.6990718124e+00   1.6933770158e-05
7.7068881290e+00   1.7160906600e-05
7.7147044455e+00   1.7381134872e-05
7.7225207621e+00   1.7594606126e-05
7.7303370787e+00   1.7801474913e-05
7.7381533952e+00   1.8001899095e-05
7.7459697118e+00   1.8196039764e-05
7.7537860283e+00   1.8384061167e-05
7.7616023449e+00   1.8566130626e-05
7.7694186615e+00   1.8742418473e-05
7.7772349780e+00   1.8913097981e-05
7.7850512946e+00   1.9078345301e-05
7.7928676111e+00   1.9238339401e-05
7.8006839277e+00   1.9393262020e-05
7.8085002443e+00   1.9543297613e-05
7.8163165608e+00   1.9688633313e-05
7.8241328774e+00   1.9829458891e-05
7.8319491939e+00   1.9965966724e-05
7.8397655105e+00   2.0098351777e-05
7.8475818271e+00   2.0226811575e-05
7.8553981436e+00   2.0351546200e-05
7.8632144602e+00   2.0472758282e-05
7.8710307767e+00   2.0590653005e-05
7.8788470933e+00   2.0705438113e-05
7.8866634099e+00   2.0817323936e-05
7.8944797264e+00   2.0926523412e-05
7.9022960430e+00   2.1033252121e-05
7.9101123596e+00   2.1137728336e-05
7.9179286761e+00   2.1240173072e-05
7.9257449927e+00   2.1340810146e-05
7.9335613092e+00   2.1439866259e-05
7.9413776258e+00   2.1537571069e-05
7.9491939424e+00   2.1634157292e-05
7.9570102589e+00   2.1729860799e-05
7.9648265755e+00   2.1824920737e-05
7.9726428920e+00   2.1919579651e-05
7.9804592086e+00   2.2014083626e-05
7.9882755252e+00   2.2108682433e-05
7.9960918417e+00   2.2203629694e-05
8.0039081583e+00   2.2299183058e-05
8.0117244748e+00   2.2395604387e-05
8.0195407914e+00   2.2493159964e-05
8.0273571080e+00   2.2592120702e-05
8.0351734245e+00   2.2692762382e-05
8.0429897411e+00   2.2795365894e-05
8.0508060576e+00   2.2900217502e-05
8.0586223742e+00   2.3007609121e-05
8.0664386908e+00   2.3117838609e-05
8.0742550073e+00   2.3231210080e-05
8.0820713239e+00   2.3348034235e-05
8.0898876404e+00   2.3468628704e-05
8.0977039570e+00   2.3593318418e-05
8.1055202736e+00   2.3722435988e-05
8.1133365901e+00   2.3856322116e-05
8.1211529067e+00   2.3995326022e-05
8.1289692233e+00   2.4139805887e-05
8.1367855398e+00   2.4290129328e-05
8.1446018564e+00   2.4446673893e-05
8.1524181729e+00   2.4609827578e-05
8.1602344895e+00   2.4779989367e-05
8.1680508061e+00   2.4957569808e-05
8.1758671226e+00   2.5142991605e-05
8.1836834392e+00   2.5336690244e-05
8.1914997557e+00   2.5539114646e-05
8.1993160723e+00   2.5750727851e-05
8.2071323889e+00   2.5972007736e-05
8.2149487054e+00   2.6203447760e-05
8.2227650220e+00   2.6445557747e-05
8.2305813385e+00   2.6698864709e-05
8.2383976551e+00   2.6963913692e-05
8.2462139717e+00   2.7241268678e-05
8.2540302882e+00   2.7531513515e-05
8.2618466048e+00   2.7835252892e-05
8.2696629213e+00   2.8153113359e-05
8.2774792379e+00   2.8485744393e-05
8.2852955545e+00   2.8833819506e-05
8.2931118710e+00   2.9198037412e-05
8.3009281876e+00   2.9579123237e-05
8.3087445042e+00   2.9977829785e-05
8.3165608207e+00   3.0394938865e-05
8.3243771373e+00   3.0831262669e-05
8.3321934538e+00   3.1287645221e-05
8.3400097704e+00   3.1764963879e-05
8.3478260870e+00   3.2264130913e-05
8.3556424035e+00   3.2786095151e-05
8.3634587201e+00   3.3331843696e-05
8.3712750366e+00   3.3902403719e-05
8.3790913532e+00   3.4498844340e-05
8.3869076698e+00   3.5122278582e-05
8.3947239863e+00   3.5773865422e-05
8.4025403029e+00   3.6454811929e-05
8.4103566194e+00   3.7166375499e-05
8.4181729360e+00   3.7909866195e-05
8.4259892526e+00   3.8686649187e-05
8.4338055691e+00   3.9498147309e-05
8.4416218857e+00   4.0345843726e-05
8.4494382022e+00   4.1231284730e-05
8.4572545188e+00   4.2156082659e-05
8.4650708354e+00   4.3121918953e-05
8.4728871519e+00   4.4130547352e-05
8.4807034685e+00   4.5183797236e-05
8.4885197851e+00   4.6283577134e-05
8.4963361016e+00   4.7431878382e-05
8.5041524182e+00   4.8630778965e-05
8.5119687347e+00   4.9882447530e-05
8.5197850513e+00   5.1189147604e-05
8.5276013679e+00   5.2553241996e-05
8.5354176844e+00   5.3977197425e-05
8.5432340010e+00   5.5463589362e-05
8.5510503175e+00   5.7015107113e-05
8.5588666341e+00   5.8634559145e-05
8.5666829507e+00   6.0324878678e-05
8.5744992672e+00   6.2089129554e-05
8.5823155838e+00   6.3930512392e-05
8.5901319003e+00   6.5852371058e-05
8.5979482169e+00   6.7858199464e-05
8.6057645335e+00   6.9951648700e-05
8.6135808500e+00   7.2136534550e-05
8.6213971666e+00   7.4416845380e-05
8.6292134831e+00   7.6796750448e-05
8.6370297997e+00   7.9280608646e-05
8.6448461163e+00   8.1872977705e-05
8.6526624328e+00   8.4578623895e-05
8.6604787494e+00   8.7402532246e-05
8.6682950659e+00   9.0349917327e-05
8.6761113825e+00   9.3426234620e-05
8.6839276991e+00   9.6637192521e-05
8.6917440156e+00   9.9988765019e-05
8.6995603322e+00   1.0348720509e-04
8.7073766488e+00   1.0713905887e-04
8.7151929653e+00   1.1095118062e-04
8.7230092819e+00   1.1493074862e-04
8.7308255984e+00   1.1908528193e-04
8.7386419150e+00   1.2342265825e-04
8.7464582316e+00   1.2795113276e-04
8.7542745481e+00   1.3267935820e-04
8.7620908647e+00   1.3761640617e-04
8.7699071812e+00   1.4277178973e-04
8.7777234978e+00   1.4815548751e-04
8.7855398144e+00   1.5377796933e-04
8.7933561309e+00   1.5965022349e-04
8.8011724475e+00   1.6578378591e-04
8.8089887640e+00   1.7219077117e-04
8.8168050806e+00   1.7888390571e-04
8.8246213972e+00   1.8587656331e-04
8.8324377137e+00   1.9318280300e-04
8.8402540303e+00   2.0081740974e-04
8.8480703468e+00   2.0879593799e-04
8.8558866634e+00   2.1713475842e-04
8.8637029800e+00   2.2585110816e-04
8.8715192965e+00   2.3496314476e-04
8.8793356131e+00   2.4449000429e-04
8.8871519297e+00   2.5445186397e-04
8.8949682462e+00   2.6487000964e-04
8.9027845628e+00   2.7576690873e-04
8.9106008793e+00   2.8716628905e-04
8.9184171959e+00   2.9909322408e-04
8.9262335125e+00   3.1157422551e-04
8.9340498290e+00   3.2463734344e-04
8.9418661456e+00   3.3831227546e-04
8.9496824621e+00   3.5263048513e-04
8.9574987787e+00   3.6762533111e-04
8.9653150953e+00   3.8333220806e-04
8.9731314118e+00   3.9978870039e-04
8.9809477284e+00   4.1703475064e-04
8.9887640449e+00   4.3511284374e-04
8.9965803615e+00   4.5406820931e-04
9.0043966781e+00   4.7394904391e-04
9.0122129946e+00   4.9480675566e-04
9.0200293112e+00   5.1669623391e-04
9.0278456277e+00   5.3967614707e-04
9.0356619443e+00   5.6380927210e-04
9.0434782609e+00   5.8916285970e-04
9.0512945774e+00   6.1580903973e-04
9.0591108940e+00   6.4382527237e-04
9.0669272106e+00   6.7329485098e-04
9.0747435271e+00   7.0430746385e-04
9.0825598437e+00   7.3695982303e-04
9.0903761602e+00   7.7135636992e-04
9.0981924768e+00   8.0761006867e-04
9.1060087934e+00   8.4584330053e-04
9.1138251099e+00   8.8618887452e-04
9.1216414265e+00   9.2879117242e-04
9.1294577430e+00   9.7380744961e-04
9.1372740596e+00   1.0214093168e-03
9.1450903762e+00   1.0717844330e-03
9.1529066927e+00   1.1251384459e-03
9.1607230093e+00   1.1816972224e-03
9.1685393258e+00   1.2417094219e-03
9.1763556424e+00   1.3054494746e-03
9.1841719590e+00   1.3732210428e-03
9.1919882755e+00   1.4453610568e-03
9.1998045921e+00   1.5222444425e-03
9.2076209086e+00   1.6042896806e-03
9.2154372252e+00   1.6919653759e-03
9.2232535418e+00   1.7857980548e-03
9.2310698583e+00   1.8863814698e-03
9.2388861749e+00   1.9943877603e-03
9.2467024915e+00   2.1105809187e-03
9.2545188080e+00   2.2358331353e-03
9.2623351246e+00   2.3711447668e-03
9.2701514411e+00   2.5176689031e-03
9.2779677577e+00   2.6767418148e-03
9.2857840743e+00   2.8499209942e-03
9.2936003908e+00   3.0390330928e-03
9.3014167074e+00   3.2462348964e-03
9.3092330239e+00   3.4740916716e-03
9.3170493405e+00   3.7256789427e-03
9.3248656571e+00   4.0047163051e-03
9.3326819736e+00   4.3157456901e-03
9.3404982902e+00   4.6643723183e-03
9.3483146067e+00   5.0575956612e-03
9.3561309233e+00   5.5042722407e-03
9.3639472399e+00   6.0157758959e-03
9.3717635564e+00   6.6069613359e-03
9.3795798730e+00   7.2976069848e-03
9.3873961895e+00   8.1146404040e-03
9.3952125061e+00   9.0956907084e-03
9.4030288227e+00   1.0294992989e-02
9.4108451392e+00   1.1793686850e-02
9.4186614558e+00   1.3718864442e-02
9.4264777723e+00   1.6281470861e-02
9.4342940889e+00   1.9859125587e-02
9.4421104055e+00   2.5201271718e-02
9.4499267220e+00   3.4036280287e-02
9.4577430386e+00   5.1444872358e-02
9.4655593552e+00   1.0163928424e-01
9.4733756717e+00   1.7641121788e+00
9.4811919883e+00   1.1916691366e-01
9.4890083048e+00   5.8649654327e-02
9.4968246214e+00   3.9334729084e-02
9.5046409380e+00   2.9831469658e-02
9.5124572545e+00   2.4178437420e-02
9.5202735711e+00   2.0430161072e-02
9.5280898876e+00   1.7762841343e-02
9.5359062042e+00   1.5767806358e-02
9.5437225208e+00   1.4219278525e-02
9.5515388373e+00   1.2982354419e-02
9.5593551539e+00   1.1971463218e-02
9.5671714704e+00   1.1129704269e-02
9.5749877870e+00   1.0417767074e-02
9.5828041036e+00   9.8076210645e-03
9.5906204201e+00   9.2787399946e-03
9.5984367367e+00   8.8157477227e-03
9.6062530532e+00   8.4068979493e-03
9.6140693698e+00   8.0430624720e-03
9.6218856864e+00   7.7170399911e-03
9.6297020029e+00   7.4230729242e-03
9.6375183195e+00   7.1565026858e-03
9.6453346361e+00   6.9135192511e-03
9.6531509526e+00   6.6909762301e-03
9.6609672692e+00   6.4862522951e-03
9.6687835857e+00   6.2971459504e-03
9.6765999023e+00   6.1217946466e-03
9.6844162189e+00   5.9586119114e-03
9.6922325354e+00   5.8062379846e-03
9.7000488520e+00   5.6635006900e-03
9.7078651685e+00   5.5293841502e-03
9.7156814851e+00   5.4030035699e-03
9.7234978017e+00   5.2835847578e-03
9.7313141182e+00   5.1704473804e-03
9.7391304348e+00   5.0629911762e-03
9.7469467513e+00   4.9606845396e-03
9.7547630679e+00   4.8630550109e-03
9.7625793845e+00   4.7696813118e-03
9.7703957010e+00   4.6801866412e-03
9.7782120176e+00   4.5942330055e-03
9.7860283341e+00   4.5115163997e-03
9.7938446507e+00   4.4317626970e-03
9.8016609673e+00   4.3547241254e-03
9.8094772838e+00   4.2801762377e-03
9.8172936004e+00   4.2079152962e-03
9.8251099170e+00   4.1377560051e-03
9.8329262335e+00   4.0695295414e-03
9.8407425501e+00   4.0030818357e-03
9.8485588666e+00   3.9382720696e-03
9.8563751832e+00   3.8749713567e-03
9.8641914998e+00   3.8130615823e-03
9.8720078163e+00   3.7524343794e-03
9.8798241329e+00   3.6929902233e-03
9.8876404494e+00   3.6346376283e-03
9.8954567660e+00   3.5772924336e-03
9.9032730826e+00   3.5208771669e-03
9.9110893991e+00   3.4653204762e-03
9.9189057157e+00   3.4105566205e-03
9.9267220322e+00   3.3565250138e-03
9.9345383488e+00   3.3031698140e-03
9.9423546654e+00   3.2504395533e-03
9.9501709819e+00   3.1982868041e-03
9.9579872985e+00   3.1466678768e-03
9.9658036150e+00   3.0955425458e-03
9.9736199316e+00   3.0448738004e-03
9.9814362482e+00   2.9946276186e-03
9.9892525647e+00   2.9447727603e-03
9.9970688813e+00   2.8952805786e-03
1.0004885198e+01   2.8461248468e-03
1.0012701514e+01   2.7972815999e-03
1.0020517831e+01   2.7487289890e-03
1.0028334148e+01   2.7004471469e-03
1.0036150464e+01   2.6524180643e-03
1.0043966781e+01   2.6046254757e-03
1.0051783097e+01   2.5570547526e-03
1.0059599414e+01   2.5096928058e-03
1.0067415730e+01   2.4625279938e-03
1.0075232047e+01   2.4155500370e-03
1.0083048363e+01   2.3687499389e-03
1.0090864680e+01   2.3221199110e-03
1.0098680997e+01   2.2756533035e-03
1.0106497313e+01   2.2293445393e-03
1.0114313630e+01   2.1831890531e-03
1.0122129946e+01   2.1371832325e-03
1.0129946263e+01   2.0913243639e-03
1.0137762579e+01   2.0456105800e-03
1.0145578896e+01   2.0000408112e-03
1.0153395213e+01   1.9546147382e-03
1.0161211529e+01   1.9093327485e-03
1.0169027846e+01   1.8641958932e-03
1.0176844162e+01   1.8192058475e-03
1.0184660479e+01   1.7743648714e-03
1.0192476795e+01   1.7296757731e-03
1.0200293112e+01   1.6851418737e-03
1.0208109428e+01   1.6407669733e-03
1.0215925745e+01   1.5965553180e-03
1.0223742062e+01   1.5525115690e-03
1.0231558378e+01   1.5086407718e-03
1.0239374695e+01   1.4649483278e-03
1.0247191011e+01   1.4214399655e-03
1.0255007328e+01   1.3781217137e-03
1.0262823644e+01   1.3349998751e-03
1.0270639961e+01   1.2920810010e-03
1.0278456277e+01   1.2493718668e-03
1.0286272594e+01   1.2068794479e-03
1.0294088911e+01   1.1646108970e-03
1.0301905227e+01   1.1225735216e-03
1.0309721544e+01   1.0807747625e-03
1.0317537860e+01   1.0392221725e-03
1.0325354177e+01   9.9792339659e-04
1.0333170493e+01   9.5688615175e-04
1.0340986810e+01   9.1611820817e-04
1.0348803127e+01   8.7562737066e-04
1.0356619443e+01   8.3542146068e-04
1.0364435760e+01   7.9550829909e-04
1.0372252076e+01   7.5589568925e-04
1.0380068393e+01   7.1659140087e-04
1.0387884709e+01   6.7760315426e-04
1.0395701026e+01   6.3893860519e-04
1.0403517342e+01   6.0060533021e-04
1.0411333659e+01   5.6261081260e-04
1.0419149976e+01   5.2496242872e-04
1.0426966292e+01   4.8766743496e-04
1.0434782609e+01   4.5073295514e-04
1.0442598925e+01   4.1416596847e-04
1.0450415242e+01   3.7797329798e-04
1.0458231558e+01   3.4216159946e-04
1.0466047875e+01   3.0673735086e-04
1.0473864191e+01   2.7170684228e-04
1.0481680508e+01   2.3707616633e-04
1.0489496825e+01   2.0285120906e-04
1.0497313141e+01   1.6903764134e-04
1.0505129458e+01   1.3564091075e-04
1.0512945774e+01   1.0266623390e-04
1.0520762091e+01   7.0118589231e-05
1.0528578407e+01   3.8002710365e-05
1.0536394724e+01   6.3230797988e-06
1.0544211041e+01   2.4916076857e-05
1.0552027357e+01   5.5710796220e-05
1.0559843674e+01   8.6057382018e-05
1.0567659990e+01   1.1595240953e-04
1.0575476307e+01   1.4539272958e-04
1.0583292623e+01   1.7437547214e-04
1.0591108940e+01   2.0289804943e-04
1.0598925256e+01   2.3095815868e-04
1.0606741573e+01   2.5855378445e-04
1.0614557890e+01   2.8568320054e-04
1.0622374206e+01   3.1234497152e-04
1.0630190523e+01   3.3853795389e-04
1.0638006839e+01   3.6426129680e-04
1.0645823156e+01   3.8951444253e-04
1.0653639472e+01   4.1429712645e-04
1.0661455789e+01   4.3860937683e-04
1.0669272106e+01   4.6245151409e-04
1.0677088422e+01   4.8582414997e-04
1.0684904739e+01   5.0872818616e-04
1.0692721055e+01   5.3116481283e-04
1.0700537372e+01   5.5313550673e-04
1.0708353688e+01   5.7464202906e-04
1.0716170005e+01   5.9568642315e-04
1.0723986321e+01   6.1627101175e-04
1.0731802638e+01   6.3639839422e-04
1.0739618955e+01   6.5607144341e-04
1.0747435271e+01   6.7529330239e-04
1.0755251588e+01   6.9406738093e-04
1.0763067904e+01   7.1239735187e-04
1.0770884221e+01   7.3028714725e-04
1.0778700537e+01   7.4774095434e-04
1.0786516854e+01   7.6476321152e-04
1.0794333170e+01   7.8135860406e-04
1.0802149487e+01   7.9753205973e-04
1.0809965804e+01   8.1328874439e-04
1.0817782120e+01   8.2863405749e-04
1.0825598437e+01   8.4357362745e-04
1.0833414753e+01   8.5811330709e-04
1.0841231070e+01   8.7225916896e-04
1.0849047386e+01   8.8601750066e-04
1.0856863703e+01   8.9939480022e-04
1.0864680020e+01   9.1239777139e-04
1.0872496336e+01   9.2503331910e-04
1.0880312653e+01   9.3730854480e-04
1.0888128969e+01   9.4923074205e-04
1.0895945286e+01   9.6080739200e-04
1.0903761602e+01   9.7204615913e-04
1.0911577919e+01   9.8295488696e-04
1.0919394235e+01   9.9354159394e-04
1.0927210552e+01   1.0038144695e-03
1.0935026869e+01   1.0137818704e-03
1.0942843185e+01   1.0234523165e-03
1.0950659502e+01   1.0328344881e-03
1.0958475818e+01   1.0419372222e-03
1.0966292135e+01   1.0507695092e-03
1.0974108451e+01   1.0593404907e-03
1.0981924768e+01   1.0676594564e-03
1.0989741085e+01   1.0757358419e-03
1.0997557401e+01   1.0835792267e-03
1.1005373718e+01   1.0911993324e-03
1.1013190034e+01   1.0986060212e-03
1.1021006351e+01   1.1058092944e-03
1.1028822667e+01   1.1128192922e-03
1.1036638984e+01   1.1196462927e-03
1.1044455300e+01   1.1263007118e-03
1.1052271617e+01   1.1327931036e-03
1.1060087934e+01   1.1391341608e-03
1.1067904250e+01   1.1453347158e-03
1.1075720567e+01   1.1514057423e-03
1.1083536883e+01   1.1573583569e-03
1.1091353200e+01   1.1632038212e-03
1.1099169516e+01   1.1689535452e-03
1.1106985833e+01   1.1746190899e-03
1.1114802149e+01   1.1802121715e-03
1.1122618466e+01   1.1857446651e-03
1.1130434783e+01   1.1912286102e-03
1.1138251099e+01   1.1966762152e-03
1.1146067416e+01   1.2020998639e-03
1.1153883732e+01   1.2075121215e-03
1.1161700049e+01   1.2129257421e-03
1.1169516365e+01   1.2183536760e-03
1.1177332682e+01   1.2238090780e-03
1.1185148999e+01   1.2293053165e-03
1.1192965315e+01   1.2348559833e-03
1.1200781632e+01   1.2404749034e-03
1.1208597948e+01   1.2461761468e-03
1.1216414265e+01   1.2519740397e-03
1.1224230581e+01   1.2578831771e-03
1.1232046898e+01   1.2639184368e-03
1.1239863214e+01   1.2700949930e-03
1.1247679531e+01   1.2764283313e-03
1.1255495848e+01   1.2829342653e-03
1.1263312164e+01   1.2896289529e-03
1.1271128481e+01   1.2965289142e-03
1.1278944797e+01   1.3036510504e-03
1.1286761114e+01   1.3110126637e-03
1.1294577430e+01   1.3186314779e-03
1.1302393747e+01   1.3265256604e-03
1.1310210064e+01   1.3347138457e-03
1.1318026380e+01   1.3432151590e-03
1.1325842697e+01   1.3520492422e-03
1.1333659013e+01   1.3612362806e-03
1.1341475330e+01   1.3707970306e-03
1.1349291646e+01   1.3807528496e-03
1.1357107963e+01   1.3911257268e-03
1.1364924279e+01   1.4019383152e-03
1.1372740596e+01   1.4132139661e-03
1.1380556913e+01   1.4249767639e-03
1.1388373229e+01   1.4372515641e-03
1.1396189546e+01   1.4500640317e-03
1.1404005862e+01   1.4634406819e-03
1.1411822179e+01   1.4774089232e-03
1.1419638495e+01   1.4919971019e-03
1.1427454812e+01   1.5072345485e-03
1.1435271128e+01   1.5231516271e-03
1.1443087445e+01   1.5397797860e-03
1.1450903762e+01   1.5571516119e-03
1.1458720078e+01   1.5753008851e-03
1.1466536395e+01   1.5942626385e-03
1.1474352711e+01   1.6140732189e-03
1.1482169028e+01   1.6347703507e-03
1.1489985344e+01   1.6563932034e-03
1.1497801661e+01   1.6789824614e-03
1.1505617978e+01   1.7025803974e-03
1.1513434294e+01   1.7272309491e-03
1.1521250611e+01   1.7529797998e-03
1.1529066927e+01   1.7798744622e-03
1.1536883244e+01   1.8079643664e-03
1.1544699560e+01   1.8373009520e-03
1.1552515877e+01   1.8679377643e-03
1.1560332193e+01   1.8999305557e-03
1.1568148510e+01   1.9333373906e-03
1.1575964827e+01   1.9682187568e-03
1.1583781143e+01   2.0046376807e-03
1.1591597460e+01   2.0426598493e-03
1.1599413776e+01   2.0823537370e-03
1.1607230093e+01   2.1237907390e-03
1.1615046409e+01   2.1670453114e-03
1.1622862726e+01   2.2121951169e-03
1.1630679043e+01   2.2593211792e-03
1.1638495359e+01   2.3085080441e-03
1.1646311676e+01   2.3598439478e-03
1.1654127992e+01   2.4134209953e-03
1.1661944309e+01   2.4693353461e-03
1.1669760625e+01   2.5276874098e-03
1.1677576942e+01   2.5885820517e-03
1.1685393258e+01   2.6521288084e-03
1.1693209575e+01   2.7184421148e-03
1.1701025892e+01   2.7876415421e-03
1.1708842208e+01   2.8598520492e-03
1.1716658525e+01   2.9352042459e-03
1.1724474841e+01   3.0138346709e-03
1.1732291158e+01   3.0958860835e-03
1.1740107474e+01   3.1815077723e-03
1.1747923791e+01   3.2708558788e-03
1.1755740107e+01   3.3640937392e-03
1.1763556424e+01   3.4613922456e-03
1.1771372741e+01   3.5629302257e-03
1.1779189057e+01   3.6688948444e-03
1.1787005374e+01   3.7794820279e-03
1.1794821690e+01   3.8948969112e-03
1.1802638007e+01   4.0153543120e-03
1.1810454323e+01   4.1410792312e-03
1.1818270640e+01   4.2723073827e-03
1.1826086957e+01   4.4092857548e-03
1.1833903273e+01   4.5522732042e-03
1.1841719590e+01   4.7015410863e-03
1.1849535906e+01   4.8573739236e-03
1.1857352223e+01   5.0200701153e-03
1.1865168539e+01   5.1899426902e-03
1.1872984856e+01   5.3673201083e-03
1.1880801172e+01   5.5525471120e-03
1.1888617489e+01   5.7459856330e-03
1.1896433806e+01   5.9480157577e-03
1.1904250122e+01   6.1590367567e-03
1.1912066439e+01   6.3794681824e-03
1.1919882755e+01   6.6097510420e-03
1.1927699072e+01   6.8503490496e-03
1.1935515388e+01   7.1017499658e-03
1.1943331705e+01   7.3644670321e-03
1.1951148021e+01   7.6390405064e-03
1.1958964338e+01   7.9260393108e-03
1.1966780655e+01   8.2260627992e-03
1.1974596971e+01   8.5397426573e-03
1.1982413288e+01   8.8677449449e-03
1.1990229604e+01   9.2107722957e-03
1.1998045921e+01   9.5695662867e-03
1.2005862237e+01   9.9449099954e-03
1.2013678554e+01   1.0337630761e-02
1.2021494871e+01   1.0748603171e-02
1.2029311187e+01   1.1178752291e-02
1.2037127504e+01   1.1629057172e-02
1.2044943820e+01   1.2100554644e-02
1.2052760137e+01   1.2594343454e-02
1.2060576453e+01   1.3111588755e-02
1.2068392770e+01   1.3653526996e-02
1.2076209086e+01   1.4221471268e-02
1.2084025403e+01   1.4816817128e-02
1.2091841720e+01   1.5441048981e-02
1.2099658036e+01   1.6095747069e-02
1.2107474353e+01   1.6782595132e-02
1.2115290669e+01   1.7503388839e-02
1.2123106986e+01   1.8260045056e-02
1.2130923302e+01   1.9054612072e-02
1.2138739619e+01   1.9889280885e-02
1.2146555936e+01   2.0766397696e-02
1.2154372252e+01   2.1688477747e-02
1.2162188569e+01   2.2658220694e-02
1.2170004885e+01   2.3678527706e-02
1.2177821202e+01   2.4752520532e-02
1.2185637518e+01   2.5883562788e-02
1.2193453835e+01   2.7075283805e-02
1.2201270151e+01   2.8331605374e-02
1.2209086468e+01   2.9656771822e-02
1.2216902785e+01   3.1055383928e-02
1.2224719101e+01   3.2532437238e-02
1.2232535418e+01   3.4093365484e-02
1.2240351734e+01   3.5744089910e-02
1.2248168051e+01   3.7491075467e-02
1.2255984367e+01   3.9341395026e-02
1.2263800684e+01   4.1302802974e-02
1.2271617000e+01   4.3383819835e-02
1.2279433317e+01   4.5593829895e-02
1.2287249634e+01   4.7943194232e-02
1.2295065950e+01   5.0443382054e-02
1.2302882267e+01   5.3107123915e-02
1.2310698583e+01   5.5948591178e-02
1.2318514900e+01   5.8983607131e-02
1.2326331216e+01   6.2229896461e-02
1.2334147533e+01   6.5707381491e-02
1.2341963850e+01   6.9438535720e-02
1.2349780166e+01   7.3448808037e-02
1.2357596483e+01   7.7767134674e-02
1.2365412799e+01   8.2426560808e-02
1.2373229116e+01   8.7465000246e-02
1.2381045432e+01   9.2926170337e-02
1.2388861749e+01   9.8860751177e-02
1.2396678065e+01   1.0532783447e-01
1.2404494382e+01   1.1239675021e-01
1.2412310699e+01   1.2014939125e-01
1.2420127015e+01   1.2868320173e-01
1.2427943332e+01   1.3811506163e-01
1.2435759648e+01   1.4858639713e-01
1.2443575965e+01   1.6026999368e-01
1.2451392281e+01   1.7337921190e-01
1.2459208598e+01   1.8818065733e-01
1.2467024915e+01   2.0501191429e-01
1.2474841231e+01   2.2430687414e-01
1.2482657548e+01   2.4663274379e-01
1.2490473864e+01   2.7274554167e-01
1.2498290181e+01   3.0367583439e-01
1.2506106497e+01   3.4086585950e-01
1.2513922814e+01   3.8639795288e-01
1.2521739130e+01   4.4339406399e-01
1.2529555447e+01   5.1675718070e-01
1.2537371764e+01   6.1465283546e-01
1.2545188080e+01   7.5176455437e-01
1.2553004397e+01   9.5741921793e-01
1.2560820713e+01   1.2999043500e+00
1.2568637030e+01   1.9833420896e+00
1.2576453346e+01   4.0195436551e+00
1.2584269663e+01   3.7996115717e+02
1.2592085979e+01   4.2615986031e+00
1.2599902296e+01   2.1577161215e+00
1.2607718613e+01   1.4617048830e+00
1.2615534929e+01   1.1147703089e+00
1.2623351246e+01   9.0700263587e-01
1.2631167562e+01   7.6868625934e-01
1.2638983879e+01   6.7000497382e-01
1.2646800195e+01   5.9607084690e-01
1.2654616512e+01   5.3862068435e-01
1.2662432829e+01   4.9270004942e-01
1.2670249145e+01   4.5515779188e-01
1.2678065462e+01   4.2389399662e-01
1.2685881778e+01   3.9745532420e-01
1.2693698095e+01   3.7480391194e-01
1.2701514411e+01   3.5517878196e-01
1.2709330728e+01   3.3800925670e-01
1.2717147044e+01   3.2285895339e-01
1.2724963361e+01   3.0938845839e-01
1.2732779678e+01   2.9732979551e-01
1.2740595994e+01   2.8646855810e-01
1.2748412311e+01   2.7663114890e-01
1.2756228627e+01   2.6767550191e-01
1.2764044944e+01   2.5948422573e-01
1.2771861260e+01   2.5195946199e-01
1.2779677577e+01   2.4501897839e-01
1.2787493894e+01   2.3859316373e-01
1.2795310210e+01   2.3262269114e-01
1.2803126527e+01   2.2705668225e-01
1.2810942843e+01   2.2185125140e-01
1.2818759160e+01   2.1696834123e-01
1.2826575476e+01   2.1237478369e-01
1.2834391793e+01   2.0804153732e-01
1.2842208109e+01   2.0394306325e-01
1.2850024426e+01   2.0005681142e-01
1.2857840743e+01   1.9636279498e-01
1.2865657059e+01   1.9284323562e-01
1.2873473376e+01   1.8948226656e-01
1.2881289692e+01   1.8626568247e-01
1.2889106009e+01   1.8318072784e-01
1.2896922325e+01   1.8021591727e-01
1.2904738642e+01   1.7736088197e-01
1.2912554958e+01   1.7460623834e-01
1.2920371275e+01   1.7194347482e-01
1.2928187592e+01   1.6936485429e-01
1.2936003908e+01   1.6686332944e-01
1.2943820225e+01   1.6443246927e-01
1.2951636541e+01   1.6206639493e-01
1.2959452858e+01   1.5975972365e-01
1.2967269174e+01   1.5750751952e-01
1.2975085491e+01   1.5530525023e-01
1.2982901808e+01   1.5314874886e-01
1.2990718124e+01   1.5103418015e-01
1.2998534441e+01   1.4895801052e-01
1.3006350757e+01   1.4691698153e-01
1.3014167074e+01   1.4490808613e-01
1.3021983390e+01   1.4292854754e-01
1.3029799707e+01   1.4097580029e-01
1.3037616023e+01   1.3904747329e-01
1.3045432340e+01   1.3714137454e-01
1.3053248657e+01   1.3525547742e-01
1.3061064973e+01   1.3338790830e-01
1.3068881290e+01   1.3153693533e-01
1.3076697606e+01   1.2970095831e-01
1.3084513923e+01   1.2787849948e-01
1.3092330239e+01   1.2606819514e-01
1.3100146556e+01   1.2426878805e-01
1.3107962872e+01   1.2247912042e-01
1.3115779189e+01   1.2069812760e-01
1.3123595506e+01   1.1892483221e-01
1.3131411822e+01   1.1715833882e-01
1.3139228139e+01   1.1539782898e-01
1.3147044455e+01   1.1364255671e-01
1.3154860772e+01   1.1189184431e-01
1.3162677088e+01   1.1014507848e-01
1.3170493405e+01   1.0840170670e-01
1.3178309722e+01   1.0666123392e-01
1.3186126038e+01   1.0492321944e-01
1.3193942355e+01   1.0318727400e-01
1.3201758671e+01   1.0145305710e-01
1.3209574988e+01   9.9720274389e-02
1.3217391304e+01   9.7988675368e-02
1.3225207621e+01   9.6258051083e-02
1.3233023937e+01   9.4528232034e-02
1.3240840254e+01   9.2799086171e-02
1.3248656571e+01   9.1070517007e-02
1.3256472887e+01   8.9342461812e-02
1.3264289204e+01   8.7614889917e-02
1.3272105520e+01   8.5887801082e-02
1.3279921837e+01   8.4161223944e-02
1.3287738153e+01   8.2435214533e-02
1.3295554470e+01   8.0709854850e-02
1.3303370787e+01   7.8985251499e-02
1.3311187103e+01   7.7261534376e-02
1.3319003420e+01   7.5538855403e-02
1.3326819736e+01   7.3817387305e-02
1.3334636053e+01   7.2097322434e-02
1.3342452369e+01   7.0378871622e-02
1.3350268686e+01   6.8662263082e-02
1.3358085002e+01   6.6947741326e-02
1.3365901319e+01   6.5235566128e-02
1.3373717636e+01   6.3526011510e-02
1.3381533952e+01   6.1819364752e-02
1.3389350269e+01   6.0115925433e-02
1.3397166585e+01   5.8416004492e-02
1.3404982902e+01   5.6719923317e-02
1.3412799218e+01   5.5028012848e-02
1.3420615535e+01   5.3340612709e-02
1.3428431851e+01   5.1658070355e-02
1.3436248168e+01   4.9980740240e-02
1.3444064485e+01   4.8308983006e-02
1.3451880801e+01   4.6643164685e-02
1.3459697118e+01   4.4983655922e-02
1.3467513434e+01   4.3330831219e-02
1.3475329751e+01   4.1685068190e-02
1.3483146067e+01   4.0046746837e-02
1.3490962384e+01   3.8416248838e-02
1.3498778701e+01   3.6793956861e-02
1.3506595017e+01   3.5180253884e-02
1.3514411334e+01   3.3575522538e-02
1.3522227650e+01   3.1980144467e-02
1.3530043967e+01   3.0394499696e-02
1.3537860283e+01   2.8818966030e-02
1.3545676600e+01   2.7253918456e-02
1.3553492916e+01   2.5699728567e-02
1.3561309233e+01   2.4156764007e-02
1.3569125550e+01   2.2625387924e-02
1.3576941866e+01   2.1105958448e-02
1.3584758183e+01   1.9598828180e-02
1.3592574499e+01   1.8104343705e-02
1.3600390816e+01   1.6622845113e-02
1.3608207132e+01   1.5154665544e-02
1.3616023449e+01   1.3700130750e-02
1.3623839766e+01   1.2259558674e-02
1.3631656082e+01   1.0833259042e-02
1.3639472399e+01   9.4215329805e-03
1.3647288715e+01   8.0246726452e-03
1.3655105032e+01   6.6429608710e-03
1.3662921348e+01   5.2766708388e-03
1.3670737665e+01   3.9260657593e-03
1.3678553981e+01   2.5913985759e-03
1.3686370298e+01   1.2729116847e-03
1.3694186615e+01   2.9163328171e-05
1.3702002931e+01   1.3146059305e-03
1.3709819248e+01   2.5832068715e-03
1.3717635564e+01   3.8347683908e-03
1.3725451881e+01   5.0691044107e-03
1.3733268197e+01   6.2860407114e-03
1.3741084514e+01   7.4854150879e-03
1.3748900830e+01   8.6670774918e-03
1.3756717147e+01   9.8308901547e-03
1.3764533464e+01   1.0976727696e-02
1.3772349780e+01   1.2104477216e-02
1.3780166097e+01   1.3214038367e-02
1.3787982413e+01   1.4305323418e-02
1.3795798730e+01   1.5378257296e-02
1.3803615046e+01   1.6432777617e-02
1.3811431363e+01   1.7468834699e-02
1.3819247680e+01   1.8486391563e-02
1.3827063996e+01   1.9485423919e-02
1.3834880313e+01   2.0465920139e-02
1.3842696629e+01   2.1427881216e-02
1.3850512946e+01   2.2371320712e-02
1.3858329262e+01   2.3296264689e-02
1.3866145579e+01   2.4202751638e-02
1.3873961895e+01   2.5090832381e-02
1.3881778212e+01   2.5960569982e-02
1.3889594529e+01   2.6812039629e-02
1.3897410845e+01   2.7645328519e-02
1.3905227162e+01   2.8460535727e-02
1.3913043478e+01   2.9257772070e-02
1.3920859795e+01   3.0037159960e-02
1.3928676111e+01   3.0798833252e-02
1.3936492428e+01   3.1542937082e-02
1.3944308745e+01   3.2269627701e-02
1.3952125061e+01   3.2979072307e-02
1.3959941378e+01   3.3671448858e-02
1.3967757694e+01   3.4346945900e-02
1.3975574011e+01   3.5005762374e-02
1.3983390327e+01   3.5648107429e-02
1.3991206644e+01   3.6274200231e-02
1.3999022960e+01   3.6884269765e-02
1.4006839277e+01   3.7478554643e-02
1.4014655594e+01   3.8057302907e-02
1.4022471910e+01   3.8620771830e-02
1.4030288227e+01   3.9169227721e-02
1.4038104543e+01   3.9702945730e-02
1.4045920860e+01   4.0222209656e-02
1.4053737176e+01   4.0727311752e-02
1.4061553493e+01   4.1218552542e-02
1.4069369809e+01   4.1696240630e-02
1.4077186126e+01   4.2160692528e-02
1.4085002443e+01   4.2612232475e-02
1.4092818759e+01   4.3051192268e-02
1.4100635076e+01   4.3477911101e-02
1.4108451392e+01   4.3892735406e-02
1.4116267709e+01   4.4296018705e-02
1.4124084025e+01   4.4688121469e-02
1.4131900342e+01   4.5069410985e-02
1.4139716659e+01   4.5440261234e-02
1.4147532975e+01   4.5801052774e-02
1.4155349292e+01   4.6152172644e-02
1.4163165608e+01   4.6494014268e-02
1.4170981925e+01   4.6826977377e-02
1.4178798241e+01   4.7151467940e-02
1.4186614558e+01   4.7467898113e-02
1.4194430874e+01   4.7776686196e-02
1.4202247191e+01   4.8078256611e-02
1.4210063508e+01   4.8373039886e-02
1.4217879824e+01   4.8661472660e-02
1.4225696141e+01   4.8943997709e-02
1.4233512457e+01   4.9221063979e-02
1.4241328774e+01   4.9493126641e-02
1.4249145090e+01   4.9760647168e-02
1.4256961407e+01   5.0024093423e-02
1.4264777723e+01   5.0283939774e-02
1.4272594040e+01   5.0540667226e-02
1.4280410357e+01   5.0794763572e-02
1.4288226673e+01   5.1046723569e-02
1.4296042990e+01   5.1297049135e-02
1.4303859306e+01   5.1546249571e-02
1.4311675623e+01   5.1794841805e-02
1.4319491939e+01   5.2043350658e-02
1.4327308256e+01   5.2292309144e-02
1.4335124573e+01   5.2542258790e-02
1.4342940889e+01   5.2793749982e-02
1.4350757206e+01   5.3047342348e-02
1.4358573522e+01   5.3303605159e-02
1.4366389839e+01   5.3563117772e-02
1.4374206155e+01   5.3826470093e-02
1.4382022472e+01   5.4094263083e-02
1.4389838788e+01   5.4367109290e-02
1.4397655105e+01   5.4645633419e-02
1.4405471422e+01   5.4930472938e-02
1.4413287738e+01   5.5222278724e-02
1.4421104055e+01   5.5521715741e-02
1.4428920371e+01   5.5829463764e-02
1.4436736688e+01   5.6146218144e-02
1.4444553004e+01   5.6472690616e-02
1.4452369321e+01   5.6809610149e-02
1.4460185638e+01   5.7157723851e-02
1.4468001954e+01   5.7517797910e-02
1.4475818271e+01   5.7890618598e-02
1.4483634587e+01   5.8276993322e-02
1.4491450904e+01   5.8677751731e-02
1.4499267220e+01   5.9093746877e-02
1.4507083537e+01   5.9525856440e-02
1.4514899853e+01   5.9974984017e-02
1.4522716170e+01   6.0442060465e-02
1.4530532487e+01   6.0928045327e-02
1.4538348803e+01   6.1433928315e-02
1.4546165120e+01   6.1960730875e-02
1.4553981436e+01   6.2509507830e-02
1.4561797753e+01   6.3081349092e-02
1.4569614069e+01   6.3677381476e-02
1.4577430386e+01   6.4298770589e-02
1.4585246702e+01   6.4946722818e-02
1.4593063019e+01   6.5622487408e-02
1.4600879336e+01   6.6327358655e-02
1.4608695652e+01   6.7062678190e-02
1.4616511969e+01   6.7829837386e-02
1.4624328285e+01   6.8630279876e-02
1.4632144602e+01   6.9465504199e-02
1.4639960918e+01   7.0337066572e-02
1.4647777235e+01   7.1246583795e-02
1.4655593552e+01   7.2195736312e-02
1.4663409868e+01   7.3186271403e-02
1.4671226185e+01   7.4220006552e-02
1.4679042501e+01   7.5298832968e-02
1.4686858818e+01   7.6424719294e-02
1.4694675134e+01   7.7599715486e-02
1.4702491451e+01   7.8825956899e-02
1.4710307767e+01   8.0105668576e-02
1.4718124084e+01   8.1441169744e-02
1.4725940401e+01   8.2834878551e-02
1.4733756717e+01   8.4289317039e-02
1.4741573034e+01   8.5807116368e-02
1.4749389350e+01   8.7391022316e-02
1.4757205667e+01   8.9043901058e-02
1.4765021983e+01   9.0768745252e-02
1.4772838300e+01   9.2568680436e-02
1.4780654617e+01   9.4446971770e-02
1.4788470933e+01   9.6407031129e-02
1.4796287250e+01   9.8452424581e-02
1.4804103566e+01   1.0058688026e-01
1.4811919883e+01   1.0281429668e-01
1.4819736199e+01   1.0513875147e-01
1.4827552516e+01   1.0756451062e-01
1.4835368832e+01   1.1009603825e-01
1.4843185149e+01   1.1273800686e-01
1.4851001466e+01   1.1549530824e-01
1.4858817782e+01   1.1837306491e-01
1.4866634099e+01   1.2137664231e-01
1.4874450415e+01   1.2451166160e-01
1.4882266732e+01   1.2778401329e-01
1.4890083048e+01   1.3119987157e-01
1.4897899365e+01   1.3476570960e-01
1.4905715681e+01   1.3848831561e-01
1.4913531998e+01   1.4237481006e-01
1.4921348315e+01   1.4643266378e-01
1.4929164631e+01   1.5066971726e-01
1.4936980948e+01   1.5509420113e-01
1.4944797264e+01   1.5971475794e-01
1.4952613581e+01   1.6454046528e-01
1.4960429897e+01   1.6958086046e-01
1.4968246214e+01   1.7484596670e-01
1.4976062531e+01   1.8034632114e-01
1.4983878847e+01   1.8609300461e-01
1.4991695164e+01   1.9209767347e-01
1.4999511480e+01   1.9837259363e-01
1.5007327797e+01   2.0493067681e-01
1.5015144113e+01   2.1178551944e-01
1.5022960430e+01   2.1895144425e-01
1.5030776746e+01   2.2644354486e-01
1.5038593063e+01   2.3427773355e-01
1.5046409380e+01   2.4247079259e-01
1.5054225696e+01   2.5104042938e-01
1.5062042013e+01   2.6000533571e-01
1.5069858329e+01   2.6938525160e-01
1.5077674646e+01   2.7920103404e-01
1.5085490962e+01   2.8947473118e-01
1.5093307279e+01   3.0022966239e-01
1.5101123596e+01   3.1149050489e-01
1.5108939912e+01   3.2328338735e-01
1.5116756229e+01   3.3563599145e-01
1.5124572545e+01   3.4857766195e-01
1.5132388862e+01   3.6213952626e-01
1.5140205178e+01   3.7635462439e-01
1.5148021495e+01   3.9125805059e-01
1.5155837811e+01   4.0688710754e-01
1.5163654128e+01   4.2328147491e-01
1.5171470445e+01   4.4048339341e-01
1.5179286761e+01   4.5853786649e-01
1.5187103078e+01   4.7749288131e-01
1.5194919394e+01   4.9739965150e-01
1.5202735711e+01   5.1831288407e-01
1.5210552027e+01   5.4029107351e-01
1.5218368344e+01   5.6339682622e-01
1.5226184660e+01   5.8769721922e-01
1.5234000977e+01   6.1326419729e-01
1.5241817294e+01   6.4017501353e-01
1.5249633610e+01   6.6851271911e-01
1.5257449927e+01   6.9836670859e-01
1.5265266243e+01   7.2983332851e-01
1.5273082560e+01   7.6301655805e-01
1.5280898876e+01   7.9802877171e-01
1.5288715193e+01   8.3499159623e-01
1.5296531510e+01   8.7403687524e-01
1.5304347826e+01   9.1530775827e-01
1.5312164143e+01   9.5895993289e-01
1.5319980459e+01   1.0051630228e+00
1.5327796776e+01   1.0541021785e+00
1.5335613092e+01   1.1059798923e+00
1.5343429409e+01   1.1610180750e+00
1.5351245725e+01   1.2194604413e+00
1.5359062042e+01   1.2815752561e+00
1.5366878359e+01   1.3476585092e+00
1.5374694675e+01   1.4180375983e+00
1.5382510992e+01   1.4930756175e+00
1.5390327308e+01   1.5731763701e+00
1.5398143625e+01   1.6587902550e+00
1.5405959941e+01   1.7504212067e+00
1.5413776258e+01   1.8486349189e+00
1.5421592574e+01   1.9540686346e+00
1.5429408891e+01   2.0674428649e+00
1.5437225208e+01   2.1895754939e+00
1.5445041524e+01   2.3213988561e+00
1.5452857841e+01   2.4639805451e+00
1.5460674157e+01   2.6185489396e+00
1.5468490474e+01   2.7865247447e+00
1.5476306790e+01   2.9695602690e+00
1.5484123107e+01   3.1695887465e+00
1.5491939424e+01   3.3888868330e+00
1.5499755740e+01   3.6301545748e+00
1.5507572057e+01   3.8966188270e+00
1.5515388373e+01   4.1921685561e+00
1.5523204690e+01   4.5215341170e+00
1.5531021006e+01   4.8905281328e+00
1.5538837323e+01   5.3063741749e+00
1.5546653639e+01   5.7781629945e+00
1.5554469956e+01   6.3174980473e+00
1.5562286273e+01   6.9394287488e+00
1.5570102589e+01   7.6638330932e+00
1.5577918906e+01   8.5175240893e+00
1.5585735222e+01   9.5375643572e+00
1.5593551539e+01   1.0776682774e+01
1.5601367855e+01   1.2312532235e+01
1.5609184172e+01   1.4264392294e+01
1.5617000489e+01   1.6825382566e+01
1.5624816805e+01   2.0330068681e+01
1.5632633122e+01   2.5412996552e+01
1.5640449438e+01   3.3442058206e+01
1.5648265755e+01   4.8008396684e+01
1.5656082071e+01   8.2534809538e+01
1.5663898388e+01   2.6689829015e+02
1.5671714704e+01   2.3294934478e+02
1.5679531021e+01   8.3219936317e+01
1.5687347338e+01   5.1447364951e+01
1.5695163654e+01   3.7638377552e+01
1.5702979971e+01   2.9919865139e+01
1.5710796287e+01   2.4992977220e+01
1.5718612604e+01   2.1576826081e+01
1.5726428920e+01   1.9070128821e+01
1.5734245237e+01   1.7153263308e+01
1.5742061553e+01   1.5640630939e+01
1.5749877870e+01   1.4417071754e+01
1.5757694187e+01   1.3407342288e+01
1.5765510503e+01   1.2560198548e+01
1.5773326820e+01   1.1839532874e+01
1.5781143136e+01   1.1219168489e+01
1.5788959453e+01   1.0679664008e+01
1.5796775769e+01   1.0206277213e+01
1.5804592086e+01   9.7876254165e+00
1.5812408403e+01   9.4147793901e+00
1.5820224719e+01   9.0806355336e+00
1.5828041036e+01   8.7794714522e+00
1.5835857352e+01   8.5066253386e+00
1.5843673669e+01   8.2582607073e+00
1.5851489985e+01   8.0311911017e+00
1.5859306302e+01   7.8227476628e+00
1.5867122618e+01   7.6306778153e+00
1.5874938935e+01   7.4530668600e+00
1.5882755252e+01   7.2882766527e+00
1.5890571568e+01   7.1348971774e+00
1.5898387885e+01   6.9917079585e+00
1.5906204201e+01   6.8576470565e+00
1.5914020518e+01   6.7317859648e+00
1.5921836834e+01   6.6133091371e+00
1.5929653151e+01   6.5014971797e+00
1.5937469468e+01   6.3957129660e+00
1.5945285784e+01   6.2953900968e+00
1.5953102101e+01   6.2000232579e+00
1.5960918417e+01   6.1091601208e+00
1.5968734734e+01   6.0223945058e+00
1.5976551050e+01   5.9393605851e+00
1.5984367367e+01   5.8597279452e+00
1.5992183683e+01   5.7831973642e+00
1.6000000000e+01   5.7094971863e+00
1.6000000000e+01   5.7094971863e+00
