X    Y
0.0000000000e+00   0.0000000000e+00
1.0000000000e-04   -3.5882584882e-09
1.1000000000e-03   -4.2021452147e-07
5.9851978505e-03   -1.0594336392e-05
1.0870395701e-02   -2.9678883694e-05
1.5755593552e-02   -5.2701160634e-05
2.0640791402e-02   -7.5888475130e-05
2.5525989253e-02   -9.6288966728e-05
3.0411187103e-02   -1.1148359529e-04
3.5296384954e-02   -1.1936245018e-04
4.0181582804e-02   -1.1794522519e-04
4.5066780655e-02   -1.0523049186e-04
4.9951978505e-02   -7.9061776300e-05
5.4837176356e-02   -3.7000752429e-05
5.9722374206e-02   2.3800641404e-05
6.4607572057e-02   1.0673649832e-04
6.9492769907e-02   2.1589864534e-04
7.4377967758e-02   3.5625084135e-04
7.9263165608e-02   5.3383304483e-04
8.4148363459e-02   7.5600418215e-04
8.9033561309e-02   1.0317330757e-03
9.3918759160e-02   1.3719488119e-03
9.8803957010e-02   1.7899638767e-03
1.0368915486e-01   2.3019859113e-03
1.0857435271e-01   2.9277369987e-03
1.1345955056e-01   3.6912030605e-03
1.1834474841e-01   4.6215402841e-03
1.2322994626e-01   5.7541705966e-03
1.2811514411e-01   7.1321040994e-03
1.3300034196e-01   8.8075331073e-03
1.3788553981e-01   1.0843749962e-02
1.4277073766e-01   1.3317448975e-02
1.4765593552e-01   1.6321481232e-02
1.4775593552e-01   1.6389265424e-02
1.4875593552e-01   1.7082107212e-02
1.5364113337e-01   2.0891258080e-02
1.5852633122e-01   2.5512887593e-02
1.6341152907e-01   3.1117582362e-02
1.6829672692e-01   3.7910600071e-02
1.7318192477e-01   4.6138337365e-02
1.7806712262e-01   5.6095727799e-02
1.8295232047e-01   6.8134562893e-02
1.8305232047e-01   6.8405552714e-02
1.8405232047e-01   7.1173766745e-02
1.8893751832e-01   8.6339779996e-02
1.9382271617e-01   1.0462117045e-01
1.9870791402e-01   1.2661769169e-01
2.0359311187e-01   1.5302583886e-01
2.0369311187e-01   1.5361793546e-01
2.0469311187e-01   1.5966042520e-01
2.0957830972e-01   1.9257493608e-01
2.1446350757e-01   2.3182561178e-01
2.1934870542e-01   2.7844171405e-01
2.1944870542e-01   2.7948057645e-01
2.2044870542e-01   2.9006661519e-01
2.2522673965e-01   3.4587069706e-01
2.3011193750e-01   4.1269675978e-01
2.3021193750e-01   4.1417589698e-01
2.3121193750e-01   4.2922320439e-01
2.3554559505e-01   5.0000088967e-01
2.3998823462e-01   5.8247298518e-01
2.4008823462e-01   5.8444966471e-01
2.4108823462e-01   6.0451360222e-01
2.4518099356e-01   6.9233222765e-01
2.4933728758e-01   7.9098721120e-01
2.4943728758e-01   7.9347801841e-01
2.5043728758e-01   8.1868548271e-01
2.5445347368e-01   9.2528830200e-01
2.5852603081e-01   1.0416303216e+00
2.6280493130e-01   1.1715843664e+00
2.6290493130e-01   1.1747020319e+00
2.6390493130e-01   1.2060539609e+00
2.6803384454e-01   1.3382785346e+00
2.7222124584e-01   1.4749268931e+00
2.7659061989e-01   1.6168092814e+00
2.7669061989e-01   1.6200167143e+00
2.7769061989e-01   1.6519414851e+00
2.8170621028e-01   1.7764853967e+00
2.8599491951e-01   1.9000823043e+00
2.8609491951e-01   1.9028157022e+00
2.8709491951e-01   1.9297272179e+00
2.9053133797e-01   2.0158033957e+00
2.9425612938e-01   2.0963329971e+00
2.9435612938e-01   2.0982942736e+00
2.9535612938e-01   2.1173014020e+00
2.9827787538e-01   2.1663288095e+00
3.0143695387e-01   2.2079909591e+00
3.0153695387e-01   2.2091129532e+00
3.0253695387e-01   2.2196639196e+00
3.0512713849e-01   2.2413402268e+00
3.0790093579e-01   2.2556115680e+00
3.0800093579e-01   2.2559566007e+00
3.0900093579e-01   2.2587709956e+00
3.1139075592e-01   2.2609220003e+00
3.1392408358e-01   2.2564970033e+00
3.1402408358e-01   2.2561877146e+00
3.1502408358e-01   2.2525559619e+00
3.1730571224e-01   2.2407633815e+00
3.1970915080e-01   2.2235035440e+00
3.1980915080e-01   2.2226864280e+00
3.2080915080e-01   2.2141089779e+00
3.2305148762e-01   2.1923754498e+00
3.2540389189e-01   2.1663265701e+00
3.2550389189e-01   2.1651545136e+00
3.2650389189e-01   2.1531732414e+00
3.2876270292e-01   2.1245563505e+00
3.3112818223e-01   2.0927474097e+00
3.3122818223e-01   2.0913698709e+00
3.3222818223e-01   2.0774755947e+00
3.3455352288e-01   2.0445157350e+00
3.3698807262e-01   2.0094786480e+00
3.3708807262e-01   2.0080357595e+00
3.3808807262e-01   1.9936141691e+00
3.4053024052e-01   1.9586189963e+00
3.4308766715e-01   1.9227202576e+00
3.4318766715e-01   1.9213387488e+00
3.4418766715e-01   1.9076337064e+00
3.4680281446e-01   1.8728832523e+00
3.4954081270e-01   1.8385353865e+00
3.4964081270e-01   1.8373254091e+00
3.5064081270e-01   1.8254104219e+00
3.5349753406e-01   1.7933328261e+00
3.5648458879e-01   1.7631501975e+00
3.5658458879e-01   1.7622023315e+00
3.5758458879e-01   1.7529528426e+00
3.6077324102e-01   1.7263001593e+00
3.6409798229e-01   1.7032237888e+00
3.6818486606e-01   1.6815048030e+00
3.6828486606e-01   1.6810644520e+00
3.6928486606e-01   1.6768970172e+00
3.7322479258e-01   1.6645696719e+00
3.7730041473e-01   1.6583505639e+00
3.8218561258e-01   1.6587957800e+00
3.8707081043e-01   1.6665872984e+00
3.8717081043e-01   1.6668127868e+00
3.8817081043e-01   1.6691978109e+00
3.9305600828e-01   1.6838231171e+00
3.9794120613e-01   1.7020614789e+00
4.0282640398e-01   1.7220607852e+00
4.0771160183e-01   1.7419782778e+00
4.1259679968e-01   1.7600675381e+00
4.1748199753e-01   1.7747622412e+00
4.2236719538e-01   1.7847499489e+00
4.2725239323e-01   1.7890290734e+00
4.2735239323e-01   1.7890518148e+00
4.2835239323e-01   1.7891309945e+00
4.3323759108e-01   1.7855580973e+00
4.3812278893e-01   1.7752984116e+00
4.4300798678e-01   1.7584597011e+00
4.4310798678e-01   1.7580486433e+00
4.4410798678e-01   1.7537961435e+00
4.4899318463e-01   1.7294615363e+00
4.5387838248e-01   1.6997360600e+00
4.5876358033e-01   1.6654380147e+00
4.5886358033e-01   1.6646944396e+00
4.5986358033e-01   1.6571757984e+00
4.6474877818e-01   1.6185082143e+00
4.6963397603e-01   1.5773018074e+00
4.7451917389e-01   1.5344452782e+00
4.7461917389e-01   1.5335566788e+00
4.7561917389e-01   1.5246531656e+00
4.8050437174e-01   1.4808821545e+00
4.8538956959e-01   1.4371560515e+00
4.9027476744e-01   1.3940730426e+00
4.9515996529e-01   1.3521243490e+00
4.9525996529e-01   1.3512804112e+00
4.9625996529e-01   1.3428769534e+00
5.0114516314e-01   1.3028386249e+00
5.0603036099e-01   1.2646745619e+00
5.1091555884e-01   1.2285821257e+00
5.1580075669e-01   1.1946919275e+00
5.2068595454e-01   1.1630799479e+00
5.2078595454e-01   1.1624569387e+00
5.2178595454e-01   1.1562801890e+00
5.2667115239e-01   1.1275002784e+00
5.3155635024e-01   1.1010266481e+00
5.3644154809e-01   1.0768294305e+00
5.4132674594e-01   1.0548628072e+00
5.4621194379e-01   1.0350706390e+00
5.5109714164e-01   1.0173909008e+00
5.5598233949e-01   1.0017590652e+00
5.6086753734e-01   9.8811057974e-01
5.6575273519e-01   9.7638257774e-01
5.6585273519e-01   9.7616213573e-01
5.6685273519e-01   9.7400047356e-01
5.7173793305e-01   9.6454378164e-01
5.7662313090e-01   9.5687830925e-01
5.8150832875e-01   9.5095134232e-01
5.8639352660e-01   9.4671316183e-01
5.9127872445e-01   9.4411640153e-01
5.9616392230e-01   9.4311516257e-01
6.0104912015e-01   9.4366392672e-01
6.0593431800e-01   9.4571630447e-01
6.1081951585e-01   9.4922365263e-01
6.1570471370e-01   9.5413359576e-01
6.2058991155e-01   9.6038848900e-01
6.2547510940e-01   9.6792386369e-01
6.3036030725e-01   9.7666690366e-01
6.3524550510e-01   9.8653500669e-01
6.4013070295e-01   9.9743449277e-01
6.4501590080e-01   1.0092595263e+00
6.4511590080e-01   1.0095104389e+00
6.4611590080e-01   1.0120379462e+00
6.5100109865e-01   1.0248336553e+00
6.5588629650e-01   1.0382723589e+00
6.6077149435e-01   1.0522055594e+00
6.6565669220e-01   1.0664720626e+00
6.7054189006e-01   1.0808991456e+00
6.7542708791e-01   1.0953043011e+00
6.8031228576e-01   1.1094975610e+00
6.8519748361e-01   1.1232843615e+00
6.9008268146e-01   1.1364688863e+00
6.9496787931e-01   1.1488577839e+00
6.9985307716e-01   1.1602641260e+00
7.0473827501e-01   1.1705114473e+00
7.0962347286e-01   1.1794376898e+00
7.1450867071e-01   1.1868988689e+00
7.1939386856e-01   1.1927722860e+00
7.2427906641e-01   1.1969591330e+00
7.2916426426e-01   1.1993863648e+00
7.3404946211e-01   1.2000077580e+00
7.3893465996e-01   1.1988041231e+00
7.4381985781e-01   1.1957826823e+00
7.4870505566e-01   1.1909756754e+00
7.5359025351e-01   1.1844382935e+00
7.5847545136e-01   1.1762460707e+00
7.6336064922e-01   1.1664918848e+00
7.6824584707e-01   1.1552827211e+00
7.7313104492e-01   1.1427363548e+00
7.7801624277e-01   1.1289781002e+00
7.7811624277e-01   1.1286847192e+00
7.7911624277e-01   1.1257262148e+00
7.8400144062e-01   1.1106602724e+00
7.8888663847e-01   1.0946731267e+00
7.9377183632e-01   1.0778948289e+00
7.9865703417e-01   1.0604520741e+00
8.0354223202e-01   1.0424665909e+00
8.0842742987e-01   1.0240539197e+00
8.1331262772e-01   1.0053225592e+00
8.1819782557e-01   9.8637344375e-01
8.2308302342e-01   9.6729971415e-01
8.2796822127e-01   9.4818673556e-01
8.3285341912e-01   9.2911231992e-01
8.3773861697e-01   9.1014711055e-01
8.4262381482e-01   8.9135509103e-01
8.4750901267e-01   8.7279418499e-01
8.5239421052e-01   8.5451691920e-01
8.5727940837e-01   8.3657112713e-01
8.6216460623e-01   8.1900067593e-01
8.6704980408e-01   8.0184620417e-01
8.7193500193e-01   7.8514580898e-01
8.7682019978e-01   7.6893589982e-01
8.7692019978e-01   7.6860945558e-01
8.7792019978e-01   7.6535719853e-01
8.8280539763e-01   7.4979636927e-01
8.8769059548e-01   7.3480437417e-01
8.9257579333e-01   7.2041690797e-01
8.9746099118e-01   7.0667099967e-01
9.0234618903e-01   6.9360575937e-01
9.0723138688e-01   6.8126314257e-01
9.1211658473e-01   6.6968873761e-01
9.1700178258e-01   6.5893258183e-01
9.2188698043e-01   6.4905001043e-01
9.2677217828e-01   6.4010254023e-01
9.3165737613e-01   6.3215878758e-01
9.3654257398e-01   6.2529541577e-01
9.4142777183e-01   6.1959810168e-01
9.4631296968e-01   6.1516250442e-01
9.5119816753e-01   6.1209520906e-01
9.5608336539e-01   6.1051460679e-01
9.6096856324e-01   6.1055165736e-01
9.6585376109e-01   6.1235046118e-01
9.6595376109e-01   6.1240676828e-01
9.6695376109e-01   6.1301435706e-01
9.7183895894e-01   6.1718770588e-01
9.7672415679e-01   6.2349141353e-01
9.8160935464e-01   6.3211161056e-01
9.8649455249e-01   6.4324517254e-01
9.9137975034e-01   6.5709706979e-01
9.9626494819e-01   6.7387643524e-01
1.0011501460e+00   6.9379106908e-01
1.0012501460e+00   6.9423289270e-01
1.0022501460e+00   6.9872836972e-01
1.0071353439e+00   7.2275402732e-01
1.0120205417e+00   7.5033215909e-01
1.0169057396e+00   7.8160524890e-01
1.0217909374e+00   8.1666821125e-01
1.0266761353e+00   8.5555149255e-01
1.0315613331e+00   8.9820242697e-01
1.0316613331e+00   8.9911394751e-01
1.0326613331e+00   9.0831222533e-01
1.0375465310e+00   9.5535535594e-01
1.0424317288e+00   1.0056527070e+00
1.0473169267e+00   1.0587552387e+00
1.0522021245e+00   1.1140606371e+00
1.0570873224e+00   1.1708095784e+00
1.0619725202e+00   1.2280919893e+00
1.0668577181e+00   1.2848653504e+00
1.0717429159e+00   1.3399861597e+00
1.0718429159e+00   1.3410888236e+00
1.0728429159e+00   1.3520474293e+00
1.0777281138e+00   1.4035063016e+00
1.0826133116e+00   1.4506463592e+00
1.0874985095e+00   1.4923491750e+00
1.0923837073e+00   1.5276346622e+00
1.0972689052e+00   1.5557181090e+00
1.1021541030e+00   1.5760548725e+00
1.1022541030e+00   1.5763878310e+00
1.1032541030e+00   1.5795317340e+00
1.1081393009e+00   1.5900280746e+00
1.1130244988e+00   1.5925353370e+00
1.1179096966e+00   1.5873697561e+00
1.1180096966e+00   1.5871873343e+00
1.1190096966e+00   1.5851996131e+00
1.1238948945e+00   1.5713885013e+00
1.1287800923e+00   1.5513425807e+00
1.1336652902e+00   1.5259251833e+00
1.1337652902e+00   1.5253552302e+00
1.1347652902e+00   1.5195549373e+00
1.1396504880e+00   1.4888169575e+00
1.1445356859e+00   1.4547727569e+00
1.1494208837e+00   1.4183160795e+00
1.1495208837e+00   1.4175505717e+00
1.1505208837e+00   1.4098606071e+00
1.1554060816e+00   1.3715675090e+00
1.1602912794e+00   1.3325849121e+00
1.1651764773e+00   1.2935360921e+00
1.1700616751e+00   1.2549454523e+00
1.1701616751e+00   1.2541634646e+00
1.1711616751e+00   1.2463649257e+00
1.1760468730e+00   1.2089118217e+00
1.1809320708e+00   1.1727541779e+00
1.1858172687e+00   1.1381403475e+00
1.1907024665e+00   1.1052544200e+00
1.1955876644e+00   1.0742271647e+00
1.1956876644e+00   1.0736121312e+00
1.1966876644e+00   1.0675068451e+00
1.2015728622e+00   1.0388728521e+00
1.2064580601e+00   1.0122480147e+00
1.2113432579e+00   9.8765660200e-01
1.2162284558e+00   9.6510611960e-01
1.2211136536e+00   9.4459298954e-01
1.2259988515e+00   9.2610717077e-01
1.2308840493e+00   9.0963582662e-01
1.2357692472e+00   8.9516615154e-01
1.2358692472e+00   8.9489078324e-01
1.2368692472e+00   8.9218296091e-01
1.2417544450e+00   8.8015145609e-01
1.2466396429e+00   8.7010283259e-01
1.2515248407e+00   8.6203553764e-01
1.2564100386e+00   8.5595290938e-01
1.2612952364e+00   8.5186301792e-01
1.2661804343e+00   8.4977808364e-01
1.2710656321e+00   8.4971348422e-01
1.2759508300e+00   8.5168635136e-01
1.2808360278e+00   8.5571375174e-01
1.2857212257e+00   8.6181044408e-01
1.2906064235e+00   8.6998620790e-01
1.2907064235e+00   8.7017531008e-01
1.2917064235e+00   8.7211430065e-01
1.2965916214e+00   8.8283849346e-01
1.3014768192e+00   8.9562938417e-01
1.3063620171e+00   9.1045763101e-01
1.3112472149e+00   9.2727335668e-01
1.3161324128e+00   9.4600182286e-01
1.3210176106e+00   9.6653914309e-01
1.3259028085e+00   9.8874825726e-01
1.3307880063e+00   1.0124554398e+00
1.3356732042e+00   1.0374476549e+00
1.3405584020e+00   1.0634710979e+00
1.3454435999e+00   1.0902312652e+00
1.3503287977e+00   1.1173948651e+00
1.3552139956e+00   1.1445938150e+00
1.3600991934e+00   1.1714314616e+00
1.3649843913e+00   1.1974910100e+00
1.3650843913e+00   1.1980133266e+00
1.3660843913e+00   1.2032079192e+00
1.3709695891e+00   1.2277328017e+00
1.3758547870e+00   1.2505351504e+00
1.3807399848e+00   1.2712117255e+00
1.3856251827e+00   1.2893912476e+00
1.3905103805e+00   1.3047471105e+00
1.3953955784e+00   1.3170085419e+00
1.4002807762e+00   1.3259694457e+00
1.4051659741e+00   1.3314943279e+00
1.4100511719e+00   1.3335209389e+00
1.4149363698e+00   1.3320595369e+00
1.4198215676e+00   1.3271889470e+00
1.4199215676e+00   1.3270545304e+00
1.4209215676e+00   1.3256352613e+00
1.4258067655e+00   1.3167852053e+00
1.4306919633e+00   1.3049101198e+00
1.4355771612e+00   1.2902542965e+00
1.4404623590e+00   1.2730910398e+00
1.4453475569e+00   1.2537116880e+00
1.4502327547e+00   1.2324153597e+00
1.4551179526e+00   1.2094998625e+00
1.4552179526e+00   1.2090159250e+00
1.4562179526e+00   1.2041464523e+00
1.4611031504e+00   1.1796394988e+00
1.4659883483e+00   1.1541351655e+00
1.4708735461e+00   1.1278829484e+00
1.4757587440e+00   1.1011093976e+00
1.4806439418e+00   1.0740167465e+00
1.4855291397e+00   1.0467826187e+00
1.4904143375e+00   1.0195605898e+00
1.4952995354e+00   9.9248138923e-01
1.4953995354e+00   9.9192937480e-01
1.4963995354e+00   9.8641526886e-01
1.5012847332e+00   9.5965833987e-01
1.5061699311e+00   9.3326187124e-01
1.5110551289e+00   9.0729526785e-01
1.5159403268e+00   8.8181322752e-01
1.5208255246e+00   8.5685773187e-01
1.5257107225e+00   8.3245991192e-01
1.5305959203e+00   8.0864175643e-01
1.5354811182e+00   7.8541764663e-01
1.5403663160e+00   7.6279571277e-01
1.5452515139e+00   7.4077901685e-01
1.5501367117e+00   7.1936657138e-01
1.5550219096e+00   6.9855420812e-01
1.5599071074e+00   6.7833531228e-01
1.5647923053e+00   6.5870143884e-01
1.5696775031e+00   6.3964282715e-01
1.5745627010e+00   6.2114881533e-01
1.5746627010e+00   6.2077606186e-01
1.5756627010e+00   6.1706126031e-01
1.5805478988e+00   5.9924371084e-01
1.5854330967e+00   5.8196558114e-01
1.5903182945e+00   5.6521549340e-01
1.5952034924e+00   5.4898233754e-01
1.6000886903e+00   5.3325545091e-01
1.6049738881e+00   5.1802478057e-01
1.6098590860e+00   5.0328103548e-01
1.6147442838e+00   4.8901583534e-01
1.6196294817e+00   4.7522186243e-01
1.6245146795e+00   4.6189302255e-01
1.6293998774e+00   4.4902462119e-01
1.6342850752e+00   4.3661356109e-01
1.6391702731e+00   4.2465856796e-01
1.6440554709e+00   4.1316045144e-01
1.6489406688e+00   4.0212240932e-01
1.6538258666e+00   3.9155038385e-01
1.6587110645e+00   3.8145348038e-01
1.6635962623e+00   3.7184445986e-01
1.6684814602e+00   3.6274031828e-01
1.6733666580e+00   3.5416296838e-01
1.6782518559e+00   3.4614004060e-01
1.6831370537e+00   3.3870582286e-01
1.6880222516e+00   3.3190236107e-01
1.6929074494e+00   3.2578074452e-01
1.6930074494e+00   3.2566296907e-01
1.6940074494e+00   3.2450245281e-01
1.6988926473e+00   3.1930135225e-01
1.7037778451e+00   3.1493609898e-01
1.7086630430e+00   3.1149835290e-01
1.7135482408e+00   3.0909688613e-01
1.7184334387e+00   3.0786026248e-01
1.7233186365e+00   3.0793984972e-01
1.7282038344e+00   3.0951316204e-01
1.7330890322e+00   3.1278750630e-01
1.7379742301e+00   3.1800386961e-01
1.7380742301e+00   3.1813282321e-01
1.7390742301e+00   3.1947402558e-01
1.7439594279e+00   3.2745374885e-01
1.7488446258e+00   3.3805274467e-01
1.7537298236e+00   3.5164718065e-01
1.7586150215e+00   3.6866173038e-01
1.7635002193e+00   3.8957057070e-01
1.7636002193e+00   3.9004284319e-01
1.7646002193e+00   3.9486830237e-01
1.7694854172e+00   4.2126474494e-01
1.7743706150e+00   4.5277532460e-01
1.7792558129e+00   4.9000373183e-01
1.7841410107e+00   5.3356499804e-01
1.7842410107e+00   5.3452711673e-01
1.7852410107e+00   5.4430924586e-01
1.7901262086e+00   5.9644080105e-01
1.7950114064e+00   6.5615773021e-01
1.7998966043e+00   7.2386564749e-01
1.7999966043e+00   7.2533703264e-01
1.8009966043e+00   7.4024078194e-01
1.8058818021e+00   8.1801261912e-01
1.8107670000e+00   9.0389431733e-01
1.8156521978e+00   9.9740056401e-01
1.8157521978e+00   9.9938853881e-01
1.8167521978e+00   1.0194211396e+00
1.8216373957e+00   1.1209405534e+00
1.8265225935e+00   1.2272928703e+00
1.8314077914e+00   1.3363529986e+00
1.8362929892e+00   1.4454770336e+00
1.8363929892e+00   1.4476904863e+00
1.8373929892e+00   1.4697502271e+00
1.8422781871e+00   1.5747462401e+00
1.8471633849e+00   1.6726718014e+00
1.8520485828e+00   1.7602338917e+00
1.8521485828e+00   1.7618963145e+00
1.8531485828e+00   1.7782070531e+00
1.8575713796e+00   1.8430367204e+00
1.8624296104e+00   1.8991190762e+00
1.8625296104e+00   1.9000961632e+00
1.8635296104e+00   1.9094629319e+00
1.8672985513e+00   1.9380801564e+00
1.8713757432e+00   1.9570569217e+00
1.8714757432e+00   1.9573671055e+00
1.8724757432e+00   1.9600657434e+00
1.8758750457e+00   1.9638625618e+00
1.8794579388e+00   1.9592789814e+00
1.8795579388e+00   1.9590311717e+00
1.8805579388e+00   1.9562099598e+00
1.8837659001e+00   1.9431369854e+00
1.8870963279e+00   1.9236489703e+00
1.8871963279e+00   1.9229790605e+00
1.8881963279e+00   1.9160270371e+00
1.8913373036e+00   1.8914195378e+00
1.8945749602e+00   1.8622674645e+00
1.8946749602e+00   1.8613145794e+00
1.8956749602e+00   1.8516319089e+00
1.8988481889e+00   1.8192778382e+00
1.9021085343e+00   1.7840536392e+00
1.9022085343e+00   1.7829496417e+00
1.9032085343e+00   1.7718494066e+00
1.9065035718e+00   1.7347083997e+00
1.9098828349e+00   1.6962670467e+00
1.9099828349e+00   1.6951310660e+00
1.9109828349e+00   1.6837898457e+00
1.9144915162e+00   1.6444487575e+00
1.9180825884e+00   1.6053858210e+00
1.9221382755e+00   1.5634077721e+00
1.9222382755e+00   1.5624067079e+00
1.9232382755e+00   1.5524940823e+00
1.9272599619e+00   1.5145522863e+00
1.9313561217e+00   1.4793753702e+00
1.9362413196e+00   1.4423957831e+00
1.9363413196e+00   1.4416973535e+00
1.9373413196e+00   1.4348440569e+00
1.9422265174e+00   1.4048074845e+00
1.9471117153e+00   1.3804698479e+00
1.9519969131e+00   1.3616792802e+00
1.9568821110e+00   1.3481495716e+00
1.9569821110e+00   1.3479249542e+00
1.9579821110e+00   1.3457902561e+00
1.9628673088e+00   1.3381592875e+00
1.9677525067e+00   1.3347959501e+00
1.9726377045e+00   1.3351384088e+00
1.9775229024e+00   1.3385761662e+00
1.9824081002e+00   1.3444646830e+00
1.9872932981e+00   1.3521397298e+00
1.9921784959e+00   1.3609319472e+00
1.9970636938e+00   1.3701817807e+00
2.0019488916e+00   1.3792546489e+00
2.0068340895e+00   1.3875559315e+00
2.0117192873e+00   1.3945451600e+00
2.0166044852e+00   1.3997486743e+00
2.0214896830e+00   1.4027699948e+00
2.0263748809e+00   1.4032972531e+00
2.0312600787e+00   1.4011072045e+00
2.0361452766e+00   1.3960656024e+00
2.0410304744e+00   1.3881239913e+00
2.0459156723e+00   1.3773132538e+00
2.0508008701e+00   1.3637344779e+00
2.0556860680e+00   1.3475478707e+00
2.0605712658e+00   1.3289605177e+00
2.0606712658e+00   1.3285566120e+00
2.0616712658e+00   1.3244682320e+00
2.0665564637e+00   1.3032711070e+00
2.0714416615e+00   1.2802393380e+00
2.0763268594e+00   1.2556483007e+00
2.0812120572e+00   1.2297723742e+00
2.0860972551e+00   1.2028771330e+00
2.0909824529e+00   1.1752133021e+00
2.0958676508e+00   1.1470124209e+00
2.0959676508e+00   1.1464310536e+00
2.0969676508e+00   1.1406102500e+00
2.1018528486e+00   1.1120346917e+00
2.1067380465e+00   1.0833565192e+00
2.1116232443e+00   1.0547329830e+00
2.1165084422e+00   1.0262984640e+00
2.1213936400e+00   9.9816581238e-01
2.1262788379e+00   9.7042808306e-01
2.1311640357e+00   9.4316050011e-01
2.1360492336e+00   9.1642251421e-01
2.1409344314e+00   8.9025985117e-01
2.1458196293e+00   8.6470647729e-01
2.1459196293e+00   8.6418994786e-01
2.1469196293e+00   8.5903930107e-01
2.1518048271e+00   8.3426430251e-01
2.1566900250e+00   8.1014098669e-01
2.1615752228e+00   7.8667704022e-01
2.1664604207e+00   7.6387497758e-01
2.1713456185e+00   7.4173324981e-01
2.1762308164e+00   7.2024719714e-01
2.1811160142e+00   6.9940986146e-01
2.1860012121e+00   6.7921267605e-01
2.1908864099e+00   6.5964605026e-01
2.1957716078e+00   6.4069986623e-01
2.2006568056e+00   6.2236390425e-01
2.2055420035e+00   6.0462821191e-01
2.2104272013e+00   5.8748343117e-01
2.2153123992e+00   5.7092109641e-01
2.2201975970e+00   5.5493391552e-01
2.2250827949e+00   5.3951604512e-01
2.2299679927e+00   5.2466337086e-01
2.2348531906e+00   5.1037380296e-01
2.2397383884e+00   4.9664759748e-01
2.2446235863e+00   4.8348766546e-01
2.2447235863e+00   4.8322423314e-01
2.2457235863e+00   4.8060310851e-01
2.2506087841e+00   4.6814559232e-01
2.2554939820e+00   4.5627274778e-01
2.2603791798e+00   4.4499928269e-01
2.2652643777e+00   4.3434476285e-01
2.2701495755e+00   4.2433434937e-01
2.2750347734e+00   4.1499965461e-01
2.2799199712e+00   4.0637973463e-01
2.2848051691e+00   3.9852223751e-01
2.2896903669e+00   3.9148472768e-01
2.2945755648e+00   3.8533620706e-01
2.2994607626e+00   3.8015885261e-01
2.3043459605e+00   3.7604998822e-01
2.3092311583e+00   3.7312430340e-01
2.3141163562e+00   3.7151632328e-01
2.3142163562e+00   3.7149823379e-01
2.3152163562e+00   3.7135159968e-01
2.3201015540e+00   3.7157468550e-01
2.3249867519e+00   3.7350002611e-01
2.3298719497e+00   3.7734557993e-01
2.3347571476e+00   3.8336168206e-01
2.3396423454e+00   3.9183400909e-01
2.3445275433e+00   4.0308612697e-01
2.3494127411e+00   4.1748125228e-01
2.3495127411e+00   4.1781151645e-01
2.3505127411e+00   4.2119661568e-01
2.3553979390e+00   4.3999625459e-01
2.3602831368e+00   4.6288863505e-01
2.3651683347e+00   4.9035670622e-01
2.3700535325e+00   5.2290691016e-01
2.3701535325e+00   5.2362992194e-01
2.3711535325e+00   5.3099002898e-01
2.3760387304e+00   5.7046812979e-01
2.3809239283e+00   6.1615413031e-01
2.3858091261e+00   6.6849258406e-01
2.3906943240e+00   7.2783556834e-01
2.3907943240e+00   7.2912525066e-01
2.3917943240e+00   7.4218889864e-01
2.3966795218e+00   8.1037784231e-01
2.4015647197e+00   8.8574972989e-01
2.4064499175e+00   9.6796830475e-01
2.4113351154e+00   1.0563460533e+00
2.4114351154e+00   1.0582125221e+00
2.4124351154e+00   1.0769922629e+00
2.4173203132e+00   1.1713788976e+00
2.4222055111e+00   1.2688853015e+00
2.4270907089e+00   1.3674364005e+00
2.4319759068e+00   1.4645762484e+00
2.4368611046e+00   1.5575786721e+00
2.4369611046e+00   1.5594192712e+00
2.4379611046e+00   1.5776590889e+00
2.4428463025e+00   1.6617359989e+00
2.4477315003e+00   1.7355250862e+00
2.4526166982e+00   1.7967080086e+00
2.4527166982e+00   1.7978152846e+00
2.4537166982e+00   1.8085531639e+00
2.4580567137e+00   1.8478900760e+00
2.4628026877e+00   1.8769182152e+00
2.4629026877e+00   1.8773705182e+00
2.4639026877e+00   1.8815326544e+00
2.4677315110e+00   1.8914646567e+00
2.4718031085e+00   1.8919134044e+00
2.4719031085e+00   1.8917986802e+00
2.4729031085e+00   1.8903314503e+00
2.4764653803e+00   1.8805580818e+00
2.4801683894e+00   1.8634654949e+00
2.4802683894e+00   1.8629140497e+00
2.4812683894e+00   1.8571560768e+00
2.4847225095e+00   1.8340881938e+00
2.4882753585e+00   1.8058779444e+00
2.4883753585e+00   1.8050268733e+00
2.4893753585e+00   1.7963615979e+00
2.4928428150e+00   1.7643743869e+00
2.4963919457e+00   1.7291649353e+00
2.4964919457e+00   1.7281449228e+00
2.4974919457e+00   1.7178761225e+00
2.5010793767e+00   1.6802341443e+00
2.5047412732e+00   1.6411151522e+00
2.5048412732e+00   1.6400441198e+00
2.5058412732e+00   1.6293382161e+00
2.5096554619e+00   1.5887754828e+00
2.5135386007e+00   1.5484395494e+00
2.5179360476e+00   1.5046793175e+00
2.5180360476e+00   1.5037132862e+00
2.5190360476e+00   1.4941316354e+00
2.5234128988e+00   1.4540119789e+00
2.5278443387e+00   1.4167390543e+00
2.5327295365e+00   1.3799419110e+00
2.5328295365e+00   1.3792376588e+00
2.5338295365e+00   1.3723050745e+00
2.5387147344e+00   1.3413378049e+00
2.5435999322e+00   1.3152058729e+00
2.5484851301e+00   1.2938398881e+00
2.5533703279e+00   1.2770685455e+00
2.5534703279e+00   1.2767715704e+00
2.5544703279e+00   1.2739014616e+00
2.5593555258e+00   1.2624083711e+00
2.5642407236e+00   1.2548618854e+00
2.5691259215e+00   1.2508843116e+00
2.5740111193e+00   1.2500600221e+00
2.5788963172e+00   1.2519442561e+00
2.5837815150e+00   1.2560709995e+00
2.5886667129e+00   1.2619604944e+00
2.5935519107e+00   1.2691267780e+00
2.5984371086e+00   1.2770854901e+00
2.6033223064e+00   1.2853620240e+00
2.6082075043e+00   1.2934999408e+00
2.6130927021e+00   1.3010694323e+00
2.6179779000e+00   1.3076755113e+00
2.6228630978e+00   1.3129655443e+00
2.6277482957e+00   1.3166357210e+00
2.6326334935e+00   1.3184360845e+00
2.6375186914e+00   1.3181738187e+00
2.6424038892e+00   1.3157145989e+00
2.6472890871e+00   1.3109819430e+00
2.6521742849e+00   1.3039546380e+00
2.6570594828e+00   1.2946624451e+00
2.6619446806e+00   1.2831803904e+00
2.6668298785e+00   1.2696220229e+00
2.6717150763e+00   1.2541320511e+00
2.6766002742e+00   1.2368787717e+00
2.6814854720e+00   1.2180466643e+00
2.6863706699e+00   1.1978294688e+00
2.6864706699e+00   1.1974025393e+00
2.6874706699e+00   1.1931062329e+00
2.6923558677e+00   1.1714600490e+00
2.6972410656e+00   1.1488630414e+00
2.7021262634e+00   1.1255010751e+00
2.7070114613e+00   1.1015493546e+00
2.7118966591e+00   1.0771701686e+00
2.7167818570e+00   1.0525114635e+00
2.7216670548e+00   1.0277061328e+00
2.7265522527e+00   1.0028718978e+00
2.7314374505e+00   9.7811165781e-01
2.7363226484e+00   9.5351419046e-01
2.7364226484e+00   9.5301293378e-01
2.7374226484e+00   9.4800601329e-01
2.7423078462e+00   9.2370976646e-01
2.7471930441e+00   8.9972818499e-01
2.7520782419e+00   8.7611162461e-01
2.7569634398e+00   8.5290102816e-01
2.7618486376e+00   8.3012910012e-01
2.7667338355e+00   8.0782142213e-01
2.7716190333e+00   7.8599749053e-01
2.7765042312e+00   7.6467166566e-01
2.7813894290e+00   7.4385402891e-01
2.7862746269e+00   7.2355114857e-01
2.7911598247e+00   7.0376675887e-01
2.7960450226e+00   6.8450235906e-01
2.8009302204e+00   6.6575774095e-01
2.8058154183e+00   6.4753145393e-01
2.8107006161e+00   6.2982121709e-01
2.8155858140e+00   6.1262428796e-01
2.8204710118e+00   5.9593779713e-01
2.8253562097e+00   5.7975905793e-01
2.8302414075e+00   5.6408585992e-01
2.8351266054e+00   5.4891675457e-01
2.8400118033e+00   5.3425134168e-01
2.8448970011e+00   5.2009056466e-01
2.8497821990e+00   5.0643702321e-01
2.8546673968e+00   4.9329531211e-01
2.8595525947e+00   4.8067239542e-01
2.8644377925e+00   4.6857802636e-01
2.8693229904e+00   4.5702522384e-01
2.8742081882e+00   4.4603081850e-01
2.8790933861e+00   4.3561608220e-01
2.8839785839e+00   4.2580745725e-01
2.8888637818e+00   4.1663740329e-01
2.8937489796e+00   4.0814538214e-01
2.8986341775e+00   4.0038280806e-01
2.9035193753e+00   3.9340403489e-01
2.9036193753e+00   3.9326982450e-01
2.9046193753e+00   3.9194747081e-01
2.9095045732e+00   3.8602309072e-01
2.9143897710e+00   3.8105145011e-01
2.9192749689e+00   3.7713133995e-01
2.9241601667e+00   3.7437874485e-01
2.9290453646e+00   3.7292930233e-01
2.9339305624e+00   3.7294099880e-01
2.9388157603e+00   3.7459707194e-01
2.9437009581e+00   3.7810905934e-01
2.9485861560e+00   3.8371989057e-01
2.9486861560e+00   3.8385855416e-01
2.9496861560e+00   3.8530044077e-01
2.9545713538e+00   3.9386443587e-01
2.9594565517e+00   4.0519493310e-01
2.9643417495e+00   4.1965402699e-01
2.9692269474e+00   4.3764340232e-01
2.9741121452e+00   4.5960276474e-01
2.9742121452e+00   4.6009701616e-01
2.9752121452e+00   4.6514280651e-01
2.9800973431e+00   4.9261409244e-01
2.9849825409e+00   5.2514188100e-01
2.9898677388e+00   5.6323693863e-01
2.9947529366e+00   6.0739647407e-01
2.9948529366e+00   6.0836706492e-01
2.9958529366e+00   6.1822414236e-01
3.0007381345e+00   6.7042482564e-01
3.0056233323e+00   7.2958277425e-01
3.0105085302e+00   7.9590103256e-01
3.0153937280e+00   8.6937960769e-01
3.0154937280e+00   8.7095714430e-01
3.0164937280e+00   8.8689115925e-01
3.0213789259e+00   9.6874358022e-01
3.0262641237e+00   1.0566974463e+00
3.0311493216e+00   1.1496632277e+00
3.0360345194e+00   1.2461140936e+00
3.0361345194e+00   1.2481117477e+00
3.0371345194e+00   1.2681199437e+00
3.0420197173e+00   1.3661208174e+00
3.0469049151e+00   1.4627079157e+00
3.0517901130e+00   1.5551796262e+00
3.0566753108e+00   1.6407288892e+00
3.0615605087e+00   1.7166439937e+00
3.0616605087e+00   1.7180797166e+00
3.0626605087e+00   1.7321545632e+00
3.0674332532e+00   1.7917994110e+00
3.0723184511e+00   1.8387873829e+00
3.0724184511e+00   1.8395920789e+00
3.0734184511e+00   1.8472846282e+00
3.0775112373e+00   1.8719905250e+00
3.0819385806e+00   1.8864440380e+00
3.0820385806e+00   1.8866252998e+00
3.0830385806e+00   1.8880916047e+00
3.0867428701e+00   1.8881654305e+00
3.0906316801e+00   1.8796536258e+00
3.0907316801e+00   1.8793257319e+00
3.0917316801e+00   1.8757604243e+00
3.0952462766e+00   1.8593075817e+00
3.0988783855e+00   1.8365291683e+00
3.0989783855e+00   1.8358275811e+00
3.0999783855e+00   1.8286093503e+00
3.1034423422e+00   1.8009960513e+00
3.1069950884e+00   1.7691337604e+00
3.1070950884e+00   1.7681936300e+00
3.1080950884e+00   1.7586785747e+00
3.1116221033e+00   1.7237009603e+00
3.1152264253e+00   1.6863088433e+00
3.1153264253e+00   1.6852554366e+00
3.1163264253e+00   1.6746881215e+00
3.1200224318e+00   1.6353209437e+00
3.1237898161e+00   1.5952593747e+00
3.1279724951e+00   1.5516760768e+00
3.1280724951e+00   1.5506519653e+00
3.1290724951e+00   1.5404663480e+00
3.1332254812e+00   1.4994076637e+00
3.1374387370e+00   1.4602121233e+00
3.1423239348e+00   1.4184438797e+00
3.1424239348e+00   1.4176335615e+00
3.1434239348e+00   1.4096327998e+00
3.1483091327e+00   1.3732977586e+00
3.1531943305e+00   1.3416763162e+00
3.1580795284e+00   1.3148463154e+00
3.1629647263e+00   1.2927566821e+00
3.1630647263e+00   1.2923530865e+00
3.1640647263e+00   1.2884225896e+00
3.1689499241e+00   1.2719214514e+00
3.1738351220e+00   1.2597067868e+00
3.1787203198e+00   1.2514639814e+00
3.1836055177e+00   1.2468294273e+00
3.1884907155e+00   1.2454009725e+00
3.1933759134e+00   1.2467466599e+00
3.1982611112e+00   1.2504124386e+00
3.2031463091e+00   1.2559294123e+00
3.2032463091e+00   1.2560583330e+00
3.2042463091e+00   1.2573783188e+00
3.2091315069e+00   1.2645135889e+00
3.2140167048e+00   1.2724402195e+00
3.2189019026e+00   1.2806918929e+00
3.2237871005e+00   1.2888198127e+00
3.2286722983e+00   1.2964009038e+00
3.2335574962e+00   1.3030457751e+00
3.2384426940e+00   1.3084060710e+00
3.2433278919e+00   1.3121808206e+00
3.2482130897e+00   1.3141214175e+00
3.2530982876e+00   1.3140349304e+00
3.2579834854e+00   1.3117855486e+00
3.2628686833e+00   1.3072940925e+00
3.2677538811e+00   1.3005356495e+00
3.2726390790e+00   1.2915355228e+00
3.2775242768e+00   1.2803637831e+00
3.2824094747e+00   1.2671287841e+00
3.2872946725e+00   1.2519700391e+00
3.2873946725e+00   1.2516407625e+00
3.2883946725e+00   1.2483077220e+00
3.2932798704e+00   1.2310165102e+00
3.2981650682e+00   1.2121868245e+00
3.3030502661e+00   1.1920096317e+00
3.3079354639e+00   1.1706782720e+00
3.3128206618e+00   1.1483833769e+00
3.3177058596e+00   1.1253087242e+00
3.3225910575e+00   1.1016280346e+00
3.3274762553e+00   1.0775026670e+00
3.3323614532e+00   1.0530801291e+00
3.3324614532e+00   1.0525780562e+00
3.3334614532e+00   1.0475538048e+00
3.3383466510e+00   1.0229467886e+00
3.3432318489e+00   9.9831809242e-01
3.3481170467e+00   9.7376803422e-01
3.3530022446e+00   9.4938321041e-01
3.3578874424e+00   9.2523743039e-01
3.3627726403e+00   9.0139279674e-01
3.3676578381e+00   8.7790086055e-01
3.3725430360e+00   8.5480379617e-01
3.3774282338e+00   8.3213555338e-01
3.3823134317e+00   8.0992295725e-01
3.3871986295e+00   7.8818673606e-01
3.3920838274e+00   7.6694246603e-01
3.3969690252e+00   7.4620142831e-01
3.4018542231e+00   7.2597137857e-01
3.4067394209e+00   7.0625723302e-01
3.4116246188e+00   6.8706167753e-01
3.4165098166e+00   6.6838570770e-01
3.4213950145e+00   6.5022910889e-01
3.4262802123e+00   6.3259082010e-01
3.4311654102e+00   6.1546947678e-01
3.4312654102e+00   6.1512439169e-01
3.4322654102e+00   6.1168541795e-01
3.4371506080e+00   5.9519547639e-01
3.4420358059e+00   5.7921970004e-01
3.4469210037e+00   5.6375773348e-01
3.4518062016e+00   5.4881022337e-01
3.4566913994e+00   5.3437914268e-01
3.4615765973e+00   5.2046813123e-01
3.4664617951e+00   5.0708286187e-01
3.4713469930e+00   4.9423144224e-01
3.4762321908e+00   4.8192486247e-01
3.4811173887e+00   4.7017750023e-01
3.4860025865e+00   4.5900769526e-01
3.4908877844e+00   4.4843840682e-01
3.4957729822e+00   4.3849796863e-01
3.5006581801e+00   4.2922095726e-01
3.5055433779e+00   4.2064919107e-01
3.5104285758e+00   4.1283287800e-01
3.5153137736e+00   4.0583193119e-01
3.5201989715e+00   3.9971747131e-01
3.5250841693e+00   3.9457353357e-01
3.5299693672e+00   3.9049899428e-01
3.5348545650e+00   3.8760972698e-01
3.5349545650e+00   3.8756387863e-01
3.5359545650e+00   3.8713606312e-01
3.5408397629e+00   3.8588551763e-01
3.5457249607e+00   3.8615146400e-01
3.5506101586e+00   3.8812189356e-01
3.5554953564e+00   3.9201313503e-01
3.5603805543e+00   3.9807275343e-01
3.5652657521e+00   4.0658224930e-01
3.5701509500e+00   4.1785929627e-01
3.5702509500e+00   4.1812147673e-01
3.5712509500e+00   4.2081588743e-01
3.5761361478e+00   4.3597178016e-01
3.5810213457e+00   4.5473691837e-01
3.5859065435e+00   4.7754749565e-01
3.5907917414e+00   5.0486918798e-01
3.5956769392e+00   5.3718757113e-01
3.5957769392e+00   5.3790477862e-01
3.5967769392e+00   5.4520426394e-01
3.6016621371e+00   5.8431199511e-01
3.6065473349e+00   6.2948271991e-01
3.6114325328e+00   6.8112938189e-01
3.6163177306e+00   7.3957101132e-01
3.6164177306e+00   7.4083982238e-01
3.6174177306e+00   7.5368911606e-01
3.6223029285e+00   8.2067611550e-01
3.6271881263e+00   8.9456982083e-01
3.6320733242e+00   9.7501519633e-01
3.6369585220e+00   1.0613193968e+00
3.6370585220e+00   1.0631403386e+00
3.6380585220e+00   1.0814581940e+00
3.6429437199e+00   1.1734235562e+00
3.6478289178e+00   1.2682695357e+00
3.6527141156e+00   1.3639895395e+00
3.6575993135e+00   1.4582221411e+00
3.6624845113e+00   1.5483573785e+00
3.6625845113e+00   1.5501406035e+00
3.6635845113e+00   1.5678108324e+00
3.6684697092e+00   1.6492462462e+00
3.6733549070e+00   1.7207212348e+00
3.6782401049e+00   1.7800288700e+00
3.6783401049e+00   1.7811029756e+00
3.6793401049e+00   1.7915213197e+00
3.6837883229e+00   1.8305403974e+00
3.6886559872e+00   1.8590546493e+00
3.6887559872e+00   1.8594829586e+00
3.6897559872e+00   1.8634182069e+00
3.6936779879e+00   1.8728125619e+00
3.6978483360e+00   1.8725906005e+00
3.6979483360e+00   1.8724615576e+00
3.6989483360e+00   1.8708638419e+00
3.7025988479e+00   1.8604744933e+00
3.7063907814e+00   1.8427188317e+00
3.7064907814e+00   1.8421627372e+00
3.7074907814e+00   1.8363694926e+00
3.7110338244e+00   1.8126757866e+00
3.7146741509e+00   1.7838618213e+00
3.7147741509e+00   1.7830150844e+00
3.7157741509e+00   1.7744020191e+00
3.7193358259e+00   1.7418124634e+00
3.7229767236e+00   1.7060744186e+00
3.7230767236e+00   1.7050664333e+00
3.7240767236e+00   1.6949238741e+00
3.7277683354e+00   1.6567204357e+00
3.7315310030e+00   1.6171574403e+00
3.7316310030e+00   1.6161043712e+00
3.7326310030e+00   1.6055809679e+00
3.7365647479e+00   1.5645115974e+00
3.7405627487e+00   1.5238265191e+00
3.7451122110e+00   1.4795793818e+00
3.7452122110e+00   1.4786365538e+00
3.7462122110e+00   1.4692856170e+00
3.7507461226e+00   1.4287858607e+00
3.7553271140e+00   1.3913464748e+00
3.7602123119e+00   1.3556287921e+00
3.7603123119e+00   1.3549447115e+00
3.7613123119e+00   1.3482092624e+00
3.7661975097e+00   1.3180790335e+00
3.7710827076e+00   1.2925627586e+00
3.7759679054e+00   1.2715859358e+00
3.7808531033e+00   1.2549844442e+00
3.7809531033e+00   1.2546887616e+00
3.7819531033e+00   1.2518269508e+00
3.7868383011e+00   1.2402595075e+00
3.7917234990e+00   1.2324690031e+00
3.7966086968e+00   1.2281112691e+00
3.8014938947e+00   1.2268090641e+00
3.8063790925e+00   1.2281595013e+00
3.8112642904e+00   1.2317405564e+00
3.8161494882e+00   1.2371171681e+00
3.8210346861e+00   1.2438473143e+00
3.8259198839e+00   1.2514883181e+00
3.8308050818e+00   1.2596035017e+00
3.8356902796e+00   1.2677691714e+00
3.8405754775e+00   1.2755818024e+00
3.8454606753e+00   1.2826651880e+00
3.8503458732e+00   1.2886772500e+00
3.8552310710e+00   1.2933161691e+00
3.8601162689e+00   1.2963254974e+00
3.8650014667e+00   1.2974979522e+00
3.8698866646e+00   1.2966776669e+00
3.8747718624e+00   1.2937607694e+00
3.8796570603e+00   1.2886942721e+00
3.8845422581e+00   1.2814733682e+00
3.8894274560e+00   1.2721373312e+00
3.8943126538e+00   1.2607642921e+00
3.8991978517e+00   1.2474652201e+00
3.9040830495e+00   1.2323774549e+00
3.9089682474e+00   1.2156581286e+00
3.9138534452e+00   1.1974777823e+00
3.9187386431e+00   1.1780144302e+00
3.9236238409e+00   1.1574482611e+00
3.9237238409e+00   1.1570170082e+00
3.9247238409e+00   1.1526835022e+00
3.9296090388e+00   1.1310077460e+00
3.9344942366e+00   1.1086161033e+00
3.9393794345e+00   1.0856689445e+00
3.9442646323e+00   1.0623151871e+00
3.9491498302e+00   1.0386910687e+00
3.9540350280e+00   1.0149195300e+00
3.9589202259e+00   9.9111010221e-01
3.9638054237e+00   9.6735919824e-01
3.9686906216e+00   9.4375070773e-01
3.9735758194e+00   9.2035680979e-01
3.9784610173e+00   8.9723892664e-01
3.9833462151e+00   8.7444875568e-01
3.9882314130e+00   8.5202932873e-01
3.9883314130e+00   8.5157453648e-01
3.9893314130e+00   8.4703604660e-01
3.9942166108e+00   8.2511842738e-01
3.9991018087e+00   8.0364146263e-01
4.0039870065e+00   7.8262717768e-01
4.0088722044e+00   7.6209303457e-01
4.0137574022e+00   7.4205273523e-01
4.0186426001e+00   7.2251695378e-01
4.0235277979e+00   7.0349400193e-01
4.0284129958e+00   6.8499043380e-01
4.0332981936e+00   6.6701159817e-01
4.0381833915e+00   6.4956214704e-01
4.0430685893e+00   6.3264651013e-01
4.0479537872e+00   6.1626934544e-01
4.0528389850e+00   6.0043597592e-01
4.0577241829e+00   5.8515282296e-01
4.0626093807e+00   5.7042784703e-01
4.0674945786e+00   5.5627100647e-01
4.0723797764e+00   5.4269474570e-01
4.0772649743e+00   5.2971452422e-01
4.0821501721e+00   5.1734939885e-01
4.0870353700e+00   5.0562267182e-01
4.0919205678e+00   4.9456261841e-01
4.0968057657e+00   4.8420330835e-01
4.1016909635e+00   4.7458553589e-01
4.1065761614e+00   4.6575787397e-01
4.1114613592e+00   4.5777786772e-01
4.1163465571e+00   4.5071338207e-01
4.1212317549e+00   4.4464411618e-01
4.1261169528e+00   4.3966329431e-01
4.1310021506e+00   4.3587952957e-01
4.1311021506e+00   4.3581543301e-01
4.1321021506e+00   4.3520517976e-01
4.1369873485e+00   4.3306180655e-01
4.1418725463e+00   4.3242300378e-01
4.1467577442e+00   4.3346171840e-01
4.1516429420e+00   4.3637578055e-01
4.1565281399e+00   4.4139020955e-01
4.1614133377e+00   4.4875928241e-01
4.1662985356e+00   4.5876813344e-01
4.1711837334e+00   4.7173356803e-01
4.1712837334e+00   4.7203224667e-01
4.1722837334e+00   4.7509582527e-01
4.1771689313e+00   4.9216109691e-01
4.1820541291e+00   5.1299677796e-01
4.1869393270e+00   5.3800919244e-01
4.1918245248e+00   5.6761906012e-01
4.1967097227e+00   6.0224838921e-01
4.1968097227e+00   6.0301257798e-01
4.1978097227e+00   6.1078028536e-01
4.2026949206e+00   6.5210733226e-01
4.2075801184e+00   6.9929401109e-01
4.2124653163e+00   7.5260715332e-01
4.2173505141e+00   8.1219070211e-01
4.2174505141e+00   8.1347603166e-01
4.2184505141e+00   8.2647340817e-01
4.2233357120e+00   8.9368253609e-01
4.2282209098e+00   9.6679874517e-01
4.2331061077e+00   1.0452368881e+00
4.2379913055e+00   1.1280875126e+00
4.2380913055e+00   1.1298213019e+00
4.2390913055e+00   1.1472297697e+00
4.2439765034e+00   1.2337319654e+00
4.2488617012e+00   1.3213635266e+00
4.2537468991e+00   1.4081250114e+00
4.2586320969e+00   1.4917861842e+00
4.2635172948e+00   1.5700040379e+00
4.2636172948e+00   1.5715318484e+00
4.2646172948e+00   1.5866267537e+00
4.2695024926e+00   1.6550498654e+00
4.2743876905e+00   1.7131936565e+00
4.2792728883e+00   1.7594271830e+00
4.2793728883e+00   1.7602404339e+00
4.2803728883e+00   1.7680704720e+00
4.2849747850e+00   1.7968922078e+00
4.2898599829e+00   1.8143587851e+00
4.2899599829e+00   1.8145758279e+00
4.2909599829e+00   1.8164403988e+00
4.2950840467e+00   1.8183711829e+00
4.2994317088e+00   1.8108663315e+00
4.2995317088e+00   1.8105852099e+00
4.3005317088e+00   1.8075179333e+00
4.3044216730e+00   1.7913752832e+00
4.3084383289e+00   1.7683715158e+00
4.3085383289e+00   1.7677252374e+00
4.3095383289e+00   1.7610810298e+00
4.3133622178e+00   1.7328811751e+00
4.3172715005e+00   1.7001999058e+00
4.3173715005e+00   1.6993214047e+00
4.3183715005e+00   1.6904345360e+00
4.3222650968e+00   1.6543158782e+00
4.3262262058e+00   1.6157818038e+00
4.3263262058e+00   1.6147933154e+00
4.3273262058e+00   1.6048784473e+00
4.3314157821e+00   1.5639894881e+00
4.3355619219e+00   1.5225841081e+00
4.3402048220e+00   1.4771634112e+00
4.3403048220e+00   1.4762022733e+00
4.3413048220e+00   1.4666388075e+00
4.3459351111e+00   1.4236599641e+00
4.3506021929e+00   1.3829364317e+00
4.3554873908e+00   1.3435938263e+00
4.3555873908e+00   1.3428262476e+00
4.3565873908e+00   1.3352366346e+00
4.3614725886e+00   1.3004670985e+00
4.3663577865e+00   1.2696408589e+00
4.3712429843e+00   1.2428240892e+00
4.3761281822e+00   1.2199924828e+00
4.3762281822e+00   1.2195661758e+00
4.3772281822e+00   1.2153926050e+00
4.3821133800e+00   1.1973072075e+00
4.3869985779e+00   1.1829196605e+00
4.3918837757e+00   1.1720270617e+00
4.3967689736e+00   1.1643946103e+00
4.4016541714e+00   1.1597624169e+00
4.4065393693e+00   1.1578506376e+00
4.4114245671e+00   1.1583634132e+00
4.4163097650e+00   1.1609920471e+00
4.4164097650e+00   1.1610657267e+00
4.4174097650e+00   1.1618433433e+00
4.4222949628e+00   1.1666289776e+00
4.4271801607e+00   1.1728114938e+00
4.4320653585e+00   1.1800597361e+00
4.4369505564e+00   1.1880419962e+00
4.4418357542e+00   1.1964296700e+00
4.4467209521e+00   1.2049013158e+00
4.4516061499e+00   1.2131470441e+00
4.4564913478e+00   1.2208731049e+00
4.4613765456e+00   1.2278064931e+00
4.4662617435e+00   1.2336993610e+00
4.4711469413e+00   1.2383330115e+00
4.4760321392e+00   1.2415212563e+00
4.4809173370e+00   1.2431129482e+00
4.4858025349e+00   1.2429935433e+00
4.4906877327e+00   1.2410856065e+00
4.4955729306e+00   1.2373482395e+00
4.5004581284e+00   1.2317754754e+00
4.5053433263e+00   1.2243937466e+00
4.5102285241e+00   1.2152585794e+00
4.5151137220e+00   1.2044507064e+00
4.5199989198e+00   1.1920718038e+00
4.5248841177e+00   1.1782400621e+00
4.5297693155e+00   1.1630857870e+00
4.5346545134e+00   1.1467471999e+00
4.5347545134e+00   1.1464013771e+00
4.5357545134e+00   1.1429194029e+00
4.5406397112e+00   1.1253238964e+00
4.5455249091e+00   1.1068612186e+00
4.5504101070e+00   1.0876711236e+00
4.5552953048e+00   1.0678882219e+00
4.5601805027e+00   1.0476402347e+00
4.5650657005e+00   1.0270467451e+00
4.5699508984e+00   1.0062183972e+00
4.5748360962e+00   9.8525648747e-01
4.5797212941e+00   9.6425288813e-01
4.5846064919e+00   9.4329023911e-01
4.5894916898e+00   9.2244235135e-01
4.5943768876e+00   9.0177476764e-01
4.5992620855e+00   8.8134543453e-01
4.6041472833e+00   8.6120544660e-01
4.6090324812e+00   8.4139982730e-01
4.6091324812e+00   8.4099818651e-01
4.6101324812e+00   8.3699047941e-01
4.6150176790e+00   8.1764824240e-01
4.6199028769e+00   7.9872283507e-01
4.6247880747e+00   7.8024514275e-01
4.6296732726e+00   7.6224330323e-01
4.6345584704e+00   7.4474344398e-01
4.6394436683e+00   7.2777039764e-01
4.6443288661e+00   7.1134839944e-01
4.6492140640e+00   6.9550177268e-01
4.6540992618e+00   6.8025560954e-01
4.6589844597e+00   6.6563645588e-01
4.6638696575e+00   6.5167300939e-01
4.6687548554e+00   6.3839684091e-01
4.6736400532e+00   6.2584314904e-01
4.6785252511e+00   6.1405155805e-01
4.6834104489e+00   6.0306696861e-01
4.6882956468e+00   5.9294047002e-01
4.6931808446e+00   5.8373032116e-01
4.6980660425e+00   5.7550300491e-01
4.7029512403e+00   5.6833435759e-01
4.7078364382e+00   5.6231076981e-01
4.7127216360e+00   5.5753044874e-01
4.7176068339e+00   5.5410472186e-01
4.7224920317e+00   5.5215935044e-01
4.7273772296e+00   5.5183580452e-01
4.7274772296e+00   5.5184720438e-01
4.7284772296e+00   5.5200251175e-01
4.7333624274e+00   5.5388362418e-01
4.7382476253e+00   5.5776327979e-01
4.7431328231e+00   5.6384029797e-01
4.7480180210e+00   5.7233199492e-01
4.7529032188e+00   5.8347336421e-01
4.7577884167e+00   5.9751518329e-01
4.7626736145e+00   6.1472070083e-01
4.7627736145e+00   6.1510783865e-01
4.7637736145e+00   6.1905887809e-01
4.7686588124e+00   6.4050948056e-01
4.7735440102e+00   6.6572484470e-01
4.7784292081e+00   6.9496135682e-01
4.7833144059e+00   7.2844854331e-01
4.7881996038e+00   7.6637154302e-01
4.7882996038e+00   7.6719513552e-01
4.7892996038e+00   7.7553636152e-01
4.7941848016e+00   8.1904838250e-01
4.7990699995e+00   8.6713713231e-01
4.8039551973e+00   9.1968530868e-01
4.8088403952e+00   9.7642454531e-01
4.8137255930e+00   1.0369092421e+00
4.8138255930e+00   1.0381823114e+00
4.8148255930e+00   1.0509834551e+00
4.8197107909e+00   1.1151575994e+00
4.8245959887e+00   1.1813564067e+00
4.8294811866e+00   1.2484688583e+00
4.8343663844e+00   1.3151970024e+00
4.8392515823e+00   1.3800967689e+00
4.8441367801e+00   1.4416384707e+00
4.8490219780e+00   1.4982842466e+00
4.8539071758e+00   1.5485766515e+00
4.8540071758e+00   1.5495303468e+00
4.8550071758e+00   1.5588885567e+00
4.8598923737e+00   1.5996689452e+00
4.8647775715e+00   1.6315903009e+00
4.8696627694e+00   1.6540234893e+00
4.8745479672e+00   1.6667076763e+00
4.8746479672e+00   1.6668656589e+00
4.8756479672e+00   1.6682233005e+00
4.8805331651e+00   1.6691517459e+00
4.8854183629e+00   1.6610473805e+00
4.8903035608e+00   1.6447222575e+00
4.8904035608e+00   1.6443091333e+00
4.8914035608e+00   1.6400138638e+00
4.8962552152e+00   1.6152193032e+00
4.9011404131e+00   1.5844978493e+00
4.9060256109e+00   1.5492173605e+00
4.9061256109e+00   1.5484560742e+00
4.9071256109e+00   1.5407681052e+00
4.9120108088e+00   1.5015289327e+00
4.9168960066e+00   1.4602962433e+00
4.9217812045e+00   1.4180632417e+00
4.9218812045e+00   1.4171945866e+00
4.9228812045e+00   1.4085066089e+00
4.9277664023e+00   1.3662096880e+00
4.9326516002e+00   1.3246449419e+00
4.9375367980e+00   1.2843744595e+00
4.9424219959e+00   1.2458381510e+00
4.9425219959e+00   1.2450699288e+00
4.9435219959e+00   1.2374360147e+00
4.9484071937e+00   1.2014666060e+00
4.9532923916e+00   1.1678444174e+00
4.9581775894e+00   1.1367157875e+00
4.9630627873e+00   1.1081677724e+00
4.9679479851e+00   1.0822410949e+00
4.9680479851e+00   1.0817378437e+00
4.9690479851e+00   1.0767659005e+00
4.9739331830e+00   1.0540555714e+00
4.9788183808e+00   1.0339445094e+00
4.9837035787e+00   1.0163908682e+00
4.9885887765e+00   1.0013415392e+00
4.9934739744e+00   9.8873631018e-01
4.9983591722e+00   9.7851079907e-01
5.0032443701e+00   9.7059834171e-01
5.0081295679e+00   9.6493099587e-01
5.0082295679e+00   9.6483795126e-01
5.0092295679e+00   9.6395752842e-01
5.0141147658e+00   9.6094670629e-01
5.0189999636e+00   9.6002562237e-01
5.0238851615e+00   9.6112108655e-01
5.0287703593e+00   9.6415611294e-01
5.0336555572e+00   9.6904829821e-01
5.0385407550e+00   9.7570799976e-01
5.0434259529e+00   9.8403640626e-01
5.0483111507e+00   9.9392359772e-01
5.0531963486e+00   1.0052467003e+00
5.0580815464e+00   1.0178682483e+00
5.0629667443e+00   1.0316348726e+00
5.0678519421e+00   1.0463764374e+00
5.0727371400e+00   1.0619057462e+00
5.0776223378e+00   1.0780189257e+00
5.0825075357e+00   1.0944965804e+00
5.0873927335e+00   1.1111057725e+00
5.0922779314e+00   1.1276028757e+00
5.0971631292e+00   1.1437372327e+00
5.0972631292e+00   1.1440619322e+00
5.0982631292e+00   1.1472942477e+00
5.1031483271e+00   1.1626390890e+00
5.1080335249e+00   1.1770614632e+00
5.1129187228e+00   1.1903209200e+00
5.1178039206e+00   1.2021917529e+00
5.1226891185e+00   1.2124684690e+00
5.1275743163e+00   1.2209708188e+00
5.1324595142e+00   1.2275481167e+00
5.1373447120e+00   1.2320826170e+00
5.1422299099e+00   1.2344917697e+00
5.1471151077e+00   1.2347292482e+00
5.1520003056e+00   1.2327847210e+00
5.1568855034e+00   1.2286824208e+00
5.1617707013e+00   1.2224786327e+00
5.1666558991e+00   1.2142582859e+00
5.1715410970e+00   1.2041308698e+00
5.1716410970e+00   1.2039045247e+00
5.1726410970e+00   1.2016003415e+00
5.1775262948e+00   1.1893146702e+00
5.1824114927e+00   1.1754305882e+00
5.1872966905e+00   1.1601054107e+00
5.1921818884e+00   1.1435017280e+00
5.1970670862e+00   1.1257834524e+00
5.2019522841e+00   1.1071123810e+00
5.2068374819e+00   1.0876453289e+00
5.2117226798e+00   1.0675318550e+00
5.2166078776e+00   1.0469125627e+00
5.2214930755e+00   1.0259179407e+00
5.2263782733e+00   1.0046676843e+00
5.2264782733e+00   1.0042308049e+00
5.2274782733e+00   9.9985883714e-01
5.2323634712e+00   9.7844234355e-01
5.2372486690e+00   9.5699702641e-01
5.2421338669e+00   9.3560760910e-01
5.2470190647e+00   9.1434890844e-01
5.2519042626e+00   8.9328657495e-01
5.2567894605e+00   8.7247792219e-01
5.2616746583e+00   8.5197280554e-01
5.2665598562e+00   8.3181451894e-01
5.2714450540e+00   8.1204068658e-01
5.2763302519e+00   7.9268413315e-01
5.2812154497e+00   7.7377372260e-01
5.2861006476e+00   7.5533516045e-01
5.2909858454e+00   7.3739175865e-01
5.2958710433e+00   7.1996516563e-01
5.3007562411e+00   7.0307606639e-01
5.3056414390e+00   6.8674485966e-01
5.3105266368e+00   6.7099232069e-01
5.3154118347e+00   6.5584025908e-01
5.3202970325e+00   6.4131218200e-01
5.3251822304e+00   6.2743397366e-01
5.3300674282e+00   6.1423460224e-01
5.3349526261e+00   6.0174686577e-01
5.3398378239e+00   5.9000818834e-01
5.3447230218e+00   5.7906147807e-01
5.3496082196e+00   5.6895605754e-01
5.3544934175e+00   5.5974867684e-01
5.3593786153e+00   5.5150461712e-01
5.3642638132e+00   5.4429889035e-01
5.3691490110e+00   5.3821753640e-01
5.3740342089e+00   5.3335901214e-01
5.3789194067e+00   5.2983565824e-01
5.3838046046e+00   5.2777521655e-01
5.3839046046e+00   5.2774933228e-01
5.3849046046e+00   5.2752779181e-01
5.3897898024e+00   5.2745985927e-01
5.3946750003e+00   5.2920139311e-01
5.3995601981e+00   5.3293912798e-01
5.4044453960e+00   5.3888041676e-01
5.4093305938e+00   5.4725359211e-01
5.4142157917e+00   5.5830757204e-01
5.4191009895e+00   5.7231040428e-01
5.4192009895e+00   5.7262981759e-01
5.4202009895e+00   5.7589899079e-01
5.4250861874e+00   5.9390347766e-01
5.4299713852e+00   6.1550435599e-01
5.4348565831e+00   6.4100138922e-01
5.4397417809e+00   6.7068584652e-01
5.4446269788e+00   7.0482611890e-01
5.4447269788e+00   7.0557319996e-01
5.4457269788e+00   7.1315242929e-01
5.4506121766e+00   7.5305541119e-01
5.4554973745e+00   7.9782995161e-01
5.4603825723e+00   8.4752446978e-01
5.4652677702e+00   9.0205985774e-01
5.4701529680e+00   9.6119744671e-01
5.4702529680e+00   9.6245339982e-01
5.4712529680e+00   9.7510849445e-01
5.4761381659e+00   1.0392777738e+00
5.4810233637e+00   1.1067966217e+00
5.4859085616e+00   1.1767309326e+00
5.4907937594e+00   1.2479104128e+00
5.4956789573e+00   1.3189482113e+00
5.5005641551e+00   1.3882830837e+00
5.5054493530e+00   1.4542447909e+00
5.5055493530e+00   1.4555478239e+00
5.5065493530e+00   1.4684580827e+00
5.5114345508e+00   1.5279848810e+00
5.5163197487e+00   1.5804869509e+00
5.5212049465e+00   1.6245854208e+00
5.5260901444e+00   1.6592007161e+00
5.5261901444e+00   1.6598045695e+00
5.5271901444e+00   1.6656065233e+00
5.5320753422e+00   1.6876802667e+00
5.5369605401e+00   1.6992600872e+00
5.5418457379e+00   1.7005617591e+00
5.5419457379e+00   1.7004846444e+00
5.5429457379e+00   1.6994912140e+00
5.5477033942e+00   1.6894310063e+00
5.5525885920e+00   1.6706603153e+00
5.5526885920e+00   1.6701946765e+00
5.5536885920e+00   1.6653703186e+00
5.5582837630e+00   1.6395480979e+00
5.5629790888e+00   1.6078222704e+00
5.5678642867e+00   1.5703631620e+00
5.5679642867e+00   1.5695581407e+00
5.5689642867e+00   1.5614357315e+00
5.5736683642e+00   1.5217421086e+00
5.5784144963e+00   1.4799974102e+00
5.5832996942e+00   1.4362773431e+00
5.5833996942e+00   1.4353810466e+00
5.5843996942e+00   1.4264232953e+00
5.5892848920e+00   1.3829917108e+00
5.5941700899e+00   1.3406186397e+00
5.5990552877e+00   1.2998844768e+00
5.5991552877e+00   1.2990711173e+00
5.6001552877e+00   1.2909865029e+00
5.6050404856e+00   1.2528555363e+00
5.6099256834e+00   1.2171964250e+00
5.6148108813e+00   1.1842166914e+00
5.6196960791e+00   1.1540450692e+00
5.6197960791e+00   1.1534573418e+00
5.6207960791e+00   1.1476464617e+00
5.6256812770e+00   1.1209997726e+00
5.6305664748e+00   1.0972423328e+00
5.6354516727e+00   1.0763470853e+00
5.6403368705e+00   1.0582614850e+00
5.6452220684e+00   1.0429147509e+00
5.6501072662e+00   1.0302233569e+00
5.6549924641e+00   1.0200949945e+00
5.6550924641e+00   1.0199137528e+00
5.6560924641e+00   1.0181579525e+00
5.6609776619e+00   1.0110350953e+00
5.6658628598e+00   1.0062501826e+00
5.6707480576e+00   1.0036956260e+00
5.6756332555e+00   1.0032599770e+00
5.6805184533e+00   1.0048273178e+00
5.6854036512e+00   1.0082762981e+00
5.6902888490e+00   1.0134789531e+00
5.6951740469e+00   1.0202994276e+00
5.7000592447e+00   1.0285927273e+00
5.7049444426e+00   1.0382036151e+00
5.7098296404e+00   1.0489657655e+00
5.7147148383e+00   1.0607012826e+00
5.7196000361e+00   1.0732206815e+00
5.7244852340e+00   1.0863234134e+00
5.7293704318e+00   1.0997989980e+00
5.7342556297e+00   1.1134287919e+00
5.7391408275e+00   1.1269884197e+00
5.7392408275e+00   1.1272636562e+00
5.7402408275e+00   1.1300087391e+00
5.7451260254e+00   1.1431728640e+00
5.7500112232e+00   1.1557630645e+00
5.7548964211e+00   1.1675595846e+00
5.7597816189e+00   1.1783526976e+00
5.7646668168e+00   1.1879470092e+00
5.7695520146e+00   1.1961655886e+00
5.7744372125e+00   1.2028537216e+00
5.7793224103e+00   1.2078820930e+00
5.7842076082e+00   1.2111492346e+00
5.7890928060e+00   1.2125831169e+00
5.7939780039e+00   1.2121418139e+00
5.7988632017e+00   1.2098132249e+00
5.8037483996e+00   1.2056138954e+00
5.8086335974e+00   1.1995870276e+00
5.8135187953e+00   1.1917998120e+00
5.8184039931e+00   1.1823402419e+00
5.8232891910e+00   1.1713135847e+00
5.8233891910e+00   1.1710723180e+00
5.8243891910e+00   1.1686264925e+00
5.8292743888e+00   1.1558429735e+00
5.8341595867e+00   1.1417699396e+00
5.8390447845e+00   1.1265434402e+00
5.8439299824e+00   1.1103019015e+00
5.8488151802e+00   1.0931832945e+00
5.8537003781e+00   1.0753227260e+00
5.8585855759e+00   1.0568504744e+00
5.8634707738e+00   1.0378904710e+00
5.8683559716e+00   1.0185592031e+00
5.8732411695e+00   9.9896500496e-01
5.8781263673e+00   9.7920769153e-01
5.8830115652e+00   9.5937848412e-01
5.8878967630e+00   9.3956017838e-01
5.8927819609e+00   9.1982750464e-01
5.8928819609e+00   9.1942495611e-01
5.8938819609e+00   9.1540312483e-01
5.8987671587e+00   8.9586620402e-01
5.9036523566e+00   8.7655499082e-01
5.9085375544e+00   8.5752215340e-01
5.9134227523e+00   8.3881501070e-01
5.9183079501e+00   8.2047629494e-01
5.9231931480e+00   8.0254491991e-01
5.9280783458e+00   7.8505674513e-01
5.9329635437e+00   7.6804533051e-01
5.9378487415e+00   7.5154267930e-01
5.9427339394e+00   7.3557997055e-01
5.9476191372e+00   7.2018828423e-01
5.9525043351e+00   7.0539932415e-01
5.9573895329e+00   6.9124614517e-01
5.9622747308e+00   6.7776389192e-01
5.9671599286e+00   6.6499055690e-01
5.9720451265e+00   6.5296776591e-01
5.9769303243e+00   6.4174159799e-01
5.9818155222e+00   6.3136344684e-01
5.9867007200e+00   6.2189092843e-01
5.9915859179e+00   6.1338883774e-01
5.9964711157e+00   6.0593015378e-01
6.0013563136e+00   5.9959708782e-01
6.0062415114e+00   5.9448216287e-01
6.0111267093e+00   5.9068930437e-01
6.0160119071e+00   5.8833491057e-01
6.0208971050e+00   5.8754885697e-01
6.0257823028e+00   5.8847536143e-01
6.0258823028e+00   5.8851330761e-01
6.0268823028e+00   5.8893619407e-01
6.0317675007e+00   5.9217949808e-01
6.0366526985e+00   5.9751058303e-01
6.0415378964e+00   6.0512252975e-01
6.0464230942e+00   6.1522248406e-01
6.0513082921e+00   6.2802971262e-01
6.0561934900e+00   6.4377243329e-01
6.0610786878e+00   6.6268310425e-01
6.0611786878e+00   6.6310492442e-01
6.0621786878e+00   6.6740188627e-01
6.0670638857e+00   6.9050655652e-01
6.0719490835e+00   7.1727486283e-01
6.0768342814e+00   7.4789629174e-01
6.0817194792e+00   7.8252012254e-01
6.0866046771e+00   8.2123788601e-01
6.0914898749e+00   8.6406330277e-01
6.0915898749e+00   8.6498243186e-01
6.0925898749e+00   8.7426636097e-01
6.0974750728e+00   9.2199503636e-01
6.1023602706e+00   9.7347094803e-01
6.1072454685e+00   1.0283066967e+00
6.1121306663e+00   1.0859493258e+00
6.1170158642e+00   1.1456700382e+00
6.1219010620e+00   1.2065638506e+00
6.1267862599e+00   1.2675620653e+00
6.1268862599e+00   1.2688035079e+00
6.1278862599e+00   1.2811903561e+00
6.1327714577e+00   1.3406633092e+00
6.1376566556e+00   1.3974376967e+00
6.1425418534e+00   1.4501802935e+00
6.1474270513e+00   1.4976066272e+00
6.1523122491e+00   1.5385548503e+00
6.1571974470e+00   1.5720559847e+00
6.1572974470e+00   1.5726584435e+00
6.1582974470e+00   1.5784932481e+00
6.1631826448e+00   1.6019222190e+00
6.1680678427e+00   1.6167094264e+00
6.1729530405e+00   1.6228113039e+00
6.1778382384e+00   1.6204850300e+00
6.1779382384e+00   1.6203526636e+00
6.1789382384e+00   1.6188476955e+00
6.1838234362e+00   1.6069352137e+00
6.1887086341e+00   1.5880564519e+00
6.1935938319e+00   1.5631433584e+00
6.1936938319e+00   1.5625774252e+00
6.1946938319e+00   1.5568043562e+00
6.1995790298e+00   1.5258864473e+00
6.2044642276e+00   1.4912242253e+00
6.2093494255e+00   1.4538240799e+00
6.2094494255e+00   1.4530366401e+00
6.2104494255e+00   1.4451225879e+00
6.2153346233e+00   1.4056352772e+00
6.2202198212e+00   1.3653636091e+00
6.2251050190e+00   1.3250161008e+00
6.2252050190e+00   1.3241937773e+00
6.2262050190e+00   1.3159837378e+00
6.2310902169e+00   1.2763438825e+00
6.2359754147e+00   1.2378055245e+00
6.2408606126e+00   1.2007331274e+00
6.2457458104e+00   1.1654042943e+00
6.2458458104e+00   1.1647008689e+00
6.2468458104e+00   1.1577119159e+00
6.2517310083e+00   1.1247899227e+00
6.2566162061e+00   1.0939813311e+00
6.2615014040e+00   1.0653686504e+00
6.2663866018e+00   1.0389978186e+00
6.2712717997e+00   1.0148873457e+00
6.2761569975e+00   9.9303603631e-01
6.2762569975e+00   9.9261225082e-01
6.2772569975e+00   9.8842610295e-01
6.2821421954e+00   9.6932188576e-01
6.2870273932e+00   9.5243359931e-01
6.2919125911e+00   9.3773355199e-01
6.2967977889e+00   9.2519320048e-01
6.3016829868e+00   9.1478503855e-01
6.3065681846e+00   9.0648375312e-01
6.3114533825e+00   9.0026674275e-01
6.3163385803e+00   8.9611407522e-01
6.3212237782e+00   8.9400794513e-01
6.3261089760e+00   8.9393167847e-01
6.3262089760e+00   8.9395120119e-01
6.3272089760e+00   8.9419278882e-01
6.3320941739e+00   8.9658016707e-01
6.3369793717e+00   9.0095663783e-01
6.3418645696e+00   9.0729765906e-01
6.3467497674e+00   9.1557139201e-01
6.3516349653e+00   9.2573589787e-01
6.3565201631e+00   9.3773613280e-01
6.3614053610e+00   9.5150082573e-01
6.3662905588e+00   9.6693934871e-01
6.3711757567e+00   9.8393871799e-01
6.3760609545e+00   1.0023608921e+00
6.3809461524e+00   1.0220405592e+00
6.3858313502e+00   1.0427836237e+00
6.3907165481e+00   1.0643666114e+00
6.3956017459e+00   1.0865371994e+00
6.3957017459e+00   1.0869952472e+00
6.3967017459e+00   1.0915823228e+00
6.4015869438e+00   1.1140895593e+00
6.4064721416e+00   1.1365309664e+00
6.4113573395e+00   1.1585810806e+00
6.4162425373e+00   1.1799033017e+00
6.4211277352e+00   1.2001576793e+00
6.4260129330e+00   1.2190096553e+00
6.4308981309e+00   1.2361393595e+00
6.4357833287e+00   1.2512509731e+00
6.4406685266e+00   1.2640816241e+00
6.4455537244e+00   1.2744092816e+00
6.4504389223e+00   1.2820591577e+00
6.4553241201e+00   1.2869082281e+00
6.4602093180e+00   1.2888876096e+00
6.4650945158e+00   1.2879826977e+00
6.4699797137e+00   1.2842311288e+00
6.4748649115e+00   1.2777187829e+00
6.4749649115e+00   1.2775574775e+00
6.4759649115e+00   1.2758839745e+00
6.4808501094e+00   1.2661681922e+00
6.4857353072e+00   1.2540256712e+00
6.4906205051e+00   1.2396543597e+00
6.4955057029e+00   1.2232709850e+00
6.5003909008e+00   1.2051035218e+00
6.5052760986e+00   1.1853842431e+00
6.5101612965e+00   1.1643435975e+00
6.5150464943e+00   1.1422050693e+00
6.5151464943e+00   1.1417419437e+00
6.5161464943e+00   1.1370906951e+00
6.5210316922e+00   1.1138952404e+00
6.5259168900e+00   1.0900551354e+00
6.5308020879e+00   1.0657486950e+00
6.5356872857e+00   1.0411367079e+00
6.5405724836e+00   1.0163621422e+00
6.5454576815e+00   9.9155042838e-01
6.5503428793e+00   9.6681018651e-01
6.5552280772e+00   9.4223427007e-01
6.5601132750e+00   9.1790101878e-01
6.5649984729e+00   8.9387562703e-01
6.5698836707e+00   8.7021155456e-01
6.5699836707e+00   8.6973124452e-01
6.5709836707e+00   8.6493755339e-01
6.5758688686e+00   8.4177399000e-01
6.5807540664e+00   8.1905555913e-01
6.5856392643e+00   7.9680705575e-01
6.5905244621e+00   7.7504692794e-01
6.5954096600e+00   7.5378829487e-01
6.6002948578e+00   7.3303985353e-01
6.6051800557e+00   7.1280667788e-01
6.6100652535e+00   6.9309091791e-01
6.6149504514e+00   6.7389240726e-01
6.6198356492e+00   6.5520918979e-01
6.6247208471e+00   6.3703797550e-01
6.6296060449e+00   6.1937453621e-01
6.6344912428e+00   6.0221405135e-01
6.6393764406e+00   5.8555141340e-01
6.6442616385e+00   5.6938150209e-01
6.6491468363e+00   5.5369943608e-01
6.6540320342e+00   5.3850081007e-01
6.6589172320e+00   5.2378192519e-01
6.6638024299e+00   5.0954002001e-01
6.6686876277e+00   4.9577350959e-01
6.6735728256e+00   4.8248223995e-01
6.6784580234e+00   4.6966776577e-01
6.6833432213e+00   4.5733365915e-01
6.6882284191e+00   4.4548585842e-01
6.6931136170e+00   4.3413306659e-01
6.6979988148e+00   4.2328720996e-01
6.7028840127e+00   4.1296396919e-01
6.7077692105e+00   4.0318339610e-01
6.7126544084e+00   3.9397063167e-01
6.7175396062e+00   3.8535674227e-01
6.7224248041e+00   3.7737969325e-01
6.7273100019e+00   3.7008548090e-01
6.7321951998e+00   3.6352944532e-01
6.7370803976e+00   3.5777886015e-01
6.7371803976e+00   3.5767007853e-01
6.7381803976e+00   3.5660275235e-01
6.7430655955e+00   3.5194657968e-01
6.7479507933e+00   3.4829012278e-01
6.7528359912e+00   3.4574752263e-01
6.7577211890e+00   3.4445281502e-01
6.7626063869e+00   3.4456279289e-01
6.7674915847e+00   3.4626012965e-01
6.7723767826e+00   3.4975671627e-01
6.7772619804e+00   3.5529712401e-01
6.7821471783e+00   3.6316204780e-01
6.7822471783e+00   3.6334950157e-01
6.7832471783e+00   3.6528555164e-01
6.7881323761e+00   3.7643887111e-01
6.7930175740e+00   3.9068617152e-01
6.7979027718e+00   4.0844282524e-01
6.8027879697e+00   4.3016733100e-01
6.8076731675e+00   4.5635801968e-01
6.8077731675e+00   4.5694448002e-01
6.8087731675e+00   4.6292523974e-01
6.8136583654e+00   4.9531400817e-01
6.8185435632e+00   5.3337651131e-01
6.8234287611e+00   5.7766220968e-01
6.8283139589e+00   6.2868687882e-01
6.8284139589e+00   6.2980502637e-01
6.8294139589e+00   6.4115297088e-01
6.8342991568e+00   7.0102549626e-01
6.8391843546e+00   7.6844612794e-01
6.8440695525e+00   8.4349638372e-01
6.8441695525e+00   8.4511155491e-01
6.8451695525e+00   8.6143468009e-01
6.8500547503e+00   9.4553839740e-01
6.8549399482e+00   1.0363672835e+00
6.8598251460e+00   1.1328668271e+00
6.8647103439e+00   1.2335076404e+00
6.8648103439e+00   1.2355976503e+00
6.8658103439e+00   1.2565433080e+00
6.8706955417e+00   1.3594628789e+00
6.8755807396e+00   1.4614346952e+00
6.8804659374e+00   1.5595802039e+00
6.8853511353e+00   1.6508672647e+00
6.8854511353e+00   1.6526430433e+00
6.8864511353e+00   1.6701684030e+00
6.8913363331e+00   1.7490348957e+00
6.8962215310e+00   1.8148855228e+00
6.9011067288e+00   1.8657552741e+00
6.9012067288e+00   1.8666302274e+00
6.9022067288e+00   1.8750038186e+00
6.9061494932e+00   1.9012884468e+00
6.9104142584e+00   1.9175947030e+00
6.9105142584e+00   1.9178275945e+00
6.9115142584e+00   1.9197860517e+00
6.9150779674e+00   1.9214065827e+00
6.9188253209e+00   1.9145376024e+00
6.9189253209e+00   1.9142407253e+00
6.9199253209e+00   1.9109618418e+00
6.9232989737e+00   1.8959397605e+00
6.9267921808e+00   1.8745579215e+00
6.9268921808e+00   1.8738670658e+00
6.9278921808e+00   1.8667352725e+00
6.9312078436e+00   1.8404126712e+00
6.9346158751e+00   1.8097137792e+00
6.9347158751e+00   1.8087658858e+00
6.9357158751e+00   1.7991569349e+00
6.9390803898e+00   1.7653204928e+00
6.9425268591e+00   1.7288690960e+00
6.9426268591e+00   1.7277923284e+00
6.9436268591e+00   1.7169807543e+00
6.9471384037e+00   1.6785955538e+00
6.9507275324e+00   1.6392472742e+00
6.9508275324e+00   1.6381559759e+00
6.9518275324e+00   1.6272698953e+00
6.9555887737e+00   1.5869457838e+00
6.9594233018e+00   1.5473189418e+00
6.9638068467e+00   1.5045339758e+00
6.9639068467e+00   1.5035941074e+00
6.9649068467e+00   1.4942908052e+00
6.9692657442e+00   1.4558794590e+00
6.9736842071e+00   1.4207717367e+00
6.9785694049e+00   1.3867399608e+00
6.9786694049e+00   1.3860970953e+00
6.9796694049e+00   1.3797879748e+00
6.9845546028e+00   1.3520926029e+00
6.9894398006e+00   1.3295350299e+00
6.9943249985e+00   1.3119476992e+00
6.9992101963e+00   1.2990622217e+00
6.9993101963e+00   1.2988452307e+00
7.0003101963e+00   1.2967750299e+00
7.0051953942e+00   1.2891677264e+00
7.0100805920e+00   1.2854002047e+00
7.0149657899e+00   1.2849996185e+00
7.0198509877e+00   1.2874568867e+00
7.0247361856e+00   1.2922370361e+00
7.0296213834e+00   1.2987891935e+00
7.0345065813e+00   1.3065566614e+00
7.0393917791e+00   1.3149873022e+00
7.0442769770e+00   1.3235442365e+00
7.0491621748e+00   1.3317166713e+00
7.0540473727e+00   1.3390305032e+00
7.0589325705e+00   1.3450582337e+00
7.0638177684e+00   1.3494276750e+00
7.0687029662e+00   1.3518289423e+00
7.0735881641e+00   1.3520193015e+00
7.0784733619e+00   1.3498255790e+00
7.0833585598e+00   1.3451440060e+00
7.0882437576e+00   1.3379375577e+00
7.0931289555e+00   1.3282310251e+00
7.0980141533e+00   1.3161042045e+00
7.1028993512e+00   1.3016836968e+00
7.1077845490e+00   1.2851338608e+00
7.1126697469e+00   1.2666474625e+00
7.1127697469e+00   1.2662502866e+00
7.1137697469e+00   1.2622391786e+00
7.1186549447e+00   1.2416704030e+00
7.1235401426e+00   1.2196506255e+00
7.1284253404e+00   1.1964054096e+00
7.1333105383e+00   1.1721556225e+00
7.1381957361e+00   1.1471124611e+00
7.1430809340e+00   1.1214737107e+00
7.1479661318e+00   1.0954211607e+00
7.1528513297e+00   1.0691190515e+00
7.1529513297e+00   1.0685790995e+00
7.1539513297e+00   1.0631774845e+00
7.1588365275e+00   1.0367667920e+00
7.1637217254e+00   1.0104067212e+00
7.1686069232e+00   9.8420368214e-01
7.1734921211e+00   9.5824775500e-01
7.1783773189e+00   9.3261399746e-01
7.1832625168e+00   9.0736388758e-01
7.1881477146e+00   8.8254681570e-01
7.1930329125e+00   8.5820156036e-01
7.1979181103e+00   8.3435770108e-01
7.2028033082e+00   8.1103693618e-01
7.2076885060e+00   7.8825428644e-01
7.2125737039e+00   7.6601917545e-01
7.2174589017e+00   7.4433638484e-01
7.2223440996e+00   7.2320688808e-01
7.2272292974e+00   7.0262856134e-01
7.2273292974e+00   7.0221305111e-01
7.2283292974e+00   6.9807053815e-01
7.2332144953e+00   6.7816102116e-01
7.2380996931e+00   6.5878983362e-01
7.2429848910e+00   6.3994861296e-01
7.2478700888e+00   6.2162791071e-01
7.2527552867e+00   6.0381747968e-01
7.2576404845e+00   5.8650650966e-01
7.2625256824e+00   5.6968381996e-01
7.2674108802e+00   5.5333801601e-01
7.2722960781e+00   5.3745761632e-01
7.2771812759e+00   5.2203115548e-01
7.2820664738e+00   5.0704726770e-01
7.2869516716e+00   4.9249475510e-01
7.2918368695e+00   4.7836264417e-01
7.2967220673e+00   4.6464023330e-01
7.3016072652e+00   4.5131713395e-01
7.3064924630e+00   4.3838330771e-01
7.3113776609e+00   4.2582910125e-01
7.3162628587e+00   4.1364528086e-01
7.3211480566e+00   4.0182306836e-01
7.3260332544e+00   3.9035418004e-01
7.3309184523e+00   3.7923087022e-01
7.3358036501e+00   3.6844598125e-01
7.3406888480e+00   3.5799300186e-01
7.3455740458e+00   3.4786613585e-01
7.3504592437e+00   3.3806038368e-01
7.3553444415e+00   3.2857163957e-01
7.3602296394e+00   3.1939680739e-01
7.3651148372e+00   3.1053393905e-01
7.3700000351e+00   3.0198239989e-01
7.3748852329e+00   2.9374306619e-01
7.3797704308e+00   2.8581856110e-01
7.3846556286e+00   2.7821353625e-01
7.3895408265e+00   2.7093500769e-01
7.3944260243e+00   2.6399275643e-01
7.3993112222e+00   2.5739980563e-01
7.4041964201e+00   2.5117298845e-01
7.4090816179e+00   2.4533362329e-01
7.4139668158e+00   2.3990831560e-01
7.4188520136e+00   2.3492990846e-01
7.4237372115e+00   2.3043860765e-01
7.4286224093e+00   2.2648389062e-01
7.4287224093e+00   2.2640893332e-01
7.4297224093e+00   2.2567317862e-01
7.4346076072e+00   2.2245709046e-01
7.4394928050e+00   2.1992542980e-01
7.4443780029e+00   2.1816724989e-01
7.4492632007e+00   2.1728898439e-01
7.4541483986e+00   2.1741744918e-01
7.4590335964e+00   2.1870328757e-01
7.4639187943e+00   2.2132488601e-01
7.4688039921e+00   2.2549276906e-01
7.4736891900e+00   2.3145445155e-01
7.4737891900e+00   2.3159718228e-01
7.4747891900e+00   2.3307300990e-01
7.4796743878e+00   2.4163212497e-01
7.4845595857e+00   2.5269537001e-01
7.4894447835e+00   2.6666609128e-01
7.4943299814e+00   2.8400693262e-01
7.4992151792e+00   3.0524358060e-01
7.4993151792e+00   3.0572302639e-01
7.5003151792e+00   3.1062193341e-01
7.5052003771e+00   3.3744288556e-01
7.5100855749e+00   3.6955857354e-01
7.5149707728e+00   4.0768947901e-01
7.5198559706e+00   4.5259377509e-01
7.5199559706e+00   4.5358913988e-01
7.5209559706e+00   4.6371811510e-01
7.5258411685e+00   5.1796781228e-01
7.5307263663e+00   5.8065869343e-01
7.5356115642e+00   6.5241862782e-01
7.5357115642e+00   6.5398584262e-01
7.5367115642e+00   6.6987850431e-01
7.5415967620e+00   7.5333721385e-01
7.5464819599e+00   8.4648177016e-01
7.5513671577e+00   9.4900030532e-01
7.5514671577e+00   9.5119188563e-01
7.5524671577e+00   9.7330338901e-01
7.5573523556e+00   1.0860992262e+00
7.5622375534e+00   1.2055315457e+00
7.5671227513e+00   1.3292659757e+00
7.5672227513e+00   1.3318235373e+00
7.5682227513e+00   1.3574230824e+00
7.5731079491e+00   1.4822246857e+00
7.5779931470e+00   1.6037668455e+00
7.5828783448e+00   1.7179509479e+00
7.5829783448e+00   1.7201820776e+00
7.5839783448e+00   1.7422203922e+00
7.5883440810e+00   1.8319058737e+00
7.5930750703e+00   1.9148760022e+00
7.5931750703e+00   1.9164499520e+00
7.5941750703e+00   1.9317553180e+00
7.5978297757e+00   1.9807279066e+00
7.6018131374e+00   2.0210405760e+00
7.6019131374e+00   2.0218725118e+00
7.6029131374e+00   2.0297029599e+00
7.6061198116e+00   2.0488240264e+00
7.6095498173e+00   2.0593170335e+00
7.6096498173e+00   2.0594721636e+00
7.6106498173e+00   2.0605645500e+00
7.6136009135e+00   2.0590553113e+00
7.6166976874e+00   2.0503024051e+00
7.6167976874e+00   2.0499047224e+00
7.6177976874e+00   2.0455510920e+00
7.6206207052e+00   2.0297517021e+00
7.6235574204e+00   2.0083511338e+00
7.6236574204e+00   2.0075419335e+00
7.6246574204e+00   1.9991806307e+00
7.6274467294e+00   1.9734793404e+00
7.6303351084e+00   1.9437310585e+00
7.6304351084e+00   1.9426527558e+00
7.6314351084e+00   1.9317135917e+00
7.6342686137e+00   1.8993843188e+00
7.6371971406e+00   1.8644402184e+00
7.6372971406e+00   1.8632276118e+00
7.6382971406e+00   1.8510505075e+00
7.6412471862e+00   1.8147821214e+00
7.6442931268e+00   1.7772907283e+00
7.6443931268e+00   1.7760660779e+00
7.6453931268e+00   1.7638566808e+00
7.6485355905e+00   1.7260992599e+00
7.6517759495e+00   1.6885647466e+00
7.6518759495e+00   1.6874344857e+00
7.6528759495e+00   1.6762351366e+00
7.6562994442e+00   1.6394515180e+00
7.6598212971e+00   1.6044581394e+00
7.6639386596e+00   1.5676677412e+00
7.6640386596e+00   1.5668326523e+00
7.6650386596e+00   1.5586384766e+00
7.6690964556e+00   1.5283654026e+00
7.6732458137e+00   1.5024394030e+00
7.6781310115e+00   1.4784308964e+00
7.6782310115e+00   1.4780118763e+00
7.6792310115e+00   1.4739787194e+00
7.6841162094e+00   1.4582802418e+00
7.6890014072e+00   1.4488577323e+00
7.6938866051e+00   1.4450818864e+00
7.6987718029e+00   1.4461961992e+00
7.7036570008e+00   1.4513463765e+00
7.7037570008e+00   1.4514875447e+00
7.7047570008e+00   1.4529692234e+00
7.7096421986e+00   1.4617997265e+00
7.7145273965e+00   1.4725563733e+00
7.7194125943e+00   1.4842621142e+00
7.7242977922e+00   1.4959635265e+00
7.7291829900e+00   1.5067604536e+00
7.7340681879e+00   1.5158342505e+00
7.7389533857e+00   1.5224729993e+00
7.7438385836e+00   1.5260919973e+00
7.7487237814e+00   1.5262480312e+00
7.7536089793e+00   1.5226464180e+00
7.7584941771e+00   1.5151404251e+00
7.7633793750e+00   1.5037233817e+00
7.7634793750e+00   1.5034494659e+00
7.7644793750e+00   1.5006230613e+00
7.7693645728e+00   1.4845881171e+00
7.7742497707e+00   1.4650506159e+00
7.7791349685e+00   1.4423369323e+00
7.7840201664e+00   1.4168293756e+00
7.7889053642e+00   1.3889435498e+00
7.7890053642e+00   1.3883508977e+00
7.7900053642e+00   1.3823802600e+00
7.7948905621e+00   1.3521643849e+00
7.7997757599e+00   1.3205154841e+00
7.8046609578e+00   1.2878326986e+00
7.8095461556e+00   1.2544842516e+00
7.8144313535e+00   1.2208012900e+00
7.8145313535e+00   1.2201104229e+00
7.8155313535e+00   1.2132013316e+00
7.8204165513e+00   1.1795008312e+00
7.8253017492e+00   1.1460572788e+00
7.8301869470e+00   1.1130720526e+00
7.8350721449e+00   1.0807099276e+00
7.8399573427e+00   1.0491026481e+00
7.8448425406e+00   1.0183529293e+00
7.8497277384e+00   9.8853859366e-01
7.8498277384e+00   9.8793849650e-01
7.8508277384e+00   9.8196051581e-01
7.8557129363e+00   9.5336805239e-01
7.8605981341e+00   9.2581497158e-01
7.8654833320e+00   8.9932519206e-01
7.8703685298e+00   8.7391297503e-01
7.8752537277e+00   8.4958563692e-01
7.8801389255e+00   8.2634591213e-01
7.8850241234e+00   8.0419399696e-01
7.8899093212e+00   7.8312931374e-01
7.8947945191e+00   7.6315203781e-01
7.8996797169e+00   7.4426443082e-01
7.9045649148e+00   7.2647202156e-01
7.9094501126e+00   7.0978467266e-01
7.9095501126e+00   7.0945472110e-01
7.9105501126e+00   7.0618104561e-01
7.9154353105e+00   6.9086890379e-01
7.9203205083e+00   6.7670423632e-01
7.9252057062e+00   6.6371740052e-01
7.9300909040e+00   6.5194704105e-01
7.9349761019e+00   6.4144101143e-01
7.9398612997e+00   6.3225731285e-01
7.9447464976e+00   6.2446504855e-01
7.9496316954e+00   6.1814538256e-01
7.9545168933e+00   6.1339248005e-01
7.9594020911e+00   6.1031439297e-01
7.9642872890e+00   6.0903383700e-01
7.9643872890e+00   6.0902734217e-01
7.9653872890e+00   6.0900724649e-01
7.9702724868e+00   6.1011863526e-01
7.9751576847e+00   6.1335578849e-01
7.9800428826e+00   6.1889112308e-01
7.9849280804e+00   6.2691158528e-01
7.9898132783e+00   6.3761698094e-01
7.9946984761e+00   6.5121722328e-01
7.9995836740e+00   6.6792821074e-01
7.9996836740e+00   6.6830430190e-01
8.0006836740e+00   6.7214230194e-01
8.0055688718e+00   6.9295841865e-01
8.0104540697e+00   7.1735468813e-01
8.0153392675e+00   7.4551612528e-01
8.0202244654e+00   7.7759407850e-01
8.0251096632e+00   8.1369030397e-01
8.0299948611e+00   8.5383855371e-01
8.0300948611e+00   8.5470249984e-01
8.0310948611e+00   8.6343408785e-01
8.0359800589e+00   9.0846144431e-01
8.0408652568e+00   9.5726726590e-01
8.0457504546e+00   1.0095238912e+00
8.0506356525e+00   1.0647503646e+00
8.0555208503e+00   1.1223000708e+00
8.0604060482e+00   1.1813567257e+00
8.0652912460e+00   1.2409415444e+00
8.0653912460e+00   1.2421590917e+00
8.0663912460e+00   1.2543188717e+00
8.0712764439e+00   1.3130114313e+00
8.0761616417e+00   1.3695981091e+00
8.0810468396e+00   1.4227900330e+00
8.0859320374e+00   1.4713177797e+00
8.0908172353e+00   1.5140009125e+00
8.0957024331e+00   1.5498170178e+00
8.1005876310e+00   1.5779629887e+00
8.1006876310e+00   1.5784547544e+00
8.1016876310e+00   1.5831819850e+00
8.1065728288e+00   1.6012283586e+00
8.1114580267e+00   1.6108097374e+00
8.1163432245e+00   1.6120447843e+00
8.1164432245e+00   1.6119852147e+00
8.1174432245e+00   1.6112067539e+00
8.1223284224e+00   1.6027750274e+00
8.1272136202e+00   1.5871811822e+00
8.1320988181e+00   1.5652630219e+00
8.1321988181e+00   1.5647548336e+00
8.1331988181e+00   1.5595507748e+00
8.1380840159e+00   1.5311803500e+00
8.1429692138e+00   1.4986549784e+00
8.1478544116e+00   1.4629647432e+00
8.1479544116e+00   1.4622078371e+00
8.1489544116e+00   1.4545893418e+00
8.1538396095e+00   1.4162942795e+00
8.1587248073e+00   1.3768139142e+00
8.1636100052e+00   1.3368866694e+00
8.1637100052e+00   1.3360693173e+00
8.1647100052e+00   1.3279013268e+00
8.1695952030e+00   1.2882759017e+00
8.1744804009e+00   1.2494630134e+00
8.1793655987e+00   1.2118646261e+00
8.1842507966e+00   1.1757936029e+00
8.1843507966e+00   1.1750729581e+00
8.1853507966e+00   1.1679076301e+00
8.1902359944e+00   1.1340217901e+00
8.1951211923e+00   1.1020991457e+00
8.2000063901e+00   1.0722455881e+00
8.2048915880e+00   1.0445266845e+00
8.2097767858e+00   1.0189771631e+00
8.2146619837e+00   9.9560907419e-01
8.2147619837e+00   9.9515350781e-01
8.2157619837e+00   9.9064802949e-01
8.2206471815e+00   9.6994625513e-01
8.2255323794e+00   9.5140397835e-01
8.2304175772e+00   9.3500054426e-01
8.2353027751e+00   9.2071356100e-01
8.2401879729e+00   9.0852125237e-01
8.2450731708e+00   8.9840405933e-01
8.2499583686e+00   8.9034558726e-01
8.2548435665e+00   8.8433297820e-01
8.2597287643e+00   8.8035676973e-01
8.2598287643e+00   8.8029659513e-01
8.2608287643e+00   8.7974161293e-01
8.2657139622e+00   8.7825144653e-01
8.2705991600e+00   8.7878506247e-01
8.2754843579e+00   8.8133764077e-01
8.2803695557e+00   8.8590233112e-01
8.2852547536e+00   8.9246794334e-01
8.2901399514e+00   9.0101628729e-01
8.2950251493e+00   9.1151919691e-01
8.2999103471e+00   9.2393529066e-01
8.3047955450e+00   9.3820654440e-01
8.3096807428e+00   9.5425478210e-01
8.3145659407e+00   9.7197822255e-01
8.3194511385e+00   9.9124825527e-01
8.3195511385e+00   9.9165780673e-01
8.3205511385e+00   9.9578504798e-01
8.3254363364e+00   1.0167310274e+00
8.3303215342e+00   1.0388281299e+00
8.3352067321e+00   1.0618460252e+00
8.3400919299e+00   1.0855216419e+00
8.3449771278e+00   1.1095609145e+00
8.3498623256e+00   1.1336421578e+00
8.3547475235e+00   1.1574211555e+00
8.3596327213e+00   1.1805379395e+00
8.3645179192e+00   1.2026251075e+00
8.3694031170e+00   1.2233173850e+00
8.3742883149e+00   1.2422620055e+00
8.3791735127e+00   1.2591293677e+00
8.3840587106e+00   1.2736233571e+00
8.3889439084e+00   1.2854906967e+00
8.3938291063e+00   1.2945287300e+00
8.3987143041e+00   1.3005911385e+00
8.4035995020e+00   1.3035912466e+00
8.4084846998e+00   1.3035027476e+00
8.4133698977e+00   1.3003578864e+00
8.4182550955e+00   1.2942433190e+00
8.4183550955e+00   1.2940880104e+00
8.4193550955e+00   1.2924698172e+00
8.4242402934e+00   1.2829051850e+00
8.4291254912e+00   1.2707259498e+00
8.4340106891e+00   1.2561462810e+00
8.4388958869e+00   1.2394018852e+00
8.4437810848e+00   1.2207414275e+00
8.4486662826e+00   1.2004185985e+00
8.4535514805e+00   1.1786851248e+00
8.4536514805e+00   1.1782272415e+00
8.4546514805e+00   1.1736219929e+00
8.4595366783e+00   1.1504915039e+00
8.4644218762e+00   1.1264757160e+00
8.4693070741e+00   1.1017862031e+00
8.4741922719e+00   1.0766159398e+00
8.4790774698e+00   1.0511382074e+00
8.4839626676e+00   1.0255063208e+00
8.4888478655e+00   9.9985401262e-01
8.4937330633e+00   9.7429631456e-01
8.4986182612e+00   9.4893078984e-01
8.5035034590e+00   9.2383899072e-01
8.5036034590e+00   9.2332871582e-01
8.5046034590e+00   9.1823395896e-01
8.5094886569e+00   8.9356766206e-01
8.5143738547e+00   8.6930711365e-01
8.5192590526e+00   8.4549303379e-01
8.5241442504e+00   8.2215672312e-01
8.5290294483e+00   7.9932143288e-01
8.5339146461e+00   7.7700360809e-01
8.5387998440e+00   7.5521399764e-01
8.5436850418e+00   7.3395863192e-01
8.5485702397e+00   7.1323967373e-01
8.5534554375e+00   6.9305615099e-01
8.5583406354e+00   6.7340458213e-01
8.5632258332e+00   6.5427950546e-01
8.5681110311e+00   6.3567392427e-01
8.5729962289e+00   6.1757967894e-01
8.5778814268e+00   5.9998775671e-01
8.5827666246e+00   5.8288854877e-01
8.5876518225e+00   5.6627206352e-01
8.5925370203e+00   5.5012810383e-01
8.5974222182e+00   5.3444641503e-01
8.6023074160e+00   5.1921680978e-01
8.6071926139e+00   5.0442927484e-01
8.6120778117e+00   4.9007406430e-01
8.6169630096e+00   4.7614178310e-01
8.6218482074e+00   4.6262346430e-01
8.6267334053e+00   4.4951064300e-01
8.6316186031e+00   4.3679542976e-01
8.6365038010e+00   4.2447058617e-01
8.6413889988e+00   4.1252973561e-01
8.6462741967e+00   4.0096734188e-01
8.6511593945e+00   3.8977883396e-01
8.6512593945e+00   3.8955368390e-01
8.6522593945e+00   3.8731071275e-01
8.6571445924e+00   3.7657570354e-01
8.6620297902e+00   3.6620866668e-01
8.6669149881e+00   3.5620925733e-01
8.6718001859e+00   3.4657887115e-01
8.6766853838e+00   3.3732091419e-01
8.6815705816e+00   3.2844112235e-01
8.6864557795e+00   3.1994793994e-01
8.6913409773e+00   3.1185296812e-01
8.6962261752e+00   3.0417149598e-01
8.7011113730e+00   2.9692312908e-01
8.7059965709e+00   2.9013253254e-01
8.7108817687e+00   2.8383030854e-01
8.7157669666e+00   2.7805403075e-01
8.7206521644e+00   2.7284946142e-01
8.7255373623e+00   2.6827197968e-01
8.7304225601e+00   2.6438825277e-01
8.7353077580e+00   2.6127818384e-01
8.7401929558e+00   2.5903717181e-01
8.7450781537e+00   2.5777871759e-01
8.7451781537e+00   2.5776412639e-01
8.7461781537e+00   2.5764419142e-01
8.7510633515e+00   2.5777542661e-01
8.7559485494e+00   2.5922243840e-01
8.7608337472e+00   2.6217948345e-01
8.7657189451e+00   2.6687426889e-01
8.7706041429e+00   2.7357254656e-01
8.7754893408e+00   2.8258290173e-01
8.7803745386e+00   2.9426152049e-01
8.7804745386e+00   2.9453122818e-01
8.7814745386e+00   2.9729992584e-01
8.7863597365e+00   3.1280966136e-01
8.7912449343e+00   3.3197191207e-01
8.7961301322e+00   3.5532086636e-01
8.8010153300e+00   3.8344690049e-01
8.8011153300e+00   3.8407696554e-01
8.8021153300e+00   3.9050365977e-01
8.8070005279e+00   4.2536029062e-01
8.8118857257e+00   4.6647097301e-01
8.8167709236e+00   5.1453447605e-01
8.8168709236e+00   5.1559580532e-01
8.8178709236e+00   5.2638632681e-01
8.8227561214e+00   5.8388708742e-01
8.8276413193e+00   6.4975228166e-01
8.8325265171e+00   7.2442402516e-01
8.8326265171e+00   7.2604653350e-01
8.8336265171e+00   7.4248025453e-01
8.8385117150e+00   8.2820333593e-01
8.8433969128e+00   9.2276127858e-01
8.8482821107e+00   1.0255129775e+00
8.8483821107e+00   1.0276945801e+00
8.8493821107e+00   1.0496705033e+00
8.8542673085e+00   1.1607860065e+00
8.8591525064e+00   1.2766224658e+00
8.8640377042e+00   1.3946040460e+00
8.8689229021e+00   1.5115783903e+00
8.8690229021e+00   1.5139376540e+00
8.8700229021e+00   1.5374177837e+00
8.8749080999e+00   1.6482468500e+00
8.8797932978e+00   1.7498520449e+00
8.8846784956e+00   1.8386221812e+00
8.8847784956e+00   1.8402822376e+00
8.8857784956e+00   1.8565089136e+00
8.8897832282e+00   1.9143189465e+00
8.8941684429e+00   1.9634718521e+00
8.8942684429e+00   1.9644122319e+00
8.8952684429e+00   1.9733653822e+00
8.8987277938e+00   1.9979781781e+00
8.9024495954e+00   2.0134717544e+00
8.9025495954e+00   2.0137332572e+00
8.9035495954e+00   2.0159106871e+00
8.9066983477e+00   2.0176858950e+00
8.9100104164e+00   2.0116446179e+00
8.9101104164e+00   2.0113429654e+00
8.9111104164e+00   2.0079588605e+00
8.9140987772e+00   1.9940490146e+00
8.9172052556e+00   1.9741053293e+00
8.9173052556e+00   1.9733789764e+00
8.9183052556e+00   1.9658466942e+00
8.9212411619e+00   1.9411218110e+00
8.9242754631e+00   1.9120556732e+00
8.9243754631e+00   1.9110457295e+00
8.9253754631e+00   1.9007844527e+00
8.9283461544e+00   1.8687809563e+00
8.9314086074e+00   1.8339734875e+00
8.9315086074e+00   1.8328139908e+00
8.9325086074e+00   1.8211578324e+00
8.9355934892e+00   1.7847014778e+00
8.9387693515e+00   1.7469059682e+00
8.9388693515e+00   1.7457185944e+00
8.9398693515e+00   1.7338687830e+00
8.9431503059e+00   1.6954739581e+00
8.9465227195e+00   1.6572350673e+00
8.9466227195e+00   1.6561257561e+00
8.9476227195e+00   1.6451209219e+00
8.9511941869e+00   1.6072706189e+00
8.9548558020e+00   1.5711753599e+00
8.9591386751e+00   1.5329327756e+00
8.9592386751e+00   1.5320944444e+00
8.9602386751e+00   1.5238524579e+00
8.9644715921e+00   1.4918712999e+00
8.9687843425e+00   1.4642343637e+00
8.9736695404e+00   1.4389929163e+00
8.9737695404e+00   1.4385427246e+00
8.9747695404e+00   1.4341854639e+00
8.9796547382e+00   1.4166021321e+00
8.9845399361e+00   1.4048705977e+00
8.9894251339e+00   1.3984827891e+00
8.9943103318e+00   1.3968207470e+00
8.9991955296e+00   1.3991806721e+00
8.9992955296e+00   1.3992656756e+00
9.0002955296e+00   1.4001892909e+00
9.0051807275e+00   1.4064257912e+00
9.0100659253e+00   1.4149207210e+00
9.0149511232e+00   1.4248415393e+00
9.0198363210e+00   1.4353618543e+00
9.0247215189e+00   1.4456839093e+00
9.0296067167e+00   1.4550607592e+00
9.0344919146e+00   1.4628171489e+00
9.0393771124e+00   1.4683679175e+00
9.0442623103e+00   1.4712327426e+00
9.0491475081e+00   1.4710462157e+00
9.0540327060e+00   1.4675625743e+00
9.0589179038e+00   1.4606548539e+00
9.0638031017e+00   1.4503087019e+00
9.0686882995e+00   1.4366115352e+00
9.0687882995e+00   1.4362972502e+00
9.0697882995e+00   1.4330814757e+00
9.0746734974e+00   1.4155244926e+00
9.0795586952e+00   1.3950995481e+00
9.0844438931e+00   1.3721137715e+00
9.0893290909e+00   1.3469052177e+00
9.0942142888e+00   1.3198266574e+00
9.0990994866e+00   1.2912314525e+00
9.0991994866e+00   1.2906327053e+00
9.1001994866e+00   1.2846188381e+00
9.1050846845e+00   1.2546302276e+00
9.1099698823e+00   1.2238588103e+00
9.1148550802e+00   1.1925940992e+00
9.1197402780e+00   1.1610947646e+00
9.1246254759e+00   1.1295871609e+00
9.1295106737e+00   1.0982654475e+00
9.1343958716e+00   1.0672929157e+00
9.1344958716e+00   1.0666635485e+00
9.1354958716e+00   1.0603813015e+00
9.1403810694e+00   1.0300173355e+00
9.1452662673e+00   1.0002669605e+00
9.1501514651e+00   9.7121108664e-01
9.1550366630e+00   9.4291142866e-01
9.1599218608e+00   9.1541349962e-01
9.1648070587e+00   8.8874942327e-01
9.1696922565e+00   8.6294051081e-01
9.1745774544e+00   8.3799957548e-01
9.1794626522e+00   8.1393298056e-01
9.1843478501e+00   7.9074243136e-01
9.1892330479e+00   7.6842653193e-01
9.1893330479e+00   7.6797884036e-01
9.1903330479e+00   7.6352200345e-01
9.1952182458e+00   7.4227332713e-01
9.2001034436e+00   7.2189161176e-01
9.2049886415e+00   7.0237380245e-01
9.2098738393e+00   6.8371839148e-01
9.2147590372e+00   6.6592622834e-01
9.2196442350e+00   6.4900127880e-01
9.2245294329e+00   6.3295135869e-01
9.2294146307e+00   6.1778886616e-01
9.2342998286e+00   6.0353153404e-01
9.2391850264e+00   5.9020322210e-01
9.2440702243e+00   5.7783476736e-01
9.2489554221e+00   5.6646490818e-01
9.2538406200e+00   5.5614129571e-01
9.2587258178e+00   5.4692160341e-01
9.2636110157e+00   5.3887474095e-01
9.2637110157e+00   5.3872282129e-01
9.2647110157e+00   5.3723267230e-01
9.2695962135e+00   5.3073517367e-01
9.2744814114e+00   5.2561098464e-01
9.2793666092e+00   5.2197472575e-01
9.2842518071e+00   5.1995840607e-01
9.2891370049e+00   5.1971297532e-01
9.2940222028e+00   5.2140978624e-01
9.2989074006e+00   5.2524185314e-01
9.3037925985e+00   5.3142475062e-01
9.3086777963e+00   5.4019694391e-01
9.3087777963e+00   5.4040535222e-01
9.3097777963e+00   5.4255559501e-01
9.3146629942e+00   5.5485784305e-01
9.3195481920e+00   5.7035770808e-01
9.3244333899e+00   5.8935736462e-01
9.3293185877e+00   6.1216941033e-01
9.3342037856e+00   6.3910811267e-01
9.3390889834e+00   6.7047724970e-01
9.3391889834e+00   6.7116766488e-01
9.3401889834e+00   6.7818088186e-01
9.3450741813e+00   7.1535146972e-01
9.3499593791e+00   7.5750236473e-01
9.3548445770e+00   8.0477090634e-01
9.3597297748e+00   8.5718533908e-01
9.3646149727e+00   9.1463123970e-01
9.3647149727e+00   9.1585799683e-01
9.3657149727e+00   9.2823444644e-01
9.3706001705e+00   9.9142602808e-01
9.3754853684e+00   1.0587101370e+00
9.3803705662e+00   1.1292914195e+00
9.3852557641e+00   1.2021199990e+00
9.3901409619e+00   1.2758964351e+00
9.3950261598e+00   1.3490990046e+00
9.3951261598e+00   1.3505797886e+00
9.3961261598e+00   1.3653322718e+00
9.4010113576e+00   1.4355147900e+00
9.4058965555e+00   1.5012436441e+00
9.4107817533e+00   1.5607581313e+00
9.4156669512e+00   1.6124411273e+00
9.4205521490e+00   1.6549300563e+00
9.4206521490e+00   1.6556959704e+00
9.4216521490e+00   1.6631175842e+00
9.4265373469e+00   1.6930040332e+00
9.4314225447e+00   1.7120173827e+00
9.4363077426e+00   1.7201143550e+00
9.4364077426e+00   1.7201681317e+00
9.4374077426e+00   1.7204637684e+00
9.4421042198e+00   1.7161255500e+00
9.4469894177e+00   1.7022394775e+00
9.4470894177e+00   1.7018627915e+00
9.4480894177e+00   1.6979033141e+00
9.4525683852e+00   1.6761272586e+00
9.4571651171e+00   1.6477313664e+00
9.4572651171e+00   1.6470542643e+00
9.4582651171e+00   1.6401571033e+00
9.4627242741e+00   1.6068879122e+00
9.4672506536e+00   1.5697367640e+00
9.4721358515e+00   1.5270471694e+00
9.4722358515e+00   1.5261537694e+00
9.4732358515e+00   1.5171878506e+00
9.4779738256e+00   1.4741695956e+00
9.4827430870e+00   1.4306624439e+00
9.4876282849e+00   1.3867431509e+00
9.4877282849e+00   1.3858562359e+00
9.4887282849e+00   1.3770201345e+00
9.4936134827e+00   1.3348618207e+00
9.4984986806e+00   1.2947477295e+00
9.5033838784e+00   1.2570763712e+00
9.5082690763e+00   1.2221294167e+00
9.5083690763e+00   1.2214439511e+00
9.5093690763e+00   1.2146567325e+00
9.5142542741e+00   1.1832901211e+00
9.5191394720e+00   1.1549511852e+00
9.5240246698e+00   1.1296697582e+00
9.5289098677e+00   1.1074298981e+00
9.5337950656e+00   1.0881811973e+00
9.5386802634e+00   1.0718478284e+00
9.5387802634e+00   1.0715432963e+00
9.5397802634e+00   1.0685628215e+00
9.5446654613e+00   1.0556713052e+00
9.5495506591e+00   1.0454677129e+00
9.5544358570e+00   1.0378331312e+00
9.5593210548e+00   1.0326417953e+00
9.5642062527e+00   1.0297622316e+00
9.5690914505e+00   1.0290576454e+00
9.5739766484e+00   1.0303857483e+00
9.5788618462e+00   1.0335982073e+00
9.5837470441e+00   1.0385398766e+00
9.5886322419e+00   1.0450479608e+00
9.5935174398e+00   1.0529512478e+00
9.5936174398e+00   1.0531263485e+00
9.5946174398e+00   1.0549050257e+00
9.5995026376e+00   1.0642710926e+00
9.6043878355e+00   1.0746187731e+00
9.6092730333e+00   1.0857475130e+00
9.6141582312e+00   1.0974484864e+00
9.6190434290e+00   1.1095058921e+00
9.6239286269e+00   1.1216988237e+00
9.6288138247e+00   1.1338037014e+00
9.6336990226e+00   1.1455972171e+00
9.6385842204e+00   1.1568597096e+00
9.6434694183e+00   1.1673788475e+00
9.6483546161e+00   1.1769534728e+00
9.6532398140e+00   1.1853974305e+00
9.6581250118e+00   1.1925432027e+00
9.6630102097e+00   1.1982451668e+00
9.6678954075e+00   1.2023823085e+00
9.6727806054e+00   1.2048602552e+00
9.6776658032e+00   1.2056125266e+00
9.6825510011e+00   1.2046009500e+00
9.6874361989e+00   1.2018152354e+00
9.6923213968e+00   1.1972717528e+00
9.6972065946e+00   1.1910115992e+00
9.7020917925e+00   1.1830980758e+00
9.7069769903e+00   1.1736137188e+00
9.7118621882e+00   1.1626570420e+00
9.7167473860e+00   1.1503391454e+00
9.7216325839e+00   1.1367803373e+00
9.7265177817e+00   1.1221069047e+00
9.7266177817e+00   1.1217958048e+00
9.7276177817e+00   1.1186623424e+00
9.7325029796e+00   1.1027995855e+00
9.7373881774e+00   1.0861100283e+00
9.7422733753e+00   1.0687205569e+00
9.7471585731e+00   1.0507538188e+00
9.7520437710e+00   1.0323268231e+00
9.7569289688e+00   1.0135499232e+00
9.7618141667e+00   9.9452615130e-01
9.7666993645e+00   9.7535086465e-01
9.7715845624e+00   9.5611166124e-01
9.7764697602e+00   9.3688851837e-01
9.7813549581e+00   9.1775411144e-01
9.7862401559e+00   8.9877427275e-01
9.7911253538e+00   8.8000855442e-01
9.7960105516e+00   8.6151086534e-01
9.8008957495e+00   8.4333015718e-01
9.8057809473e+00   8.2551113995e-01
9.8106661452e+00   8.0809501264e-01
9.8155513430e+00   7.9112019905e-01
9.8204365409e+00   7.7462308234e-01
9.8253217387e+00   7.5863873563e-01
9.8302069366e+00   7.4320150834e-01
9.8350921344e+00   7.2834609541e-01
9.8399773323e+00   7.1410796935e-01
9.8448625301e+00   7.0052420220e-01
9.8497477280e+00   6.8763421474e-01
9.8546329258e+00   6.7548054567e-01
9.8595181237e+00   6.6410964695e-01
9.8644033215e+00   6.5357271038e-01
9.8692885194e+00   6.4392652933e-01
9.8741737172e+00   6.3523439727e-01
9.8790589151e+00   6.2756704156e-01
9.8839441129e+00   6.2100358665e-01
9.8888293108e+00   6.1563253495e-01
9.8937145086e+00   6.1155274576e-01
9.8985997065e+00   6.0887438270e-01
9.9034849043e+00   6.0771978684e-01
9.9083701022e+00   6.0822421673e-01
9.9132553000e+00   6.1053637637e-01
9.9181404979e+00   6.1481862800e-01
9.9182404979e+00   6.1492807638e-01
9.9192404979e+00   6.1607233555e-01
9.9241256957e+00   6.2300921386e-01
9.9290108936e+00   6.3232433739e-01
9.9338960914e+00   6.4421913202e-01
9.9387812893e+00   6.5890247987e-01
9.9436664871e+00   6.7658638406e-01
9.9485516850e+00   6.9747997225e-01
9.9534368828e+00   7.2178154877e-01
9.9535368828e+00   7.2231589253e-01
9.9545368828e+00   7.2774232744e-01
9.9594220807e+00   7.5645783014e-01
9.9643072785e+00   7.8892870938e-01
9.9691924764e+00   8.2523703364e-01
9.9740776742e+00   8.6539499401e-01
9.9789628721e+00   9.0932561598e-01
9.9838480699e+00   9.5684283778e-01
9.9839480699e+00   9.5785100421e-01
9.9849480699e+00   9.6800762419e-01
9.9898332678e+00   1.0194761570e+00
9.9947184656e+00   1.0736337116e+00
9.9996036635e+00   1.1298298321e+00
1.0000000000e+01   1.1344548984e+00
