X    Y
0.0000000000e+00   nan
7.8201368524e-02   1.5091297338e-03
1.5640273705e-01   8.1138245711e-04
2.3460410557e-01   5.7970042294e-04
3.1280547410e-01   4.6433081663e-04
3.9100684262e-01   3.9528250182e-04
4.6920821114e-01   3.4918774736e-04
5.4740957967e-01   3.1599721439e-04
6.2561094819e-01   2.9065436697e-04
7.0381231672e-01   2.7032114644e-04
7.8201368524e-01   2.5326930953e-04
8.6021505376e-01   2.3837773527e-04
9.3841642229e-01   2.2488245838e-04
1.0166177908e+00   2.1224351682e-04
1.0948191593e+00   2.0007025133e-04
1.1730205279e+00   1.9883953680e-04
1.2512218964e+00   2.0450453116e-04
1.3294232649e+00   3.4649126362e-04
1.4076246334e+00   3.4602980966e-04
1.4858260020e+00   3.4022911422e-04
1.5640273705e+00   3.2882647074e-04
1.6422287390e+00   3.1171145244e-04
1.7204301075e+00   2.8894853318e-04
1.7986314761e+00   2.6079092780e-04
1.8768328446e+00   2.2768308359e-04
1.9550342131e+00   2.1290222663e-04
2.0332355816e+00   2.3664528214e-04
2.1114369501e+00   2.5656143511e-04
2.1896383187e+00   2.7245012549e-04
2.2678396872e+00   2.8432468939e-04
2.3460410557e+00   2.9170555609e-04
2.4242424242e+00   3.5485651416e-04
2.5024437928e+00   3.5340089077e-04
2.5806451613e+00   3.4761843066e-04
2.6588465298e+00   3.3792722230e-04
2.7370478983e+00   3.2478691126e-04
2.8152492669e+00   3.0867735261e-04
2.8934506354e+00   3.2838830871e-04
2.9716520039e+00   3.4981360185e-04
3.0498533724e+00   3.6633719845e-04
3.1280547410e+00   3.7828843203e-04
3.2062561095e+00   3.8608157693e-04
3.2844574780e+00   3.9018787958e-04
3.3626588465e+00   3.9110977241e-04
3.4408602151e+00   3.8935807911e-04
3.5190615836e+00   3.8543264157e-04
3.5972629521e+00   3.7980675181e-04
3.6754643206e+00   3.7291625941e-04
3.7536656891e+00   3.6515529325e-04
3.8318670577e+00   3.5688188267e-04
3.9100684262e+00   3.4843759906e-04
3.9882697947e+00   3.4018447832e-04
4.0664711632e+00   3.3214609302e-04
4.1446725318e+00   3.2483054689e-04
4.2228739003e+00   3.1775193410e-04
4.3010752688e+00   3.1129290542e-04
4.3792766373e+00   3.0550299704e-04
4.4574780059e+00   3.0040484993e-04
4.5356793744e+00   2.9599844400e-04
4.6138807429e+00   2.9226505048e-04
4.6920821114e+00   2.8917083418e-04
4.7702834800e+00   2.8667006709e-04
4.8484848485e+00   2.8470793814e-04
4.9266862170e+00   2.8322295942e-04
5.0048875855e+00   2.8214897698e-04
5.0830889541e+00   2.8141679029e-04
5.1612903226e+00   2.8095536559e-04
5.2394916911e+00   2.8069258747e-04
5.3176930596e+00   2.8055542368e-04
5.3958944282e+00   2.8046927490e-04
5.4740957967e+00   2.8035614049e-04
5.5522971652e+00   2.8013105746e-04
5.6304985337e+00   2.7969607248e-04
5.7086999022e+00   2.7893080743e-04
5.7869012708e+00   2.7767850594e-04
5.8651026393e+00   2.7572634052e-04
5.9433040078e+00   2.7277875799e-04
6.0215053763e+00   2.6969970363e-04
6.0997067449e+00   2.2416921452e-04
6.1779081134e+00   2.2138138622e-04
6.2561094819e+00   2.1803544102e-04
6.3343108504e+00   2.1412636617e-04
6.4125122190e+00   2.1880575932e-04
6.4907135875e+00   2.2415220642e-04
6.5689149560e+00   2.3024551878e-04
6.6471163245e+00   2.3716186313e-04
6.7253176931e+00   2.4497159660e-04
6.8035190616e+00   2.5373656277e-04
6.8817204301e+00   2.6350676844e-04
6.9599217986e+00   2.7431635928e-04
7.0381231672e+00   2.8617881083e-04
7.1163245357e+00   2.9908124831e-04
7.1945259042e+00   3.1297780616e-04
7.2727272727e+00   3.2778194559e-04
7.3509286413e+00   3.4335768694e-04
7.4291300098e+00   3.5950982308e-04
7.5073313783e+00   3.7597340970e-04
7.5855327468e+00   3.9240322166e-04
7.6637341153e+00   2.5124058775e-04
7.7419354839e+00   2.6028089428e-04
7.8201368524e+00   2.6829472742e-04
7.8983382209e+00   2.7483040045e-04
7.9765395894e+00   2.7937800313e-04
8.0547409580e+00   2.8137842918e-04
8.1329423265e+00   2.8023901637e-04
8.2111436950e+00   2.7535703020e-04
8.2893450635e+00   2.6615183759e-04
8.3675464321e+00   2.5210596888e-04
8.4457478006e+00   2.3281447407e-04
8.5239491691e+00   2.4818505666e-04
8.6021505376e+00   2.6431121466e-04
8.6803519062e+00   1.5125233526e-05
8.7585532747e+00   1.4968507907e-05
8.8367546432e+00   1.4487205837e-05
8.9149560117e+00   1.3647672507e-05
8.9931573803e+00   1.2428507220e-05
9.0713587488e+00   1.0824463455e-05
9.1495601173e+00   1.2286106539e-05
9.2277614858e+00   1.4090199833e-05
9.3059628543e+00   1.5591985371e-05
9.3841642229e+00   4.7256905277e-06
9.4623655914e+00   2.3390259375e-04
9.5405669599e+00   2.5315219236e-04
9.6187683284e+00   2.6569525695e-04
9.6969696970e+00   2.7161425755e-04
9.7751710655e+00   2.7127567019e-04
9.8533724340e+00   2.6526821481e-04
9.9315738025e+00   2.5433303979e-04
1.0009775171e+01   2.3929523846e-04
1.0087976540e+01   2.3578083572e-04
1.0166177908e+01   2.5412422531e-04
1.0244379277e+01   2.6711430642e-04
1.0322580645e+01   2.7519096490e-04
1.0400782014e+01   2.7890152920e-04
1.0478983382e+01   2.7884388788e-04
1.0557184751e+01   4.6504356502e-04
1.0635386119e+01   4.5546107112e-04
1.0713587488e+01   4.4290075251e-04
1.0791788856e+01   4.2827981691e-04
1.0869990225e+01   4.1239240414e-04
1.0948191593e+01   3.9590371904e-04
1.1026392962e+01   3.7935239838e-04
1.1104594330e+01   3.6315858421e-04
1.1182795699e+01   3.4763554974e-04
1.1260997067e+01   3.3300309774e-04
1.1339198436e+01   3.1940123932e-04
1.1417399804e+01   3.0690284372e-04
1.1495601173e+01   2.9552410248e-04
1.1573802542e+01   3.4537411348e-04
1.1652003910e+01   3.3445172857e-04
1.1730205279e+01   3.2469462908e-04
1.1808406647e+01   3.1598943802e-04
1.1886608016e+01   3.0820988993e-04
1.1964809384e+01   3.0122207194e-04
1.2043010753e+01   2.9488842832e-04
1.2121212121e+01   2.9396624335e-04
1.2199413490e+01   2.9797397862e-04
1.2277614858e+01   3.0129255292e-04
1.2355816227e+01   3.0408924572e-04
1.2434017595e+01   3.0653232693e-04
1.2512218964e+01   3.0879269688e-04
1.2590420332e+01   3.1104727821e-04
1.2668621701e+01   3.1348552153e-04
1.2746823069e+01   3.1632101539e-04
1.2825024438e+01   3.1981081838e-04
1.2903225806e+01   3.2428555700e-04
1.2981427175e+01   3.3019325724e-04
1.3059628543e+01   3.3624792398e-04
1.3137829912e+01   3.4675910170e-04
1.3216031281e+01   3.5446209486e-04
1.3294232649e+01   3.6342485571e-04
1.3372434018e+01   3.7371307045e-04
1.3450635386e+01   3.8535749522e-04
1.3528836755e+01   3.9834525304e-04
1.3607038123e+01   4.1260983956e-04
1.3685239492e+01   4.2801989803e-04
1.3763440860e+01   4.4436694299e-04
1.3841642229e+01   4.6135237989e-04
1.3919843597e+01   4.7857439555e-04
1.3998044966e+01   4.9551559081e-04
1.4076246334e+01   5.1153258464e-04
1.4154447703e+01   5.2584952735e-04
1.4232649071e+01   5.3755580045e-04
1.4310850440e+01   4.6398486128e-04
1.4389051808e+01   4.6631561218e-04
1.4467253177e+01   4.6341242438e-04
1.4545454545e+01   4.5420276444e-04
1.4623655914e+01   4.3765231558e-04
1.4701857283e+01   4.1284009577e-04
1.4780058651e+01   3.7904755182e-04
1.4858260020e+01   4.0364500157e-04
1.4936461388e+01   4.2928480369e-04
1.5014662757e+01   4.4826978167e-04
1.5092864125e+01   4.5898844553e-04
1.5171065494e+01   4.5993041801e-04
1.5249266862e+01   2.8072261624e-04
1.5327468231e+01   2.6568136543e-04
1.5405669599e+01   2.4294550063e-04
1.5483870968e+01   2.1274820107e-04
1.5562072336e+01   2.0441863603e-04
1.5640273705e+01   2.4171764166e-04
1.5718475073e+01   2.7187262686e-04
1.5796676442e+01   2.9415201562e-04
1.5874877810e+01   3.6028404624e-05
1.5953079179e+01   3.5736658898e-05
1.6031280547e+01   3.4686070129e-05
1.6109481916e+01   3.2966594360e-05
1.6187683284e+01   3.0684274230e-05
1.6265884653e+01   3.1256069220e-05
1.6344086022e+01   3.3880397007e-05
1.6422287390e+01   3.5820722941e-05
1.6500488759e+01   3.7111637665e-05
1.6578690127e+01   3.7808070164e-05
1.6656891496e+01   3.7978367993e-05
1.6735092864e+01   3.7698232690e-05
1.6813294233e+01   3.7045348466e-05
1.6891495601e+01   9.4770402988e-06
1.6969696970e+01   2.4706781109e-04
1.7047898338e+01   2.3935541125e-04
1.7126099707e+01   2.3072610120e-04
1.7204301075e+01   2.2158282341e-04
1.7282502444e+01   2.1225418559e-04
1.7360703812e+01   2.0299847456e-04
1.7438905181e+01   1.9401013630e-04
1.7517106549e+01   1.8542757487e-04
1.7595307918e+01   1.7734138182e-04
1.7673509286e+01   1.6980231936e-04
1.7751710655e+01   1.6282854796e-04
1.7829912023e+01   1.5641175722e-04
1.7908113392e+01   1.5052210302e-04
1.7986314761e+01   1.4513595279e-04
1.8064516129e+01   2.4567229001e-04
1.8142717498e+01   2.3817852498e-04
1.8220918866e+01   2.4255453134e-04
1.8299120235e+01   2.4723306941e-04
1.8377321603e+01   2.5109542291e-04
1.8455522972e+01   2.5430050360e-04
1.8533724340e+01   2.5700547247e-04
1.8611925709e+01   2.5936536528e-04
1.8690127077e+01   2.6153268833e-04
1.8768328446e+01   2.6365703387e-04
1.8846529814e+01   2.6588488961e-04
1.8924731183e+01   2.6836001904e-04
1.9002932551e+01   2.7122506805e-04
1.9081133920e+01   2.7462536738e-04
1.9159335288e+01   2.7871614993e-04
1.9237536657e+01   2.8367441307e-04
1.9315738025e+01   2.8971619845e-04
1.9393939394e+01   2.9711888714e-04
1.9472140762e+01   3.0624603627e-04
1.9550342131e+01   3.1756931934e-04
1.9628543500e+01   3.3167859056e-04
1.9706744868e+01   3.4219615970e-04
1.9784946237e+01   4.2971796427e-04
1.9863147605e+01   4.4188848530e-04
1.9941348974e+01   4.5400593523e-04
2.0019550342e+01   4.6559729821e-04
2.0097751711e+01   4.7608152759e-04
2.0175953079e+01   4.8476636321e-04
2.0254154448e+01   4.9085055958e-04
2.0332355816e+01   4.9343355141e-04
2.0410557185e+01   4.9153472725e-04
2.0488758553e+01   4.8412438506e-04
2.0566959922e+01   4.7016799199e-04
2.0645161290e+01   4.4868454182e-04
2.0723362659e+01   4.1881881790e-04
2.0801564027e+01   4.1472688011e-04
2.0879765396e+01   4.4591817030e-04
2.0957966764e+01   4.8245806217e-04
2.1036168133e+01   5.0048352002e-04
2.1114369501e+01   5.0948835235e-04
2.1192570870e+01   5.0799962541e-04
2.1270772239e+01   4.9481218195e-04
2.1348973607e+01   4.6913071448e-04
2.1427174976e+01   4.3069934034e-04
2.1505376344e+01   3.7989763942e-04
2.1583577713e+01   3.6625214823e-04
2.1661779081e+01   4.3030821531e-04
2.1739980450e+01   4.2073189696e-04
2.1818181818e+01   4.5299562400e-04
2.1896383187e+01   4.7350555167e-04
2.1974584555e+01   4.8238511784e-04
2.2052785924e+01   4.8025575604e-04
2.2130987292e+01   4.6813375727e-04
2.2209188661e+01   4.4731126023e-04
2.2287390029e+01   4.1923723514e-04
2.2365591398e+01   3.8541065635e-04
2.2443792766e+01   3.8771255357e-04
2.2521994135e+01   4.1071316745e-04
2.2600195503e+01   4.2615659714e-04
2.2678396872e+01   4.3483413957e-04
2.2756598240e+01   4.3764910848e-04
2.2834799609e+01   2.8701832871e-04
2.2913000978e+01   2.8291739810e-04
2.2991202346e+01   2.7685650457e-04
2.3069403715e+01   2.6935232376e-04
2.3147605083e+01   2.6085667613e-04
2.3225806452e+01   2.5175218596e-04
2.3304007820e+01   2.4235261500e-04
2.3382209189e+01   2.3290649856e-04
2.3460410557e+01   2.2360290067e-04
2.3538611926e+01   2.1457830876e-04
2.3616813294e+01   2.0592386126e-04
2.3695014663e+01   1.9769222929e-04
2.3773216031e+01   1.8990359286e-04
2.3851417400e+01   1.8255035040e-04
2.3929618768e+01   1.7560905783e-04
2.4007820137e+01   4.0507009741e-05
2.4086021505e+01   4.1769488263e-05
2.4164222874e+01   4.2847455198e-05
2.4242424242e+01   4.3755478265e-05
2.4320625611e+01   4.4507868731e-05
2.4398826979e+01   4.5118612394e-05
2.4477028348e+01   4.5601307801e-05
2.4555229717e+01   4.5969109568e-05
2.4633431085e+01   4.6234687199e-05
2.4711632454e+01   4.6410240999e-05
2.4789833822e+01   4.6507681662e-05
2.4868035191e+01   4.6539194433e-05
2.4946236559e+01   4.6518578246e-05
2.5024437928e+01   4.6463956565e-05
2.5102639296e+01   4.6402640414e-05
2.5180840665e+01   4.6378974648e-05
2.5259042033e+01   4.6465758501e-05
2.5337243402e+01   4.6779126386e-05
2.5415444770e+01   4.7495472543e-05
2.5493646139e+01   4.8867098703e-05
2.5571847507e+01   5.1230973454e-05
2.5650048876e+01   5.5002824461e-05
2.5728250244e+01   3.0531946176e-05
2.5806451613e+01   2.0400962807e-04
2.5884652981e+01   2.0566887894e-04
2.5962854350e+01   2.0675455466e-04
2.6041055718e+01   2.0703181278e-04
2.6119257087e+01   2.0623071727e-04
2.6197458456e+01   2.0404990091e-04
2.6275659824e+01   2.0016327072e-04
2.6353861193e+01   1.9423037250e-04
2.6432062561e+01   1.8591089954e-04
2.6510263930e+01   1.7488358065e-04
2.6588465298e+01   1.7226846205e-04
2.6666666667e+01   1.8602162485e-04
2.6744868035e+01   1.9817712465e-04
2.6823069404e+01   2.0819921153e-04
2.6901270772e+01   2.1553780757e-04
2.6979472141e+01   3.7670877743e-04
2.7057673509e+01   3.7812579558e-04
2.7135874878e+01   3.7192639929e-04
2.7214076246e+01   3.5748161557e-04
2.7292277615e+01   3.3446261283e-04
2.7370478983e+01   3.0290897521e-04
2.7448680352e+01   2.6327209846e-04
2.7526881720e+01   3.0132756075e-04
2.7605083089e+01   3.4243114611e-04
2.7683284457e+01   3.7533092607e-04
2.7761485826e+01   3.9923294394e-04
2.7839687195e+01   5.0663741661e-04
2.7917888563e+01   5.1272607135e-04
2.7996089932e+01   5.0820877877e-04
2.8074291300e+01   4.9404859116e-04
2.8152492669e+01   4.7145187348e-04
2.8230694037e+01   4.4176753255e-04
2.8308895406e+01   4.0639557757e-04
2.8387096774e+01   4.0012587673e-04
2.8465298143e+01   4.2443351313e-04
2.8543499511e+01   4.4140575823e-04
2.8621700880e+01   4.5176337896e-04
2.8699902248e+01   4.5633913986e-04
2.8778103617e+01   4.5601365180e-04
2.8856304985e+01   4.5166180294e-04
2.8934506354e+01   4.4411083013e-04
2.9012707722e+01   4.3413521544e-04
2.9090909091e+01   4.3086462869e-04
2.9169110459e+01   4.1770735773e-04
2.9247311828e+01   4.0387200227e-04
2.9325513196e+01   3.8974409845e-04
2.9403714565e+01   3.7562138520e-04
2.9481915934e+01   3.6172308635e-04
2.9560117302e+01   3.4820006695e-04
2.9638318671e+01   3.3514507837e-04
2.9716520039e+01   3.2260254690e-04
2.9794721408e+01   3.1057755922e-04
2.9872922776e+01   2.9904385851e-04
2.9951124145e+01   2.8795079279e-04
3.0029325513e+01   2.7927246004e-04
3.0107526882e+01   2.8840758799e-04
3.0185728250e+01   2.9637416698e-04
3.0263929619e+01   3.0334352813e-04
3.0342130987e+01   3.0948440677e-04
3.0420332356e+01   3.1496408311e-04
3.0498533724e+01   3.1995347069e-04
3.0576735093e+01   3.2463939722e-04
3.0654936461e+01   3.2913387594e-04
3.0733137830e+01   2.9321392964e-04
3.0811339198e+01   2.9710088549e-04
3.0889540567e+01   3.0112278398e-04
3.0967741935e+01   3.0535327155e-04
3.1045943304e+01   3.0984590910e-04
3.1124144673e+01   3.1463029773e-04
3.1202346041e+01   3.1970772672e-04
3.1280547410e+01   3.2504638724e-04
3.1358748778e+01   3.3057624332e-04
3.1436950147e+01   3.3618371381e-04
3.1515151515e+01   3.4170639529e-04
3.1593352884e+01   3.4692814670e-04
3.1671554252e+01   3.5157496660e-04
3.1749755621e+01   3.5531222760e-04
3.1827956989e+01   3.5774399594e-04
3.1906158358e+01   3.5841534628e-04
3.1984359726e+01   3.5681873255e-04
3.2062561095e+01   3.5240548238e-04
3.2140762463e+01   3.4460315567e-04
3.2218963832e+01   2.1895698803e-04
3.2297165200e+01   2.0689078027e-04
3.2375366569e+01   1.9218764119e-04
3.2453567937e+01   2.0810347682e-04
3.2531769306e+01   2.2224499725e-04
3.2609970674e+01   2.3405450790e-04
3.2688172043e+01   2.4294759112e-04
3.2766373412e+01   2.4833987347e-04
3.2844574780e+01   2.4968109707e-04
3.2922776149e+01   2.4649492335e-04
3.3000977517e+01   2.3842151495e-04
3.3079178886e+01   2.2525862706e-04
3.3157380254e+01   2.0699625622e-04
3.3235581623e+01   1.8384089206e-04
3.3313782991e+01   1.9250558000e-04
3.3391984360e+01   6.6456977874e-05
3.3470185728e+01   7.0539241826e-05
3.3548387097e+01   7.3331073326e-05
3.3626588465e+01   7.4801833006e-05
3.3704789834e+01   7.4968320557e-05
3.3782991202e+01   7.3890097388e-05
3.3861192571e+01   7.1662321951e-05
3.3939393939e+01   6.8407144740e-05
3.4017595308e+01   6.4264730436e-05
3.4095796676e+01   5.9384772533e-05
3.4173998045e+01   5.8198715613e-05
3.4252199413e+01   6.2784893394e-05
3.4330400782e+01   6.6469990843e-05
3.4408602151e+01   6.9294599613e-05
3.4486803519e+01   7.1308590650e-05
3.4565004888e+01   7.2564748427e-05
3.4643206256e+01   7.3120568120e-05
3.4721407625e+01   7.3048853828e-05
3.4799608993e+01   3.7784033888e-05
3.4877810362e+01   1.8679044515e-04
3.4956011730e+01   1.8291062222e-04
3.5034213099e+01   1.7834085593e-04
3.5112414467e+01   1.7327461605e-04
3.5190615836e+01   1.6787328903e-04
3.5268817204e+01   1.6226755607e-04
3.5347018573e+01   1.5655972861e-04
3.5425219941e+01   1.5082664552e-04
3.5503421310e+01   1.4512281978e-04
3.5581622678e+01   1.3948360142e-04
3.5659824047e+01   1.3392819565e-04
3.5738025415e+01   1.2846244758e-04
3.5816226784e+01   1.2308138098e-04
3.5894428152e+01   1.2101119437e-04
3.5972629521e+01   1.2567393969e-04
3.6050830890e+01   1.2979386880e-04
3.6129032258e+01   1.3342898923e-04
3.6207233627e+01   1.3663314463e-04
3.6285434995e+01   1.3945548516e-04
3.6363636364e+01   1.4194306992e-04
3.6441837732e+01   1.4414981064e-04
3.6520039101e+01   1.4626260522e-04
3.6598240469e+01   2.4704319961e-04
3.6676441838e+01   2.5061113180e-04
3.6754643206e+01   2.5416434085e-04
3.6832844575e+01   2.5774989156e-04
3.6911045943e+01   2.6139688437e-04
3.6989247312e+01   2.6511349430e-04
3.7067448680e+01   2.6888377479e-04
3.7145650049e+01   2.7266429286e-04
3.7223851417e+01   2.7638070148e-04
3.7302052786e+01   2.7992440273e-04
3.7380254154e+01   2.8314951046e-04
3.7458455523e+01   2.8587038409e-04
3.7536656891e+01   2.8786007796e-04
3.7614858260e+01   2.8885013549e-04
3.7693059629e+01   2.8853225174e-04
3.7771260997e+01   2.8656241232e-04
3.7849462366e+01   2.8256814129e-04
3.7927663734e+01   2.7615936560e-04
3.8005865103e+01   2.6694301202e-04
3.8084066471e+01   2.5454070025e-04
3.8162267840e+01   2.3860780925e-04
3.8240469208e+01   2.9245458883e-04
3.8318670577e+01   3.1548656919e-04
3.8396871945e+01   3.3562883583e-04
3.8475073314e+01   3.5209266161e-04
3.8553274682e+01   3.6407231874e-04
3.8631476051e+01   3.7078407343e-04
3.8709677419e+01   3.7151325726e-04
3.8787878788e+01   3.6566683625e-04
3.8866080156e+01   3.5282741000e-04
3.8944281525e+01   3.3280331643e-04
3.9022482893e+01   3.0566883223e-04
3.9100684262e+01   2.7178856901e-04
3.9178885630e+01   2.8581191920e-04
3.9257086999e+01   3.2495511224e-04
3.9335288368e+01   3.5740597748e-04
3.9413489736e+01   3.8244701361e-04
3.9491691105e+01   4.1413975994e-04
3.9569892473e+01   4.2303166393e-04
3.9648093842e+01   4.2404055374e-04
3.9726295210e+01   4.1765095049e-04
3.9804496579e+01   4.0454099671e-04
3.9882697947e+01   3.8552627673e-04
3.9960899316e+01   3.6150431814e-04
4.0039100684e+01   3.3340404413e-04
4.0117302053e+01   3.0685266242e-04
4.0195503421e+01   3.2670183158e-04
4.0273704790e+01   3.4155077985e-04
4.0351906158e+01   3.5182079750e-04
4.0430107527e+01   3.5800567168e-04
4.0508308895e+01   3.6063598722e-04
4.0586510264e+01   3.6024851595e-04
4.0664711632e+01   3.5736139789e-04
4.0742913001e+01   3.5245608465e-04
4.0821114370e+01   3.4596818473e-04
4.0899315738e+01   3.3829072564e-04
4.0977517107e+01   3.2979333600e-04
4.1055718475e+01   3.2073077964e-04
4.1133919844e+01   2.7381392122e-04
4.1212121212e+01   2.6533652575e-04
4.1290322581e+01   2.5678537240e-04
4.1368523949e+01   2.4823228390e-04
4.1446725318e+01   2.3971977004e-04
4.1524926686e+01   2.3126555233e-04
4.1603128055e+01   2.2286676415e-04
4.1681329423e+01   2.1450373941e-04
4.1759530792e+01   2.0614334923e-04
4.1837732160e+01   2.1153474798e-04
4.1915933529e+01   2.1878630829e-04
4.1994134897e+01   2.2533320026e-04
4.2072336266e+01   2.3128329955e-04
4.2150537634e+01   2.3674110023e-04
4.2228739003e+01   2.4180733971e-04
4.2306940371e+01   2.4657961262e-04
4.2385141740e+01   2.5115458973e-04
4.2463343109e+01   2.5563259452e-04
4.2541544477e+01   2.6012527942e-04
4.2619745846e+01   2.6476685996e-04
4.2697947214e+01   2.6972868653e-04
4.2776148583e+01   2.7523578328e-04
4.2854349951e+01   2.8158238620e-04
4.2932551320e+01   2.8914165049e-04
4.3010752688e+01   2.9583687233e-04
4.3088954057e+01   2.1116180422e-04
4.3167155425e+01   2.1172403230e-04
4.3245356794e+01   2.1169477884e-04
4.3323558162e+01   2.1092208056e-04
4.3401759531e+01   2.0923069261e-04
4.3479960899e+01   2.0642431701e-04
4.3558162268e+01   2.0228945736e-04
4.3636363636e+01   1.9660119226e-04
4.3714565005e+01   1.8913110648e-04
4.3792766373e+01   1.7965751585e-04
4.3870967742e+01   1.6797795896e-04
4.3949169110e+01   1.7116030340e-04
4.4027370479e+01   1.8395000190e-04
4.4105571848e+01   1.9528056848e-04
4.4183773216e+01   2.0477425289e-04
4.4261974585e+01   2.1204188387e-04
4.4340175953e+01   7.1564914933e-05
4.4418377322e+01   7.0676879162e-05
4.4496578690e+01   6.8807583639e-05
4.4574780059e+01   6.5906373027e-05
4.4652981427e+01   6.1947920067e-05
4.4731182796e+01   5.6937013955e-05
4.4809384164e+01   5.5480602997e-05
4.4887585533e+01   6.2457962807e-05
4.4965786901e+01   6.8515684738e-05
4.5043988270e+01   7.3524358483e-05
4.5122189638e+01   7.7388212246e-05
4.5200391007e+01   8.0051535774e-05
4.5278592375e+01   8.1462221559e-05
4.5356793744e+01   8.1649996213e-05
4.5434995112e+01   8.0660378577e-05
4.5513196481e+01   7.8567590741e-05
4.5591397849e+01   3.5114174242e-05
4.5669599218e+01   1.6407292808e-04
4.5747800587e+01   1.5540850659e-04
4.5826001955e+01   1.4495249193e-04
4.5904203324e+01   1.3302480903e-04
4.5982404692e+01   1.3307390209e-04
4.6060606061e+01   1.4128438915e-04
4.6138807429e+01   1.4759456386e-04
4.6217008798e+01   1.5213716358e-04
4.6295210166e+01   1.5507113050e-04
4.6373411535e+01   1.5657035785e-04
4.6451612903e+01   1.5681402525e-04
4.6529814272e+01   1.5597883034e-04
4.6608015640e+01   1.5423332107e-04
4.6686217009e+01   1.5173448649e-04
4.6764418377e+01   1.4862667225e-04
4.6842619746e+01   1.4504258328e-04
4.6920821114e+01   1.4110546194e-04
4.6999022483e+01   1.3693045603e-04
4.7077223851e+01   1.3262194882e-04
4.7155425220e+01   1.2795480254e-04
4.7233626588e+01   1.2312810345e-04
4.7311827957e+01   1.1819597637e-04
4.7390029326e+01   1.1317853199e-04
4.7468230694e+01   1.8516869521e-04
4.7546432063e+01   1.7724955935e-04
4.7624633431e+01   1.7984915652e-04
4.7702834800e+01   1.8714633326e-04
4.7781036168e+01   1.9371225850e-04
4.7859237537e+01   1.9962564150e-04
4.7937438905e+01   2.0496242476e-04
4.8015640274e+01   2.0979440518e-04
4.8093841642e+01   2.1418783131e-04
4.8172043011e+01   2.1820196645e-04
4.8250244379e+01   2.2188762979e-04
4.8328445748e+01   2.2528575906e-04
4.8406647116e+01   2.2842607165e-04
4.8484848485e+01   2.3132592602e-04
4.8563049853e+01   2.3398948226e-04
4.8641251222e+01   2.3640720568e-04
4.8719452590e+01   2.3855563288e-04
4.8797653959e+01   2.4039712323e-04
4.8875855327e+01   2.4187907990e-04
4.8954056696e+01   2.4293191312e-04
4.9032258065e+01   2.4346494432e-04
4.9110459433e+01   2.4335964391e-04
4.9188660802e+01   2.4246017176e-04
4.9266862170e+01   2.4056219104e-04
4.9345063539e+01   2.3740226612e-04
4.9423264907e+01   2.3265157852e-04
4.9501466276e+01   2.2591877062e-04
4.9579667644e+01   2.1676691337e-04
4.9657869013e+01   2.0474835706e-04
4.9736070381e+01   2.0130944030e-04
4.9814271750e+01   2.1723984329e-04
4.9892473118e+01   2.8313375077e-04
4.9970674487e+01   2.9830725509e-04
5.0048875855e+01   3.1045821214e-04
5.0127077224e+01   3.1906043019e-04
5.0205278592e+01   3.2361384779e-04
5.0283479961e+01   3.2367184623e-04
5.0361681329e+01   3.1887063737e-04
5.0439882698e+01   3.0895864089e-04
5.0518084066e+01   2.9382327377e-04
5.0596285435e+01   2.7351232388e-04
5.0674486804e+01   2.4824715773e-04
5.0752688172e+01   2.4120635980e-04
5.0830889541e+01   2.7325606654e-04
5.0909090909e+01   3.0063824845e-04
5.0987292278e+01   3.2283384884e-04
5.1065493646e+01   3.3953303335e-04
5.1143695015e+01   3.5069379300e-04
5.1221896383e+01   3.5664096781e-04
5.1300097752e+01   3.5648036950e-04
5.1378299120e+01   3.6261028746e-04
5.1456500489e+01   3.5096377240e-04
5.1534701857e+01   3.3488875914e-04
5.1612903226e+01   3.1499000645e-04
5.1691104594e+01   2.9189837715e-04
5.1769305963e+01   2.6624527858e-04
5.1847507331e+01   2.7112543868e-04
5.1925708700e+01   2.8586719321e-04
5.2003910068e+01   2.9714038091e-04
5.2082111437e+01   3.0522405401e-04
5.2160312805e+01   3.1043120235e-04
5.2238514174e+01   3.1309045775e-04
5.2316715543e+01   3.1353082130e-04
5.2394916911e+01   3.1206971378e-04
5.2473118280e+01   3.0900446886e-04
5.2551319648e+01   3.0460724906e-04
5.2629521017e+01   2.9912315184e-04
5.2707722385e+01   2.9277085313e-04
5.2785923754e+01   2.8574442365e-04
5.2864125122e+01   2.7821402026e-04
5.2942326491e+01   2.7032229189e-04
5.3020527859e+01   2.6217305254e-04
5.3098729228e+01   2.5380964808e-04
5.3176930596e+01   2.4499223331e-04
5.3255131965e+01   2.3566196077e-04
5.3333333333e+01   2.2606716052e-04
5.3411534702e+01   2.1619988730e-04
5.3489736070e+01   2.2321131473e-04
5.3567937439e+01   2.1006557331e-04
5.3646138807e+01   2.1784628873e-04
5.3724340176e+01   2.2496039359e-04
5.3802541544e+01   2.3147050544e-04
5.3880742913e+01   2.3743304384e-04
5.3958944282e+01   2.4289658752e-04
5.4037145650e+01   2.4790017640e-04
5.4115347019e+01   2.5247155448e-04
5.4193548387e+01   2.5662536235e-04
5.4271749756e+01   2.6036130346e-04
5.4349951124e+01   2.6366232737e-04
5.4428152493e+01   2.6649289352e-04
5.4506353861e+01   2.6879739817e-04
5.4584555230e+01   2.7049886166e-04
5.4662756598e+01   2.7149798068e-04
5.4740957967e+01   2.7167265218e-04
5.4819159335e+01   2.7087807924e-04
5.4897360704e+01   2.6894758889e-04
5.4975562072e+01   2.6569434265e-04
5.5053763441e+01   2.6091421194e-04
5.5131964809e+01   2.5439021415e-04
5.5210166178e+01   2.4589901978e-04
5.5288367546e+01   2.3522007348e-04
5.5366568915e+01   2.2214771977e-04
5.5444770283e+01   2.0650629137e-04
5.5522971652e+01   2.1468305177e-04
5.5601173021e+01   2.3014018363e-04
5.5679374389e+01   2.4374719807e-04
5.5757575758e+01   2.5512538934e-04
5.5835777126e+01   2.6389202420e-04
5.5913978495e+01   2.6965985585e-04
5.5992179863e+01   2.7205714795e-04
5.6070381232e+01   2.7078057509e-04
5.6148582600e+01   2.6560303942e-04
5.6226783969e+01   2.5638255096e-04
5.6304985337e+01   1.7424668134e-04
5.6383186706e+01   1.6142640422e-04
5.6461388074e+01   1.4594828906e-04
5.6539589443e+01   1.5512312917e-04
5.6617790811e+01   1.7286086917e-04
5.6695992180e+01   1.8786720532e-04
5.6774193548e+01   1.9988527196e-04
5.6852394917e+01   2.0874897837e-04
5.6930596285e+01   2.1438559125e-04
5.7008797654e+01   2.1681313770e-04
5.7086999022e+01   2.1613342097e-04
5.7165200391e+01   2.1252179938e-04
5.7243401760e+01   2.0621498036e-04
5.7321603128e+01   1.9749786049e-04
5.7399804497e+01   1.8668991483e-04
5.7478005865e+01   1.7413096996e-04
5.7556207234e+01   1.6016571178e-04
5.7634408602e+01   1.5425060970e-04
5.7712609971e+01   1.6470303536e-04
5.7790811339e+01   1.7348384624e-04
5.7869012708e+01   1.8063642127e-04
5.7947214076e+01   1.8616109970e-04
5.8025415445e+01   1.9002279575e-04
5.8103616813e+01   1.9218396075e-04
5.8181818182e+01   1.9265476425e-04
5.8260019550e+01   1.9154117964e-04
5.8338220919e+01   1.8906611526e-04
5.8416422287e+01   1.8575526627e-04
5.8494623656e+01   1.8267021447e-04
5.8572825024e+01   1.7898678058e-04
5.8651026393e+01   8.0780927796e-05
5.8729227761e+01   7.8640521028e-05
5.8807429130e+01   7.6226956712e-05
5.8885630499e+01   7.3564686363e-05
5.8963831867e+01   7.0675155554e-05
5.9042033236e+01   6.7577014864e-05
5.9120234604e+01   6.4286360687e-05
5.9198435973e+01   6.0816992978e-05
5.9276637341e+01   6.4472623682e-05
5.9354838710e+01   6.7872223417e-05
5.9433040078e+01   7.0990097368e-05
5.9511241447e+01   7.3826988105e-05
5.9589442815e+01   7.6383082803e-05
5.9667644184e+01   7.8657900508e-05
5.9745845552e+01   8.0650343393e-05
5.9824046921e+01   8.2359010601e-05
5.9902248289e+01   8.3782896540e-05
5.9980449658e+01   8.4922593893e-05
6.0058651026e+01   8.5782072435e-05
6.0136852395e+01   8.6370985928e-05
6.0215053763e+01   8.6707258095e-05
6.0293255132e+01   8.6819423322e-05
6.0371456500e+01   8.6747887954e-05
6.0449657869e+01   8.6544010684e-05
6.0527859238e+01   8.6265784507e-05
6.0606060606e+01   8.5969061115e-05
6.0684261975e+01   8.5693796640e-05
6.0762463343e+01   8.5445761289e-05
6.0840664712e+01   8.5175489179e-05
6.0918866080e+01   8.4757763274e-05
6.0997067449e+01   8.3976315970e-05
6.1075268817e+01   8.2519264481e-05
6.1153470186e+01   8.7634043631e-05
6.1231671554e+01   9.3264378245e-05
6.1309872923e+01   9.8300327295e-05
6.1388074291e+01   1.0265024046e-04
6.1466275660e+01   7.6384108512e-05
6.1544477028e+01   1.5719515423e-04
6.1622678397e+01   1.6119698216e-04
6.1700879765e+01   1.6361004609e-04
6.1779081134e+01   1.6428557897e-04
6.1857282502e+01   1.6309656739e-04
6.1935483871e+01   1.5994551502e-04
6.2013685239e+01   1.5477190154e-04
6.2091886608e+01   1.4755874851e-04
6.2170087977e+01   1.3833767847e-04
6.2248289345e+01   1.2719189049e-04
6.2326490714e+01   1.2426542394e-04
6.2404692082e+01   1.3784304720e-04
6.2482893451e+01   1.4956188009e-04
6.2561094819e+01   1.5924930392e-04
6.2639296188e+01   1.6678944933e-04
6.2717497556e+01   1.7213437213e-04
6.2795698925e+01   1.7532056349e-04
6.2873900293e+01   1.7649534251e-04
6.2952101662e+01   1.7595763281e-04
6.3030303030e+01   1.7421518096e-04
6.3108504399e+01   1.6881445468e-04
6.3186705767e+01   1.6147987293e-04
6.3264907136e+01   2.3313300032e-04
6.3343108504e+01   2.1687286979e-04
6.3421309873e+01   1.9889773613e-04
6.3499511241e+01   1.9691884186e-04
6.3577712610e+01   2.0918976155e-04
6.3655913978e+01   2.1923595801e-04
6.3734115347e+01   2.2717003916e-04
6.3812316716e+01   2.3312708285e-04
6.3890518084e+01   2.3725610874e-04
6.3968719453e+01   2.3971265667e-04
6.4046920821e+01   2.4065260776e-04
6.4125122190e+01   2.4022728248e-04
6.4203323558e+01   2.3857977059e-04
6.4281524927e+01   2.3584238537e-04
6.4359726295e+01   2.3213507477e-04
6.4437927664e+01   2.2756455855e-04
6.4516129032e+01   2.2222389272e-04
6.4594330401e+01   2.1619211115e-04
6.4672531769e+01   2.0953359605e-04
6.4750733138e+01   2.0229693325e-04
6.4828934506e+01   1.9451325320e-04
6.4907135875e+01   1.8619444951e-04
6.4985337243e+01   1.7733215225e-04
6.5063538612e+01   1.7445655564e-04
6.5141739980e+01   1.8422741608e-04
6.5219941349e+01   1.9315057990e-04
6.5298142717e+01   2.0131183380e-04
6.5376344086e+01   2.0873265394e-04
6.5454545455e+01   2.1543088589e-04
6.5532746823e+01   2.2141958199e-04
6.5610948192e+01   2.2670587803e-04
6.5689149560e+01   2.3128991557e-04
6.5767350929e+01   2.3516382809e-04
6.5845552297e+01   2.3831080208e-04
6.5923753666e+01   2.4070421606e-04
6.6001955034e+01   2.4230702841e-04
6.6080156403e+01   2.4307128416e-04
6.6158357771e+01   2.4293790940e-04
6.6236559140e+01   2.4183685940e-04
6.6314760508e+01   2.3968768657e-04
6.6392961877e+01   2.3640062027e-04
6.6471163245e+01   2.3187824907e-04
6.6549364614e+01   2.2601789093e-04
6.6627565982e+01   2.1871472355e-04
6.6705767351e+01   2.0986572365e-04
6.6783968719e+01   1.9937442780e-04
6.6862170088e+01   1.8715647726e-04
6.6940371457e+01   2.0819472398e-04
6.7018572825e+01   2.1372033493e-04
6.7096774194e+01   2.2895702533e-04
6.7174975562e+01   2.4253033163e-04
6.7253176931e+01   2.5413153841e-04
6.7331378299e+01   2.6345029557e-04
6.7409579668e+01   2.7018464872e-04
6.7487781036e+01   2.7405264548e-04
6.7565982405e+01   2.7480510954e-04
6.7644183773e+01   2.7223897672e-04
6.7722385142e+01   2.6621040227e-04
6.7800586510e+01   2.5664670689e-04
6.7878787879e+01   2.4355616301e-04
6.7956989247e+01   2.2703466531e-04
6.8035190616e+01   2.0726850861e-04
6.8113391984e+01   2.1278957838e-04
6.8191593353e+01   2.3596017753e-04
6.8269794721e+01   2.5587328447e-04
6.8347996090e+01   2.7221809362e-04
6.8426197458e+01   2.8477322871e-04
6.8504398827e+01   2.9341606629e-04
6.8582600196e+01   2.9813700016e-04
6.8660801564e+01   2.9903755330e-04
6.8739002933e+01   2.9624651726e-04
6.8817204301e+01   3.0010419675e-04
6.8895405670e+01   2.8993149921e-04
6.8973607038e+01   2.7676422528e-04
6.9051808407e+01   2.6096333411e-04
6.9130009775e+01   2.4290494449e-04
6.9208211144e+01   2.2296819774e-04
6.9286412512e+01   2.1650370874e-04
6.9364613881e+01   2.3007219916e-04
6.9442815249e+01   2.4126748882e-04
6.9521016618e+01   2.5020262768e-04
6.9599217986e+01   2.5701413674e-04
6.9677419355e+01   2.6185344852e-04
6.9755620723e+01   2.6487938844e-04
6.9833822092e+01   2.6625185574e-04
6.9912023460e+01   2.6612677145e-04
6.9990224829e+01   2.6465228385e-04
7.0068426197e+01   2.6196614746e-04
7.0146627566e+01   2.5819410245e-04
7.0224828935e+01   2.5344896904e-04
7.0303030303e+01   2.4783004411e-04
7.0381231672e+01   2.4142228144e-04
7.0459433040e+01   2.3429471498e-04
7.0537634409e+01   2.2649772198e-04
7.0615835777e+01   2.1805907789e-04
7.0694037146e+01   2.0897933727e-04
7.0772238514e+01   1.9922781211e-04
7.0850439883e+01   1.9286222557e-04
7.0928641251e+01   2.0384270261e-04
7.1006842620e+01   2.1395484746e-04
7.1085043988e+01   2.2322385715e-04
7.1163245357e+01   2.3167172671e-04
7.1241446725e+01   2.3931580152e-04
7.1319648094e+01   2.4616738662e-04
7.1397849462e+01   2.5223041951e-04
7.1476050831e+01   2.5750022047e-04
7.1554252199e+01   2.6196234307e-04
7.1632453568e+01   2.6559155700e-04
7.1710654936e+01   2.6835100600e-04
7.1788856305e+01   2.7019161207e-04
7.1867057674e+01   2.7105170618e-04
7.1945259042e+01   2.7085710196e-04
7.2023460411e+01   2.6952164892e-04
7.2101661779e+01   2.6694821936e-04
7.2179863148e+01   2.6303040557e-04
7.2258064516e+01   2.5765492485e-04
7.2336265885e+01   2.5070481909e-04
7.2414467253e+01   2.4206350148e-04
7.2492668622e+01   2.3161966595e-04
7.2570869990e+01   2.1927302700e-04
7.2649071359e+01   2.0494079561e-04
7.2727272727e+01   1.9193002416e-04
7.2805474096e+01   2.0695806797e-04
7.2883675464e+01   2.2056295317e-04
7.2961876833e+01   2.3247641287e-04
7.3040078201e+01   2.4242724526e-04
7.3118279570e+01   2.5014909815e-04
7.3196480938e+01   2.5538952368e-04
7.3274682307e+01   2.5792003283e-04
7.3352883675e+01   2.5754673714e-04
7.3431085044e+01   2.5412102840e-04
7.3509286413e+01   2.4754963383e-04
7.3587487781e+01   2.3780331367e-04
7.3665689150e+01   2.2492345977e-04
7.3743890518e+01   2.0902591975e-04
7.3822091887e+01   1.9030151656e-04
7.3900293255e+01   2.0469729479e-04
7.3978494624e+01   2.2533496207e-04
7.4056695992e+01   2.4298423134e-04
7.4134897361e+01   2.5739509482e-04
7.4213098729e+01   2.6839506880e-04
7.4291300098e+01   2.7589188487e-04
7.4369501466e+01   2.7987250564e-04
7.4447702835e+01   2.8039879158e-04
7.4525904203e+01   2.7760033166e-04
7.4604105572e+01   2.7166517409e-04
7.4682306940e+01   2.6282934817e-04
7.4760508309e+01   2.5136535513e-04
7.4838709677e+01   2.3757075980e-04
7.4916911046e+01   2.2175771589e-04
7.4995112414e+01   2.0424314449e-04
7.5073313783e+01   1.9159445591e-04
7.5151515152e+01   2.0427798993e-04
7.5229716520e+01   2.1490593496e-04
7.5307917889e+01   2.2355747322e-04
7.5386119257e+01   2.3033283716e-04
7.5464320626e+01   2.3534655156e-04
7.5542521994e+01   2.3872137993e-04
7.5620723363e+01   2.4058310901e-04
7.5698924731e+01   2.4105622954e-04
7.5777126100e+01   2.4026051169e-04
7.5855327468e+01   2.3830842793e-04
7.5933528837e+01   2.3530334539e-04
7.6011730205e+01   2.3133839180e-04
7.6089931574e+01   2.2649589112e-04
7.6168132942e+01   2.2084726569e-04
7.6246334311e+01   2.1445330734e-04
7.6324535679e+01   2.0736473040e-04
7.6402737048e+01   1.9962293095e-04
7.6480938416e+01   1.9126088998e-04
7.6559139785e+01   1.8230417060e-04
7.6637341153e+01   1.7505019640e-04
7.6715542522e+01   1.8546910115e-04
7.6793743891e+01   1.9507185281e-04
7.6871945259e+01   2.0387292585e-04
7.6950146628e+01   2.1188403151e-04
7.7028347996e+01   2.1911283921e-04
7.7106549365e+01   2.2556177002e-04
7.7184750733e+01   2.3122687327e-04
7.7262952102e+01   2.3609680321e-04
7.7341153470e+01   2.4015192004e-04
7.7419354839e+01   2.4336354693e-04
7.7497556207e+01   2.4569342283e-04
7.7575757576e+01   2.4709341145e-04
7.7653958944e+01   2.4750545968e-04
7.7732160313e+01   2.4686197334e-04
7.7810361681e+01   2.4508663327e-04
7.7888563050e+01   2.4209562369e-04
7.7966764418e+01   2.3779947630e-04
7.8044965787e+01   2.3210550897e-04
7.8123167155e+01   2.2492091142e-04
7.8201368524e+01   2.1615649116e-04
7.8279569892e+01   2.0573105909e-04
7.8357771261e+01   1.9357639172e-04
7.8435972630e+01   1.7964265523e-04
7.8514173998e+01   1.7989061625e-04
7.8592375367e+01   1.9292111121e-04
7.8670576735e+01   2.0455781916e-04
7.8748778104e+01   2.1457242081e-04
7.8826979472e+01   2.2273860361e-04
7.8905180841e+01   2.2883884062e-04
7.8983382209e+01   2.3267199549e-04
7.9061583578e+01   2.3406148829e-04
7.9139784946e+01   2.3286365854e-04
7.9217986315e+01   2.2897587470e-04
7.9296187683e+01   2.2234387592e-04
7.9374389052e+01   2.1296780503e-04
7.9452590420e+01   2.0090641190e-04
7.9530791789e+01   1.8627897949e-04
7.9608993157e+01   1.6926465073e-04
7.9687194526e+01   1.8921979334e-04
7.9765395894e+01   2.0698355051e-04
7.9843597263e+01   2.2211859178e-04
7.9921798631e+01   2.3442600934e-04
8.0000000000e+01   5.9280324349e-05
8.0000000000e+01   5.9280324349e-05
