X    Y
0.0000000000e+00   1.0000000000e-01
1.0000000000e-04   1.0000000000e-01
1.1000000000e-03   1.0000000000e-01
8.9163165608e-03   1.0000000000e-01
1.6732633122e-02   1.0000000000e-01
2.4548949682e-02   1.0000000000e-01
3.2365266243e-02   1.0000000000e-01
4.0181582804e-02   1.0000000000e-01
4.7997899365e-02   1.0000000000e-01
5.5814215926e-02   1.0000000000e-01
6.3630532487e-02   1.0000000000e-01
7.1446849047e-02   1.0000000000e-01
7.9263165608e-02   1.0000000000e-01
8.7079482169e-02   1.0000000000e-01
9.4895798730e-02   1.0000000000e-01
1.0271211529e-01   1.0000000000e-01
1.1052843185e-01   1.0000000000e-01
1.1834474841e-01   1.0000000000e-01
1.2616106497e-01   1.0000000000e-01
1.3397738153e-01   1.0000000000e-01
1.4179369809e-01   1.0000000000e-01
1.4961001466e-01   1.0000000000e-01
1.5742633122e-01   1.0000000000e-01
1.6524264778e-01   1.0000000000e-01
1.7305896434e-01   1.0000000000e-01
1.8087528090e-01   1.0000000000e-01
1.8869159746e-01   1.0000000000e-01
1.9650791402e-01   1.0000000000e-01
2.0432423058e-01   1.0000000000e-01
2.1214054714e-01   1.0000000000e-01
2.1995686370e-01   1.0000000000e-01
2.2777318026e-01   1.0000000000e-01
2.3558949682e-01   1.0000000000e-01
2.4340581339e-01   1.0000000000e-01
2.5122212995e-01   1.0000000000e-01
2.5903844651e-01   1.0000000000e-01
2.6685476307e-01   1.0000000000e-01
2.7467107963e-01   1.0000000000e-01
2.8248739619e-01   1.0000000000e-01
2.9030371275e-01   1.0000000000e-01
2.9812002931e-01   1.0000000000e-01
3.0593634587e-01   1.0000000000e-01
3.1375266243e-01   1.0000000000e-01
3.2156897899e-01   1.0000000000e-01
3.2938529555e-01   1.0000000000e-01
3.3720161212e-01   1.0000000000e-01
3.4501792868e-01   1.0000000000e-01
3.5283424524e-01   1.0000000000e-01
3.6065056180e-01   1.0000000000e-01
3.6846687836e-01   1.0000000000e-01
3.7628319492e-01   1.0000000000e-01
3.8409951148e-01   1.0000000000e-01
3.9191582804e-01   1.0000000000e-01
3.9973214460e-01   1.0000000000e-01
4.0754846116e-01   1.0000000000e-01
4.1536477772e-01   1.0000000000e-01
4.2318109428e-01   1.0000000000e-01
4.3099741085e-01   1.0000000000e-01
4.3881372741e-01   1.0000000000e-01
4.4663004397e-01   1.0000000000e-01
4.5444636053e-01   1.0000000000e-01
4.6226267709e-01   1.0000000000e-01
4.7007899365e-01   1.0000000000e-01
4.7017899365e-01   1.0000000000e-01
4.7117899365e-01   1.0000000000e-01
4.7899531021e-01   1.0000000000e-01
4.8681162677e-01   1.0000000000e-01
4.9462794333e-01   1.0000000000e-01
5.0244425989e-01   1.0000000000e-01
5.1026057645e-01   1.0000000000e-01
5.1807689301e-01   1.0000000000e-01
5.2589320957e-01   1.0000000000e-01
5.3370952614e-01   1.0000000000e-01
5.4152584270e-01   1.0000000000e-01
5.4934215926e-01   1.0000000000e-01
5.5715847582e-01   1.0000000000e-01
5.6497479238e-01   1.0000000000e-01
5.7279110894e-01   1.0000000000e-01
5.8060742550e-01   1.0000000000e-01
5.8842374206e-01   1.0000000000e-01
5.9624005862e-01   1.0000000000e-01
6.0405637518e-01   1.0000000000e-01
6.1187269174e-01   1.0000000000e-01
6.1968900830e-01   1.0000000000e-01
6.2750532487e-01   1.0000000000e-01
6.3532164143e-01   1.0000000000e-01
6.4313795799e-01   1.0000000000e-01
6.5095427455e-01   1.0000000000e-01
6.5877059111e-01   1.0000000000e-01
6.6658690767e-01   1.0000000000e-01
6.7440322423e-01   1.0000000000e-01
6.8221954079e-01   1.0000000000e-01
6.9003585735e-01   1.0000000000e-01
6.9785217391e-01   1.0000000000e-01
7.0566849047e-01   1.0000000000e-01
7.1348480703e-01   1.0000000000e-01
7.2130112360e-01   1.0000000000e-01
7.2911744016e-01   1.0000000000e-01
7.3693375672e-01   1.0000000000e-01
7.4475007328e-01   1.0000000000e-01
7.5256638984e-01   1.0000000000e-01
7.6038270640e-01   1.0000000000e-01
7.6819902296e-01   1.0000000000e-01
7.7601533952e-01   1.0000000000e-01
7.8383165608e-01   1.0000000000e-01
7.9164797264e-01   1.0000000000e-01
7.9946428920e-01   1.0000000000e-01
8.0728060576e-01   1.0000000000e-01
8.1509692233e-01   1.0000000000e-01
8.2291323889e-01   1.0000000000e-01
8.3072955545e-01   1.0000000000e-01
8.3854587201e-01   1.0000000000e-01
8.4636218857e-01   1.0000000000e-01
8.5417850513e-01   1.0000000000e-01
8.6199482169e-01   1.0000000000e-01
8.6981113825e-01   1.0000000000e-01
8.7762745481e-01   1.0000000000e-01
8.8544377137e-01   1.0000000000e-01
8.8554377137e-01   1.0000000000e-01
8.8654377137e-01   1.0000000000e-01
8.9436008793e-01   1.0000000000e-01
9.0217640449e-01   1.0000000000e-01
9.0999272106e-01   1.0000000000e-01
9.1780903762e-01   1.0000000000e-01
9.2562535418e-01   1.0000000000e-01
9.3344167074e-01   1.0000000000e-01
9.4125798730e-01   1.0000000000e-01
9.4907430386e-01   1.0000000000e-01
9.5689062042e-01   1.0000000000e-01
9.6470693698e-01   1.0000000000e-01
9.7252325354e-01   1.0000000000e-01
9.8033957010e-01   1.0000000000e-01
9.8815588666e-01   1.0000000000e-01
9.9597220322e-01   1.0000000000e-01
1.0037885198e+00   1.0000000000e-01
1.0116048363e+00   1.0000000000e-01
1.0194211529e+00   1.0000000000e-01
1.0272374695e+00   1.0000000000e-01
1.0350537860e+00   1.0000000000e-01
1.0428701026e+00   1.0000000000e-01
1.0506864191e+00   1.0000000000e-01
1.0585027357e+00   1.0000000000e-01
1.0663190523e+00   1.0000000000e-01
1.0741353688e+00   1.0000000000e-01
1.0819516854e+00   1.0000000000e-01
1.0897680020e+00   1.0000000000e-01
1.0975843185e+00   1.0000000000e-01
1.1054006351e+00   1.0000000000e-01
1.1132169516e+00   1.0000000000e-01
1.1210332682e+00   1.0000000000e-01
1.1288495848e+00   1.0000000000e-01
1.1366659013e+00   1.0000000000e-01
1.1444822179e+00   1.0000000000e-01
1.1522985344e+00   1.0000000000e-01
1.1601148510e+00   1.0000000000e-01
1.1679311676e+00   1.0000000000e-01
1.1757474841e+00   1.0000000000e-01
1.1835638007e+00   1.0000000000e-01
1.1913801172e+00   1.0000000000e-01
1.1991964338e+00   1.0000000000e-01
1.2070127504e+00   1.0000000000e-01
1.2148290669e+00   1.0000000000e-01
1.2226453835e+00   1.0000000000e-01
1.2304617000e+00   1.0000000000e-01
1.2382780166e+00   1.0000000000e-01
1.2460943332e+00   1.0000000000e-01
1.2539106497e+00   1.0000000000e-01
1.2617269663e+00   1.0000000000e-01
1.2695432829e+00   1.0000000000e-01
1.2773595994e+00   1.0000000000e-01
1.2774595994e+00   1.0000000000e-01
1.2784595994e+00   1.0000000000e-01
1.2862759160e+00   1.0000000000e-01
1.2940922325e+00   1.0000000000e-01
1.3019085491e+00   1.0000000000e-01
1.3097248657e+00   1.0000000000e-01
1.3175411822e+00   1.0000000000e-01
1.3253574988e+00   1.0000000000e-01
1.3331738153e+00   1.0000000000e-01
1.3409901319e+00   1.0000000000e-01
1.3488064485e+00   1.0000000000e-01
1.3566227650e+00   1.0000000000e-01
1.3644390816e+00   1.0000000000e-01
1.3722553981e+00   1.0000000000e-01
1.3800717147e+00   1.0000000000e-01
1.3878880313e+00   1.0000000000e-01
1.3957043478e+00   1.0000000000e-01
1.4035206644e+00   1.0000000000e-01
1.4113369809e+00   1.0000000000e-01
1.4191532975e+00   1.0000000000e-01
1.4269696141e+00   1.0000000000e-01
1.4347859306e+00   1.0000000000e-01
1.4426022472e+00   1.0000000000e-01
1.4504185638e+00   1.0000000000e-01
1.4582348803e+00   1.0000000000e-01
1.4660511969e+00   1.0000000000e-01
1.4738675134e+00   1.0000000000e-01
1.4816838300e+00   1.0000000000e-01
1.4895001466e+00   1.0000000000e-01
1.4973164631e+00   1.0000000000e-01
1.5051327797e+00   1.0000000000e-01
1.5129490962e+00   1.0000000000e-01
1.5207654128e+00   1.0000000000e-01
1.5285817294e+00   1.0000000000e-01
1.5363980459e+00   1.0000000000e-01
1.5442143625e+00   1.0000000000e-01
1.5520306790e+00   1.0000000000e-01
1.5598469956e+00   1.0000000000e-01
1.5676633122e+00   1.0000000000e-01
1.5754796287e+00   1.0000000000e-01
1.5832959453e+00   1.0000000000e-01
1.5911122618e+00   1.0000000000e-01
1.5989285784e+00   1.0000000000e-01
1.6067448950e+00   1.0000000000e-01
1.6145612115e+00   1.0000000000e-01
1.6223775281e+00   1.0000000000e-01
1.6301938447e+00   1.0000000000e-01
1.6380101612e+00   1.0000000000e-01
1.6458264778e+00   1.0000000000e-01
1.6536427943e+00   1.0000000000e-01
1.6614591109e+00   1.0000000000e-01
1.6615591109e+00   1.0000000000e-01
1.6625591109e+00   1.0000000000e-01
1.6703754275e+00   1.0000000000e-01
1.6781917440e+00   1.0000000000e-01
1.6860080606e+00   1.0000000000e-01
1.6938243771e+00   1.0000000000e-01
1.7016406937e+00   1.0000000000e-01
1.7094570103e+00   1.0000000000e-01
1.7172733268e+00   1.0000000000e-01
1.7250896434e+00   1.0000000000e-01
1.7329059599e+00   1.0000000000e-01
1.7407222765e+00   1.0000000000e-01
1.7485385931e+00   1.0000000000e-01
1.7563549096e+00   1.0000000000e-01
1.7641712262e+00   1.0000000000e-01
1.7719875427e+00   1.0000000000e-01
1.7798038593e+00   1.0000000000e-01
1.7876201759e+00   1.0000000000e-01
1.7954364924e+00   1.0000000000e-01
1.8032528090e+00   1.0000000000e-01
1.8110691255e+00   1.0000000000e-01
1.8188854421e+00   1.0000000000e-01
1.8267017587e+00   1.0000000000e-01
1.8345180752e+00   1.0000000000e-01
1.8423343918e+00   1.0000000000e-01
1.8501507084e+00   1.0000000000e-01
1.8579670249e+00   1.0000000000e-01
1.8657833415e+00   1.0000000000e-01
1.8735996580e+00   1.0000000000e-01
1.8814159746e+00   1.0000000000e-01
1.8892322912e+00   1.0000000000e-01
1.8970486077e+00   1.0000000000e-01
1.9048649243e+00   1.0000000000e-01
1.9126812408e+00   1.0000000000e-01
1.9204975574e+00   1.0000000000e-01
1.9283138740e+00   1.0000000000e-01
1.9361301905e+00   1.0000000000e-01
1.9439465071e+00   1.0000000000e-01
1.9517628236e+00   1.0000000000e-01
1.9595791402e+00   1.0000000000e-01
1.9673954568e+00   1.0000000000e-01
1.9752117733e+00   1.0000000000e-01
1.9830280899e+00   1.0000000000e-01
1.9908444064e+00   1.0000000000e-01
1.9986607230e+00   1.0000000000e-01
2.0064770396e+00   1.0000000000e-01
2.0142933561e+00   1.0000000000e-01
2.0221096727e+00   1.0000000000e-01
2.0299259893e+00   1.0000000000e-01
2.0377423058e+00   1.0000000000e-01
2.0455586224e+00   1.0000000000e-01
2.0456586224e+00   1.0000000000e-01
2.0466586224e+00   1.0000000000e-01
2.0544749389e+00   1.0000000000e-01
2.0622912555e+00   1.0000000000e-01
2.0701075721e+00   1.0000000000e-01
2.0779238886e+00   1.0000000000e-01
2.0857402052e+00   1.0000000000e-01
2.0935565217e+00   1.0000000000e-01
2.1013728383e+00   1.0000000000e-01
2.1091891549e+00   1.0000000000e-01
2.1170054714e+00   1.0000000000e-01
2.1248217880e+00   1.0000000000e-01
2.1326381045e+00   1.0000000000e-01
2.1404544211e+00   1.0000000000e-01
2.1482707377e+00   1.0000000000e-01
2.1560870542e+00   1.0000000000e-01
2.1639033708e+00   1.0000000000e-01
2.1717196873e+00   1.0000000000e-01
2.1795360039e+00   1.0000000000e-01
2.1873523205e+00   1.0000000000e-01
2.1951686370e+00   1.0000000000e-01
2.2029849536e+00   1.0000000000e-01
2.2108012702e+00   1.0000000000e-01
2.2186175867e+00   1.0000000000e-01
2.2264339033e+00   1.0000000000e-01
2.2342502198e+00   1.0000000000e-01
2.2420665364e+00   1.0000000000e-01
2.2498828530e+00   1.0000000000e-01
2.2576991695e+00   1.0000000000e-01
2.2655154861e+00   1.0000000000e-01
2.2733318026e+00   1.0000000000e-01
2.2811481192e+00   1.0000000000e-01
2.2889644358e+00   1.0000000000e-01
2.2967807523e+00   1.0000000000e-01
2.3045970689e+00   1.0000000000e-01
2.3124133854e+00   1.0000000000e-01
2.3202297020e+00   1.0000000000e-01
2.3280460186e+00   1.0000000000e-01
2.3358623351e+00   1.0000000000e-01
2.3436786517e+00   1.0000000000e-01
2.3514949682e+00   1.0000000000e-01
2.3593112848e+00   1.0000000000e-01
2.3671276014e+00   1.0000000000e-01
2.3749439179e+00   1.0000000000e-01
2.3827602345e+00   1.0000000000e-01
2.3905765511e+00   1.0000000000e-01
2.3983928676e+00   1.0000000000e-01
2.4062091842e+00   1.0000000000e-01
2.4140255007e+00   1.0000000000e-01
2.4218418173e+00   1.0000000000e-01
2.4219418173e+00   1.0000000000e-01
2.4229418173e+00   1.0000000000e-01
2.4307581339e+00   1.0000000000e-01
2.4385744504e+00   1.0000000000e-01
2.4463907670e+00   1.0000000000e-01
2.4542070835e+00   1.0000000000e-01
2.4620234001e+00   1.0000000000e-01
2.4698397167e+00   1.0000000000e-01
2.4776560332e+00   1.0000000000e-01
2.4854723498e+00   1.0000000000e-01
2.4932886663e+00   1.0000000000e-01
2.5011049829e+00   1.0000000000e-01
2.5089212995e+00   1.0000000000e-01
2.5167376160e+00   1.0000000000e-01
2.5245539326e+00   1.0000000000e-01
2.5323702491e+00   1.0000000000e-01
2.5401865657e+00   1.0000000000e-01
2.5480028823e+00   1.0000000000e-01
2.5558191988e+00   1.0000000000e-01
2.5636355154e+00   1.0000000000e-01
2.5714518319e+00   1.0000000000e-01
2.5792681485e+00   1.0000000000e-01
2.5870844651e+00   1.0000000000e-01
2.5949007816e+00   1.0000000000e-01
2.6027170982e+00   1.0000000000e-01
2.6105334148e+00   1.0000000000e-01
2.6183497313e+00   1.0000000000e-01
2.6261660479e+00   1.0000000000e-01
2.6339823644e+00   1.0000000000e-01
2.6417986810e+00   1.0000000000e-01
2.6496149976e+00   1.0000000000e-01
2.6574313141e+00   1.0000000000e-01
2.6652476307e+00   1.0000000000e-01
2.6730639472e+00   1.0000000000e-01
2.6808802638e+00   1.0000000000e-01
2.6886965804e+00   1.0000000000e-01
2.6965128969e+00   1.0000000000e-01
2.7043292135e+00   1.0000000000e-01
2.7121455300e+00   1.0000000000e-01
2.7199618466e+00   1.0000000000e-01
2.7277781632e+00   1.0000000000e-01
2.7355944797e+00   1.0000000000e-01
2.7434107963e+00   1.0000000000e-01
2.7512271128e+00   1.0000000000e-01
2.7590434294e+00   1.0000000000e-01
2.7668597460e+00   1.0000000000e-01
2.7746760625e+00   1.0000000000e-01
2.7824923791e+00   1.0000000000e-01
2.7825923791e+00   1.0000000000e-01
2.7835923791e+00   1.0000000000e-01
2.7914086957e+00   1.0000000000e-01
2.7992250122e+00   1.0000000000e-01
2.8070413288e+00   1.0000000000e-01
2.8148576453e+00   1.0000000000e-01
2.8226739619e+00   1.0000000000e-01
2.8304902785e+00   1.0000000000e-01
2.8383065950e+00   1.0000000000e-01
2.8461229116e+00   1.0000000000e-01
2.8539392281e+00   1.0000000000e-01
2.8617555447e+00   1.0000000000e-01
2.8695718613e+00   1.0000000000e-01
2.8773881778e+00   1.0000000000e-01
2.8852044944e+00   1.0000000000e-01
2.8930208109e+00   1.0000000000e-01
2.9008371275e+00   1.0000000000e-01
2.9086534441e+00   1.0000000000e-01
2.9164697606e+00   1.0000000000e-01
2.9242860772e+00   1.0000000000e-01
2.9321023937e+00   1.0000000000e-01
2.9399187103e+00   1.0000000000e-01
2.9477350269e+00   1.0000000000e-01
2.9555513434e+00   1.0000000000e-01
2.9633676600e+00   1.0000000000e-01
2.9711839766e+00   1.0000000000e-01
2.9790002931e+00   1.0000000000e-01
2.9868166097e+00   1.0000000000e-01
2.9946329262e+00   1.0000000000e-01
3.0024492428e+00   1.0000000000e-01
3.0102655594e+00   1.0000000000e-01
3.0180818759e+00   1.0000000000e-01
3.0258981925e+00   1.0000000000e-01
3.0337145090e+00   1.0000000000e-01
3.0415308256e+00   1.0000000000e-01
3.0493471422e+00   1.0000000000e-01
3.0571634587e+00   1.0000000000e-01
3.0649797753e+00   1.0000000000e-01
3.0727960918e+00   1.0000000000e-01
3.0806124084e+00   1.0000000000e-01
3.0884287250e+00   1.0000000000e-01
3.0962450415e+00   1.0000000000e-01
3.1040613581e+00   1.0000000000e-01
3.1118776746e+00   1.0000000000e-01
3.1119776746e+00   1.0000000000e-01
3.1129776746e+00   1.0000000000e-01
3.1207939912e+00   1.0000000000e-01
3.1286103078e+00   1.0000000000e-01
3.1364266243e+00   1.0000000000e-01
3.1442429409e+00   1.0000000000e-01
3.1520592574e+00   1.0000000000e-01
3.1598755740e+00   1.0000000000e-01
3.1676918906e+00   1.0000000000e-01
3.1755082071e+00   1.0000000000e-01
3.1833245237e+00   1.0000000000e-01
3.1911408403e+00   1.0000000000e-01
3.1989571568e+00   1.0000000000e-01
3.2067734734e+00   1.0000000000e-01
3.2145897899e+00   1.0000000000e-01
3.2224061065e+00   1.0000000000e-01
3.2302224231e+00   1.0000000000e-01
3.2380387396e+00   1.0000000000e-01
3.2458550562e+00   1.0000000000e-01
3.2536713727e+00   1.0000000000e-01
3.2614876893e+00   1.0000000000e-01
3.2693040059e+00   1.0000000000e-01
3.2771203224e+00   1.0000000000e-01
3.2849366390e+00   1.0000000000e-01
3.2927529555e+00   1.0000000000e-01
3.3005692721e+00   1.0000000000e-01
3.3083855887e+00   1.0000000000e-01
3.3162019052e+00   1.0000000000e-01
3.3240182218e+00   1.0000000000e-01
3.3318345383e+00   1.0000000000e-01
3.3396508549e+00   1.0000000000e-01
3.3474671715e+00   1.0000000000e-01
3.3552834880e+00   1.0000000000e-01
3.3630998046e+00   1.0000000000e-01
3.3709161212e+00   1.0000000000e-01
3.3787324377e+00   1.0000000000e-01
3.3865487543e+00   1.0000000000e-01
3.3943650708e+00   1.0000000000e-01
3.4021813874e+00   1.0000000000e-01
3.4099977040e+00   1.0000000000e-01
3.4178140205e+00   1.0000000000e-01
3.4179140205e+00   1.0000000000e-01
3.4189140205e+00   1.0000000000e-01
3.4267303371e+00   1.0000000000e-01
3.4345466536e+00   1.0000000000e-01
3.4423629702e+00   1.0000000000e-01
3.4501792868e+00   1.0000000000e-01
3.4579956033e+00   1.0000000000e-01
3.4658119199e+00   1.0000000000e-01
3.4736282364e+00   1.0000000000e-01
3.4814445530e+00   1.0000000000e-01
3.4892608696e+00   1.0000000000e-01
3.4970771861e+00   1.0000000000e-01
3.5048935027e+00   1.0000000000e-01
3.5127098192e+00   1.0000000000e-01
3.5205261358e+00   1.0000000000e-01
3.5283424524e+00   1.0000000000e-01
3.5361587689e+00   1.0000000000e-01
3.5439750855e+00   1.0000000000e-01
3.5517914021e+00   1.0000000000e-01
3.5596077186e+00   1.0000000000e-01
3.5674240352e+00   1.0000000000e-01
3.5752403517e+00   1.0000000000e-01
3.5830566683e+00   1.0000000000e-01
3.5908729849e+00   1.0000000000e-01
3.5986893014e+00   1.0000000000e-01
3.6065056180e+00   1.0000000000e-01
3.6143219345e+00   1.0000000000e-01
3.6221382511e+00   1.0000000000e-01
3.6299545677e+00   1.0000000000e-01
3.6377708842e+00   1.0000000000e-01
3.6455872008e+00   1.0000000000e-01
3.6534035173e+00   1.0000000000e-01
3.6612198339e+00   1.0000000000e-01
3.6690361505e+00   1.0000000000e-01
3.6768524670e+00   1.0000000000e-01
3.6846687836e+00   1.0000000000e-01
3.6924851001e+00   1.0000000000e-01
3.7003014167e+00   1.0000000000e-01
3.7004014167e+00   1.0000000000e-01
3.7014014167e+00   1.0000000000e-01
3.7092177333e+00   1.0000000000e-01
3.7170340498e+00   1.0000000000e-01
3.7248503664e+00   1.0000000000e-01
3.7326666830e+00   1.0000000000e-01
3.7404829995e+00   1.0000000000e-01
3.7482993161e+00   1.0000000000e-01
3.7561156326e+00   1.0000000000e-01
3.7639319492e+00   1.0000000000e-01
3.7717482658e+00   1.0000000000e-01
3.7795645823e+00   1.0000000000e-01
3.7873808989e+00   1.0000000000e-01
3.7951972154e+00   1.0000000000e-01
3.8030135320e+00   1.0000000000e-01
3.8108298486e+00   1.0000000000e-01
3.8186461651e+00   1.0000000000e-01
3.8264624817e+00   1.0000000000e-01
3.8342787982e+00   1.0000000000e-01
3.8420951148e+00   1.0000000000e-01
3.8499114314e+00   1.0000000000e-01
3.8577277479e+00   1.0000000000e-01
3.8655440645e+00   1.0000000000e-01
3.8733603810e+00   1.0000000000e-01
3.8811766976e+00   1.0000000000e-01
3.8889930142e+00   1.0000000000e-01
3.8968093307e+00   1.0000000000e-01
3.9046256473e+00   1.0000000000e-01
3.9124419638e+00   1.0000000000e-01
3.9202582804e+00   1.0000000000e-01
3.9280745970e+00   1.0000000000e-01
3.9358909135e+00   1.0000000000e-01
3.9437072301e+00   1.0000000000e-01
3.9515235467e+00   1.0000000000e-01
3.9593398632e+00   1.0000000000e-01
3.9594398632e+00   1.0000000000e-01
3.9604398632e+00   1.0000000000e-01
3.9682561798e+00   1.0000000000e-01
3.9760724963e+00   1.0000000000e-01
3.9838888129e+00   1.0000000000e-01
3.9917051295e+00   1.0000000000e-01
3.9995214460e+00   1.0000000000e-01
4.0073377626e+00   1.0000000000e-01
4.0151540791e+00   1.0000000000e-01
4.0229703957e+00   1.0000000000e-01
4.0307867123e+00   1.0000000000e-01
4.0386030288e+00   1.0000000000e-01
4.0464193454e+00   1.0000000000e-01
4.0542356619e+00   1.0000000000e-01
4.0620519785e+00   1.0000000000e-01
4.0698682951e+00   1.0000000000e-01
4.0776846116e+00   1.0000000000e-01
4.0855009282e+00   1.0000000000e-01
4.0933172447e+00   1.0000000000e-01
4.1011335613e+00   1.0000000000e-01
4.1089498779e+00   1.0000000000e-01
4.1167661944e+00   1.0000000000e-01
4.1245825110e+00   1.0000000000e-01
4.1323988276e+00   1.0000000000e-01
4.1402151441e+00   1.0000000000e-01
4.1480314607e+00   1.0000000000e-01
4.1558477772e+00   1.0000000000e-01
4.1636640938e+00   1.0000000000e-01
4.1714804104e+00   1.0000000000e-01
4.1792967269e+00   1.0000000000e-01
4.1871130435e+00   1.0000000000e-01
4.1949293600e+00   1.0000000000e-01
4.2027456766e+00   1.0000000000e-01
4.2105619932e+00   1.0000000000e-01
4.2106619932e+00   1.0000000000e-01
4.2116619932e+00   1.0000000000e-01
4.2194783097e+00   1.0000000000e-01
4.2272946263e+00   1.0000000000e-01
4.2351109428e+00   1.0000000000e-01
4.2429272594e+00   1.0000000000e-01
4.2507435760e+00   1.0000000000e-01
4.2585598925e+00   1.0000000000e-01
4.2663762091e+00   1.0000000000e-01
4.2741925256e+00   1.0000000000e-01
4.2820088422e+00   1.0000000000e-01
4.2898251588e+00   1.0000000000e-01
4.2976414753e+00   1.0000000000e-01
4.3054577919e+00   1.0000000000e-01
4.3132741085e+00   1.0000000000e-01
4.3210904250e+00   1.0000000000e-01
4.3289067416e+00   1.0000000000e-01
4.3367230581e+00   1.0000000000e-01
4.3445393747e+00   1.0000000000e-01
4.3523556913e+00   1.0000000000e-01
4.3601720078e+00   1.0000000000e-01
4.3679883244e+00   1.0000000000e-01
4.3758046409e+00   1.0000000000e-01
4.3836209575e+00   1.0000000000e-01
4.3914372741e+00   1.0000000000e-01
4.3992535906e+00   1.0000000000e-01
4.4070699072e+00   1.0000000000e-01
4.4148862237e+00   1.0000000000e-01
4.4227025403e+00   1.0000000000e-01
4.4305188569e+00   1.0000000000e-01
4.4383351734e+00   1.0000000000e-01
4.4461514900e+00   1.0000000000e-01
4.4539678065e+00   1.0000000000e-01
4.4540678065e+00   1.0000000000e-01
4.4550678065e+00   1.0000000000e-01
4.4628841231e+00   1.0000000000e-01
4.4707004397e+00   1.0000000000e-01
4.4785167562e+00   1.0000000000e-01
4.4863330728e+00   1.0000000000e-01
4.4941493894e+00   1.0000000000e-01
4.5019657059e+00   1.0000000000e-01
4.5097820225e+00   1.0000000000e-01
4.5175983390e+00   1.0000000000e-01
4.5254146556e+00   1.0000000000e-01
4.5332309722e+00   1.0000000000e-01
4.5410472887e+00   1.0000000000e-01
4.5488636053e+00   1.0000000000e-01
4.5566799218e+00   1.0000000000e-01
4.5644962384e+00   1.0000000000e-01
4.5723125550e+00   1.0000000000e-01
4.5801288715e+00   1.0000000000e-01
4.5879451881e+00   1.0000000000e-01
4.5957615046e+00   1.0000000000e-01
4.6035778212e+00   1.0000000000e-01
4.6113941378e+00   1.0000000000e-01
4.6192104543e+00   1.0000000000e-01
4.6270267709e+00   1.0000000000e-01
4.6348430874e+00   1.0000000000e-01
4.6426594040e+00   1.0000000000e-01
4.6504757206e+00   1.0000000000e-01
4.6582920371e+00   1.0000000000e-01
4.6661083537e+00   1.0000000000e-01
4.6739246702e+00   1.0000000000e-01
4.6817409868e+00   1.0000000000e-01
4.6895573034e+00   1.0000000000e-01
4.6973736199e+00   1.0000000000e-01
4.6974736199e+00   1.0000000000e-01
4.6984736199e+00   1.0000000000e-01
4.7062899365e+00   1.0000000000e-01
4.7141062531e+00   1.0000000000e-01
4.7219225696e+00   1.0000000000e-01
4.7297388862e+00   1.0000000000e-01
4.7375552027e+00   1.0000000000e-01
4.7453715193e+00   1.0000000000e-01
4.7531878359e+00   1.0000000000e-01
4.7610041524e+00   1.0000000000e-01
4.7688204690e+00   1.0000000000e-01
4.7766367855e+00   1.0000000000e-01
4.7844531021e+00   1.0000000000e-01
4.7922694187e+00   1.0000000000e-01
4.8000857352e+00   1.0000000000e-01
4.8079020518e+00   1.0000000000e-01
4.8157183683e+00   1.0000000000e-01
4.8235346849e+00   1.0000000000e-01
4.8313510015e+00   1.0000000000e-01
4.8391673180e+00   1.0000000000e-01
4.8469836346e+00   1.0000000000e-01
4.8547999511e+00   1.0000000000e-01
4.8626162677e+00   1.0000000000e-01
4.8704325843e+00   1.0000000000e-01
4.8782489008e+00   1.0000000000e-01
4.8860652174e+00   1.0000000000e-01
4.8938815340e+00   1.0000000000e-01
4.9016978505e+00   1.0000000000e-01
4.9095141671e+00   1.0000000000e-01
4.9173304836e+00   1.0000000000e-01
4.9251468002e+00   1.0000000000e-01
4.9329631168e+00   1.0000000000e-01
4.9330631168e+00   1.0000000000e-01
4.9340631168e+00   1.0000000000e-01
4.9418794333e+00   1.0000000000e-01
4.9496957499e+00   1.0000000000e-01
4.9575120664e+00   1.0000000000e-01
4.9653283830e+00   1.0000000000e-01
4.9731446996e+00   1.0000000000e-01
4.9809610161e+00   1.0000000000e-01
4.9887773327e+00   1.0000000000e-01
4.9965936492e+00   1.0000000000e-01
5.0044099658e+00   1.0000000000e-01
5.0122262824e+00   1.0000000000e-01
5.0200425989e+00   1.0000000000e-01
5.0278589155e+00   1.0000000000e-01
5.0356752320e+00   1.0000000000e-01
5.0434915486e+00   1.0000000000e-01
5.0513078652e+00   1.0000000000e-01
5.0591241817e+00   1.0000000000e-01
5.0669404983e+00   1.0000000000e-01
5.0747568149e+00   1.0000000000e-01
5.0825731314e+00   1.0000000000e-01
5.0903894480e+00   1.0000000000e-01
5.0982057645e+00   1.0000000000e-01
5.1060220811e+00   1.0000000000e-01
5.1138383977e+00   1.0000000000e-01
5.1216547142e+00   1.0000000000e-01
5.1294710308e+00   1.0000000000e-01
5.1372873473e+00   1.0000000000e-01
5.1451036639e+00   1.0000000000e-01
5.1529199805e+00   1.0000000000e-01
5.1607362970e+00   1.0000000000e-01
5.1685526136e+00   1.0000000000e-01
5.1686526136e+00   1.0000000000e-01
5.1696526136e+00   1.0000000000e-01
5.1774689301e+00   1.0000000000e-01
5.1852852467e+00   1.0000000000e-01
5.1931015633e+00   1.0000000000e-01
5.2009178798e+00   1.0000000000e-01
5.2087341964e+00   1.0000000000e-01
5.2165505129e+00   1.0000000000e-01
5.2243668295e+00   1.0000000000e-01
5.2321831461e+00   1.0000000000e-01
5.2399994626e+00   1.0000000000e-01
5.2478157792e+00   1.0000000000e-01
5.2556320957e+00   1.0000000000e-01
5.2634484123e+00   1.0000000000e-01
5.2712647289e+00   1.0000000000e-01
5.2790810454e+00   1.0000000000e-01
5.2868973620e+00   1.0000000000e-01
5.2947136786e+00   1.0000000000e-01
5.3025299951e+00   1.0000000000e-01
5.3103463117e+00   1.0000000000e-01
5.3181626282e+00   1.0000000000e-01
5.3259789448e+00   1.0000000000e-01
5.3337952614e+00   1.0000000000e-01
5.3416115779e+00   1.0000000000e-01
5.3494278945e+00   1.0000000000e-01
5.3572442110e+00   1.0000000000e-01
5.3650605276e+00   1.0000000000e-01
5.3728768442e+00   1.0000000000e-01
5.3806931607e+00   1.0000000000e-01
5.3885094773e+00   1.0000000000e-01
5.3963257938e+00   1.0000000000e-01
5.4041421104e+00   1.0000000000e-01
5.4042421104e+00   1.0000000000e-01
5.4052421104e+00   1.0000000000e-01
5.4130584270e+00   1.0000000000e-01
5.4208747435e+00   1.0000000000e-01
5.4286910601e+00   1.0000000000e-01
5.4365073766e+00   1.0000000000e-01
5.4443236932e+00   1.0000000000e-01
5.4521400098e+00   1.0000000000e-01
5.4599563263e+00   1.0000000000e-01
5.4677726429e+00   1.0000000000e-01
5.4755889595e+00   1.0000000000e-01
5.4834052760e+00   1.0000000000e-01
5.4912215926e+00   1.0000000000e-01
5.4990379091e+00   1.0000000000e-01
5.5068542257e+00   1.0000000000e-01
5.5146705423e+00   1.0000000000e-01
5.5224868588e+00   1.0000000000e-01
5.5303031754e+00   1.0000000000e-01
5.5381194919e+00   1.0000000000e-01
5.5459358085e+00   1.0000000000e-01
5.5537521251e+00   1.0000000000e-01
5.5615684416e+00   1.0000000000e-01
5.5693847582e+00   1.0000000000e-01
5.5772010747e+00   1.0000000000e-01
5.5850173913e+00   1.0000000000e-01
5.5928337079e+00   1.0000000000e-01
5.6006500244e+00   1.0000000000e-01
5.6084663410e+00   1.0000000000e-01
5.6162826575e+00   1.0000000000e-01
5.6240989741e+00   1.0000000000e-01
5.6319152907e+00   1.0000000000e-01
5.6320152907e+00   1.0000000000e-01
5.6330152907e+00   1.0000000000e-01
5.6408316072e+00   1.0000000000e-01
5.6486479238e+00   1.0000000000e-01
5.6564642404e+00   1.0000000000e-01
5.6642805569e+00   1.0000000000e-01
5.6720968735e+00   1.0000000000e-01
5.6799131900e+00   1.0000000000e-01
5.6877295066e+00   1.0000000000e-01
5.6955458232e+00   1.0000000000e-01
5.7033621397e+00   1.0000000000e-01
5.7111784563e+00   1.0000000000e-01
5.7189947728e+00   1.0000000000e-01
5.7268110894e+00   1.0000000000e-01
5.7346274060e+00   1.0000000000e-01
5.7424437225e+00   1.0000000000e-01
5.7502600391e+00   1.0000000000e-01
5.7580763556e+00   1.0000000000e-01
5.7658926722e+00   1.0000000000e-01
5.7737089888e+00   1.0000000000e-01
5.7815253053e+00   1.0000000000e-01
5.7893416219e+00   1.0000000000e-01
5.7971579384e+00   1.0000000000e-01
5.8049742550e+00   1.0000000000e-01
5.8127905716e+00   1.0000000000e-01
5.8206068881e+00   1.0000000000e-01
5.8284232047e+00   1.0000000000e-01
5.8362395213e+00   1.0000000000e-01
5.8440558378e+00   1.0000000000e-01
5.8518721544e+00   1.0000000000e-01
5.8519721544e+00   1.0000000000e-01
5.8529721544e+00   1.0000000000e-01
5.8607884709e+00   1.0000000000e-01
5.8686047875e+00   1.0000000000e-01
5.8764211041e+00   1.0000000000e-01
5.8842374206e+00   1.0000000000e-01
5.8920537372e+00   1.0000000000e-01
5.8998700537e+00   1.0000000000e-01
5.9076863703e+00   1.0000000000e-01
5.9155026869e+00   1.0000000000e-01
5.9233190034e+00   1.0000000000e-01
5.9311353200e+00   1.0000000000e-01
5.9389516365e+00   1.0000000000e-01
5.9467679531e+00   1.0000000000e-01
5.9545842697e+00   1.0000000000e-01
5.9624005862e+00   1.0000000000e-01
5.9702169028e+00   1.0000000000e-01
5.9780332193e+00   1.0000000000e-01
5.9858495359e+00   1.0000000000e-01
5.9936658525e+00   1.0000000000e-01
6.0014821690e+00   1.0000000000e-01
6.0092984856e+00   1.0000000000e-01
6.0171148021e+00   1.0000000000e-01
6.0249311187e+00   1.0000000000e-01
6.0327474353e+00   1.0000000000e-01
6.0405637518e+00   1.0000000000e-01
6.0483800684e+00   1.0000000000e-01
6.0561963850e+00   1.0000000000e-01
6.0640127015e+00   1.0000000000e-01
6.0641127015e+00   1.0000000000e-01
6.0651127015e+00   1.0000000000e-01
6.0729290181e+00   1.0000000000e-01
6.0807453346e+00   1.0000000000e-01
6.0885616512e+00   1.0000000000e-01
6.0963779678e+00   1.0000000000e-01
6.1041942843e+00   1.0000000000e-01
6.1120106009e+00   1.0000000000e-01
6.1198269174e+00   1.0000000000e-01
6.1276432340e+00   1.0000000000e-01
6.1354595506e+00   1.0000000000e-01
6.1432758671e+00   1.0000000000e-01
6.1510921837e+00   1.0000000000e-01
6.1589085002e+00   1.0000000000e-01
6.1667248168e+00   1.0000000000e-01
6.1745411334e+00   1.0000000000e-01
6.1823574499e+00   1.0000000000e-01
6.1901737665e+00   1.0000000000e-01
6.1979900830e+00   1.0000000000e-01
6.2058063996e+00   1.0000000000e-01
6.2136227162e+00   1.0000000000e-01
6.2214390327e+00   1.0000000000e-01
6.2292553493e+00   1.0000000000e-01
6.2370716659e+00   1.0000000000e-01
6.2448879824e+00   1.0000000000e-01
6.2527042990e+00   1.0000000000e-01
6.2605206155e+00   1.0000000000e-01
6.2683369321e+00   1.0000000000e-01
6.2684369321e+00   1.0000000000e-01
6.2694369321e+00   1.0000000000e-01
6.2772532487e+00   1.0000000000e-01
6.2850695652e+00   1.0000000000e-01
6.2928858818e+00   1.0000000000e-01
6.3007021983e+00   1.0000000000e-01
6.3085185149e+00   1.0000000000e-01
6.3163348315e+00   1.0000000000e-01
6.3241511480e+00   1.0000000000e-01
6.3319674646e+00   1.0000000000e-01
6.3397837811e+00   1.0000000000e-01
6.3476000977e+00   1.0000000000e-01
6.3554164143e+00   1.0000000000e-01
6.3632327308e+00   1.0000000000e-01
6.3710490474e+00   1.0000000000e-01
6.3788653639e+00   1.0000000000e-01
6.3866816805e+00   1.0000000000e-01
6.3944979971e+00   1.0000000000e-01
6.4023143136e+00   1.0000000000e-01
6.4101306302e+00   1.0000000000e-01
6.4179469468e+00   1.0000000000e-01
6.4257632633e+00   1.0000000000e-01
6.4335795799e+00   1.0000000000e-01
6.4413958964e+00   1.0000000000e-01
6.4492122130e+00   1.0000000000e-01
6.4570285296e+00   1.0000000000e-01
6.4648448461e+00   1.0000000000e-01
6.4649448461e+00   1.0000000000e-01
6.4659448461e+00   1.0000000000e-01
6.4737611627e+00   1.0000000000e-01
6.4815774792e+00   1.0000000000e-01
6.4893937958e+00   1.0000000000e-01
6.4972101124e+00   1.0000000000e-01
6.5050264289e+00   1.0000000000e-01
6.5128427455e+00   1.0000000000e-01
6.5206590620e+00   1.0000000000e-01
6.5284753786e+00   1.0000000000e-01
6.5362916952e+00   1.0000000000e-01
6.5441080117e+00   1.0000000000e-01
6.5519243283e+00   1.0000000000e-01
6.5597406448e+00   1.0000000000e-01
6.5675569614e+00   1.0000000000e-01
6.5753732780e+00   1.0000000000e-01
6.5831895945e+00   1.0000000000e-01
6.5910059111e+00   1.0000000000e-01
6.5988222277e+00   1.0000000000e-01
6.6066385442e+00   1.0000000000e-01
6.6144548608e+00   1.0000000000e-01
6.6222711773e+00   1.0000000000e-01
6.6300874939e+00   1.0000000000e-01
6.6379038105e+00   1.0000000000e-01
6.6457201270e+00   1.0000000000e-01
6.6535364436e+00   1.0000000000e-01
6.6536364436e+00   1.0000000000e-01
6.6546364436e+00   1.0000000000e-01
6.6624527601e+00   1.0000000000e-01
6.6702690767e+00   1.0000000000e-01
6.6780853933e+00   1.0000000000e-01
6.6859017098e+00   1.0000000000e-01
6.6937180264e+00   1.0000000000e-01
6.7015343429e+00   1.0000000000e-01
6.7093506595e+00   1.0000000000e-01
6.7171669761e+00   1.0000000000e-01
6.7249832926e+00   1.0000000000e-01
6.7327996092e+00   1.0000000000e-01
6.7406159257e+00   1.0000000000e-01
6.7484322423e+00   1.0000000000e-01
6.7562485589e+00   1.0000000000e-01
6.7640648754e+00   1.0000000000e-01
6.7718811920e+00   1.0000000000e-01
6.7796975085e+00   1.0000000000e-01
6.7875138251e+00   1.0000000000e-01
6.7953301417e+00   1.0000000000e-01
6.8031464582e+00   1.0000000000e-01
6.8109627748e+00   1.0000000000e-01
6.8187790914e+00   1.0000000000e-01
6.8265954079e+00   1.0000000000e-01
6.8344117245e+00   1.0000000000e-01
6.8345117245e+00   1.0000000000e-01
6.8355117245e+00   1.0000000000e-01
6.8433280410e+00   1.0000000000e-01
6.8511443576e+00   1.0000000000e-01
6.8589606742e+00   1.0000000000e-01
6.8667769907e+00   1.0000000000e-01
6.8745933073e+00   1.0000000000e-01
6.8824096238e+00   1.0000000000e-01
6.8902259404e+00   1.0000000000e-01
6.8980422570e+00   1.0000000000e-01
6.9058585735e+00   1.0000000000e-01
6.9136748901e+00   1.0000000000e-01
6.9214912066e+00   1.0000000000e-01
6.9293075232e+00   1.0000000000e-01
6.9371238398e+00   1.0000000000e-01
6.9449401563e+00   1.0000000000e-01
6.9527564729e+00   1.0000000000e-01
6.9605727894e+00   1.0000000000e-01
6.9683891060e+00   1.0000000000e-01
6.9762054226e+00   1.0000000000e-01
6.9840217391e+00   1.0000000000e-01
6.9918380557e+00   1.0000000000e-01
6.9996543723e+00   1.0000000000e-01
7.0074706888e+00   1.0000000000e-01
7.0075706888e+00   1.0000000000e-01
7.0085706888e+00   1.0000000000e-01
7.0163870054e+00   1.0000000000e-01
7.0242033219e+00   1.0000000000e-01
7.0320196385e+00   1.0000000000e-01
7.0398359551e+00   1.0000000000e-01
7.0476522716e+00   1.0000000000e-01
7.0554685882e+00   1.0000000000e-01
7.0632849047e+00   1.0000000000e-01
7.0711012213e+00   1.0000000000e-01
7.0789175379e+00   1.0000000000e-01
7.0867338544e+00   1.0000000000e-01
7.0945501710e+00   1.0000000000e-01
7.1023664875e+00   1.0000000000e-01
7.1101828041e+00   1.0000000000e-01
7.1179991207e+00   1.0000000000e-01
7.1258154372e+00   1.0000000000e-01
7.1336317538e+00   1.0000000000e-01
7.1414480703e+00   1.0000000000e-01
7.1492643869e+00   1.0000000000e-01
7.1570807035e+00   1.0000000000e-01
7.1648970200e+00   1.0000000000e-01
7.1727133366e+00   1.0000000000e-01
7.1728133366e+00   1.0000000000e-01
7.1738133366e+00   1.0000000000e-01
7.1816296532e+00   1.0000000000e-01
7.1894459697e+00   1.0000000000e-01
7.1972622863e+00   1.0000000000e-01
7.2050786028e+00   1.0000000000e-01
7.2128949194e+00   1.0000000000e-01
7.2207112360e+00   1.0000000000e-01
7.2285275525e+00   1.0000000000e-01
7.2363438691e+00   1.0000000000e-01
7.2441601856e+00   1.0000000000e-01
7.2519765022e+00   1.0000000000e-01
7.2597928188e+00   1.0000000000e-01
7.2676091353e+00   1.0000000000e-01
7.2754254519e+00   1.0000000000e-01
7.2832417684e+00   1.0000000000e-01
7.2910580850e+00   1.0000000000e-01
7.2988744016e+00   1.0000000000e-01
7.3066907181e+00   1.0000000000e-01
7.3145070347e+00   1.0000000000e-01
7.3223233512e+00   1.0000000000e-01
7.3301396678e+00   1.0000000000e-01
7.3302396678e+00   1.0000000000e-01
7.3312396678e+00   1.0000000000e-01
7.3390559844e+00   1.0000000000e-01
7.3468723009e+00   1.0000000000e-01
7.3546886175e+00   1.0000000000e-01
7.3625049340e+00   1.0000000000e-01
7.3703212506e+00   1.0000000000e-01
7.3781375672e+00   1.0000000000e-01
7.3859538837e+00   1.0000000000e-01
7.3937702003e+00   1.0000000000e-01
7.4015865169e+00   1.0000000000e-01
7.4094028334e+00   1.0000000000e-01
7.4172191500e+00   1.0000000000e-01
7.4250354665e+00   1.0000000000e-01
7.4328517831e+00   1.0000000000e-01
7.4406680997e+00   1.0000000000e-01
7.4484844162e+00   1.0000000000e-01
7.4563007328e+00   1.0000000000e-01
7.4641170493e+00   1.0000000000e-01
7.4719333659e+00   1.0000000000e-01
7.4797496825e+00   1.0000000000e-01
7.4875659990e+00   1.0000000000e-01
7.4876659990e+00   1.0000000000e-01
7.4886659990e+00   1.0000000000e-01
7.4964823156e+00   1.0000000000e-01
7.5042986321e+00   1.0000000000e-01
7.5121149487e+00   1.0000000000e-01
7.5199312653e+00   1.0000000000e-01
7.5277475818e+00   1.0000000000e-01
7.5355638984e+00   1.0000000000e-01
7.5433802149e+00   1.0000000000e-01
7.5511965315e+00   1.0000000000e-01
7.5590128481e+00   1.0000000000e-01
7.5668291646e+00   1.0000000000e-01
7.5746454812e+00   1.0000000000e-01
7.5824617978e+00   1.0000000000e-01
7.5902781143e+00   1.0000000000e-01
7.5980944309e+00   1.0000000000e-01
7.6059107474e+00   1.0000000000e-01
7.6137270640e+00   1.0000000000e-01
7.6215433806e+00   1.0000000000e-01
7.6293596971e+00   1.0000000000e-01
7.6371760137e+00   1.0000000000e-01
7.6449923302e+00   1.0000000000e-01
7.6450923302e+00   1.0000000000e-01
7.6460923302e+00   1.0000000000e-01
7.6539086468e+00   1.0000000000e-01
7.6617249634e+00   1.0000000000e-01
7.6695412799e+00   1.0000000000e-01
7.6773575965e+00   1.0000000000e-01
7.6851739130e+00   1.0000000000e-01
7.6929902296e+00   1.0000000000e-01
7.7008065462e+00   1.0000000000e-01
7.7086228627e+00   1.0000000000e-01
7.7164391793e+00   1.0000000000e-01
7.7242554958e+00   1.0000000000e-01
7.7320718124e+00   1.0000000000e-01
7.7398881290e+00   1.0000000000e-01
7.7477044455e+00   1.0000000000e-01
7.7555207621e+00   1.0000000000e-01
7.7633370787e+00   1.0000000000e-01
7.7711533952e+00   1.0000000000e-01
7.7789697118e+00   1.0000000000e-01
7.7867860283e+00   1.0000000000e-01
7.7946023449e+00   1.0000000000e-01
7.7947023449e+00   1.0000000000e-01
7.7957023449e+00   1.0000000000e-01
7.8035186615e+00   1.0000000000e-01
7.8113349780e+00   1.0000000000e-01
7.8191512946e+00   1.0000000000e-01
7.8269676111e+00   1.0000000000e-01
7.8347839277e+00   1.0000000000e-01
7.8426002443e+00   1.0000000000e-01
7.8504165608e+00   1.0000000000e-01
7.8582328774e+00   1.0000000000e-01
7.8660491939e+00   1.0000000000e-01
7.8738655105e+00   1.0000000000e-01
7.8816818271e+00   1.0000000000e-01
7.8894981436e+00   1.0000000000e-01
7.8973144602e+00   1.0000000000e-01
7.9051307767e+00   1.0000000000e-01
7.9129470933e+00   1.0000000000e-01
7.9207634099e+00   1.0000000000e-01
7.9285797264e+00   1.0000000000e-01
7.9363960430e+00   1.0000000000e-01
7.9442123596e+00   1.0000000000e-01
7.9443123596e+00   1.0000000000e-01
7.9453123596e+00   1.0000000000e-01
7.9531286761e+00   1.0000000000e-01
7.9609449927e+00   1.0000000000e-01
7.9687613092e+00   1.0000000000e-01
7.9765776258e+00   1.0000000000e-01
7.9843939424e+00   1.0000000000e-01
7.9922102589e+00   1.0000000000e-01
8.0000265755e+00   1.0000000000e-01
8.0078428920e+00   1.0000000000e-01
8.0156592086e+00   1.0000000000e-01
8.0234755252e+00   1.0000000000e-01
8.0312918417e+00   1.0000000000e-01
8.0391081583e+00   1.0000000000e-01
8.0469244748e+00   1.0000000000e-01
8.0547407914e+00   1.0000000000e-01
8.0625571080e+00   1.0000000000e-01
8.0703734245e+00   1.0000000000e-01
8.0781897411e+00   1.0000000000e-01
8.0860060576e+00   1.0000000000e-01
8.0938223742e+00   1.0000000000e-01
8.0939223742e+00   1.0000000000e-01
8.0949223742e+00   1.0000000000e-01
8.1027386908e+00   1.0000000000e-01
8.1105550073e+00   1.0000000000e-01
8.1183713239e+00   1.0000000000e-01
8.1261876404e+00   1.0000000000e-01
8.1340039570e+00   1.0000000000e-01
8.1418202736e+00   1.0000000000e-01
8.1496365901e+00   1.0000000000e-01
8.1574529067e+00   1.0000000000e-01
8.1652692233e+00   1.0000000000e-01
8.1730855398e+00   1.0000000000e-01
8.1809018564e+00   1.0000000000e-01
8.1887181729e+00   1.0000000000e-01
8.1965344895e+00   1.0000000000e-01
8.2043508061e+00   1.0000000000e-01
8.2121671226e+00   1.0000000000e-01
8.2199834392e+00   1.0000000000e-01
8.2277997557e+00   1.0000000000e-01
8.2356160723e+00   1.0000000000e-01
8.2434323889e+00   1.0000000000e-01
8.2435323889e+00   1.0000000000e-01
8.2445323889e+00   1.0000000000e-01
8.2523487054e+00   1.0000000000e-01
8.2601650220e+00   1.0000000000e-01
8.2679813385e+00   1.0000000000e-01
8.2757976551e+00   1.0000000000e-01
8.2836139717e+00   1.0000000000e-01
8.2914302882e+00   1.0000000000e-01
8.2992466048e+00   1.0000000000e-01
8.3070629213e+00   1.0000000000e-01
8.3148792379e+00   1.0000000000e-01
8.3226955545e+00   1.0000000000e-01
8.3305118710e+00   1.0000000000e-01
8.3383281876e+00   1.0000000000e-01
8.3461445042e+00   1.0000000000e-01
8.3539608207e+00   1.0000000000e-01
8.3617771373e+00   1.0000000000e-01
8.3695934538e+00   1.0000000000e-01
8.3774097704e+00   1.0000000000e-01
8.3852260870e+00   1.0000000000e-01
8.3930424035e+00   1.0000000000e-01
8.3931424035e+00   1.0000000000e-01
8.3941424035e+00   1.0000000000e-01
8.4019587201e+00   1.0000000000e-01
8.4097750366e+00   1.0000000000e-01
8.4175913532e+00   1.0000000000e-01
8.4254076698e+00   1.0000000000e-01
8.4332239863e+00   1.0000000000e-01
8.4410403029e+00   1.0000000000e-01
8.4488566194e+00   1.0000000000e-01
8.4566729360e+00   1.0000000000e-01
8.4644892526e+00   1.0000000000e-01
8.4723055691e+00   1.0000000000e-01
8.4801218857e+00   1.0000000000e-01
8.4879382022e+00   1.0000000000e-01
8.4957545188e+00   1.0000000000e-01
8.5035708354e+00   1.0000000000e-01
8.5113871519e+00   1.0000000000e-01
8.5192034685e+00   1.0000000000e-01
8.5270197851e+00   1.0000000000e-01
8.5348361016e+00   1.0000000000e-01
8.5426524182e+00   1.0000000000e-01
8.5427524182e+00   1.0000000000e-01
8.5437524182e+00   1.0000000000e-01
8.5515687347e+00   1.0000000000e-01
8.5593850513e+00   1.0000000000e-01
8.5672013679e+00   1.0000000000e-01
8.5750176844e+00   1.0000000000e-01
8.5828340010e+00   1.0000000000e-01
8.5906503175e+00   1.0000000000e-01
8.5984666341e+00   1.0000000000e-01
8.6062829507e+00   1.0000000000e-01
8.6140992672e+00   1.0000000000e-01
8.6219155838e+00   1.0000000000e-01
8.6297319003e+00   1.0000000000e-01
8.6375482169e+00   1.0000000000e-01
8.6453645335e+00   1.0000000000e-01
8.6531808500e+00   1.0000000000e-01
8.6609971666e+00   1.0000000000e-01
8.6688134831e+00   1.0000000000e-01
8.6766297997e+00   1.0000000000e-01
8.6844461163e+00   1.0000000000e-01
8.6922624328e+00   1.0000000000e-01
8.6923624328e+00   1.0000000000e-01
8.6933624328e+00   1.0000000000e-01
8.7011787494e+00   1.0000000000e-01
8.7089950659e+00   1.0000000000e-01
8.7168113825e+00   1.0000000000e-01
8.7246276991e+00   1.0000000000e-01
8.7324440156e+00   1.0000000000e-01
8.7402603322e+00   1.0000000000e-01
8.7480766488e+00   1.0000000000e-01
8.7558929653e+00   1.0000000000e-01
8.7637092819e+00   1.0000000000e-01
8.7715255984e+00   1.0000000000e-01
8.7793419150e+00   1.0000000000e-01
8.7871582316e+00   1.0000000000e-01
8.7949745481e+00   1.0000000000e-01
8.8027908647e+00   1.0000000000e-01
8.8106071812e+00   1.0000000000e-01
8.8184234978e+00   1.0000000000e-01
8.8262398144e+00   1.0000000000e-01
8.8340561309e+00   1.0000000000e-01
8.8341561309e+00   1.0000000000e-01
8.8351561309e+00   1.0000000000e-01
8.8429724475e+00   1.0000000000e-01
8.8507887640e+00   1.0000000000e-01
8.8586050806e+00   1.0000000000e-01
8.8664213972e+00   1.0000000000e-01
8.8742377137e+00   1.0000000000e-01
8.8820540303e+00   1.0000000000e-01
8.8898703468e+00   1.0000000000e-01
8.8976866634e+00   1.0000000000e-01
8.9055029800e+00   1.0000000000e-01
8.9133192965e+00   1.0000000000e-01
8.9211356131e+00   1.0000000000e-01
8.9289519297e+00   1.0000000000e-01
8.9367682462e+00   1.0000000000e-01
8.9445845628e+00   1.0000000000e-01
8.9524008793e+00   1.0000000000e-01
8.9602171959e+00   1.0000000000e-01
8.9680335125e+00   1.0000000000e-01
8.9758498290e+00   1.0000000000e-01
8.9759498290e+00   1.0000000000e-01
8.9769498290e+00   1.0000000000e-01
8.9847661456e+00   1.0000000000e-01
8.9925824621e+00   1.0000000000e-01
9.0003987787e+00   1.0000000000e-01
9.0082150953e+00   1.0000000000e-01
9.0160314118e+00   1.0000000000e-01
9.0238477284e+00   1.0000000000e-01
9.0316640449e+00   1.0000000000e-01
9.0394803615e+00   1.0000000000e-01
9.0472966781e+00   1.0000000000e-01
9.0551129946e+00   1.0000000000e-01
9.0629293112e+00   1.0000000000e-01
9.0707456277e+00   1.0000000000e-01
9.0785619443e+00   1.0000000000e-01
9.0863782609e+00   1.0000000000e-01
9.0941945774e+00   1.0000000000e-01
9.1020108940e+00   1.0000000000e-01
9.1098272106e+00   1.0000000000e-01
9.1099272106e+00   1.0000000000e-01
9.1109272106e+00   1.0000000000e-01
9.1187435271e+00   1.0000000000e-01
9.1265598437e+00   1.0000000000e-01
9.1343761602e+00   1.0000000000e-01
9.1421924768e+00   1.0000000000e-01
9.1500087934e+00   1.0000000000e-01
9.1578251099e+00   1.0000000000e-01
9.1656414265e+00   1.0000000000e-01
9.1734577430e+00   1.0000000000e-01
9.1812740596e+00   1.0000000000e-01
9.1890903762e+00   1.0000000000e-01
9.1969066927e+00   1.0000000000e-01
9.2047230093e+00   1.0000000000e-01
9.2125393258e+00   1.0000000000e-01
9.2203556424e+00   1.0000000000e-01
9.2281719590e+00   1.0000000000e-01
9.2359882755e+00   1.0000000000e-01
9.2438045921e+00   1.0000000000e-01
9.2439045921e+00   1.0000000000e-01
9.2449045921e+00   1.0000000000e-01
9.2527209086e+00   1.0000000000e-01
9.2605372252e+00   1.0000000000e-01
9.2683535418e+00   1.0000000000e-01
9.2761698583e+00   1.0000000000e-01
9.2839861749e+00   1.0000000000e-01
9.2918024915e+00   1.0000000000e-01
9.2996188080e+00   1.0000000000e-01
9.3074351246e+00   1.0000000000e-01
9.3152514411e+00   1.0000000000e-01
9.3230677577e+00   1.0000000000e-01
9.3308840743e+00   1.0000000000e-01
9.3387003908e+00   1.0000000000e-01
9.3465167074e+00   1.0000000000e-01
9.3543330239e+00   1.0000000000e-01
9.3621493405e+00   1.0000000000e-01
9.3699656571e+00   1.0000000000e-01
9.3700656571e+00   1.0000000000e-01
9.3710656571e+00   1.0000000000e-01
9.3788819736e+00   1.0000000000e-01
9.3866982902e+00   1.0000000000e-01
9.3945146067e+00   1.0000000000e-01
9.4023309233e+00   1.0000000000e-01
9.4101472399e+00   1.0000000000e-01
9.4179635564e+00   1.0000000000e-01
9.4257798730e+00   1.0000000000e-01
9.4335961895e+00   1.0000000000e-01
9.4414125061e+00   1.0000000000e-01
9.4492288227e+00   1.0000000000e-01
9.4570451392e+00   1.0000000000e-01
9.4648614558e+00   1.0000000000e-01
9.4726777723e+00   1.0000000000e-01
9.4804940889e+00   1.0000000000e-01
9.4883104055e+00   1.0000000000e-01
9.4961267220e+00   1.0000000000e-01
9.4962267220e+00   1.0000000000e-01
9.4972267220e+00   1.0000000000e-01
9.5050430386e+00   1.0000000000e-01
9.5128593552e+00   1.0000000000e-01
9.5206756717e+00   1.0000000000e-01
9.5284919883e+00   1.0000000000e-01
9.5363083048e+00   1.0000000000e-01
9.5441246214e+00   1.0000000000e-01
9.5519409380e+00   1.0000000000e-01
9.5597572545e+00   1.0000000000e-01
9.5675735711e+00   1.0000000000e-01
9.5753898876e+00   1.0000000000e-01
9.5832062042e+00   1.0000000000e-01
9.5910225208e+00   1.0000000000e-01
9.5988388373e+00   1.0000000000e-01
9.6066551539e+00   1.0000000000e-01
9.6144714704e+00   1.0000000000e-01
9.6222877870e+00   1.0000000000e-01
9.6223877870e+00   1.0000000000e-01
9.6233877870e+00   1.0000000000e-01
9.6312041036e+00   1.0000000000e-01
9.6390204201e+00   1.0000000000e-01
9.6468367367e+00   1.0000000000e-01
9.6546530532e+00   1.0000000000e-01
9.6624693698e+00   1.0000000000e-01
9.6702856864e+00   1.0000000000e-01
9.6781020029e+00   1.0000000000e-01
9.6859183195e+00   1.0000000000e-01
9.6937346361e+00   1.0000000000e-01
9.7015509526e+00   1.0000000000e-01
9.7093672692e+00   1.0000000000e-01
9.7171835857e+00   1.0000000000e-01
9.7249999023e+00   1.0000000000e-01
9.7328162189e+00   1.0000000000e-01
9.7406325354e+00   1.0000000000e-01
9.7484488520e+00   1.0000000000e-01
9.7485488520e+00   1.0000000000e-01
9.7495488520e+00   1.0000000000e-01
9.7573651685e+00   1.0000000000e-01
9.7651814851e+00   1.0000000000e-01
9.7729978017e+00   1.0000000000e-01
9.7808141182e+00   1.0000000000e-01
9.7886304348e+00   1.0000000000e-01
9.7964467513e+00   1.0000000000e-01
9.8042630679e+00   1.0000000000e-01
9.8120793845e+00   1.0000000000e-01
9.8198957010e+00   1.0000000000e-01
9.8277120176e+00   1.0000000000e-01
9.8355283341e+00   1.0000000000e-01
9.8433446507e+00   1.0000000000e-01
9.8511609673e+00   1.0000000000e-01
9.8589772838e+00   1.0000000000e-01
9.8667936004e+00   1.0000000000e-01
9.8668936004e+00   1.0000000000e-01
9.8678936004e+00   1.0000000000e-01
9.8757099170e+00   1.0000000000e-01
9.8835262335e+00   1.0000000000e-01
9.8913425501e+00   1.0000000000e-01
9.8991588666e+00   1.0000000000e-01
9.9069751832e+00   1.0000000000e-01
9.9147914998e+00   1.0000000000e-01
9.9226078163e+00   1.0000000000e-01
9.9304241329e+00   1.0000000000e-01
9.9382404494e+00   1.0000000000e-01
9.9460567660e+00   1.0000000000e-01
9.9538730826e+00   1.0000000000e-01
9.9616893991e+00   1.0000000000e-01
9.9695057157e+00   1.0000000000e-01
9.9773220322e+00   1.0000000000e-01
9.9851383488e+00   1.0000000000e-01
9.9852383488e+00   1.0000000000e-01
9.9862383488e+00   1.0000000000e-01
9.9940546654e+00   1.0000000000e-01
1.0001870982e+01   1.0000000000e-01
1.0009687298e+01   1.0000000000e-01
1.0017503615e+01   1.0000000000e-01
1.0025319932e+01   1.0000000000e-01
1.0033136248e+01   1.0000000000e-01
1.0040952565e+01   1.0000000000e-01
1.0048768881e+01   1.0000000000e-01
1.0056585198e+01   1.0000000000e-01
1.0064401514e+01   1.0000000000e-01
1.0072217831e+01   1.0000000000e-01
1.0080034148e+01   1.0000000000e-01
1.0087850464e+01   1.0000000000e-01
1.0095666781e+01   1.0000000000e-01
1.0103483097e+01   1.0000000000e-01
1.0103583097e+01   1.0000000000e-01
1.0104583097e+01   1.0000000000e-01
1.0112399414e+01   1.0000000000e-01
1.0120215730e+01   1.0000000000e-01
1.0128032047e+01   1.0000000000e-01
1.0135848363e+01   1.0000000000e-01
1.0143664680e+01   1.0000000000e-01
1.0151480997e+01   1.0000000000e-01
1.0159297313e+01   1.0000000000e-01
1.0167113630e+01   1.0000000000e-01
1.0174929946e+01   1.0000000000e-01
1.0182746263e+01   1.0000000000e-01
1.0190562579e+01   1.0000000000e-01
1.0198378896e+01   1.0000000000e-01
1.0206195213e+01   1.0000000000e-01
1.0214011529e+01   1.0000000000e-01
1.0214111529e+01   1.0000000000e-01
1.0215111529e+01   1.0000000000e-01
1.0222927846e+01   1.0000000000e-01
1.0230744162e+01   1.0000000000e-01
1.0238560479e+01   1.0000000000e-01
1.0246376795e+01   1.0000000000e-01
1.0254193112e+01   1.0000000000e-01
1.0262009428e+01   1.0000000000e-01
1.0269825745e+01   1.0000000000e-01
1.0277642062e+01   1.0000000000e-01
1.0285458378e+01   1.0000000000e-01
1.0293274695e+01   1.0000000000e-01
1.0301091011e+01   1.0000000000e-01
1.0308907328e+01   1.0000000000e-01
1.0316723644e+01   1.0000000000e-01
1.0324539961e+01   1.0000000000e-01
1.0324639961e+01   1.0000000000e-01
1.0325639961e+01   1.0000000000e-01
1.0333456277e+01   1.0000000000e-01
1.0341272594e+01   1.0000000000e-01
1.0349088911e+01   1.0000000000e-01
1.0356905227e+01   1.0000000000e-01
1.0364721544e+01   1.0000000000e-01
1.0372537860e+01   1.0000000000e-01
1.0380354177e+01   1.0000000000e-01
1.0388170493e+01   1.0000000000e-01
1.0395986810e+01   1.0000000000e-01
1.0403803127e+01   1.0000000000e-01
1.0411619443e+01   1.0000000000e-01
1.0419435760e+01   1.0000000000e-01
1.0427252076e+01   1.0000000000e-01
1.0435068393e+01   1.0000000000e-01
1.0435168393e+01   1.0000000000e-01
1.0436168393e+01   1.0000000000e-01
1.0443984709e+01   1.0000000000e-01
1.0451801026e+01   1.0000000000e-01
1.0459617342e+01   1.0000000000e-01
1.0467433659e+01   1.0000000000e-01
1.0475249976e+01   1.0000000000e-01
1.0483066292e+01   1.0000000000e-01
1.0490882609e+01   1.0000000000e-01
1.0498698925e+01   1.0000000000e-01
1.0506515242e+01   1.0000000000e-01
1.0514331558e+01   1.0000000000e-01
1.0522147875e+01   1.0000000000e-01
1.0529964191e+01   1.0000000000e-01
1.0537780508e+01   1.0000000000e-01
1.0537880508e+01   1.0000000000e-01
1.0538880508e+01   1.0000000000e-01
1.0546696825e+01   1.0000000000e-01
1.0554513141e+01   1.0000000000e-01
1.0562329458e+01   1.0000000000e-01
1.0570145774e+01   1.0000000000e-01
1.0577962091e+01   1.0000000000e-01
1.0585778407e+01   1.0000000000e-01
1.0593594724e+01   1.0000000000e-01
1.0601411041e+01   1.0000000000e-01
1.0609227357e+01   1.0000000000e-01
1.0617043674e+01   1.0000000000e-01
1.0624859990e+01   1.0000000000e-01
1.0632676307e+01   1.0000000000e-01
1.0640492623e+01   1.0000000000e-01
1.0640592623e+01   1.0000000000e-01
1.0641592623e+01   1.0000000000e-01
1.0649408940e+01   1.0000000000e-01
1.0657225256e+01   1.0000000000e-01
1.0665041573e+01   1.0000000000e-01
1.0672857890e+01   1.0000000000e-01
1.0680674206e+01   1.0000000000e-01
1.0688490523e+01   1.0000000000e-01
1.0696306839e+01   1.0000000000e-01
1.0704123156e+01   1.0000000000e-01
1.0711939472e+01   1.0000000000e-01
1.0719755789e+01   1.0000000000e-01
1.0727572106e+01   1.0000000000e-01
1.0735388422e+01   1.0000000000e-01
1.0743204739e+01   1.0000000000e-01
1.0743304739e+01   1.0000000000e-01
1.0744304739e+01   1.0000000000e-01
1.0752121055e+01   1.0000000000e-01
1.0759937372e+01   1.0000000000e-01
1.0767753688e+01   1.0000000000e-01
1.0775570005e+01   1.0000000000e-01
1.0783386321e+01   1.0000000000e-01
1.0791202638e+01   1.0000000000e-01
1.0799018955e+01   1.0000000000e-01
1.0806835271e+01   1.0000000000e-01
1.0814651588e+01   1.0000000000e-01
1.0822467904e+01   1.0000000000e-01
1.0830284221e+01   1.0000000000e-01
1.0838100537e+01   1.0000000000e-01
1.0845916854e+01   1.0000000000e-01
1.0846016854e+01   1.0000000000e-01
1.0847016854e+01   1.0000000000e-01
1.0854833170e+01   1.0000000000e-01
1.0862649487e+01   1.0000000000e-01
1.0870465804e+01   1.0000000000e-01
1.0878282120e+01   1.0000000000e-01
1.0886098437e+01   1.0000000000e-01
1.0893914753e+01   1.0000000000e-01
1.0901731070e+01   1.0000000000e-01
1.0909547386e+01   1.0000000000e-01
1.0917363703e+01   1.0000000000e-01
1.0925180020e+01   1.0000000000e-01
1.0932996336e+01   1.0000000000e-01
1.0940812653e+01   1.0000000000e-01
1.0948628969e+01   1.0000000000e-01
1.0948728969e+01   1.0000000000e-01
1.0949728969e+01   1.0000000000e-01
1.0957545286e+01   1.0000000000e-01
1.0965361602e+01   1.0000000000e-01
1.0973177919e+01   1.0000000000e-01
1.0980994235e+01   1.0000000000e-01
1.0988810552e+01   1.0000000000e-01
1.0996626869e+01   1.0000000000e-01
1.1004443185e+01   1.0000000000e-01
1.1012259502e+01   1.0000000000e-01
1.1020075818e+01   1.0000000000e-01
1.1027892135e+01   1.0000000000e-01
1.1035708451e+01   1.0000000000e-01
1.1043524768e+01   1.0000000000e-01
1.1051341085e+01   1.0000000000e-01
1.1051441085e+01   1.0000000000e-01
1.1052441085e+01   1.0000000000e-01
1.1060257401e+01   1.0000000000e-01
1.1068073718e+01   1.0000000000e-01
1.1075890034e+01   1.0000000000e-01
1.1083706351e+01   1.0000000000e-01
1.1091522667e+01   1.0000000000e-01
1.1099338984e+01   1.0000000000e-01
1.1107155300e+01   1.0000000000e-01
1.1114971617e+01   1.0000000000e-01
1.1122787934e+01   1.0000000000e-01
1.1130604250e+01   1.0000000000e-01
1.1138420567e+01   1.0000000000e-01
1.1146236883e+01   1.0000000000e-01
1.1154053200e+01   1.0000000000e-01
1.1154153200e+01   1.0000000000e-01
1.1155153200e+01   1.0000000000e-01
1.1162969516e+01   1.0000000000e-01
1.1170785833e+01   1.0000000000e-01
1.1178602149e+01   1.0000000000e-01
1.1186418466e+01   1.0000000000e-01
1.1194234783e+01   1.0000000000e-01
1.1202051099e+01   1.0000000000e-01
1.1209867416e+01   1.0000000000e-01
1.1217683732e+01   1.0000000000e-01
1.1225500049e+01   1.0000000000e-01
1.1233316365e+01   1.0000000000e-01
1.1241132682e+01   1.0000000000e-01
1.1248948999e+01   1.0000000000e-01
1.1256765315e+01   1.0000000000e-01
1.1256865315e+01   1.0000000000e-01
1.1257865315e+01   1.0000000000e-01
1.1265681632e+01   1.0000000000e-01
1.1273497948e+01   1.0000000000e-01
1.1281314265e+01   1.0000000000e-01
1.1289130581e+01   1.0000000000e-01
1.1296946898e+01   1.0000000000e-01
1.1304763214e+01   1.0000000000e-01
1.1312579531e+01   1.0000000000e-01
1.1320395848e+01   1.0000000000e-01
1.1328212164e+01   1.0000000000e-01
1.1336028481e+01   1.0000000000e-01
1.1343844797e+01   1.0000000000e-01
1.1351661114e+01   1.0000000000e-01
1.1359477430e+01   1.0000000000e-01
1.1359577430e+01   1.0000000000e-01
1.1360577430e+01   1.0000000000e-01
1.1368393747e+01   1.0000000000e-01
1.1376210064e+01   1.0000000000e-01
1.1384026380e+01   1.0000000000e-01
1.1391842697e+01   1.0000000000e-01
1.1399659013e+01   1.0000000000e-01
1.1407475330e+01   1.0000000000e-01
1.1415291646e+01   1.0000000000e-01
1.1423107963e+01   1.0000000000e-01
1.1430924279e+01   1.0000000000e-01
1.1438740596e+01   1.0000000000e-01
1.1446556913e+01   1.0000000000e-01
1.1454373229e+01   1.0000000000e-01
1.1462189546e+01   1.0000000000e-01
1.1462289546e+01   1.0000000000e-01
1.1463289546e+01   1.0000000000e-01
1.1471105862e+01   1.0000000000e-01
1.1478922179e+01   1.0000000000e-01
1.1486738495e+01   1.0000000000e-01
1.1494554812e+01   1.0000000000e-01
1.1502371128e+01   1.0000000000e-01
1.1510187445e+01   1.0000000000e-01
1.1518003762e+01   1.0000000000e-01
1.1525820078e+01   1.0000000000e-01
1.1533636395e+01   1.0000000000e-01
1.1541452711e+01   1.0000000000e-01
1.1549269028e+01   1.0000000000e-01
1.1557085344e+01   1.0000000000e-01
1.1557185344e+01   1.0000000000e-01
1.1558185344e+01   1.0000000000e-01
1.1566001661e+01   1.0000000000e-01
1.1573817978e+01   1.0000000000e-01
1.1581634294e+01   1.0000000000e-01
1.1589450611e+01   1.0000000000e-01
1.1597266927e+01   1.0000000000e-01
1.1605083244e+01   1.0000000000e-01
1.1612899560e+01   1.0000000000e-01
1.1620715877e+01   1.0000000000e-01
1.1628532193e+01   1.0000000000e-01
1.1636348510e+01   1.0000000000e-01
1.1644164827e+01   1.0000000000e-01
1.1651981143e+01   1.0000000000e-01
1.1652081143e+01   1.0000000000e-01
1.1653081143e+01   1.0000000000e-01
1.1660897460e+01   1.0000000000e-01
1.1668713776e+01   1.0000000000e-01
1.1676530093e+01   1.0000000000e-01
1.1684346409e+01   1.0000000000e-01
1.1692162726e+01   1.0000000000e-01
1.1699979043e+01   1.0000000000e-01
1.1707795359e+01   1.0000000000e-01
1.1715611676e+01   1.0000000000e-01
1.1723427992e+01   1.0000000000e-01
1.1731244309e+01   1.0000000000e-01
1.1739060625e+01   1.0000000000e-01
1.1746876942e+01   1.0000000000e-01
1.1746976942e+01   1.0000000000e-01
1.1747976942e+01   1.0000000000e-01
1.1755793258e+01   1.0000000000e-01
1.1763609575e+01   1.0000000000e-01
1.1771425892e+01   1.0000000000e-01
1.1779242208e+01   1.0000000000e-01
1.1787058525e+01   1.0000000000e-01
1.1794874841e+01   1.0000000000e-01
1.1802691158e+01   1.0000000000e-01
1.1810507474e+01   1.0000000000e-01
1.1818323791e+01   1.0000000000e-01
1.1826140107e+01   1.0000000000e-01
1.1833956424e+01   1.0000000000e-01
1.1841772741e+01   1.0000000000e-01
1.1841872741e+01   1.0000000000e-01
1.1842872741e+01   1.0000000000e-01
1.1850689057e+01   1.0000000000e-01
1.1858505374e+01   1.0000000000e-01
1.1866321690e+01   1.0000000000e-01
1.1874138007e+01   1.0000000000e-01
1.1881954323e+01   1.0000000000e-01
1.1889770640e+01   1.0000000000e-01
1.1897586957e+01   1.0000000000e-01
1.1905403273e+01   1.0000000000e-01
1.1913219590e+01   1.0000000000e-01
1.1921035906e+01   1.0000000000e-01
1.1928852223e+01   1.0000000000e-01
1.1928952223e+01   1.0000000000e-01
1.1929952223e+01   1.0000000000e-01
1.1937768539e+01   1.0000000000e-01
1.1945584856e+01   1.0000000000e-01
1.1953401172e+01   1.0000000000e-01
1.1961217489e+01   1.0000000000e-01
1.1969033806e+01   1.0000000000e-01
1.1976850122e+01   1.0000000000e-01
1.1984666439e+01   1.0000000000e-01
1.1992482755e+01   1.0000000000e-01
1.2000299072e+01   1.0000000000e-01
1.2008115388e+01   1.0000000000e-01
1.2015931705e+01   1.0000000000e-01
1.2016031705e+01   1.0000000000e-01
1.2017031705e+01   1.0000000000e-01
1.2024848021e+01   1.0000000000e-01
1.2032664338e+01   1.0000000000e-01
1.2040480655e+01   1.0000000000e-01
1.2048296971e+01   1.0000000000e-01
1.2056113288e+01   1.0000000000e-01
1.2063929604e+01   1.0000000000e-01
1.2071745921e+01   1.0000000000e-01
1.2079562237e+01   1.0000000000e-01
1.2087378554e+01   1.0000000000e-01
1.2095194871e+01   1.0000000000e-01
1.2103011187e+01   1.0000000000e-01
1.2103111187e+01   1.0000000000e-01
1.2104111187e+01   1.0000000000e-01
1.2111927504e+01   1.0000000000e-01
1.2119743820e+01   1.0000000000e-01
1.2127560137e+01   1.0000000000e-01
1.2135376453e+01   1.0000000000e-01
1.2143192770e+01   1.0000000000e-01
1.2151009086e+01   1.0000000000e-01
1.2158825403e+01   1.0000000000e-01
1.2166641720e+01   1.0000000000e-01
1.2174458036e+01   1.0000000000e-01
1.2182274353e+01   1.0000000000e-01
1.2190090669e+01   1.0000000000e-01
1.2190190669e+01   1.0000000000e-01
1.2191190669e+01   1.0000000000e-01
1.2199006986e+01   1.0000000000e-01
1.2206823302e+01   1.0000000000e-01
1.2214639619e+01   1.0000000000e-01
1.2222455936e+01   1.0000000000e-01
1.2230272252e+01   1.0000000000e-01
1.2238088569e+01   1.0000000000e-01
1.2245904885e+01   1.0000000000e-01
1.2253721202e+01   1.0000000000e-01
1.2261537518e+01   1.0000000000e-01
1.2269353835e+01   1.0000000000e-01
1.2277170151e+01   1.0000000000e-01
1.2277270151e+01   1.0000000000e-01
1.2278270151e+01   1.0000000000e-01
1.2286086468e+01   1.0000000000e-01
1.2293902785e+01   1.0000000000e-01
1.2301719101e+01   1.0000000000e-01
1.2309535418e+01   1.0000000000e-01
1.2317351734e+01   1.0000000000e-01
1.2325168051e+01   1.0000000000e-01
1.2332984367e+01   1.0000000000e-01
1.2340800684e+01   1.0000000000e-01
1.2348617000e+01   1.0000000000e-01
1.2356433317e+01   1.0000000000e-01
1.2364249634e+01   1.0000000000e-01
1.2364349634e+01   1.0000000000e-01
1.2365349634e+01   1.0000000000e-01
1.2373165950e+01   1.0000000000e-01
1.2380982267e+01   1.0000000000e-01
1.2388798583e+01   1.0000000000e-01
1.2396614900e+01   1.0000000000e-01
1.2404431216e+01   1.0000000000e-01
1.2412247533e+01   1.0000000000e-01
1.2420063850e+01   1.0000000000e-01
1.2427880166e+01   1.0000000000e-01
1.2435696483e+01   1.0000000000e-01
1.2443512799e+01   1.0000000000e-01
1.2451329116e+01   1.0000000000e-01
1.2451429116e+01   1.0000000000e-01
1.2452429116e+01   1.0000000000e-01
1.2460245432e+01   1.0000000000e-01
1.2468061749e+01   1.0000000000e-01
1.2475878065e+01   1.0000000000e-01
1.2483694382e+01   1.0000000000e-01
1.2491510699e+01   1.0000000000e-01
1.2499327015e+01   1.0000000000e-01
1.2507143332e+01   1.0000000000e-01
1.2514959648e+01   1.0000000000e-01
1.2522775965e+01   1.0000000000e-01
1.2530592281e+01   1.0000000000e-01
1.2538408598e+01   1.0000000000e-01
1.2538508598e+01   1.0000000000e-01
1.2539508598e+01   1.0000000000e-01
1.2547324915e+01   1.0000000000e-01
1.2555141231e+01   1.0000000000e-01
1.2562957548e+01   1.0000000000e-01
1.2570773864e+01   1.0000000000e-01
1.2578590181e+01   1.0000000000e-01
1.2586406497e+01   1.0000000000e-01
1.2594222814e+01   1.0000000000e-01
1.2602039130e+01   1.0000000000e-01
1.2609855447e+01   1.0000000000e-01
1.2617671764e+01   1.0000000000e-01
1.2625488080e+01   1.0000000000e-01
1.2625588080e+01   1.0000000000e-01
1.2626588080e+01   1.0000000000e-01
1.2634404397e+01   1.0000000000e-01
1.2642220713e+01   1.0000000000e-01
1.2650037030e+01   1.0000000000e-01
1.2657853346e+01   1.0000000000e-01
1.2665669663e+01   1.0000000000e-01
1.2673485979e+01   1.0000000000e-01
1.2681302296e+01   1.0000000000e-01
1.2689118613e+01   1.0000000000e-01
1.2696934929e+01   1.0000000000e-01
1.2704751246e+01   1.0000000000e-01
1.2712567562e+01   1.0000000000e-01
1.2712667562e+01   1.0000000000e-01
1.2713667562e+01   1.0000000000e-01
1.2721483879e+01   1.0000000000e-01
1.2729300195e+01   1.0000000000e-01
1.2737116512e+01   1.0000000000e-01
1.2744932829e+01   1.0000000000e-01
1.2752749145e+01   1.0000000000e-01
1.2760565462e+01   1.0000000000e-01
1.2768381778e+01   1.0000000000e-01
1.2776198095e+01   1.0000000000e-01
1.2784014411e+01   1.0000000000e-01
1.2791830728e+01   1.0000000000e-01
1.2799647044e+01   1.0000000000e-01
1.2799747044e+01   1.0000000000e-01
1.2800747044e+01   1.0000000000e-01
1.2808563361e+01   1.0000000000e-01
1.2816379678e+01   1.0000000000e-01
1.2824195994e+01   1.0000000000e-01
1.2832012311e+01   1.0000000000e-01
1.2839828627e+01   1.0000000000e-01
1.2847644944e+01   1.0000000000e-01
1.2855461260e+01   1.0000000000e-01
1.2863277577e+01   1.0000000000e-01
1.2871093894e+01   1.0000000000e-01
1.2878910210e+01   1.0000000000e-01
1.2886726527e+01   1.0000000000e-01
1.2886826527e+01   1.0000000000e-01
1.2887826527e+01   1.0000000000e-01
1.2895642843e+01   1.0000000000e-01
1.2903459160e+01   1.0000000000e-01
1.2911275476e+01   1.0000000000e-01
1.2919091793e+01   1.0000000000e-01
1.2926908109e+01   1.0000000000e-01
1.2934724426e+01   1.0000000000e-01
1.2942540743e+01   1.0000000000e-01
1.2950357059e+01   1.0000000000e-01
1.2958173376e+01   1.0000000000e-01
1.2965989692e+01   1.0000000000e-01
1.2973806009e+01   1.0000000000e-01
1.2973906009e+01   1.0000000000e-01
1.2974906009e+01   1.0000000000e-01
1.2982722325e+01   1.0000000000e-01
1.2990538642e+01   1.0000000000e-01
1.2998354958e+01   1.0000000000e-01
1.3006171275e+01   1.0000000000e-01
1.3013987592e+01   1.0000000000e-01
1.3021803908e+01   1.0000000000e-01
1.3029620225e+01   1.0000000000e-01
1.3037436541e+01   1.0000000000e-01
1.3045252858e+01   1.0000000000e-01
1.3053069174e+01   1.0000000000e-01
1.3060885491e+01   1.0000000000e-01
1.3060985491e+01   1.0000000000e-01
1.3061985491e+01   1.0000000000e-01
1.3069801808e+01   1.0000000000e-01
1.3077618124e+01   1.0000000000e-01
1.3085434441e+01   1.0000000000e-01
1.3093250757e+01   1.0000000000e-01
1.3101067074e+01   1.0000000000e-01
1.3108883390e+01   1.0000000000e-01
1.3116699707e+01   1.0000000000e-01
1.3124516023e+01   1.0000000000e-01
1.3132332340e+01   1.0000000000e-01
1.3140148657e+01   1.0000000000e-01
1.3147964973e+01   1.0000000000e-01
1.3148064973e+01   1.0000000000e-01
1.3149064973e+01   1.0000000000e-01
1.3156881290e+01   1.0000000000e-01
1.3164697606e+01   1.0000000000e-01
1.3172513923e+01   1.0000000000e-01
1.3180330239e+01   1.0000000000e-01
1.3188146556e+01   1.0000000000e-01
1.3195962872e+01   1.0000000000e-01
1.3203779189e+01   1.0000000000e-01
1.3211595506e+01   1.0000000000e-01
1.3219411822e+01   1.0000000000e-01
1.3227228139e+01   1.0000000000e-01
1.3235044455e+01   1.0000000000e-01
1.3235144455e+01   1.0000000000e-01
1.3236144455e+01   1.0000000000e-01
1.3243960772e+01   1.0000000000e-01
1.3251777088e+01   1.0000000000e-01
1.3259593405e+01   1.0000000000e-01
1.3267409722e+01   1.0000000000e-01
1.3275226038e+01   1.0000000000e-01
1.3283042355e+01   1.0000000000e-01
1.3290858671e+01   1.0000000000e-01
1.3298674988e+01   1.0000000000e-01
1.3306491304e+01   1.0000000000e-01
1.3314307621e+01   1.0000000000e-01
1.3314407621e+01   1.0000000000e-01
1.3315407621e+01   1.0000000000e-01
1.3323223937e+01   1.0000000000e-01
1.3331040254e+01   1.0000000000e-01
1.3338856571e+01   1.0000000000e-01
1.3346672887e+01   1.0000000000e-01
1.3354489204e+01   1.0000000000e-01
1.3362305520e+01   1.0000000000e-01
1.3370121837e+01   1.0000000000e-01
1.3377938153e+01   1.0000000000e-01
1.3385754470e+01   1.0000000000e-01
1.3393570787e+01   1.0000000000e-01
1.3393670787e+01   1.0000000000e-01
1.3394670787e+01   1.0000000000e-01
1.3402487103e+01   1.0000000000e-01
1.3410303420e+01   1.0000000000e-01
1.3418119736e+01   1.0000000000e-01
1.3425936053e+01   1.0000000000e-01
1.3433752369e+01   1.0000000000e-01
1.3441568686e+01   1.0000000000e-01
1.3449385002e+01   1.0000000000e-01
1.3457201319e+01   1.0000000000e-01
1.3465017636e+01   1.0000000000e-01
1.3472833952e+01   1.0000000000e-01
1.3472933952e+01   1.0000000000e-01
1.3473933952e+01   1.0000000000e-01
1.3481750269e+01   1.0000000000e-01
1.3489566585e+01   1.0000000000e-01
1.3497382902e+01   1.0000000000e-01
1.3505199218e+01   1.0000000000e-01
1.3513015535e+01   1.0000000000e-01
1.3520831851e+01   1.0000000000e-01
1.3528648168e+01   1.0000000000e-01
1.3536464485e+01   1.0000000000e-01
1.3544280801e+01   1.0000000000e-01
1.3552097118e+01   1.0000000000e-01
1.3552197118e+01   1.0000000000e-01
1.3553197118e+01   1.0000000000e-01
1.3561013434e+01   1.0000000000e-01
1.3568829751e+01   1.0000000000e-01
1.3576646067e+01   1.0000000000e-01
1.3584462384e+01   1.0000000000e-01
1.3592278701e+01   1.0000000000e-01
1.3600095017e+01   1.0000000000e-01
1.3607911334e+01   1.0000000000e-01
1.3615727650e+01   1.0000000000e-01
1.3623543967e+01   1.0000000000e-01
1.3631360283e+01   1.0000000000e-01
1.3631460283e+01   1.0000000000e-01
1.3632460283e+01   1.0000000000e-01
1.3640276600e+01   1.0000000000e-01
1.3648092916e+01   1.0000000000e-01
1.3655909233e+01   1.0000000000e-01
1.3663725550e+01   1.0000000000e-01
1.3671541866e+01   1.0000000000e-01
1.3679358183e+01   1.0000000000e-01
1.3687174499e+01   1.0000000000e-01
1.3694990816e+01   1.0000000000e-01
1.3702807132e+01   1.0000000000e-01
1.3702907132e+01   1.0000000000e-01
1.3703907132e+01   1.0000000000e-01
1.3711723449e+01   1.0000000000e-01
1.3719539766e+01   1.0000000000e-01
1.3727356082e+01   1.0000000000e-01
1.3735172399e+01   1.0000000000e-01
1.3742988715e+01   1.0000000000e-01
1.3750805032e+01   1.0000000000e-01
1.3758621348e+01   1.0000000000e-01
1.3766437665e+01   1.0000000000e-01
1.3774253981e+01   1.0000000000e-01
1.3774353981e+01   1.0000000000e-01
1.3775353981e+01   1.0000000000e-01
1.3783170298e+01   1.0000000000e-01
1.3790986615e+01   1.0000000000e-01
1.3798802931e+01   1.0000000000e-01
1.3806619248e+01   1.0000000000e-01
1.3814435564e+01   1.0000000000e-01
1.3822251881e+01   1.0000000000e-01
1.3830068197e+01   1.0000000000e-01
1.3837884514e+01   1.0000000000e-01
1.3845700830e+01   1.0000000000e-01
1.3845800830e+01   1.0000000000e-01
1.3846800830e+01   1.0000000000e-01
1.3854617147e+01   1.0000000000e-01
1.3862433464e+01   1.0000000000e-01
1.3870249780e+01   1.0000000000e-01
1.3878066097e+01   1.0000000000e-01
1.3885882413e+01   1.0000000000e-01
1.3893698730e+01   1.0000000000e-01
1.3901515046e+01   1.0000000000e-01
1.3909331363e+01   1.0000000000e-01
1.3917147680e+01   1.0000000000e-01
1.3917247680e+01   1.0000000000e-01
1.3918247680e+01   1.0000000000e-01
1.3926063996e+01   1.0000000000e-01
1.3933880313e+01   1.0000000000e-01
1.3941696629e+01   1.0000000000e-01
1.3949512946e+01   1.0000000000e-01
1.3957329262e+01   1.0000000000e-01
1.3965145579e+01   1.0000000000e-01
1.3972961895e+01   1.0000000000e-01
1.3980778212e+01   1.0000000000e-01
1.3988594529e+01   1.0000000000e-01
1.3988694529e+01   1.0000000000e-01
1.3989694529e+01   1.0000000000e-01
1.3997510845e+01   1.0000000000e-01
1.4005327162e+01   1.0000000000e-01
1.4013143478e+01   1.0000000000e-01
1.4020959795e+01   1.0000000000e-01
1.4028776111e+01   1.0000000000e-01
1.4036592428e+01   1.0000000000e-01
1.4044408745e+01   1.0000000000e-01
1.4052225061e+01   1.0000000000e-01
1.4060041378e+01   1.0000000000e-01
1.4060141378e+01   1.0000000000e-01
1.4061141378e+01   1.0000000000e-01
1.4068957694e+01   1.0000000000e-01
1.4076774011e+01   1.0000000000e-01
1.4084590327e+01   1.0000000000e-01
1.4092406644e+01   1.0000000000e-01
1.4100222960e+01   1.0000000000e-01
1.4108039277e+01   1.0000000000e-01
1.4115855594e+01   1.0000000000e-01
1.4123671910e+01   1.0000000000e-01
1.4131488227e+01   1.0000000000e-01
1.4131588227e+01   1.0000000000e-01
1.4132588227e+01   1.0000000000e-01
1.4140404543e+01   1.0000000000e-01
1.4148220860e+01   1.0000000000e-01
1.4156037176e+01   1.0000000000e-01
1.4163853493e+01   1.0000000000e-01
1.4171669809e+01   1.0000000000e-01
1.4179486126e+01   1.0000000000e-01
1.4187302443e+01   1.0000000000e-01
1.4195118759e+01   1.0000000000e-01
1.4202935076e+01   1.0000000000e-01
1.4203035076e+01   1.0000000000e-01
1.4204035076e+01   1.0000000000e-01
1.4211851392e+01   1.0000000000e-01
1.4219667709e+01   1.0000000000e-01
1.4227484025e+01   1.0000000000e-01
1.4235300342e+01   1.0000000000e-01
1.4243116659e+01   1.0000000000e-01
1.4250932975e+01   1.0000000000e-01
1.4258749292e+01   1.0000000000e-01
1.4266565608e+01   1.0000000000e-01
1.4274381925e+01   1.0000000000e-01
1.4274481925e+01   1.0000000000e-01
1.4275481925e+01   1.0000000000e-01
1.4283298241e+01   1.0000000000e-01
1.4291114558e+01   1.0000000000e-01
1.4298930874e+01   1.0000000000e-01
1.4306747191e+01   1.0000000000e-01
1.4314563508e+01   1.0000000000e-01
1.4322379824e+01   1.0000000000e-01
1.4330196141e+01   1.0000000000e-01
1.4338012457e+01   1.0000000000e-01
1.4345828774e+01   1.0000000000e-01
1.4345928774e+01   1.0000000000e-01
1.4346928774e+01   1.0000000000e-01
1.4354745090e+01   1.0000000000e-01
1.4362561407e+01   1.0000000000e-01
1.4370377723e+01   1.0000000000e-01
1.4378194040e+01   1.0000000000e-01
1.4386010357e+01   1.0000000000e-01
1.4393826673e+01   1.0000000000e-01
1.4401642990e+01   1.0000000000e-01
1.4409459306e+01   1.0000000000e-01
1.4417275623e+01   1.0000000000e-01
1.4417375623e+01   1.0000000000e-01
1.4418375623e+01   1.0000000000e-01
1.4426191939e+01   1.0000000000e-01
1.4434008256e+01   1.0000000000e-01
1.4441824573e+01   1.0000000000e-01
1.4449640889e+01   1.0000000000e-01
1.4457457206e+01   1.0000000000e-01
1.4465273522e+01   1.0000000000e-01
1.4473089839e+01   1.0000000000e-01
1.4480906155e+01   1.0000000000e-01
1.4488722472e+01   1.0000000000e-01
1.4488822472e+01   1.0000000000e-01
1.4489822472e+01   1.0000000000e-01
1.4497638788e+01   1.0000000000e-01
1.4505455105e+01   1.0000000000e-01
1.4513271422e+01   1.0000000000e-01
1.4521087738e+01   1.0000000000e-01
1.4528904055e+01   1.0000000000e-01
1.4536720371e+01   1.0000000000e-01
1.4544536688e+01   1.0000000000e-01
1.4552353004e+01   1.0000000000e-01
1.4560169321e+01   1.0000000000e-01
1.4560269321e+01   1.0000000000e-01
1.4561269321e+01   1.0000000000e-01
1.4569085638e+01   1.0000000000e-01
1.4576901954e+01   1.0000000000e-01
1.4584718271e+01   1.0000000000e-01
1.4592534587e+01   1.0000000000e-01
1.4600350904e+01   1.0000000000e-01
1.4608167220e+01   1.0000000000e-01
1.4615983537e+01   1.0000000000e-01
1.4623799853e+01   1.0000000000e-01
1.4631616170e+01   1.0000000000e-01
1.4631716170e+01   1.0000000000e-01
1.4632716170e+01   1.0000000000e-01
1.4640532487e+01   1.0000000000e-01
1.4648348803e+01   1.0000000000e-01
1.4656165120e+01   1.0000000000e-01
1.4663981436e+01   1.0000000000e-01
1.4671797753e+01   1.0000000000e-01
1.4679614069e+01   1.0000000000e-01
1.4687430386e+01   1.0000000000e-01
1.4695246702e+01   1.0000000000e-01
1.4703063019e+01   1.0000000000e-01
1.4703163019e+01   1.0000000000e-01
1.4704163019e+01   1.0000000000e-01
1.4711979336e+01   1.0000000000e-01
1.4719795652e+01   1.0000000000e-01
1.4727611969e+01   1.0000000000e-01
1.4735428285e+01   1.0000000000e-01
1.4743244602e+01   1.0000000000e-01
1.4751060918e+01   1.0000000000e-01
1.4758877235e+01   1.0000000000e-01
1.4766693552e+01   1.0000000000e-01
1.4766793552e+01   1.0000000000e-01
1.4767793552e+01   1.0000000000e-01
1.4775609868e+01   1.0000000000e-01
1.4783426185e+01   1.0000000000e-01
1.4791242501e+01   1.0000000000e-01
1.4799058818e+01   1.0000000000e-01
1.4806875134e+01   1.0000000000e-01
1.4814691451e+01   1.0000000000e-01
1.4822507767e+01   1.0000000000e-01
1.4830324084e+01   1.0000000000e-01
1.4830424084e+01   1.0000000000e-01
1.4831424084e+01   1.0000000000e-01
1.4839240401e+01   1.0000000000e-01
1.4847056717e+01   1.0000000000e-01
1.4854873034e+01   1.0000000000e-01
1.4862689350e+01   1.0000000000e-01
1.4870505667e+01   1.0000000000e-01
1.4878321983e+01   1.0000000000e-01
1.4886138300e+01   1.0000000000e-01
1.4893954617e+01   1.0000000000e-01
1.4894054617e+01   1.0000000000e-01
1.4895054617e+01   1.0000000000e-01
1.4902870933e+01   1.0000000000e-01
1.4910687250e+01   1.0000000000e-01
1.4918503566e+01   1.0000000000e-01
1.4926319883e+01   1.0000000000e-01
1.4934136199e+01   1.0000000000e-01
1.4941952516e+01   1.0000000000e-01
1.4949768832e+01   1.0000000000e-01
1.4957585149e+01   1.0000000000e-01
1.4957685149e+01   1.0000000000e-01
1.4958685149e+01   1.0000000000e-01
1.4966501466e+01   1.0000000000e-01
1.4974317782e+01   1.0000000000e-01
1.4982134099e+01   1.0000000000e-01
1.4989950415e+01   1.0000000000e-01
1.4997766732e+01   1.0000000000e-01
1.5005583048e+01   1.0000000000e-01
1.5013399365e+01   1.0000000000e-01
1.5021215681e+01   1.0000000000e-01
1.5021315681e+01   1.0000000000e-01
1.5022315681e+01   1.0000000000e-01
1.5030131998e+01   1.0000000000e-01
1.5037948315e+01   1.0000000000e-01
1.5045764631e+01   1.0000000000e-01
1.5053580948e+01   1.0000000000e-01
1.5061397264e+01   1.0000000000e-01
1.5069213581e+01   1.0000000000e-01
1.5077029897e+01   1.0000000000e-01
1.5084846214e+01   1.0000000000e-01
1.5084946214e+01   1.0000000000e-01
1.5085946214e+01   1.0000000000e-01
1.5093762531e+01   1.0000000000e-01
1.5101578847e+01   1.0000000000e-01
1.5109395164e+01   1.0000000000e-01
1.5117211480e+01   1.0000000000e-01
1.5125027797e+01   1.0000000000e-01
1.5132844113e+01   1.0000000000e-01
1.5140660430e+01   1.0000000000e-01
1.5148476746e+01   1.0000000000e-01
1.5148576746e+01   1.0000000000e-01
1.5149576746e+01   1.0000000000e-01
1.5157393063e+01   1.0000000000e-01
1.5165209380e+01   1.0000000000e-01
1.5173025696e+01   1.0000000000e-01
1.5180842013e+01   1.0000000000e-01
1.5188658329e+01   1.0000000000e-01
1.5196474646e+01   1.0000000000e-01
1.5204290962e+01   1.0000000000e-01
1.5204390962e+01   1.0000000000e-01
1.5205390962e+01   1.0000000000e-01
1.5213207279e+01   1.0000000000e-01
1.5221023596e+01   1.0000000000e-01
1.5228839912e+01   1.0000000000e-01
1.5236656229e+01   1.0000000000e-01
1.5244472545e+01   1.0000000000e-01
1.5252288862e+01   1.0000000000e-01
1.5260105178e+01   1.0000000000e-01
1.5260205178e+01   1.0000000000e-01
1.5261205178e+01   1.0000000000e-01
1.5269021495e+01   1.0000000000e-01
1.5276837811e+01   1.0000000000e-01
1.5284654128e+01   1.0000000000e-01
1.5292470445e+01   1.0000000000e-01
1.5300286761e+01   1.0000000000e-01
1.5308103078e+01   1.0000000000e-01
1.5315919394e+01   1.0000000000e-01
1.5316019394e+01   1.0000000000e-01
1.5317019394e+01   1.0000000000e-01
1.5324835711e+01   1.0000000000e-01
1.5332652027e+01   1.0000000000e-01
1.5340468344e+01   1.0000000000e-01
1.5348284660e+01   1.0000000000e-01
1.5356100977e+01   1.0000000000e-01
1.5363917294e+01   1.0000000000e-01
1.5371733610e+01   1.0000000000e-01
1.5379549927e+01   1.0000000000e-01
1.5379649927e+01   1.0000000000e-01
1.5380649927e+01   1.0000000000e-01
1.5388466243e+01   1.0000000000e-01
1.5396282560e+01   1.0000000000e-01
1.5404098876e+01   1.0000000000e-01
1.5411915193e+01   1.0000000000e-01
1.5419731510e+01   1.0000000000e-01
1.5427547826e+01   1.0000000000e-01
1.5435364143e+01   1.0000000000e-01
1.5443180459e+01   1.0000000000e-01
1.5443280459e+01   1.0000000000e-01
1.5444280459e+01   1.0000000000e-01
1.5452096776e+01   1.0000000000e-01
1.5459913092e+01   1.0000000000e-01
1.5467729409e+01   1.0000000000e-01
1.5475545725e+01   1.0000000000e-01
1.5483362042e+01   1.0000000000e-01
1.5491178359e+01   1.0000000000e-01
1.5498994675e+01   1.0000000000e-01
1.5506810992e+01   1.0000000000e-01
1.5506910992e+01   1.0000000000e-01
1.5507910992e+01   1.0000000000e-01
1.5515727308e+01   1.0000000000e-01
1.5523543625e+01   1.0000000000e-01
1.5531359941e+01   1.0000000000e-01
1.5539176258e+01   1.0000000000e-01
1.5546992574e+01   1.0000000000e-01
1.5554808891e+01   1.0000000000e-01
1.5562625208e+01   1.0000000000e-01
1.5570441524e+01   1.0000000000e-01
1.5570541524e+01   1.0000000000e-01
1.5571541524e+01   1.0000000000e-01
1.5579357841e+01   1.0000000000e-01
1.5587174157e+01   1.0000000000e-01
1.5594990474e+01   1.0000000000e-01
1.5602806790e+01   1.0000000000e-01
1.5610623107e+01   1.0000000000e-01
1.5618439424e+01   1.0000000000e-01
1.5626255740e+01   1.0000000000e-01
1.5634072057e+01   1.0000000000e-01
1.5634172057e+01   1.0000000000e-01
1.5635172057e+01   1.0000000000e-01
1.5642988373e+01   1.0000000000e-01
1.5650804690e+01   1.0000000000e-01
1.5658621006e+01   1.0000000000e-01
1.5666437323e+01   1.0000000000e-01
1.5674253639e+01   1.0000000000e-01
1.5682069956e+01   1.0000000000e-01
1.5689886273e+01   1.0000000000e-01
1.5697702589e+01   1.0000000000e-01
1.5697802589e+01   1.0000000000e-01
1.5698802589e+01   1.0000000000e-01
1.5706618906e+01   1.0000000000e-01
1.5714435222e+01   1.0000000000e-01
1.5722251539e+01   1.0000000000e-01
1.5730067855e+01   1.0000000000e-01
1.5737884172e+01   1.0000000000e-01
1.5745700489e+01   1.0000000000e-01
1.5753516805e+01   1.0000000000e-01
1.5761333122e+01   1.0000000000e-01
1.5761433122e+01   1.0000000000e-01
1.5762433122e+01   1.0000000000e-01
1.5770249438e+01   1.0000000000e-01
1.5778065755e+01   1.0000000000e-01
1.5785882071e+01   1.0000000000e-01
1.5793698388e+01   1.0000000000e-01
1.5801514704e+01   1.0000000000e-01
1.5809331021e+01   1.0000000000e-01
1.5817147338e+01   1.0000000000e-01
1.5824963654e+01   1.0000000000e-01
1.5832779971e+01   1.0000000000e-01
1.5832879971e+01   1.0000000000e-01
1.5833879971e+01   1.0000000000e-01
1.5841696287e+01   1.0000000000e-01
1.5849512604e+01   1.0000000000e-01
1.5857328920e+01   1.0000000000e-01
1.5865145237e+01   1.0000000000e-01
1.5872961553e+01   1.0000000000e-01
1.5880777870e+01   1.0000000000e-01
1.5888594187e+01   1.0000000000e-01
1.5896410503e+01   1.0000000000e-01
1.5904226820e+01   1.0000000000e-01
1.5904326820e+01   1.0000000000e-01
1.5905326820e+01   1.0000000000e-01
1.5913143136e+01   1.0000000000e-01
1.5920959453e+01   1.0000000000e-01
1.5928775769e+01   1.0000000000e-01
1.5936592086e+01   1.0000000000e-01
1.5944408403e+01   1.0000000000e-01
1.5952224719e+01   1.0000000000e-01
1.5960041036e+01   1.0000000000e-01
1.5967857352e+01   1.0000000000e-01
1.5975673669e+01   1.0000000000e-01
1.5975773669e+01   1.0000000000e-01
1.5976773669e+01   1.0000000000e-01
1.5984589985e+01   1.0000000000e-01
1.5992406302e+01   1.0000000000e-01
1.6000000000e+01   1.0000000000e-01
