X    Y
0.0000000000e+00   1.0000000000e-01
1.0000000000e-04   9.9600559350e-02
1.1000000000e-03   9.5666901144e-02
5.9851978505e-03   7.7931864075e-02
1.0870395701e-02   6.2364185046e-02
1.5755593552e-02   4.8609240518e-02
2.0640791402e-02   3.6359519445e-02
2.5525989253e-02   2.5347370059e-02
3.0411187103e-02   1.5338754695e-02
3.5296384954e-02   6.1278611056e-03
4.0181582804e-02   -2.4675592328e-03
4.5066780655e-02   -1.0610236775e-02
4.9951978505e-02   -1.8446908737e-02
5.4837176356e-02   -2.6111404991e-02
5.9722374206e-02   -3.3727365565e-02
6.4607572057e-02   -4.1410650690e-02
6.9492769907e-02   -4.9271496128e-02
7.4377967758e-02   -5.7416459532e-02
7.9263165608e-02   -6.5950197653e-02
8.4148363459e-02   -7.4977109090e-02
8.9033561309e-02   -8.4602872845e-02
9.3918759160e-02   -9.4935909126e-02
9.8803957010e-02   -1.0608878534e-01
1.0368915486e-01   -1.1817958706e-01
1.0857435271e-01   -1.3133327069e-01
1.1345955056e-01   -1.4568301139e-01
1.1834474841e-01   -1.6137155646e-01
1.2322994626e-01   -1.7855259047e-01
1.2811514411e-01   -1.9739211378e-01
1.3300034196e-01   -2.1806983012e-01
1.3788553981e-01   -2.4078053117e-01
1.4277073766e-01   -2.6573545657e-01
1.4765593552e-01   -2.9316359240e-01
1.4775593552e-01   -2.9375258801e-01
1.4875593552e-01   -2.9970570570e-01
1.5364113337e-01   -3.3050390960e-01
1.5852633122e-01   -3.6435424308e-01
1.6341152907e-01   -4.0154990688e-01
1.6829672692e-01   -4.4240499082e-01
1.7318192477e-01   -4.8725392900e-01
1.7806712262e-01   -5.3644998618e-01
1.8295232047e-01   -5.9036240659e-01
1.8305232047e-01   -5.9151791781e-01
1.8405232047e-01   -6.0319121205e-01
1.8893751832e-01   -6.6340132581e-01
1.9382271617e-01   -7.2917936526e-01
1.9870791402e-01   -8.0090080953e-01
2.0359311187e-01   -8.7891664565e-01
2.0369311187e-01   -8.8058162486e-01
2.0469311187e-01   -8.9738416931e-01
2.0957830972e-01   -9.8352107832e-01
2.1446350757e-01   -1.0765279160e+00
2.1934870542e-01   -1.1764954785e+00
2.1944870542e-01   -1.1786143193e+00
2.2044870542e-01   -1.1999614402e+00
2.2522673965e-01   -1.3058810704e+00
2.3011193750e-01   -1.4205839665e+00
2.3021193750e-01   -1.4229955147e+00
2.3121193750e-01   -1.4472439445e+00
2.3554559505e-01   -1.5549436726e+00
2.3998823462e-01   -1.6690967576e+00
2.4008823462e-01   -1.6717013891e+00
2.4108823462e-01   -1.6978176261e+00
2.4518099356e-01   -1.8057162760e+00
2.4933728758e-01   -1.9158989763e+00
2.4943728758e-01   -1.9185441338e+00
2.5043728758e-01   -1.9449562199e+00
2.5445347368e-01   -2.0498253325e+00
2.5455347368e-01   -2.0524014041e+00
2.5555347368e-01   -2.0780387315e+00
2.5565347368e-01   -2.0805893966e+00
2.5665347368e-01   -2.1059523678e+00
2.6153867153e-01   -2.2250746916e+00
2.6163867153e-01   -2.2274116252e+00
2.6263867153e-01   -2.2505139913e+00
2.6273867153e-01   -2.2527966370e+00
2.6373867153e-01   -2.2753313577e+00
2.6862386938e-01   -2.3765766564e+00
2.6872386938e-01   -2.3784742834e+00
2.6972386938e-01   -2.3970162159e+00
2.6982386938e-01   -2.3988259921e+00
2.7082386938e-01   -2.4164623445e+00
2.7570906723e-01   -2.4892769161e+00
2.7580906723e-01   -2.4905140074e+00
2.7680906723e-01   -2.5022778844e+00
2.7690906723e-01   -2.5033926313e+00
2.7790906723e-01   -2.5139074785e+00
2.8279426508e-01   -2.5475885938e+00
2.8289426508e-01   -2.5479524457e+00
2.8389426508e-01   -2.5508338129e+00
2.8754801376e-01   -2.5492458144e+00
2.9243321161e-01   -2.5157541354e+00
2.9253321161e-01   -2.5146804638e+00
2.9353321161e-01   -2.5030748523e+00
2.9655770136e-01   -2.4583221622e+00
2.9983422337e-01   -2.3935097706e+00
2.9993422337e-01   -2.3912673585e+00
3.0093422337e-01   -2.3679930945e+00
3.0358827620e-01   -2.2988438685e+00
3.0643699217e-01   -2.2131106694e+00
3.0653699217e-01   -2.2098926193e+00
3.0753699217e-01   -2.1769587212e+00
3.0996431608e-01   -2.0915044522e+00
3.1254358462e-01   -1.9926766940e+00
3.1264358462e-01   -1.9886887079e+00
3.1364358462e-01   -1.9481986729e+00
3.1594366752e-01   -1.8510702729e+00
3.1836955088e-01   -1.7431506036e+00
3.1846955088e-01   -1.7385918967e+00
3.1946955088e-01   -1.6925603111e+00
3.2171573109e-01   -1.5864391266e+00
3.2407391399e-01   -1.4715194362e+00
3.2417391399e-01   -1.4665772959e+00
3.2517391399e-01   -1.4168817928e+00
3.2742428355e-01   -1.3034437855e+00
3.2978148578e-01   -1.1827690269e+00
3.2988148578e-01   -1.1776175944e+00
3.3088148578e-01   -1.1259914320e+00
3.3318686528e-01   -1.0064068776e+00
3.3560046378e-01   -8.8086424787e-01
3.3570046378e-01   -8.7566412379e-01
3.3670046378e-01   -8.2369601842e-01
3.3911059875e-01   -6.9888629537e-01
3.4163437422e-01   -5.6932474651e-01
3.4173437422e-01   -5.6422280100e-01
3.4273437422e-01   -5.1335828554e-01
3.4530351769e-01   -3.8414464229e-01
3.4799368894e-01   -2.5152426210e-01
3.4809368894e-01   -2.4665383031e-01
3.4909368894e-01   -1.9820024292e-01
3.5188682794e-01   -6.5426934045e-02
3.5480864333e-01   6.9055608208e-02
3.5490864333e-01   7.3573412150e-02
3.5590864333e-01   1.1843085704e-01
3.5900997807e-01   2.5371842432e-01
3.6224630673e-01   3.8841341272e-01
3.6234630673e-01   3.9246615997e-01
3.6334630673e-01   4.3262620323e-01
3.6687256150e-01   5.6881163985e-01
3.7053682112e-01   7.0111891363e-01
3.7525629163e-01   8.5727376162e-01
3.7535629163e-01   8.6040589160e-01
3.7635629163e-01   8.9132009163e-01
3.8088710500e-01   1.0220360924e+00
3.8553878742e-01   1.1400934315e+00
3.9042398527e-01   1.2462032922e+00
3.9530918312e-01   1.3337847819e+00
4.0019438097e-01   1.4026918611e+00
4.0029438097e-01   1.4039068356e+00
4.0129438097e-01   1.4156250470e+00
4.0617957882e-01   1.4616115804e+00
4.1106477667e-01   1.4890381625e+00
4.1594997452e-01   1.4982512603e+00
4.2083517237e-01   1.4898356263e+00
4.2572037022e-01   1.4646384267e+00
4.3060556808e-01   1.4237754754e+00
4.3070556808e-01   1.4227846207e+00
4.3170556808e-01   1.4125490371e+00
4.3659076593e-01   1.3543847815e+00
4.4147596378e-01   1.2839019343e+00
4.4636116163e-01   1.2028951927e+00
4.4646116163e-01   1.2011402716e+00
4.4746116163e-01   1.1833956738e+00
4.5234635948e-01   1.0920768658e+00
4.5723155733e-01   9.9447388446e-01
4.6211675518e-01   8.9245333075e-01
4.6221675518e-01   8.9033144527e-01
4.6321675518e-01   8.6905481524e-01
4.6810195303e-01   7.6400605281e-01
4.7298715088e-01   6.5824483460e-01
4.7787234873e-01   5.5314954957e-01
4.7797234873e-01   5.5101380992e-01
4.7897234873e-01   5.2970115462e-01
4.8385754658e-01   4.2699679386e-01
4.8874274443e-01   3.2727626000e-01
4.9362794228e-01   2.3124644811e-01
4.9851314013e-01   1.3942292600e-01
4.9861314013e-01   1.3758991872e-01
4.9961314013e-01   1.1936545472e-01
5.0449833798e-01   3.3146790129e-02
5.0938353583e-01   -4.8306527563e-02
5.1426873368e-01   -1.2495739490e-01
5.1915393153e-01   -1.9687002350e-01
5.2403912938e-01   -2.6418900562e-01
5.2413912938e-01   -2.6552040791e-01
5.2513912938e-01   -2.7873366806e-01
5.3002432724e-01   -3.4071016858e-01
5.3490952509e-01   -3.9861018016e-01
5.3979472294e-01   -4.5271870300e-01
5.4467992079e-01   -5.0333561169e-01
5.4956511864e-01   -5.5076579052e-01
5.5445031649e-01   -5.9531111550e-01
5.5933551434e-01   -6.3726405437e-01
5.6422071219e-01   -6.7690265206e-01
5.6910591004e-01   -7.1448667880e-01
5.6920591004e-01   -7.1523628213e-01
5.7020591004e-01   -7.2269093579e-01
5.7509110789e-01   -7.5808065498e-01
5.7997630574e-01   -7.9191483088e-01
5.8486150359e-01   -8.2437826936e-01
5.8974670144e-01   -8.5562982634e-01
5.9463189929e-01   -8.8580186931e-01
5.9951709714e-01   -9.1500003184e-01
6.0440229499e-01   -9.4330320811e-01
6.0928749284e-01   -9.7076375402e-01
6.1417269069e-01   -9.9740787921e-01
6.1905788854e-01   -1.0232362300e+00
6.2394308639e-01   -1.0482246765e+00
6.2882828425e-01   -1.0723253267e+00
6.3371348210e-01   -1.0954678012e+00
6.3859867995e-01   -1.1175608022e+00
6.4348387780e-01   -1.1384940165e+00
6.4836907565e-01   -1.1581403849e+00
6.4846907565e-01   -1.1585281340e+00
6.4946907565e-01   -1.1623724569e+00
6.5435427350e-01   -1.1802486390e+00
6.5923947135e-01   -1.1965092602e+00
6.6412466920e-01   -1.2109934795e+00
6.6900986705e-01   -1.2235377273e+00
6.7389506490e-01   -1.2339799898e+00
6.7878026275e-01   -1.2421643449e+00
6.8366546060e-01   -1.2479456462e+00
6.8855065845e-01   -1.2511942269e+00
6.9343585630e-01   -1.2518004726e+00
6.9832105415e-01   -1.2496791005e+00
7.0320625200e-01   -1.2447729739e+00
7.0809144985e-01   -1.2370562880e+00
7.1297664770e-01   -1.2265369770e+00
7.1786184555e-01   -1.2132582181e+00
7.2274704341e-01   -1.1972989480e+00
7.2763224126e-01   -1.1787733471e+00
7.3251743911e-01   -1.1578292968e+00
7.3740263696e-01   -1.1346458676e+00
7.4228783481e-01   -1.1094299373e+00
7.4717303266e-01   -1.0824120832e+00
7.5205823051e-01   -1.0538419216e+00
7.5694342836e-01   -1.0239830877e+00
7.6182862621e-01   -9.9310805687e-01
7.6671382406e-01   -9.6149300299e-01
7.7159902191e-01   -9.2941287577e-01
7.7169902191e-01   -9.2875324591e-01
7.7269902191e-01   -9.2215295108e-01
7.7758421976e-01   -8.8986901484e-01
7.8246941761e-01   -8.5770521806e-01
7.8735461546e-01   -8.2590424418e-01
7.9223981331e-01   -7.9469216056e-01
7.9712501116e-01   -7.6427644140e-01
8.0201020901e-01   -7.3484465433e-01
8.0689540686e-01   -7.0656377430e-01
8.1178060471e-01   -6.7958007003e-01
8.1666580256e-01   -6.5401949484e-01
8.2155100042e-01   -6.2998850639e-01
8.2643619827e-01   -6.0757523628e-01
8.3132139612e-01   -5.8685093161e-01
8.3620659397e-01   -5.6787159464e-01
8.4109179182e-01   -5.5067975252e-01
8.4597698967e-01   -5.3530629672e-01
8.4607698967e-01   -5.3501075767e-01
8.4707698967e-01   -5.3209780649e-01
8.5196218752e-01   -5.1898011510e-01
8.5684738537e-01   -5.0771714659e-01
8.6173258322e-01   -4.9831474699e-01
8.6661778107e-01   -4.9077464393e-01
8.7150297892e-01   -4.8509600007e-01
8.7638817677e-01   -4.8127684241e-01
8.8127337462e-01   -4.7931535920e-01
8.8615857247e-01   -4.7921105905e-01
8.9104377032e-01   -4.8096578975e-01
8.9592896817e-01   -4.8458461545e-01
9.0081416602e-01   -4.9007655140e-01
9.0569936387e-01   -4.9745515501e-01
9.1058456172e-01   -5.0673897042e-01
9.1546975958e-01   -5.1795182197e-01
9.2035495743e-01   -5.3112294827e-01
9.2524015528e-01   -5.4628696550e-01
9.3012535313e-01   -5.6348364300e-01
9.3501055098e-01   -5.8275746965e-01
9.3989574883e-01   -6.0415698228e-01
9.4478094668e-01   -6.2773382120e-01
9.4966614453e-01   -6.5354146957e-01
9.5455134238e-01   -6.8163362547e-01
9.5943654023e-01   -7.1206214715e-01
9.6432173808e-01   -7.4487450365e-01
9.6442173808e-01   -7.4557136829e-01
9.6542173808e-01   -7.5259596084e-01
9.7030693593e-01   -7.8838232187e-01
9.7519213378e-01   -8.2662562454e-01
9.8007733163e-01   -8.6733452906e-01
9.8496252948e-01   -9.1049530461e-01
9.8984772733e-01   -9.5606544789e-01
9.9473292518e-01   -1.0039663819e+00
9.9961812303e-01   -1.0540752418e+00
9.9971812303e-01   -1.0551228932e+00
1.0007181230e+00   -1.0656459574e+00
1.0056033209e+00   -1.1182134554e+00
1.0104885187e+00   -1.1725097542e+00
1.0153737166e+00   -1.2282044138e+00
1.0202589144e+00   -1.2848813770e+00
1.0251441123e+00   -1.3420296592e+00
1.0300293101e+00   -1.3990356376e+00
1.0301293101e+00   -1.4001961780e+00
1.0311293101e+00   -1.4117804127e+00
1.0360145080e+00   -1.4676176059e+00
1.0408997058e+00   -1.5215592013e+00
1.0457849037e+00   -1.5726475217e+00
1.0506701015e+00   -1.6198337994e+00
1.0555552994e+00   -1.6619982184e+00
1.0604404972e+00   -1.6979785569e+00
1.0653256951e+00   -1.7266074419e+00
1.0702108929e+00   -1.7467573309e+00
1.0703108929e+00   -1.7470737344e+00
1.0713108929e+00   -1.7500163564e+00
1.0761960908e+00   -1.7583782440e+00
1.0810812886e+00   -1.7561556050e+00
1.0859664865e+00   -1.7427029162e+00
1.0908516843e+00   -1.7176267428e+00
1.0957368822e+00   -1.6808189215e+00
1.1006220800e+00   -1.6324745761e+00
1.1007220800e+00   -1.6313674722e+00
1.1017220800e+00   -1.6200427575e+00
1.1066072779e+00   -1.5582739613e+00
1.1114924757e+00   -1.4864648988e+00
1.1163776736e+00   -1.4057013031e+00
1.1164776736e+00   -1.4039632516e+00
1.1174776736e+00   -1.3864080837e+00
1.1223628714e+00   -1.2964266491e+00
1.1272480693e+00   -1.2004990819e+00
1.1321332671e+00   -1.1001036580e+00
1.1322332671e+00   -1.0980123147e+00
1.1332332671e+00   -1.0770326548e+00
1.1381184650e+00   -9.7316229698e-01
1.1430036628e+00   -8.6800726585e-01
1.1478888607e+00   -7.6284181514e-01
1.1479888607e+00   -7.6069718798e-01
1.1489888607e+00   -7.3927899069e-01
1.1538740585e+00   -6.3562392560e-01
1.1587592564e+00   -5.3424733667e-01
1.1636444543e+00   -4.3590305670e-01
1.1685296521e+00   -3.4117358916e-01
1.1686296521e+00   -3.3927545290e-01
1.1696296521e+00   -3.2038799043e-01
1.1745148500e+00   -2.3064408801e-01
1.1794000478e+00   -1.4524782654e-01
1.1842852457e+00   -6.4310285374e-02
1.1891704435e+00   1.2167494544e-02
1.1940556414e+00   8.4276000430e-02
1.1941556414e+00   8.5707472459e-02
1.1951556414e+00   9.9925550208e-02
1.2000408392e+00   1.6691095733e-01
1.2049260371e+00   2.2996892636e-01
1.2098112349e+00   2.8937086003e-01
1.2146964328e+00   3.4541466891e-01
1.2195816306e+00   3.9841386354e-01
1.2244668285e+00   4.4868834512e-01
1.2293520263e+00   4.9655674249e-01
1.2294520263e+00   4.9751368500e-01
1.2304520263e+00   5.0703542818e-01
1.2353372242e+00   5.5237875191e-01
1.2402224220e+00   5.9599036800e-01
1.2451076199e+00   6.3814743525e-01
1.2499928177e+00   6.7910615019e-01
1.2548780156e+00   7.1909906505e-01
1.2597632134e+00   7.5833282337e-01
1.2646484113e+00   7.9698618706e-01
1.2695336091e+00   8.3520825201e-01
1.2744188070e+00   8.7311677439e-01
1.2793040048e+00   9.1079655490e-01
1.2794040048e+00   9.1156588559e-01
1.2804040048e+00   9.1925520616e-01
1.2852892027e+00   9.5671958860e-01
1.2901744005e+00   9.9401772244e-01
1.2950595984e+00   1.0311175511e+00
1.2999447962e+00   1.0679478029e+00
1.3048299941e+00   1.1043969128e+00
1.3097151919e+00   1.1403123156e+00
1.3146003898e+00   1.1755002690e+00
1.3194855876e+00   1.2097263878e+00
1.3243707855e+00   1.2427170883e+00
1.3292559833e+00   1.2741621470e+00
1.3341411812e+00   1.3037185684e+00
1.3342411812e+00   1.3043012974e+00
1.3352411812e+00   1.3100758399e+00
1.3401263790e+00   1.3368111735e+00
1.3450115769e+00   1.3608065070e+00
1.3498967747e+00   1.3816576219e+00
1.3547819726e+00   1.3989609559e+00
1.3596671704e+00   1.4123253790e+00
1.3645523683e+00   1.4213849482e+00
1.3694375661e+00   1.4258121581e+00
1.3743227640e+00   1.4253310879e+00
1.3792079618e+00   1.4197297588e+00
1.3840931597e+00   1.4088709752e+00
1.3889783575e+00   1.3927009461e+00
1.3938635554e+00   1.3712550667e+00
1.3987487532e+00   1.3446603913e+00
1.4036339511e+00   1.3131345324e+00
1.4085191489e+00   1.2769809568e+00
1.4134043468e+00   1.2365808952e+00
1.4135043468e+00   1.2357126028e+00
1.4145043468e+00   1.2269429434e+00
1.4193895446e+00   1.1819565895e+00
1.4242747425e+00   1.1337918426e+00
1.4291599403e+00   1.0829951432e+00
1.4340451382e+00   1.0301323599e+00
1.4389303360e+00   9.7577343202e-01
1.4438155339e+00   9.2047799646e-01
1.4439155339e+00   9.1934014340e-01
1.4449155339e+00   9.0795344176e-01
1.4498007317e+00   8.5223867800e-01
1.4546859296e+00   7.9673407048e-01
1.4595711274e+00   7.4188912999e-01
1.4644563253e+00   6.8810344634e-01
1.4693415231e+00   6.3572316463e-01
1.4742267210e+00   5.8503951456e-01
1.4791119188e+00   5.3628913408e-01
1.4792119188e+00   5.3531278732e-01
1.4802119188e+00   5.2559850029e-01
1.4850971167e+00   4.7946216416e-01
1.4899823145e+00   4.3560074903e-01
1.4948675124e+00   3.9409267172e-01
1.4997527102e+00   3.5497591678e-01
1.5046379081e+00   3.1825283853e-01
1.5095231059e+00   2.8389502742e-01
1.5144083038e+00   2.5184807486e-01
1.5192935016e+00   2.2203610979e-01
1.5241786995e+00   1.9436601605e-01
1.5290638973e+00   1.6873127065e-01
1.5339490952e+00   1.4501536920e-01
1.5340490952e+00   1.4454908666e-01
1.5350490952e+00   1.3992740688e-01
1.5399342930e+00   1.1839359454e-01
1.5448194909e+00   9.8498076071e-02
1.5497046887e+00   8.0110487828e-02
1.5545898866e+00   6.3100378569e-02
1.5594750844e+00   4.7338573425e-02
1.5643602823e+00   3.2698226761e-02
1.5692454801e+00   1.9055597977e-02
1.5741306780e+00   6.2905837928e-03
1.5790158758e+00   -5.7129610242e-03
1.5839010737e+00   -1.7067084700e-02
1.5887862715e+00   -2.7879754127e-02
1.5936714694e+00   -3.8255000825e-02
1.5985566672e+00   -4.8293175742e-02
1.6034418651e+00   -5.8091294285e-02
1.6083270629e+00   -6.7743455678e-02
1.6132122608e+00   -7.7341323261e-02
1.6180974586e+00   -8.6974654699e-02
1.6229826565e+00   -9.6731873096e-02
1.6278678543e+00   -1.0670067187e-01
1.6327530522e+00   -1.1696864785e-01
1.6376382500e+00   -1.2762395825e-01
1.6425234479e+00   -1.3875599843e-01
1.6474086457e+00   -1.5045609798e-01
1.6522938436e+00   -1.6281822182e-01
1.6523938436e+00   -1.6307886706e-01
1.6533938436e+00   -1.6570299937e-01
1.6582790415e+00   -1.7900929105e-01
1.6631642393e+00   -1.9319986069e-01
1.6680494372e+00   -2.0838219482e-01
1.6729346350e+00   -2.2466954860e-01
1.6778198329e+00   -2.4218169306e-01
1.6827050307e+00   -2.6104565022e-01
1.6875902286e+00   -2.8139640345e-01
1.6924754264e+00   -3.0337756531e-01
1.6973606243e+00   -3.2714197881e-01
1.7022458221e+00   -3.5285221986e-01
1.7071310200e+00   -3.8068095805e-01
1.7120162178e+00   -4.1081111956e-01
1.7169014157e+00   -4.4343577914e-01
1.7217866135e+00   -4.7875768721e-01
1.7218866135e+00   -4.7951037202e-01
1.7228866135e+00   -4.8710464847e-01
1.7277718114e+00   -5.2602016847e-01
1.7326570092e+00   -5.6811297262e-01
1.7375422071e+00   -6.1360698111e-01
1.7424274049e+00   -6.6272638473e-01
1.7473126028e+00   -7.1569047835e-01
1.7521978006e+00   -7.7270672902e-01
1.7522978006e+00   -7.7391753388e-01
1.7532978006e+00   -7.8612365382e-01
1.7581829985e+00   -8.4835567779e-01
1.7630681963e+00   -9.1500893399e-01
1.7679533942e+00   -9.8617661475e-01
1.7728385920e+00   -1.0618811503e+00
1.7729385920e+00   -1.0634778918e+00
1.7739385920e+00   -1.0795481911e+00
1.7788237899e+00   -1.1607012683e+00
1.7837089877e+00   -1.2460613541e+00
1.7885941856e+00   -1.3352399749e+00
1.7886941856e+00   -1.3371015926e+00
1.7896941856e+00   -1.3557913413e+00
1.7945793834e+00   -1.4488233846e+00
1.7994645813e+00   -1.5440368041e+00
1.8043497791e+00   -1.6402606685e+00
1.8044497791e+00   -1.6422310248e+00
1.8054497791e+00   -1.6619210482e+00
1.8103349770e+00   -1.7573182284e+00
1.8152201748e+00   -1.8499471947e+00
1.8201053727e+00   -1.9375585283e+00
1.8202053727e+00   -1.9392819864e+00
1.8212053727e+00   -1.9563372272e+00
1.8260905705e+00   -2.0342809325e+00
1.8309757684e+00   -2.1011752660e+00
1.8358609662e+00   -2.1540494705e+00
1.8407461641e+00   -2.1899706170e+00
1.8408461641e+00   -2.1905092069e+00
1.8418461641e+00   -2.1954364003e+00
1.8467313619e+00   -2.2069349416e+00
1.8468313619e+00   -2.2069429420e+00
1.8478313619e+00   -2.2065025467e+00
1.8527165598e+00   -2.1903557493e+00
1.8528165598e+00   -2.1897767418e+00
1.8538165598e+00   -2.1834282994e+00
1.8587017576e+00   -2.1376771472e+00
1.8635869555e+00   -2.0674086852e+00
1.8636869555e+00   -2.0657174436e+00
1.8646869555e+00   -2.0482564025e+00
1.8683980934e+00   -1.9749099969e+00
1.8732832912e+00   -1.8589138378e+00
1.8733832912e+00   -1.8563226909e+00
1.8743832912e+00   -1.8299579920e+00
1.8777257315e+00   -1.7361277363e+00
1.8812306703e+00   -1.6291516528e+00
1.8813306703e+00   -1.6259825757e+00
1.8823306703e+00   -1.5939604113e+00
1.8855135777e+00   -1.4883200524e+00
1.8888109467e+00   -1.3737539245e+00
1.8889109467e+00   -1.3702097681e+00
1.8899109467e+00   -1.3345681825e+00
1.8930510986e+00   -1.2205733427e+00
1.8962847418e+00   -1.1006784318e+00
1.8963847418e+00   -1.0969410218e+00
1.8973847418e+00   -1.0594922721e+00
1.9005779993e+00   -9.3927004251e-01
1.9038573760e+00   -8.1550417003e-01
1.9039573760e+00   -8.1173475573e-01
1.9049573760e+00   -7.7407508246e-01
1.9082928160e+00   -6.4915716350e-01
1.9117121188e+00   -5.2282879166e-01
1.9118121188e+00   -5.1916830661e-01
1.9128121188e+00   -4.8268449180e-01
1.9163836810e+00   -3.5437794785e-01
1.9200369733e+00   -2.2687554908e-01
1.9201369733e+00   -2.2344438151e-01
1.9211369733e+00   -1.8931481616e-01
1.9250552988e+00   -5.8925058973e-02
1.9290501173e+00   6.8161224224e-02
1.9338092771e+00   2.1134307342e-01
1.9339092771e+00   2.1425278971e-01
1.9349092771e+00   2.4312299616e-01
1.9396246113e+00   3.7364430270e-01
1.9443972634e+00   4.9623694650e-01
1.9492824613e+00   6.1179598916e-01
1.9493824613e+00   6.1405713515e-01
1.9503824613e+00   6.3643948888e-01
1.9552676591e+00   7.3983152000e-01
1.9601528570e+00   8.3347367953e-01
1.9650380548e+00   9.1755686268e-01
1.9699232527e+00   9.9227508718e-01
1.9748084505e+00   1.0578126600e+00
1.9796936484e+00   1.1143388879e+00
1.9797936484e+00   1.1154029725e+00
1.9807936484e+00   1.1258400187e+00
1.9856788462e+00   1.1715365480e+00
1.9905640441e+00   1.2085573758e+00
1.9954492419e+00   1.2370533569e+00
2.0003344398e+00   1.2571915733e+00
2.0052196376e+00   1.2691680225e+00
2.0101048355e+00   1.2732196205e+00
2.0149900333e+00   1.2696344130e+00
2.0198752312e+00   1.2587590838e+00
2.0247604290e+00   1.2410031061e+00
2.0296456269e+00   1.2168391718e+00
2.0345308247e+00   1.1867998423e+00
2.0394160226e+00   1.1514706637e+00
2.0443012204e+00   1.1114802489e+00
2.0491864183e+00   1.0674880328e+00
2.0492864183e+00   1.0665504596e+00
2.0502864183e+00   1.0570993733e+00
2.0551716161e+00   1.0091269990e+00
2.0600568140e+00   9.5866044461e-01
2.0649420118e+00   9.0636311174e-01
2.0698272097e+00   8.5287106080e-01
2.0747124075e+00   7.9878182609e-01
2.0795976054e+00   7.4464528878e-01
2.0796976054e+00   7.4354020375e-01
2.0806976054e+00   7.3250066780e-01
2.0855828032e+00   6.7897542486e-01
2.0904680011e+00   6.2642432426e-01
2.0953531989e+00   5.7520824600e-01
2.1002383968e+00   5.2562642543e-01
2.1051235946e+00   4.7791815560e-01
2.1100087925e+00   4.3226582302e-01
2.1148939903e+00   3.8879895096e-01
2.1197791882e+00   3.4759893945e-01
2.1198791882e+00   3.4677959030e-01
2.1208791882e+00   3.3863932960e-01
2.1257643860e+00   3.0026503796e-01
2.1306495839e+00   2.6419236217e-01
2.1355347817e+00   2.3038318456e-01
2.1404199796e+00   1.9877327014e-01
2.1453051775e+00   1.6927699245e-01
2.1501903753e+00   1.4179165859e-01
2.1550755732e+00   1.1620138896e-01
2.1599607710e+00   9.2380531513e-02
2.1648459689e+00   7.0196609720e-02
2.1697311667e+00   4.9512817840e-02
2.1746163646e+00   3.0190087611e-02
2.1795015624e+00   1.2088757275e-02
2.1843867603e+00   -4.9301220537e-03
2.1892719581e+00   -2.1003805893e-02
2.1893719581e+00   -2.1323915457e-02
2.1903719581e+00   -2.4506593405e-02
2.1952571560e+00   -3.9605812547e-02
2.2001423538e+00   -5.4056073026e-02
2.2050275517e+00   -6.7985686187e-02
2.2099127495e+00   -8.1519908111e-02
2.2147979474e+00   -9.4781102411e-02
2.2196831452e+00   -1.0788903291e-01
2.2245683431e+00   -1.2096126461e-01
2.2294535409e+00   -1.3411365417e-01
2.2343387388e+00   -1.4746091361e-01
2.2392239366e+00   -1.6111723307e-01
2.2441091345e+00   -1.7519695038e-01
2.2489943323e+00   -1.8981525658e-01
2.2538795302e+00   -2.0508892737e-01
2.2587647280e+00   -2.2113707094e-01
2.2636499259e+00   -2.3808188245e-01
2.2685351237e+00   -2.5604939463e-01
2.2734203216e+00   -2.7517021203e-01
2.2783055194e+00   -2.9558021436e-01
2.2831907173e+00   -3.1742121020e-01
2.2880759151e+00   -3.4084151756e-01
2.2881759151e+00   -3.4133850640e-01
2.2891759151e+00   -3.4634865765e-01
2.2940611130e+00   -3.7191633397e-01
2.2989463108e+00   -3.9941890713e-01
2.3038315087e+00   -4.2902815173e-01
2.3087167065e+00   -4.6092313403e-01
2.3136019044e+00   -4.9528968092e-01
2.3184871022e+00   -5.3231938945e-01
2.3233723001e+00   -5.7220804583e-01
2.3282574979e+00   -6.1515329333e-01
2.3331426958e+00   -6.6135135321e-01
2.3332426958e+00   -6.6233235616e-01
2.3342426958e+00   -6.7222210926e-01
2.3391278936e+00   -7.2266380190e-01
2.3440130915e+00   -7.7676501714e-01
2.3488982893e+00   -8.3467915678e-01
2.3537834872e+00   -8.9652779248e-01
2.3586686850e+00   -9.6238775129e-01
2.3587686850e+00   -9.6377803822e-01
2.3597686850e+00   -9.7777383585e-01
2.3646538829e+00   -1.0485627333e+00
2.3695390807e+00   -1.1232881773e+00
2.3744242786e+00   -1.2017579724e+00
2.3793094764e+00   -1.2836455018e+00
2.3794094764e+00   -1.2853543003e+00
2.3804094764e+00   -1.3025090056e+00
2.3852946743e+00   -1.3878959089e+00
2.3901798721e+00   -1.4753399653e+00
2.3950650700e+00   -1.5638743613e+00
2.3951650700e+00   -1.5656898898e+00
2.3961650700e+00   -1.5838399640e+00
2.4010502678e+00   -1.6720094048e+00
2.4059354657e+00   -1.7581568866e+00
2.4108206635e+00   -1.8404258903e+00
2.4109206635e+00   -1.8420549071e+00
2.4119206635e+00   -1.8582028808e+00
2.4168058614e+00   -1.9327988716e+00
2.4216910592e+00   -1.9984859987e+00
2.4265762571e+00   -2.0527382360e+00
2.4314614549e+00   -2.0930087006e+00
2.4363466528e+00   -2.1168698513e+00
2.4364466528e+00   -2.1171711347e+00
2.4374466528e+00   -2.1197517622e+00
2.4423318506e+00   -2.1206221841e+00
2.4472170485e+00   -2.1009226465e+00
2.4521022463e+00   -2.0596932484e+00
2.4522022463e+00   -2.0586214645e+00
2.4532022463e+00   -2.0474010074e+00
2.4575743818e+00   -1.9876898915e+00
2.4623597291e+00   -1.9029924943e+00
2.4624597291e+00   -1.9010149560e+00
2.4634597291e+00   -1.8807871965e+00
2.4673059115e+00   -1.7955813720e+00
2.4714018299e+00   -1.6928515089e+00
2.4715018299e+00   -1.6902007836e+00
2.4725018299e+00   -1.6633418430e+00
2.4760725693e+00   -1.5625324472e+00
2.4797869640e+00   -1.4505035579e+00
2.4798869640e+00   -1.4473990122e+00
2.4808869640e+00   -1.4161224130e+00
2.4843432522e+00   -1.3051053447e+00
2.4878995136e+00   -1.1870642538e+00
2.4879995136e+00   -1.1837008054e+00
2.4889995136e+00   -1.1499559545e+00
2.4924639573e+00   -1.0318000785e+00
2.4960105639e+00   -9.0965871452e-01
2.4961105639e+00   -9.0620774179e-01
2.4971105639e+00   -8.7169591539e-01
2.5006901382e+00   -7.4839922046e-01
2.5043444292e+00   -6.2363859127e-01
2.5044444292e+00   -6.2024871736e-01
2.5054444292e+00   -5.8643567512e-01
2.5092456078e+00   -4.5955743103e-01
2.5131160280e+00   -3.3364735529e-01
2.5132160280e+00   -3.3044438277e-01
2.5142160280e+00   -2.9856345698e-01
2.5183586482e+00   -1.6954763468e-01
2.5225623019e+00   -4.4090625028e-02
2.5274474998e+00   9.4224373566e-02
2.5275474998e+00   9.6968487858e-02
2.5285474998e+00   1.2421391927e-01
2.5334326976e+00   2.5214178511e-01
2.5383178955e+00   3.7139317374e-01
2.5432030933e+00   4.8196893030e-01
2.5433030933e+00   4.8414247356e-01
2.5443030933e+00   5.0568084911e-01
2.5491882912e+00   6.0579616605e-01
2.5540734890e+00   6.9759751666e-01
2.5589586869e+00   7.8132699235e-01
2.5638438847e+00   8.5723834179e-01
2.5687290826e+00   9.2557920858e-01
2.5736142804e+00   9.8657952134e-01
2.5737142804e+00   9.8775302263e-01
2.5747142804e+00   9.9932402325e-01
2.5795994783e+00   1.0516090869e+00
2.5844846761e+00   1.0969773586e+00
2.5893698740e+00   1.1355813355e+00
2.5942550718e+00   1.1675568114e+00
2.5991402697e+00   1.1930305878e+00
2.6040254675e+00   1.2121294064e+00
2.6089106654e+00   1.2249893609e+00
2.6137958632e+00   1.2317650857e+00
2.6186810611e+00   1.2326380829e+00
2.6235662589e+00   1.2278236381e+00
2.6284514568e+00   1.2175758836e+00
2.6333366546e+00   1.2021907005e+00
2.6382218525e+00   1.1820063036e+00
2.6431070503e+00   1.1574015024e+00
2.6479922482e+00   1.1287917867e+00
2.6528774460e+00   1.0966235149e+00
2.6577626439e+00   1.0613665900e+00
2.6626478417e+00   1.0235060808e+00
2.6675330396e+00   9.8353327594e-01
2.6724182374e+00   9.4193665590e-01
2.6725182374e+00   9.4107159685e-01
2.6735182374e+00   9.3239549753e-01
2.6784034353e+00   8.8945779655e-01
2.6832886331e+00   8.4593052394e-01
2.6881738310e+00   8.0223824336e-01
2.6930590288e+00   7.5877248105e-01
2.6979442267e+00   7.1588772733e-01
2.7028294245e+00   6.7389880430e-01
2.7077146224e+00   6.3307953756e-01
2.7125998203e+00   5.9366261601e-01
2.7174850181e+00   5.5584048690e-01
2.7175850181e+00   5.5508407170e-01
2.7185850181e+00   5.4756054255e-01
2.7234702160e+00   5.1189842807e-01
2.7283554138e+00   4.7812485089e-01
2.7332406117e+00   4.4631759825e-01
2.7381258095e+00   4.1652538676e-01
2.7430110074e+00   3.8877134765e-01
2.7478962052e+00   3.6305654753e-01
2.7527814031e+00   3.3936344539e-01
2.7576666009e+00   3.1765920831e-01
2.7625517988e+00   2.9789882896e-01
2.7674369966e+00   2.8002800616e-01
2.7723221945e+00   2.6398576542e-01
2.7772073923e+00   2.4970680919e-01
2.7820925902e+00   2.3712359749e-01
2.7869777880e+00   2.2616816705e-01
2.7918629859e+00   2.1677370364e-01
2.7967481837e+00   2.0887588601e-01
2.8016333816e+00   2.0241402259e-01
2.8065185794e+00   1.9733200499e-01
2.8066185794e+00   1.9724202105e-01
2.8076185794e+00   1.9637271133e-01
2.8125037773e+00   1.9291268961e-01
2.8173889751e+00   1.9072789499e-01
2.8222741730e+00   1.8978172564e-01
2.8271593708e+00   1.9004467139e-01
2.8320445687e+00   1.9149466242e-01
2.8369297665e+00   1.9411736203e-01
2.8418149644e+00   1.9790641881e-01
2.8467001622e+00   2.0286369132e-01
2.8515853601e+00   2.0899945676e-01
2.8564705579e+00   2.1633261302e-01
2.8613557558e+00   2.2489088156e-01
2.8662409536e+00   2.3471101659e-01
2.8711261515e+00   2.4583902374e-01
2.8760113493e+00   2.5833038919e-01
2.8808965472e+00   2.7225031730e-01
2.8857817450e+00   2.8767397192e-01
2.8906669429e+00   3.0468671290e-01
2.8955521407e+00   3.2338431453e-01
2.9004373386e+00   3.4387314794e-01
2.9053225364e+00   3.6627030204e-01
2.9102077343e+00   3.9070361018e-01
2.9150929321e+00   4.1731153895e-01
2.9199781300e+00   4.4624288387e-01
2.9200781300e+00   4.4686047477e-01
2.9210781300e+00   4.5309387564e-01
2.9259633278e+00   4.8508885585e-01
2.9308485257e+00   5.1977197868e-01
2.9357337235e+00   5.5731951009e-01
2.9406189214e+00   5.9791262083e-01
2.9455041192e+00   6.4173441729e-01
2.9503893171e+00   6.8896594210e-01
2.9552745149e+00   7.3978089188e-01
2.9553745149e+00   7.4085965581e-01
2.9563745149e+00   7.5173387994e-01
2.9612597128e+00   8.0715439123e-01
2.9661449106e+00   8.6648083855e-01
2.9710301085e+00   9.2980630827e-01
2.9759153063e+00   9.9717274514e-01
2.9808005042e+00   1.0685535889e+00
2.9809005042e+00   1.0700560467e+00
2.9819005042e+00   1.0851703654e+00
2.9867857020e+00   1.1613007191e+00
2.9916708999e+00   1.2410308916e+00
2.9965560977e+00   1.3239558152e+00
3.0014412956e+00   1.4094932572e+00
3.0015412956e+00   1.4112663252e+00
3.0025412956e+00   1.4290377249e+00
3.0074264934e+00   1.5166745736e+00
3.0123116913e+00   1.6048376424e+00
3.0171968891e+00   1.6921730146e+00
3.0172968891e+00   1.6939411093e+00
3.0182968891e+00   1.7115624428e+00
3.0231820870e+00   1.7956252713e+00
3.0280672848e+00   1.8748408936e+00
3.0329524827e+00   1.9469841740e+00
3.0330524827e+00   1.9483703252e+00
3.0340524827e+00   1.9620086181e+00
3.0389376805e+00   2.0221786793e+00
3.0438228784e+00   2.0697647467e+00
3.0487080762e+00   2.1022789171e+00
3.0535932741e+00   2.1174259658e+00
3.0584784719e+00   2.1132654158e+00
3.0585784719e+00   2.1129675141e+00
3.0595784719e+00   2.1095073127e+00
3.0644636698e+00   2.0798101171e+00
3.0693488676e+00   2.0285232272e+00
3.0742340655e+00   1.9557821725e+00
3.0743340655e+00   1.9540741785e+00
3.0753340655e+00   1.9365218906e+00
3.0793331141e+00   1.8579676151e+00
3.0836345232e+00   1.7594199956e+00
3.0837345232e+00   1.7569670803e+00
3.0847345232e+00   1.7320540236e+00
3.0883901912e+00   1.6353468793e+00
3.0922127660e+00   1.5257394694e+00
3.0923127660e+00   1.5227682453e+00
3.0933127660e+00   1.4927885134e+00
3.0968082501e+00   1.3844970678e+00
3.1004136466e+00   1.2680384428e+00
3.1005136466e+00   1.2647514546e+00
3.1015136466e+00   1.2317359467e+00
3.1049814136e+00   1.1155062699e+00
3.1085349219e+00   9.9445856991e-01
3.1086349219e+00   9.9103444550e-01
3.1096349219e+00   9.5676026387e-01
3.1131860197e+00   8.3484950010e-01
3.1168131107e+00   7.1076676437e-01
3.1169131107e+00   7.0736107003e-01
3.1179131107e+00   6.7336541153e-01
3.1216536474e+00   5.4743590810e-01
3.1254644863e+00   4.2177760741e-01
3.1255644863e+00   4.1852305399e-01
3.1265644863e+00   3.8610925973e-01
3.1306096925e+00   2.5762500700e-01
3.1347179516e+00   1.3194884563e-01
3.1395023732e+00   -7.6254739552e-03
3.1396023732e+00   -1.0460763578e-02
3.1406023732e+00   -3.8624407077e-02
3.1453694500e+00   -1.6806913359e-01
3.1501785376e+00   -2.9042275750e-01
3.1550637355e+00   -4.0615500888e-01
3.1551637355e+00   -4.0843410927e-01
3.1561637355e+00   -4.3102750262e-01
3.1610489333e+00   -5.3627107562e-01
3.1659341312e+00   -6.3313344525e-01
3.1708193290e+00   -7.2183868352e-01
3.1757045269e+00   -8.0263790405e-01
3.1805897247e+00   -8.7578714816e-01
3.1806897247e+00   -8.7720636918e-01
3.1816897247e+00   -8.9122841633e-01
3.1865749226e+00   -9.5533759175e-01
3.1914601204e+00   -1.0123141790e+00
3.1963453183e+00   -1.0623518594e+00
3.2012305161e+00   -1.1056189864e+00
3.2061157140e+00   -1.1422622688e+00
3.2110009118e+00   -1.1724129757e+00
3.2158861097e+00   -1.1961948967e+00
3.2207713075e+00   -1.2137333162e+00
3.2256565054e+00   -1.2251642905e+00
3.2305417033e+00   -1.2306435622e+00
3.2354269011e+00   -1.2303545129e+00
3.2403120990e+00   -1.2245146403e+00
3.2451972968e+00   -1.2133801597e+00
3.2500824947e+00   -1.1972484590e+00
3.2549676925e+00   -1.1764582828e+00
3.2598528904e+00   -1.1513876687e+00
3.2647380882e+00   -1.1224498028e+00
3.2696232861e+00   -1.0900870847e+00
3.2745084839e+00   -1.0547637894e+00
3.2793936818e+00   -1.0169577760e+00
3.2842788796e+00   -9.7715171891e-01
3.2891640775e+00   -9.3582432647e-01
3.2940492753e+00   -8.9344196963e-01
3.2941492753e+00   -8.9256656607e-01
3.2951492753e+00   -8.8379937466e-01
3.3000344732e+00   -8.4073043770e-01
3.3049196710e+00   -7.9756320446e-01
3.3098048689e+00   -7.5467796139e-01
3.3146900667e+00   -7.1241839058e-01
3.3195752646e+00   -6.7108916802e-01
3.3244604624e+00   -6.3095481868e-01
3.3293456603e+00   -5.9223971099e-01
3.3342308581e+00   -5.5512903961e-01
3.3391160560e+00   -5.1977062629e-01
3.3392160560e+00   -5.1906599242e-01
3.3402160560e+00   -5.1206287778e-01
3.3451012538e+00   -4.7900182417e-01
3.3499864517e+00   -4.4790091661e-01
3.3548716495e+00   -4.1880622217e-01
3.3597568474e+00   -3.9173918797e-01
3.3646420452e+00   -3.6670008259e-01
3.3695272431e+00   -3.4367136831e-01
3.3744124409e+00   -3.2262093101e-01
3.3792976388e+00   -3.0350511411e-01
3.3841828366e+00   -2.8627152035e-01
3.3890680345e+00   -2.7086156023e-01
3.3939532323e+00   -2.5721273815e-01
3.3988384302e+00   -2.4526067730e-01
3.4037236280e+00   -2.3494089216e-01
3.4086088259e+00   -2.2619032286e-01
3.4134940237e+00   -2.1894864976e-01
3.4183792216e+00   -2.1315940895e-01
3.4232644194e+00   -2.0877093082e-01
3.4281496173e+00   -2.0573712378e-01
3.4330348151e+00   -2.0401812538e-01
3.4379200130e+00   -2.0358084156e-01
3.4428052108e+00   -2.0439939384e-01
3.4476904087e+00   -2.0645551719e-01
3.4525756065e+00   -2.0973887304e-01
3.4526756065e+00   -2.0981887158e-01
3.4536756065e+00   -2.1064707871e-01
3.4585608044e+00   -2.1543191547e-01
3.4634460022e+00   -2.2145070672e-01
3.4683312001e+00   -2.2872039022e-01
3.4732163979e+00   -2.3726684675e-01
3.4781015958e+00   -2.4712511771e-01
3.4829867936e+00   -2.5833962420e-01
3.4878719915e+00   -2.7096438877e-01
3.4927571893e+00   -2.8506325777e-01
3.4976423872e+00   -3.0071011914e-01
3.5025275850e+00   -3.1798910632e-01
3.5074127829e+00   -3.3699477428e-01
3.5122979807e+00   -3.5783222801e-01
3.5171831786e+00   -3.8061717649e-01
3.5220683764e+00   -4.0547587694e-01
3.5269535743e+00   -4.3254492312e-01
3.5318387721e+00   -4.6197081868e-01
3.5367239700e+00   -4.9390926087e-01
3.5368239700e+00   -4.9459042278e-01
3.5378239700e+00   -5.0146402531e-01
3.5427091678e+00   -5.3670473258e-01
3.5475943657e+00   -5.7483108632e-01
3.5524795635e+00   -6.1601818859e-01
3.5573647614e+00   -6.6044150682e-01
3.5622499592e+00   -7.0827252217e-01
3.5671351571e+00   -7.5967304526e-01
3.5720203549e+00   -8.1478790844e-01
3.5721203549e+00   -8.1595579477e-01
3.5731203549e+00   -8.2772325461e-01
3.5780055528e+00   -8.8754687579e-01
3.5828907506e+00   -9.5129585204e-01
3.5877759485e+00   -1.0189851002e+00
3.5926611463e+00   -1.0905561844e+00
3.5927611463e+00   -1.0920609003e+00
3.5937611463e+00   -1.1071938263e+00
3.5986463442e+00   -1.1833009722e+00
3.6035315420e+00   -1.2627858135e+00
3.6084167399e+00   -1.3451949858e+00
3.6133019377e+00   -1.4298940434e+00
3.6134019377e+00   -1.4316461984e+00
3.6144019377e+00   -1.4491996738e+00
3.6192871356e+00   -1.5355286149e+00
3.6241723334e+00   -1.6219408695e+00
3.6290575313e+00   -1.7070341114e+00
3.6339427291e+00   -1.7891345265e+00
3.6340427291e+00   -1.7907706663e+00
3.6350427291e+00   -1.8070149738e+00
3.6399279270e+00   -1.8827827780e+00
3.6448131248e+00   -1.9509325673e+00
3.6449131248e+00   -1.9522314860e+00
3.6459131248e+00   -1.9649858141e+00
3.6507983227e+00   -2.0205505583e+00
3.6556835205e+00   -2.0631224932e+00
3.6605687184e+00   -2.0903374071e+00
3.6654539162e+00   -2.1000610435e+00
3.6655539162e+00   -2.1000642714e+00
3.6665539162e+00   -2.0996492954e+00
3.6714391141e+00   -2.0856104156e+00
3.6763243119e+00   -2.0509251318e+00
3.6812095098e+00   -1.9951849568e+00
3.6813095098e+00   -1.9938250508e+00
3.6823095098e+00   -1.9797482451e+00
3.6865806619e+00   -1.9100104146e+00
3.6912250575e+00   -1.8172700458e+00
3.6913250575e+00   -1.8150896703e+00
3.6923250575e+00   -1.7928783110e+00
3.6961533856e+00   -1.7012913040e+00
3.7001901890e+00   -1.5944565063e+00
3.7002901890e+00   -1.5916888810e+00
3.7012901890e+00   -1.5637134417e+00
3.7048977820e+00   -1.4585971966e+00
3.7086308154e+00   -1.3438975623e+00
3.7087308154e+00   -1.3407545133e+00
3.7097308154e+00   -1.3091450065e+00
3.7132679103e+00   -1.1950510671e+00
3.7168956220e+00   -1.0752354586e+00
3.7169956220e+00   -1.0719038345e+00
3.7179956220e+00   -1.0385235305e+00
3.7215825473e+00   -9.1813200068e-01
3.7252459271e+00   -7.9492003666e-01
3.7253459271e+00   -7.9156274544e-01
3.7263459271e+00   -7.5802466571e-01
3.7300928070e+00   -6.3318666617e-01
3.7339089703e+00   -5.0806950487e-01
3.7340089703e+00   -5.0482606333e-01
3.7350089703e+00   -4.7250285265e-01
3.7390307946e+00   -3.4475781366e-01
3.7431145516e+00   -2.1927871343e-01
3.7478155789e+00   -8.0873234336e-02
3.7479155789e+00   -7.8004085707e-02
3.7489155789e+00   -4.9490201286e-02
3.7536030218e+00   7.9756236600e-02
3.7583325999e+00   2.0256265404e-01
3.7632177977e+00   3.2121449139e-01
3.7633177977e+00   3.2355594168e-01
3.7643177977e+00   3.4677796244e-01
3.7692029956e+00   4.5521465652e-01
3.7740881934e+00   5.5544632041e-01
3.7789733913e+00   6.4767659670e-01
3.7838585891e+00   7.3215295601e-01
3.7887437870e+00   8.0914086716e-01
3.7888437870e+00   8.1064047221e-01
3.7898437870e+00   8.2547054509e-01
3.7947289848e+00   8.9364238629e-01
3.7996141827e+00   9.5489183701e-01
3.8044993805e+00   1.0094385507e+00
3.8093845784e+00   1.0574746161e+00
3.8142697762e+00   1.0991652597e+00
3.8191549741e+00   1.1346524815e+00
3.8240401719e+00   1.1640609390e+00
3.8289253698e+00   1.1875054112e+00
3.8338105676e+00   1.2050992006e+00
3.8386957655e+00   1.2169628527e+00
3.8435809633e+00   1.2232326147e+00
3.8484661612e+00   1.2240681015e+00
3.8533513590e+00   1.2196587110e+00
3.8582365569e+00   1.2102284165e+00
3.8631217547e+00   1.1960386744e+00
3.8680069526e+00   1.1773893054e+00
3.8728921504e+00   1.1546173331e+00
3.8777773483e+00   1.1280938919e+00
3.8826625461e+00   1.0982194255e+00
3.8875477440e+00   1.0654174921e+00
3.8924329418e+00   1.0301275550e+00
3.8973181397e+00   9.9279717361e-01
3.9022033375e+00   9.5387401086e-01
3.9070885354e+00   9.1379804852e-01
3.9119737332e+00   8.7299435118e-01
3.9168589311e+00   8.3186665343e-01
3.9169589311e+00   8.3102408830e-01
3.9179589311e+00   8.2260039913e-01
3.9228441289e+00   7.8158655750e-01
3.9277293268e+00   7.4104509210e-01
3.9326145246e+00   7.0128007156e-01
3.9374997225e+00   6.6255939450e-01
3.9423849203e+00   6.2511424431e-01
3.9472701182e+00   5.8913950588e-01
3.9521553160e+00   5.5479500288e-01
3.9570405139e+00   5.2220740275e-01
3.9619257117e+00   4.9147263491e-01
3.9668109096e+00   4.6265867532e-01
3.9716961074e+00   4.3580856243e-01
3.9717961074e+00   4.3527963566e-01
3.9727961074e+00   4.3003617116e-01
3.9776813053e+00   4.0561907236e-01
3.9825665031e+00   3.8318793626e-01
3.9874517010e+00   3.6272664119e-01
3.9923368988e+00   3.4420706272e-01
3.9972220967e+00   3.2759179956e-01
4.0021072945e+00   3.1283668779e-01
4.0069924924e+00   2.9989308805e-01
4.0118776902e+00   2.8870994060e-01
4.0167628881e+00   2.7923559109e-01
4.0216480859e+00   2.7141939628e-01
4.0265332838e+00   2.6521312339e-01
4.0314184816e+00   2.6057215976e-01
4.0363036795e+00   2.5745655145e-01
4.0411888773e+00   2.5583189026e-01
4.0460740752e+00   2.5567006842e-01
4.0509592730e+00   2.5694992006e-01
4.0558444709e+00   2.5965776689e-01
4.0607296687e+00   2.6378788447e-01
4.0656148666e+00   2.6934290326e-01
4.0705000644e+00   2.7633415686e-01
4.0753852623e+00   2.8478198720e-01
4.0802704601e+00   2.9471601395e-01
4.0851556580e+00   3.0617537267e-01
4.0900408558e+00   3.1920892274e-01
4.0949260537e+00   3.3387542254e-01
4.0998112515e+00   3.5024366515e-01
4.1046964494e+00   3.6839256268e-01
4.1095816472e+00   3.8841116165e-01
4.1144668451e+00   4.1039856440e-01
4.1193520429e+00   4.3446372351e-01
4.1242372408e+00   4.6072505314e-01
4.1243372408e+00   4.6128644119e-01
4.1253372408e+00   4.6695410130e-01
4.1302224386e+00   4.9608041044e-01
4.1351076365e+00   5.2769677179e-01
4.1399928343e+00   5.6194633555e-01
4.1448780322e+00   5.9897666006e-01
4.1497632300e+00   6.3893715371e-01
4.1546484279e+00   6.8197570214e-01
4.1595336257e+00   7.2823429089e-01
4.1644188236e+00   7.7784340549e-01
4.1645188236e+00   7.7889472643e-01
4.1655188236e+00   7.8948797094e-01
4.1704040214e+00   8.4335200555e-01
4.1752892193e+00   9.0077724154e-01
4.1801744171e+00   9.6179976053e-01
4.1850596150e+00   1.0264011519e+00
4.1899448128e+00   1.0944924223e+00
4.1900448128e+00   1.0959216219e+00
4.1910448128e+00   1.1102897076e+00
4.1959300107e+00   1.1824028759e+00
4.2008152085e+00   1.2574565571e+00
4.2057004064e+00   1.3349952370e+00
4.2105856043e+00   1.4143999351e+00
4.2106856043e+00   1.4160395125e+00
4.2116856043e+00   1.4324583748e+00
4.2165708021e+00   1.5130289114e+00
4.2214560000e+00   1.5933842788e+00
4.2263411978e+00   1.6722321964e+00
4.2312263957e+00   1.7480488536e+00
4.2313263957e+00   1.7495572425e+00
4.2323263957e+00   1.7645279111e+00
4.2372115935e+00   1.8342311246e+00
4.2420967914e+00   1.8967610316e+00
4.2469819892e+00   1.9500140409e+00
4.2518671871e+00   1.9918384693e+00
4.2567523849e+00   2.0201369883e+00
4.2568523849e+00   2.0205610272e+00
4.2578523849e+00   2.0244414262e+00
4.2627375828e+00   2.0335756316e+00
4.2676227806e+00   2.0253308363e+00
4.2725079785e+00   1.9986261898e+00
4.2773931763e+00   1.9529342811e+00
4.2774931763e+00   1.9518001913e+00
4.2784931763e+00   1.9400234061e+00
4.2832022531e+00   1.8740553931e+00
4.2880874510e+00   1.7879945938e+00
4.2881874510e+00   1.7860545241e+00
4.2891874510e+00   1.7662754335e+00
4.2933727543e+00   1.6763377638e+00
4.2978092186e+00   1.5694961870e+00
4.2979092186e+00   1.5669644232e+00
4.2989092186e+00   1.5413686519e+00
4.3028268106e+00   1.4365782854e+00
4.3068820147e+00   1.3216208588e+00
4.3069820147e+00   1.3187155524e+00
4.3079820147e+00   1.2894977648e+00
4.3118089756e+00   1.1752655474e+00
4.3157258516e+00   1.0553818026e+00
4.3158258516e+00   1.0522934049e+00
4.3168258516e+00   1.0213532377e+00
4.3207015111e+00   9.0079530456e-01
4.3246467755e+00   7.7790115779e-01
4.3247467755e+00   7.7479370208e-01
4.3257467755e+00   7.4375539251e-01
4.3297978450e+00   6.1896818386e-01
4.3339071118e+00   4.9468345713e-01
4.3340071118e+00   4.9169530193e-01
4.3350071118e+00   4.6191982036e-01
4.3393654760e+00   3.3461636731e-01
4.3437703979e+00   2.1058802688e-01
4.3486555958e+00   7.9195321891e-02
4.3487555958e+00   7.6577393226e-02
4.3497555958e+00   5.0560644839e-02
4.3546407936e+00   -7.2205592531e-02
4.3595259915e+00   -1.8761919447e-01
4.3644111893e+00   -2.9560006666e-01
4.3645111893e+00   -2.9773303592e-01
4.3655111893e+00   -3.1889290381e-01
4.3703963872e+00   -4.1786312342e-01
4.3752815850e+00   -5.0967632555e-01
4.3801667829e+00   -5.9458009779e-01
4.3850519807e+00   -6.7285801031e-01
4.3899371786e+00   -7.4480746079e-01
4.3900371786e+00   -7.4621625689e-01
4.3910371786e+00   -7.6016572124e-01
4.3959223764e+00   -8.2476101291e-01
4.4008075743e+00   -8.8365903809e-01
4.4056927721e+00   -9.3710632593e-01
4.4105779700e+00   -9.8531855583e-01
4.4154631678e+00   -1.0284789341e+00
4.4203483657e+00   -1.0667389924e+00
4.4252335635e+00   -1.1002213751e+00
4.4301187614e+00   -1.1290242086e+00
4.4350039592e+00   -1.1532266733e+00
4.4398891571e+00   -1.1728954101e+00
4.4447743549e+00   -1.1880914098e+00
4.4496595528e+00   -1.1988770420e+00
4.4545447506e+00   -1.2053228940e+00
4.4594299485e+00   -1.2075141100e+00
4.4643151463e+00   -1.2055559460e+00
4.4692003442e+00   -1.1995782990e+00
4.4740855420e+00   -1.1897390157e+00
4.4789707399e+00   -1.1762258502e+00
4.4838559377e+00   -1.1592570067e+00
4.4887411356e+00   -1.1390802782e+00
4.4936263334e+00   -1.1159708624e+00
4.4985115313e+00   -1.0902280017e+00
4.5033967291e+00   -1.0621706492e+00
4.5082819270e+00   -1.0321324028e+00
4.5131671249e+00   -1.0004559712e+00
4.5180523227e+00   -9.6748744102e-01
4.5229375206e+00   -9.3357060533e-01
4.5278227184e+00   -8.9904158405e-01
4.5327079163e+00   -8.6422393269e-01
4.5375931141e+00   -8.2942439007e-01
4.5424783120e+00   -7.9492936844e-01
4.5473635098e+00   -7.6100224235e-01
4.5522487077e+00   -7.2788144999e-01
4.5571339055e+00   -6.9577939063e-01
4.5572339055e+00   -6.9513425537e-01
4.5582339055e+00   -6.8871104058e-01
4.5631191034e+00   -6.5810794097e-01
4.5680043012e+00   -6.2890189773e-01
4.5728894991e+00   -6.0122198461e-01
4.5777746969e+00   -5.7517369097e-01
4.5826598948e+00   -5.5084069237e-01
4.5875450926e+00   -5.2828687545e-01
4.5924302905e+00   -5.0755852948e-01
4.5973154883e+00   -4.8868662711e-01
4.6022006862e+00   -4.7168912797e-01
4.6070858840e+00   -4.5657325034e-01
4.6119710819e+00   -4.4333766714e-01
4.6168562797e+00   -4.3197459340e-01
4.6217414776e+00   -4.2247174142e-01
4.6266266754e+00   -4.1481412842e-01
4.6315118733e+00   -4.0898572802e-01
4.6363970711e+00   -4.0497096264e-01
4.6412822690e+00   -4.0275603788e-01
4.6461674668e+00   -4.0233012331e-01
4.6510526647e+00   -4.0368638546e-01
4.6559378625e+00   -4.0682288022e-01
4.6608230604e+00   -4.1174331131e-01
4.6657082582e+00   -4.1845766115e-01
4.6705934561e+00   -4.2698269838e-01
4.6754786539e+00   -4.3734236438e-01
4.6803638518e+00   -4.4956803795e-01
4.6852490496e+00   -4.6369867359e-01
4.6901342475e+00   -4.7978080443e-01
4.6950194453e+00   -4.9786839503e-01
4.6999046432e+00   -5.1802252296e-01
4.7047898410e+00   -5.4031085976e-01
4.7096750389e+00   -5.6480691275e-01
4.7145602367e+00   -5.9158897777e-01
4.7194454346e+00   -6.2073887778e-01
4.7195454346e+00   -6.2136089291e-01
4.7205454346e+00   -6.2763769024e-01
4.7254306324e+00   -6.5980197681e-01
4.7303158303e+00   -6.9451759972e-01
4.7352010281e+00   -7.3186160911e-01
4.7400862260e+00   -7.7190267426e-01
4.7449714238e+00   -8.1469639581e-01
4.7498566217e+00   -8.6027963199e-01
4.7547418195e+00   -9.0866371274e-01
4.7596270174e+00   -9.5982642855e-01
4.7597270174e+00   -9.6090237758e-01
4.7607270174e+00   -9.7172433391e-01
4.7656122152e+00   -1.0261974060e+00
4.7704974131e+00   -1.0832301679e+00
4.7753826109e+00   -1.1426220421e+00
4.7802678088e+00   -1.2040908347e+00
4.7851530066e+00   -1.2672587685e+00
4.7852530066e+00   -1.2685663374e+00
4.7862530066e+00   -1.2816691459e+00
4.7911382045e+00   -1.3462421155e+00
4.7960234023e+00   -1.4112610342e+00
4.8009086002e+00   -1.4759502248e+00
4.8057937980e+00   -1.5393912727e+00
4.8106789959e+00   -1.6005222477e+00
4.8107789959e+00   -1.6017412627e+00
4.8117789959e+00   -1.6138483920e+00
4.8166641937e+00   -1.6705029634e+00
4.8215493916e+00   -1.7220208259e+00
4.8264345894e+00   -1.7669781133e+00
4.8313197873e+00   -1.8039122298e+00
4.8362049851e+00   -1.8313780058e+00
4.8410901830e+00   -1.8480140136e+00
4.8459753808e+00   -1.8526152700e+00
4.8460753808e+00   -1.8525764326e+00
4.8470753808e+00   -1.8518861052e+00
4.8519605787e+00   -1.8404431603e+00
4.8568457765e+00   -1.8152084292e+00
4.8617309744e+00   -1.7759435147e+00
4.8666161722e+00   -1.7228038836e+00
4.8667161722e+00   -1.7215744300e+00
4.8677161722e+00   -1.7089736576e+00
4.8726013701e+00   -1.6396314198e+00
4.8774865679e+00   -1.5581623414e+00
4.8823717658e+00   -1.4659008471e+00
4.8824717658e+00   -1.4639103327e+00
4.8834717658e+00   -1.4437958743e+00
4.8883569636e+00   -1.3404911676e+00
4.8932421615e+00   -1.2301415128e+00
4.8981273593e+00   -1.1145890905e+00
4.8982273593e+00   -1.1121823285e+00
4.8992273593e+00   -1.0880403767e+00
4.9040763873e+00   -9.6948207094e-01
4.9089615852e+00   -8.4876136562e-01
4.9138467830e+00   -7.2830163478e-01
4.9139467830e+00   -7.2584843221e-01
4.9149467830e+00   -7.0135636231e-01
4.9198319809e+00   -5.8303932584e-01
4.9247171787e+00   -4.6769977212e-01
4.9296023766e+00   -3.5620302260e-01
4.9297023766e+00   -3.5396575050e-01
4.9307023766e+00   -3.3169796834e-01
4.9355875744e+00   -2.2577474947e-01
4.9404727723e+00   -1.2487107513e-01
4.9453579701e+00   -2.9222084023e-02
4.9502431680e+00   6.1085709555e-02
4.9503431680e+00   6.2878596239e-02
4.9513431680e+00   8.0685211348e-02
4.9562283658e+00   1.6450979178e-01
4.9611135637e+00   2.4320696827e-01
4.9659987615e+00   3.1700173562e-01
4.9708839594e+00   3.8616954891e-01
4.9757691572e+00   4.5101866101e-01
4.9806543551e+00   5.1187504896e-01
4.9807543551e+00   5.1308140886e-01
4.9817543551e+00   5.2506125560e-01
4.9866395529e+00   5.8147684367e-01
4.9915247508e+00   6.3462845603e-01
4.9964099486e+00   6.8482441296e-01
5.0012951465e+00   7.3235163754e-01
5.0061803443e+00   7.7747085531e-01
5.0110655422e+00   8.2041298733e-01
5.0159507400e+00   8.6137653444e-01
5.0208359379e+00   9.0052578569e-01
5.0257211357e+00   9.3798971971e-01
5.0306063336e+00   9.7386150307e-01
5.0307063336e+00   9.7457963415e-01
5.0317063336e+00   9.8172571335e-01
5.0365915314e+00   1.0157214423e+00
5.0414767293e+00   1.0482047628e+00
5.0463619272e+00   1.0791560720e+00
5.0512471250e+00   1.1085234796e+00
5.0561323229e+00   1.1362249814e+00
5.0610175207e+00   1.1621512009e+00
5.0659027186e+00   1.1861687289e+00
5.0707879164e+00   1.2081240848e+00
5.0756731143e+00   1.2278483036e+00
5.0805583121e+00   1.2451621255e+00
5.0854435100e+00   1.2598817359e+00
5.0903287078e+00   1.2718249597e+00
5.0952139057e+00   1.2808177774e+00
5.1000991035e+00   1.2867009859e+00
5.1049843014e+00   1.2893367922e+00
5.1098694992e+00   1.2886150982e+00
5.1147546971e+00   1.2844592187e+00
5.1196398949e+00   1.2768307773e+00
5.1245250928e+00   1.2657335387e+00
5.1294102906e+00   1.2512159751e+00
5.1342954885e+00   1.2333724180e+00
5.1391806863e+00   1.2123427129e+00
5.1440658842e+00   1.1883103723e+00
5.1489510820e+00   1.1614993002e+00
5.1538362799e+00   1.1321692383e+00
5.1587214777e+00   1.1006101482e+00
5.1636066756e+00   1.0671357941e+00
5.1684918734e+00   1.0320768231e+00
5.1733770713e+00   9.9577365106e-01
5.1782622691e+00   9.5856945146e-01
5.1831474670e+00   9.2080351713e-01
5.1880326648e+00   8.8280522058e-01
5.1929178627e+00   8.4488874168e-01
5.1930178627e+00   8.4411555585e-01
5.1940178627e+00   8.3639295337e-01
5.1989030605e+00   7.9897606010e-01
5.2037882584e+00   7.6226482728e-01
5.2086734562e+00   7.2649907724e-01
5.2135586541e+00   6.9189124114e-01
5.2184438519e+00   6.5862585448e-01
5.2233290498e+00   6.2685980995e-01
5.2282142476e+00   5.9672325710e-01
5.2330994455e+00   5.6832103164e-01
5.2379846433e+00   5.4173449701e-01
5.2428698412e+00   5.1702368654e-01
5.2477550390e+00   4.9422964377e-01
5.2526402369e+00   4.7337687067e-01
5.2575254347e+00   4.5447580671e-01
5.2576254347e+00   4.5410929582e-01
5.2586254347e+00   4.5048914386e-01
5.2635106326e+00   4.3397665967e-01
5.2683958304e+00   4.1940088846e-01
5.2732810283e+00   4.0674311371e-01
5.2781662261e+00   3.9598016226e-01
5.2830514240e+00   3.8708630258e-01
5.2879366218e+00   3.8003497085e-01
5.2928218197e+00   3.7480032381e-01
5.2977070175e+00   3.7135862215e-01
5.3025922154e+00   3.6968945164e-01
5.3074774132e+00   3.6977679121e-01
5.3123626111e+00   3.7160993838e-01
5.3172478089e+00   3.7518430255e-01
5.3221330068e+00   3.8050207597e-01
5.3270182046e+00   3.8757279085e-01
5.3319034025e+00   3.9641376892e-01
5.3367886003e+00   4.0705046685e-01
5.3416737982e+00   4.1951671777e-01
5.3465589960e+00   4.3385486461e-01
5.3514441939e+00   4.5011577632e-01
5.3563293917e+00   4.6835873221e-01
5.3612145896e+00   4.8865115284e-01
5.3660997874e+00   5.1106814811e-01
5.3709849853e+00   5.3569184426e-01
5.3758701831e+00   5.6261044094e-01
5.3807553810e+00   5.9191693801e-01
5.3856405788e+00   6.2370745754e-01
5.3857405788e+00   6.2438483774e-01
5.3867405788e+00   6.3121831008e-01
5.3916257767e+00   6.6618438085e-01
5.3965109745e+00   7.0384767188e-01
5.4013961724e+00   7.4429639668e-01
5.4062813702e+00   7.8760803832e-01
5.4111665681e+00   8.3384377771e-01
5.4160517659e+00   8.8304173737e-01
5.4209369638e+00   9.3520889073e-01
5.4210369638e+00   9.3630760800e-01
5.4220369638e+00   9.4736241844e-01
5.4269221616e+00   1.0031162993e+00
5.4318073595e+00   1.0616924239e+00
5.4366925573e+00   1.1229243361e+00
5.4415777552e+00   1.1865635793e+00
5.4464629530e+00   1.2522641292e+00
5.4465629530e+00   1.2536275276e+00
5.4475629530e+00   1.2672976745e+00
5.4524481509e+00   1.3348840546e+00
5.4573333487e+00   1.4033306127e+00
5.4622185466e+00   1.4718699672e+00
5.4671037444e+00   1.5395775765e+00
5.4719889423e+00   1.6053670063e+00
5.4720889423e+00   1.6066851862e+00
5.4730889423e+00   1.6197918550e+00
5.4779741401e+00   1.6815187382e+00
5.4828593380e+00   1.7383617011e+00
5.4877445358e+00   1.7887904496e+00
5.4926297337e+00   1.8312080086e+00
5.4975149315e+00   1.8640094640e+00
5.5024001294e+00   1.8856538022e+00
5.5025001294e+00   1.8859701737e+00
5.5035001294e+00   1.8888417173e+00
5.5083853272e+00   1.8949358594e+00
5.5132705251e+00   1.8870888685e+00
5.5181557229e+00   1.8645259405e+00
5.5230409208e+00   1.8268646671e+00
5.5279261187e+00   1.7741575193e+00
5.5280261187e+00   1.7729242192e+00
5.5290261187e+00   1.7602566106e+00
5.5339113165e+00   1.6898446903e+00
5.5387965144e+00   1.6060894389e+00
5.5436817122e+00   1.5103903938e+00
5.5437817122e+00   1.5083181992e+00
5.5447817122e+00   1.4873631494e+00
5.5494929702e+00   1.3833584933e+00
5.5543781680e+00   1.2677070475e+00
5.5544781680e+00   1.2652705322e+00
5.5554781680e+00   1.2407719735e+00
5.5600492769e+00   1.1261158535e+00
5.5647138635e+00   1.0058503944e+00
5.5648138635e+00   1.0032483195e+00
5.5658138635e+00   9.7718948866e-01
5.5704361923e+00   8.5621396673e-01
5.5751110540e+00   7.3405410633e-01
5.5799962519e+00   6.0801608731e-01
5.5800962519e+00   6.0546244568e-01
5.5810962519e+00   5.7999534013e-01
5.5859814497e+00   4.5765254657e-01
5.5908666476e+00   3.3941378693e-01
5.5957518454e+00   2.2599998317e-01
5.5958518454e+00   2.2373267346e-01
5.5968518454e+00   2.0118341100e-01
5.6017370433e+00   9.4342633598e-02
5.6066222411e+00   -6.8239826103e-03
5.6115074390e+00   -1.0221425731e-01
5.6163926368e+00   -1.9185895205e-01
5.6164926368e+00   -1.9363477113e-01
5.6174926368e+00   -2.1126387685e-01
5.6223778347e+00   -2.9406290346e-01
5.6272630325e+00   -3.7152388894e-01
5.6321482304e+00   -4.4392738441e-01
5.6370334282e+00   -5.1158560030e-01
5.6419186261e+00   -5.7482596252e-01
5.6468038239e+00   -6.3397754826e-01
5.6469038239e+00   -6.3514795113e-01
5.6479038239e+00   -6.4676574234e-01
5.6527890218e+00   -7.0134210777e-01
5.6576742196e+00   -7.5251620397e-01
5.6625594175e+00   -8.0055925256e-01
5.6674446153e+00   -8.4571230747e-01
5.6723298132e+00   -8.8818319505e-01
5.6772150110e+00   -9.2814465712e-01
5.6821002089e+00   -9.6573351856e-01
5.6869854067e+00   -1.0010507389e+00
5.6918706046e+00   -1.0341622415e+00
5.6967558024e+00   -1.0651004431e+00
5.7016410003e+00   -1.0938664281e+00
5.7017410003e+00   -1.0944324327e+00
5.7027410003e+00   -1.1000417534e+00
5.7076261981e+00   -1.1261063106e+00
5.7125113960e+00   -1.1499035705e+00
5.7173965938e+00   -1.1713553566e+00
5.7222817917e+00   -1.1903676441e+00
5.7271669895e+00   -1.2068355016e+00
5.7320521874e+00   -1.2206483935e+00
5.7369373852e+00   -1.2316957399e+00
5.7418225831e+00   -1.2398726089e+00
5.7467077809e+00   -1.2450853886e+00
5.7515929788e+00   -1.2472572688e+00
5.7564781766e+00   -1.2463333473e+00
5.7613633745e+00   -1.2422851713e+00
5.7662485723e+00   -1.2351145334e+00
5.7711337702e+00   -1.2248563588e+00
5.7760189680e+00   -1.2115805550e+00
5.7809041659e+00   -1.1953927338e+00
5.7857893637e+00   -1.1764337700e+00
5.7906745616e+00   -1.1548782124e+00
5.7955597594e+00   -1.1309316206e+00
5.8004449573e+00   -1.1048269519e+00
5.8053301551e+00   -1.0768201646e+00
5.8102153530e+00   -1.0471852384e+00
5.8151005508e+00   -1.0162088309e+00
5.8199857487e+00   -9.8418479281e-01
5.8248709465e+00   -9.5140875964e-01
5.8297561444e+00   -9.1817301368e-01
5.8346413422e+00   -8.8476178254e-01
5.8347413422e+00   -8.8407796023e-01
5.8357413422e+00   -8.7724249095e-01
5.8406265401e+00   -8.4398553872e-01
5.8455117379e+00   -8.1113679780e-01
5.8503969358e+00   -7.7892978028e-01
5.8552821336e+00   -7.4757719449e-01
5.8601673315e+00   -7.1726978699e-01
5.8650525293e+00   -6.8817584528e-01
5.8699377272e+00   -6.6044129577e-01
5.8748229250e+00   -6.3419031881e-01
5.8797081229e+00   -6.0952639604e-01
5.8845933207e+00   -5.8653370358e-01
5.8894785186e+00   -5.6527876680e-01
5.8943637164e+00   -5.4581229841e-01
5.8992489143e+00   -5.2817114861e-01
5.9041341121e+00   -5.1238030576e-01
5.9090193100e+00   -4.9845489500e-01
5.9139045078e+00   -4.8640213143e-01
5.9140045078e+00   -4.8617498706e-01
5.9150045078e+00   -4.8394673297e-01
5.9198897057e+00   -4.7418942043e-01
5.9247749035e+00   -4.6630174448e-01
5.9296601014e+00   -4.6027763726e-01
5.9345452992e+00   -4.5611025639e-01
5.9394304971e+00   -4.5379332782e-01
5.9443156949e+00   -4.5332234455e-01
5.9492008928e+00   -4.5469562110e-01
5.9540860907e+00   -4.5791520527e-01
5.9589712885e+00   -4.6298764909e-01
5.9638564864e+00   -4.6992464017e-01
5.9687416842e+00   -4.7874349365e-01
5.9736268821e+00   -4.8946750228e-01
5.9785120799e+00   -5.0212613949e-01
5.9833972778e+00   -5.1675510627e-01
5.9882824756e+00   -5.3339620784e-01
5.9931676735e+00   -5.5209704094e-01
5.9980528713e+00   -5.7291046558e-01
6.0029380692e+00   -5.9589382827e-01
6.0078232670e+00   -6.2110789533e-01
6.0127084649e+00   -6.4861544588e-01
6.0175936627e+00   -6.7847946480e-01
6.0224788606e+00   -7.1076086611e-01
6.0225788606e+00   -7.1144732061e-01
6.0235788606e+00   -7.1836898261e-01
6.0284640584e+00   -7.5368766861e-01
6.0333492563e+00   -7.9153657934e-01
6.0382344541e+00   -8.3194733783e-01
6.0431196520e+00   -8.7493274757e-01
6.0480048498e+00   -9.2048064169e-01
6.0528900477e+00   -9.6854672503e-01
6.0577752455e+00   -1.0190463680e+00
6.0578752455e+00   -1.0201046647e+00
6.0588752455e+00   -1.0307404263e+00
6.0637604434e+00   -1.0840327500e+00
6.0686456412e+00   -1.1393774041e+00
6.0735308391e+00   -1.1964921717e+00
6.0784160369e+00   -1.2550101262e+00
6.0833012348e+00   -1.3144684181e+00
6.0881864326e+00   -1.3742980459e+00
6.0882864326e+00   -1.3755220333e+00
6.0892864326e+00   -1.3877535320e+00
6.0941716305e+00   -1.4470944050e+00
6.0990568283e+00   -1.5051230629e+00
6.1039420262e+00   -1.5608906127e+00
6.1088272240e+00   -1.6133367115e+00
6.1137124219e+00   -1.6613051848e+00
6.1185976197e+00   -1.7035689211e+00
6.1234828176e+00   -1.7388646635e+00
6.1235828176e+00   -1.7395054955e+00
6.1245828176e+00   -1.7457218618e+00
6.1294680154e+00   -1.7707750827e+00
6.1343532133e+00   -1.7861568216e+00
6.1392384111e+00   -1.7908275527e+00
6.1441236090e+00   -1.7839402894e+00
6.1490088068e+00   -1.7648959056e+00
6.1538940047e+00   -1.7333886490e+00
6.1539940047e+00   -1.7326130781e+00
6.1549940047e+00   -1.7245703061e+00
6.1598792025e+00   -1.6778532905e+00
6.1647644004e+00   -1.6191718553e+00
6.1696495982e+00   -1.5492783856e+00
6.1745347961e+00   -1.4692146442e+00
6.1746347961e+00   -1.4674781753e+00
6.1756347961e+00   -1.4499109097e+00
6.1805199939e+00   -1.3591519746e+00
6.1854051918e+00   -1.2613056730e+00
6.1902903896e+00   -1.1579499388e+00
6.1903903896e+00   -1.1557879858e+00
6.1913903896e+00   -1.1340814269e+00
6.1962755875e+00   -1.0261525175e+00
6.2011607853e+00   -9.1620934541e-01
6.2060459832e+00   -8.0568438954e-01
6.2061459832e+00   -8.0342519875e-01
6.2071459832e+00   -7.8085211629e-01
6.2120311810e+00   -6.7135043800e-01
6.2169163789e+00   -5.6389253629e-01
6.2218015767e+00   -4.5936332680e-01
6.2219015767e+00   -4.5725941977e-01
6.2229015767e+00   -4.3630535798e-01
6.2277867746e+00   -3.3629457510e-01
6.2326719724e+00   -2.4051608985e-01
6.2375571703e+00   -1.4928208106e-01
6.2424423681e+00   -6.2759300040e-02
6.2425423681e+00   -6.1037871619e-02
6.2435423681e+00   -4.3933280782e-02
6.2484275660e+00   3.6771867909e-02
6.2533127638e+00   1.1281359082e-01
6.2581979617e+00   1.8435546163e-01
6.2630831595e+00   2.5162260491e-01
6.2679683574e+00   3.1488510987e-01
6.2728535552e+00   3.7444346323e-01
6.2729535552e+00   3.7562615493e-01
6.2739535552e+00   3.8737564175e-01
6.2788387531e+00   4.4283066447e-01
6.2837239509e+00   4.9529893466e-01
6.2886091488e+00   5.4510320435e-01
6.2934943466e+00   5.9255607627e-01
6.2983795445e+00   6.3795442723e-01
6.3032647423e+00   6.8157492554e-01
6.3081499402e+00   7.2367043887e-01
6.3130351380e+00   7.6446715025e-01
6.3179203359e+00   8.0416222494e-01
6.3180203359e+00   8.0496450144e-01
6.3190203359e+00   8.1296605174e-01
6.3239055337e+00   8.5153473215e-01
6.3287907316e+00   8.8932720790e-01
6.3336759294e+00   9.2643554208e-01
6.3385611273e+00   9.6291656862e-01
6.3434463251e+00   9.9879099305e-01
6.3483315230e+00   1.0340427080e+00
6.3532167208e+00   1.0686183724e+00
6.3581019187e+00   1.1024273281e+00
6.3629871165e+00   1.1353419529e+00
6.3678723144e+00   1.1671985635e+00
6.3727575122e+00   1.1977990009e+00
6.3776427101e+00   1.2269130282e+00
6.3777427101e+00   1.2274916911e+00
6.3787427101e+00   1.2332376265e+00
6.3836279079e+00   1.2601749490e+00
6.3885131058e+00   1.2850169601e+00
6.3933983036e+00   1.3074581579e+00
6.3982835015e+00   1.3271825469e+00
6.4031686993e+00   1.3438716633e+00
6.4080538972e+00   1.3572135604e+00
6.4129390950e+00   1.3669125304e+00
6.4178242929e+00   1.3726992473e+00
6.4227094907e+00   1.3743409369e+00
6.4275946886e+00   1.3716511126e+00
6.4324798864e+00   1.3644983808e+00
6.4373650843e+00   1.3528138179e+00
6.4422502822e+00   1.3365964616e+00
6.4471354800e+00   1.3159165381e+00
6.4520206779e+00   1.2909161701e+00
6.4569058757e+00   1.2618074523e+00
6.4617910736e+00   1.2288679492e+00
6.4666762714e+00   1.1924338267e+00
6.4715614693e+00   1.1528909776e+00
6.4764466671e+00   1.1106646138e+00
6.4765466671e+00   1.1097753638e+00
6.4775466671e+00   1.1008323088e+00
6.4824318650e+00   1.0559377427e+00
6.4873170628e+00   1.0093887505e+00
6.4922022607e+00   9.6165852909e-01
6.4970874585e+00   9.1321141844e-01
6.5019726564e+00   8.6449327456e-01
6.5068578542e+00   8.1592328974e-01
6.5117430521e+00   7.6788743553e-01
6.5118430521e+00   7.6691223693e-01
6.5128430521e+00   7.5718127188e-01
6.5177282499e+00   7.1026984176e-01
6.5226134478e+00   6.6461016997e-01
6.5274986456e+00   6.2045617899e-01
6.5323838435e+00   5.7801873525e-01
6.5372690413e+00   5.3746684108e-01
6.5421542392e+00   4.9892975479e-01
6.5470394370e+00   4.6249981821e-01
6.5519246349e+00   4.2823578294e-01
6.5568098327e+00   3.9616644666e-01
6.5616950306e+00   3.6629443579e-01
6.5617950306e+00   3.6570580143e-01
6.5627950306e+00   3.5986961972e-01
6.5676802284e+00   3.3266079906e-01
6.5725654263e+00   3.0758024670e-01
6.5774506241e+00   2.8457139805e-01
6.5823358220e+00   2.6356648707e-01
6.5872210198e+00   2.4448947268e-01
6.5921062177e+00   2.2725866236e-01
6.5969914155e+00   2.1178902903e-01
6.6018766134e+00   1.9799422740e-01
6.6067618112e+00   1.8578832400e-01
6.6116470091e+00   1.7508726054e-01
6.6165322069e+00   1.6581007371e-01
6.6214174048e+00   1.5787989665e-01
6.6263026026e+00   1.5122476797e-01
6.6311878005e+00   1.4577827424e-01
6.6360729983e+00   1.4148005060e-01
6.6409581962e+00   1.3827616334e-01
6.6458433940e+00   1.3611939618e-01
6.6507285919e+00   1.3496946035e-01
6.6556137897e+00   1.3479314669e-01
6.6604989876e+00   1.3556443601e-01
6.6653841854e+00   1.3726458213e-01
6.6702693833e+00   1.3988218026e-01
6.6751545811e+00   1.4341323167e-01
6.6800397790e+00   1.4786121438e-01
6.6849249768e+00   1.5323716775e-01
6.6898101747e+00   1.5955979810e-01
6.6946953725e+00   1.6685561085e-01
6.6995805704e+00   1.7515907403e-01
6.7044657682e+00   1.8451281647e-01
6.7093509661e+00   1.9496786319e-01
6.7142361639e+00   2.0658390909e-01
6.7191213618e+00   2.1942992568e-01
6.7240065596e+00   2.3358425670e-01
6.7288917575e+00   2.4913466423e-01
6.7289917575e+00   2.4946823285e-01
6.7299917575e+00   2.5283852319e-01
6.7348769553e+00   2.7023378195e-01
6.7397621532e+00   2.8925710990e-01
6.7446473510e+00   3.1003012449e-01
6.7495325489e+00   3.3268569052e-01
6.7544177467e+00   3.5736817807e-01
6.7593029446e+00   3.8423360493e-01
6.7641881424e+00   4.1344960779e-01
6.7690733403e+00   4.4519517058e-01
6.7739585381e+00   4.7966001790e-01
6.7788437360e+00   5.1704355699e-01
6.7837289338e+00   5.5755322147e-01
6.7838289338e+00   5.5841659717e-01
6.7848289338e+00   5.6712771042e-01
6.7897141317e+00   6.1175808553e-01
6.7945993295e+00   6.5999106894e-01
6.7994845274e+00   7.1203786325e-01
6.8043697252e+00   7.6809908092e-01
6.8092549231e+00   8.2835592293e-01
6.8141401209e+00   8.9295883372e-01
6.8142401209e+00   8.9432748383e-01
6.8152401209e+00   9.0811683448e-01
6.8201253188e+00   9.7818196879e-01
6.8250105166e+00   1.0527396301e+00
6.8298957145e+00   1.1317250105e+00
6.8347809123e+00   1.2149561503e+00
6.8348809123e+00   1.2167022038e+00
6.8358809123e+00   1.2342525266e+00
6.8407661102e+00   1.3222171117e+00
6.8456513080e+00   1.4134385334e+00
6.8505365059e+00   1.5071268568e+00
6.8506365059e+00   1.5090634818e+00
6.8516365059e+00   1.5284604946e+00
6.8565217037e+00   1.6236992864e+00
6.8614069016e+00   1.7186372826e+00
6.8662920994e+00   1.8115117059e+00
6.8663920994e+00   1.8133770911e+00
6.8673920994e+00   1.8319312908e+00
6.8722772973e+00   1.9193813071e+00
6.8771624951e+00   1.9996637805e+00
6.8820476930e+00   2.0700402023e+00
6.8821476930e+00   2.0713571216e+00
6.8831476930e+00   2.0842257977e+00
6.8880328908e+00   2.1385146673e+00
6.8929180887e+00   2.1764467335e+00
6.8978032865e+00   2.1953209608e+00
6.9026884844e+00   2.1928291428e+00
6.9027884844e+00   2.1925416803e+00
6.9037884844e+00   2.1891310513e+00
6.9084242021e+00   2.1603560263e+00
6.9133093999e+00   2.1065141973e+00
6.9134093999e+00   2.1051590327e+00
6.9144093999e+00   2.0910525078e+00
6.9183284095e+00   2.0261602390e+00
6.9225900084e+00   1.9387988837e+00
6.9226900084e+00   1.9365474831e+00
6.9236900084e+00   1.9135430041e+00
6.9271848478e+00   1.8263919984e+00
6.9308871174e+00   1.7234575777e+00
6.9309871174e+00   1.7205376112e+00
6.9319871174e+00   1.6909579442e+00
6.9352571641e+00   1.5896998994e+00
6.9386584808e+00   1.4778782569e+00
6.9387584808e+00   1.4745024683e+00
6.9397584808e+00   1.4404931792e+00
6.9429382631e+00   1.3296097958e+00
6.9462177964e+00   1.2116981709e+00
6.9463177964e+00   1.2080575259e+00
6.9473177964e+00   1.1715279851e+00
6.9505119735e+00   1.0536288904e+00
6.9537936185e+00   9.3132193480e-01
6.9538936185e+00   9.2758626444e-01
6.9548936185e+00   8.9022223441e-01
6.9581943523e+00   7.6705483935e-01
6.9615785594e+00   6.4169770235e-01
6.9616785594e+00   6.3801623350e-01
6.9626785594e+00   6.0128958956e-01
6.9661781230e+00   4.7424256190e-01
6.9697590442e+00   3.4718929003e-01
6.9698590442e+00   3.4369055669e-01
6.9708590442e+00   3.0886197067e-01
6.9746615169e+00   1.7923553814e-01
6.9785412305e+00   5.1991099224e-02
6.9830788916e+00   -8.9797824615e-02
6.9831788916e+00   -9.2833213474e-02
6.9841788916e+00   -1.2297042891e-01
6.9886817042e+00   -2.5371243625e-01
6.9932460547e+00   -3.7778991211e-01
6.9981312525e+00   -5.0104235201e-01
6.9982312525e+00   -5.0346212040e-01
6.9992312525e+00   -5.2743255552e-01
7.0041164504e+00   -6.3861902460e-01
7.0090016482e+00   -7.4009203051e-01
7.0138868461e+00   -8.3203014422e-01
7.0187720439e+00   -9.1463348551e-01
7.0236572418e+00   -9.8810317072e-01
7.0237572418e+00   -9.8951306077e-01
7.0247572418e+00   -1.0034062148e+00
7.0296424396e+00   -1.0659426914e+00
7.0345276375e+00   -1.1197454998e+00
7.0394128353e+00   -1.1649697098e+00
7.0442980332e+00   -1.2017623881e+00
7.0491832310e+00   -1.2302723458e+00
7.0540684289e+00   -1.2506617618e+00
7.0589536267e+00   -1.2631184251e+00
7.0638388246e+00   -1.2678674153e+00
7.0687240224e+00   -1.2651811728e+00
7.0736092203e+00   -1.2553870881e+00
7.0784944181e+00   -1.2388719717e+00
7.0833796160e+00   -1.2160830316e+00
7.0882648138e+00   -1.1875252688e+00
7.0931500117e+00   -1.1537554807e+00
7.0980352095e+00   -1.1153733118e+00
7.1029204074e+00   -1.0730099858e+00
7.1078056052e+00   -1.0273154828e+00
7.1079056052e+00   -1.0263499378e+00
7.1089056052e+00   -1.0166340661e+00
7.1137908031e+00   -9.6775079328e-01
7.1186760009e+00   -9.1698159076e-01
7.1235611988e+00   -8.6494596857e-01
7.1284463966e+00   -8.1222875550e-01
7.1333315945e+00   -7.5937099802e-01
7.1382167923e+00   -7.0686295960e-01
7.1431019902e+00   -6.5513929091e-01
7.1432019902e+00   -6.5409144879e-01
7.1442019902e+00   -6.4364053875e-01
7.1490871881e+00   -5.9338475728e-01
7.1539723859e+00   -5.4467018356e-01
7.1588575838e+00   -4.9774296354e-01
7.1637427816e+00   -4.5279402618e-01
7.1686279795e+00   -4.0996270396e-01
7.1735131773e+00   -3.6934108987e-01
7.1783983752e+00   -3.3097885880e-01
7.1832835730e+00   -2.9488831478e-01
7.1881687709e+00   -2.6104946434e-01
7.1882687709e+00   -2.6038000997e-01
7.1892687709e+00   -2.5373619603e-01
7.1941539687e+00   -2.2258909877e-01
7.1990391666e+00   -1.9355787203e-01
7.2039243644e+00   -1.6655058394e-01
7.2088095623e+00   -1.4146173705e-01
7.2136947601e+00   -1.1817567964e-01
7.2185799580e+00   -9.6569576154e-02
7.2234651558e+00   -7.6515945406e-02
7.2283503537e+00   -5.7884786195e-02
7.2332355515e+00   -4.0545317347e-02
7.2381207494e+00   -2.4367364047e-02
7.2430059472e+00   -9.2224246210e-03
7.2478911451e+00   5.0155474149e-03
7.2527763429e+00   1.8469611929e-02
7.2576615408e+00   3.1259528922e-02
7.2625467386e+00   4.3501633268e-02
7.2674319365e+00   5.5308869967e-02
7.2723171343e+00   6.6790965298e-02
7.2772023322e+00   7.8054711782e-02
7.2773023322e+00   7.8283737314e-02
7.2783023322e+00   8.0571561152e-02
7.2831875300e+00   9.1709657662e-02
7.2880727279e+00   1.0285855293e-01
7.2929579257e+00   1.1411854698e-01
7.2978431236e+00   1.2558908489e-01
7.3027283214e+00   1.3736938771e-01
7.3076135193e+00   1.4955911774e-01
7.3124987171e+00   1.6225907176e-01
7.3173839150e+00   1.7557189658e-01
7.3222691128e+00   1.8960282169e-01
7.3271543107e+00   2.0446040392e-01
7.3320395085e+00   2.2025727841e-01
7.3369247064e+00   2.3711090913e-01
7.3418099042e+00   2.5514433066e-01
7.3466951021e+00   2.7448686995e-01
7.3515802999e+00   2.9527483369e-01
7.3564654978e+00   3.1765214175e-01
7.3613506956e+00   3.4177088119e-01
7.3662358935e+00   3.6779174688e-01
7.3711210913e+00   3.9588432483e-01
7.3712210913e+00   3.9648225854e-01
7.3722210913e+00   4.0251378488e-01
7.3771062892e+00   4.3338884389e-01
7.3819914870e+00   4.6674477524e-01
7.3868766849e+00   5.0277870951e-01
7.3917618827e+00   5.4169448691e-01
7.3966470806e+00   5.8370073991e-01
7.4015322784e+00   6.2900809890e-01
7.4064174763e+00   6.7782528769e-01
7.4113026741e+00   7.3035382944e-01
7.4114026741e+00   7.3146920272e-01
7.4124026741e+00   7.4271316262e-01
7.4172878720e+00   8.0004189216e-01
7.4221730698e+00   8.6146585545e-01
7.4270582677e+00   9.2710435482e-01
7.4319434655e+00   9.9702347595e-01
7.4368286634e+00   1.0712173524e+00
7.4369286634e+00   1.0727802319e+00
7.4379286634e+00   1.0885051590e+00
7.4428138612e+00   1.1677877633e+00
7.4476990591e+00   1.2509539872e+00
7.4525842569e+00   1.3375928596e+00
7.4526842569e+00   1.3393987516e+00
7.4536842569e+00   1.3575228744e+00
7.4585694548e+00   1.4475713526e+00
7.4634546526e+00   1.5394361278e+00
7.4683398505e+00   1.6319611276e+00
7.4684398505e+00   1.6338523241e+00
7.4694398505e+00   1.6527435630e+00
7.4743250483e+00   1.7440651968e+00
7.4792102462e+00   1.8323867385e+00
7.4840954440e+00   1.9155612100e+00
7.4841954440e+00   1.9171933985e+00
7.4851954440e+00   1.9333363529e+00
7.4900806419e+00   2.0068752765e+00
7.4949658397e+00   2.0695870904e+00
7.4998510376e+00   2.1187074224e+00
7.5047362354e+00   2.1515263605e+00
7.5048362354e+00   2.1520098460e+00
7.5058362354e+00   2.1564066147e+00
7.5107214333e+00   2.1659045429e+00
7.5156066311e+00   2.1541481478e+00
7.5204918290e+00   2.1198034337e+00
7.5205918290e+00   2.1188590352e+00
7.5215918290e+00   2.1088794708e+00
7.5258778602e+00   2.0550987277e+00
7.5305749074e+00   1.9760099057e+00
7.5306749074e+00   1.9741034114e+00
7.5316749074e+00   1.9545411310e+00
7.5354133819e+00   1.8736252098e+00
7.5394137770e+00   1.7742797187e+00
7.5395137770e+00   1.7716386884e+00
7.5405137770e+00   1.7448275034e+00
7.5439563646e+00   1.6472481594e+00
7.5475511110e+00   1.5375323855e+00
7.5476511110e+00   1.5343783091e+00
7.5486511110e+00   1.5025588310e+00
7.5519577624e+00   1.3940419569e+00
7.5553712776e+00   1.2775730133e+00
7.5554712776e+00   1.2741047216e+00
7.5564712776e+00   1.2392697401e+00
7.5597605195e+00   1.1230348400e+00
7.5631377495e+00   1.0018539209e+00
7.5632377495e+00   9.9824796541e-01
7.5642377495e+00   9.6215344653e-01
7.5676099522e+00   8.4023813596e-01
7.5710632009e+00   7.1579432436e-01
7.5711632009e+00   7.1220567882e-01
7.5721632009e+00   6.7638276394e-01
7.5757150052e+00   5.5031640407e-01
7.5793444166e+00   4.2399167485e-01
7.5794444166e+00   4.2055385047e-01
7.5804444166e+00   3.8631383391e-01
7.5842812907e+00   2.5745995541e-01
7.5881910235e+00   1.3074880915e-01
7.5927230854e+00   -9.6642557886e-03
7.5928230854e+00   -1.2679791023e-02
7.5938230854e+00   -4.2633322410e-02
7.5983284384e+00   -1.7294031965e-01
7.6028905708e+00   -2.9694107235e-01
7.6077757686e+00   -4.2069063455e-01
7.6078757686e+00   -4.2312587429e-01
7.6088757686e+00   -4.4726246564e-01
7.6137609665e+00   -5.5955578782e-01
7.6186461643e+00   -6.6262053265e-01
7.6235313622e+00   -7.5663995996e-01
7.6284165600e+00   -8.4183069091e-01
7.6333017579e+00   -9.1841834452e-01
7.6334017579e+00   -9.1989779788e-01
7.6344017579e+00   -9.3449951978e-01
7.6392869557e+00   -1.0008425280e+00
7.6441721536e+00   -1.0590438398e+00
7.6490573514e+00   -1.1092790937e+00
7.6539425493e+00   -1.1517056484e+00
7.6588277471e+00   -1.1864687505e+00
7.6637129450e+00   -1.2137103415e+00
7.6685981428e+00   -1.2335794484e+00
7.6734833407e+00   -1.2462431382e+00
7.6783685385e+00   -1.2518970784e+00
7.6832537364e+00   -1.2507748456e+00
7.6881389342e+00   -1.2431552587e+00
7.6930241321e+00   -1.2293671842e+00
7.6979093299e+00   -1.2097914676e+00
7.7027945278e+00   -1.1848598585e+00
7.7076797256e+00   -1.1550510242e+00
7.7125649235e+00   -1.1208839440e+00
7.7174501213e+00   -1.0829091516e+00
7.7223353192e+00   -1.0416984082e+00
7.7272205170e+00   -9.9783346146e-01
7.7321057149e+00   -9.5189454789e-01
7.7322057149e+00   -9.5093654218e-01
7.7332057149e+00   -9.4132286470e-01
7.7380909127e+00   -8.9361452008e-01
7.7429761106e+00   -8.4506304901e-01
7.7478613084e+00   -7.9617309533e-01
7.7527465063e+00   -7.4740873897e-01
7.7576317041e+00   -6.9918832547e-01
7.7625169020e+00   -6.5188108321e-01
7.7674020998e+00   -6.0580544308e-01
7.7722872977e+00   -5.6122890056e-01
7.7723872977e+00   -5.6033369144e-01
7.7733872977e+00   -5.5142161815e-01
7.7782724955e+00   -5.0897363482e-01
7.7831576934e+00   -4.6844491175e-01
7.7880428912e+00   -4.2995195108e-01
7.7929280891e+00   -3.9357158406e-01
7.7978132869e+00   -3.5934516287e-01
7.8026984848e+00   -3.2728290772e-01
7.8075836826e+00   -2.9736825318e-01
7.8124688805e+00   -2.6956206877e-01
7.8173540783e+00   -2.4380665910e-01
7.8222392762e+00   -2.2002947585e-01
7.8271244740e+00   -1.9814649815e-01
7.8320096719e+00   -1.7806525750e-01
7.8321096719e+00   -1.7767232907e-01
7.8331096719e+00   -1.7378212002e-01
7.8379948697e+00   -1.5577398533e-01
7.8428800676e+00   -1.3934441778e-01
7.8477652654e+00   -1.2439005872e-01
7.8526504633e+00   -1.1080799905e-01
7.8575356611e+00   -9.8497061912e-02
7.8624208590e+00   -8.7358824807e-02
7.8673060568e+00   -7.7298410343e-02
7.8721912547e+00   -6.8225074550e-02
7.8770764525e+00   -6.0052620352e-02
7.8819616504e+00   -5.2699662147e-02
7.8868468482e+00   -4.6089765359e-02
7.8917320461e+00   -4.0151482548e-02
7.8966172439e+00   -3.4818305398e-02
7.9015024418e+00   -3.0028549547e-02
7.9063876396e+00   -2.5725187082e-02
7.9112728375e+00   -2.1855639384e-02
7.9161580353e+00   -1.8371541140e-02
7.9210432332e+00   -1.5228484553e-02
7.9259284310e+00   -1.2385751235e-02
7.9308136289e+00   -9.8060378526e-03
7.9356988267e+00   -7.4551803773e-03
7.9405840246e+00   -5.3018807138e-03
7.9454692224e+00   -3.3174385585e-03
7.9503544203e+00   -1.4754905401e-03
7.9552396181e+00   2.4824197754e-04
7.9601248160e+00   1.8761956242e-03
7.9650100138e+00   3.4291979590e-03
7.9698952117e+00   4.9266906871e-03
7.9747804095e+00   6.3869435715e-03
7.9796656074e+00   7.8272597274e-03
7.9845508052e+00   9.2641732226e-03
7.9894360031e+00   1.0713640101e-02
7.9943212009e+00   1.2191224106e-02
7.9992063988e+00   1.3712278538e-02
8.0040915966e+00   1.5292125776e-02
8.0089767945e+00   1.6945704443e-02
8.0138619923e+00   1.8688082456e-02
8.0187471902e+00   2.0535199058e-02
8.0188471902e+00   2.0574218533e-02
8.0198471902e+00   2.0967238380e-02
8.0247323880e+00   2.2965276115e-02
8.0296175859e+00   2.5105868994e-02
8.0345027837e+00   2.7407458800e-02
8.0393879816e+00   2.9889637519e-02
8.0442731794e+00   3.2573337062e-02
8.0491583773e+00   3.5481028931e-02
8.0540435752e+00   3.8636935720e-02
8.0589287730e+00   4.2067256390e-02
8.0638139709e+00   4.5800407403e-02
8.0686991687e+00   4.9867281854e-02
8.0735843666e+00   5.4301528910e-02
8.0784695644e+00   5.9139855936e-02
8.0833547623e+00   6.4422355845e-02
8.0882399601e+00   7.0192862301e-02
8.0931251580e+00   7.6499335535e-02
8.0980103558e+00   8.3394281607e-02
8.1028955537e+00   9.0935208011e-02
8.1077807515e+00   9.9185118524e-02
8.1126659494e+00   1.0821305014e-01
8.1175511472e+00   1.1809465473e-01
8.1224363451e+00   1.2891282779e-01
8.1273215429e+00   1.4075838600e-01
8.1322067408e+00   1.5373079469e-01
8.1370919386e+00   1.6793894476e-01
8.1419771365e+00   1.8350197730e-01
8.1468623343e+00   2.0055015128e-01
8.1517475322e+00   2.1922574657e-01
8.1566327300e+00   2.3968398985e-01
8.1615179279e+00   2.6209398465e-01
8.1664031257e+00   2.8663961848e-01
8.1712883236e+00   3.1352040872e-01
8.1713883236e+00   3.1409653778e-01
8.1723883236e+00   3.1991701246e-01
8.1772735214e+00   3.4995475915e-01
8.1821587193e+00   3.8283111993e-01
8.1870439171e+00   4.1879991804e-01
8.1919291150e+00   4.5813188712e-01
8.1968143128e+00   5.0111377298e-01
8.2016995107e+00   5.4804656653e-01
8.2065847085e+00   5.9924256133e-01
8.2066847085e+00   6.0033730927e-01
8.2076847085e+00   6.1139099766e-01
8.2125699064e+00   6.6824527454e-01
8.2174551042e+00   7.3007220902e-01
8.2223403021e+00   7.9717849513e-01
8.2272254999e+00   8.6984582194e-01
8.2273254999e+00   8.7139318008e-01
8.2283254999e+00   8.8700094295e-01
8.2332106978e+00   9.6680066489e-01
8.2380958956e+00   1.0525993026e+00
8.2429810935e+00   1.1444465154e+00
8.2430810935e+00   1.1463894384e+00
8.2440810935e+00   1.1659559252e+00
8.2489662913e+00   1.2650680158e+00
8.2538514892e+00   1.3697560557e+00
8.2587366870e+00   1.4794267879e+00
8.2588366870e+00   1.4817179688e+00
8.2598366870e+00   1.5047221277e+00
8.2644846880e+00   1.6135819787e+00
8.2692294616e+00   1.7270187995e+00
8.2693294616e+00   1.7294233433e+00
8.2703294616e+00   1.7534817470e+00
8.2748015600e+00   1.8609197308e+00
8.2793361472e+00   1.9681138551e+00
8.2842213450e+00   2.0789198373e+00
8.2843213450e+00   2.0811146468e+00
8.2853213450e+00   2.1028666957e+00
8.2898413426e+00   2.1959635961e+00
8.2944218601e+00   2.2791367726e+00
8.2945218601e+00   2.2808011924e+00
8.2955218601e+00   2.2970510104e+00
8.3001372056e+00   2.3618369914e+00
8.3002372056e+00   2.3630382218e+00
8.3012372056e+00   2.3745397943e+00
8.3013372056e+00   2.3756380863e+00
8.3023372056e+00   2.3860886213e+00
8.3072224035e+00   2.4222430569e+00
8.3073224035e+00   2.4227084769e+00
8.3083224035e+00   2.4267228037e+00
8.3132076013e+00   2.4288384244e+00
8.3133076013e+00   2.4285663060e+00
8.3143076013e+00   2.4251261146e+00
8.3180360170e+00   2.4005514509e+00
8.3229212148e+00   2.3396291008e+00
8.3230212148e+00   2.3380387803e+00
8.3240212148e+00   2.3213806058e+00
8.3271476466e+00   2.2605197951e+00
8.3305265150e+00   2.1801456153e+00
8.3306265150e+00   2.1775426833e+00
8.3316265150e+00   2.1508229690e+00
8.3344259595e+00   2.0695314905e+00
8.3374055110e+00   1.9730907960e+00
8.3375055110e+00   1.9696867767e+00
8.3385055110e+00   1.9350764664e+00
8.3411172111e+00   1.8400237718e+00
8.3438621476e+00   1.7334956558e+00
8.3439621476e+00   1.7294976003e+00
8.3449621476e+00   1.6890950824e+00
8.3474839609e+00   1.5840414362e+00
8.3501180334e+00   1.4701028120e+00
8.3502180334e+00   1.4657034511e+00
8.3512180334e+00   1.4214441534e+00
8.3537247726e+00   1.3086130979e+00
8.3563344886e+00   1.1888895473e+00
8.3564344886e+00   1.1842663889e+00
8.3574344886e+00   1.1379193545e+00
8.3599893705e+00   1.0187822656e+00
8.3626460810e+00   8.9435702857e-01
8.3627460810e+00   8.8967209416e-01
8.3637460810e+00   8.4284162557e-01
8.3664090355e+00   7.1851080704e-01
8.3691770707e+00   5.9037285574e-01
8.3692770707e+00   5.8577258809e-01
8.3702770707e+00   5.3990079710e-01
8.3731118831e+00   4.1134148342e-01
8.3760566160e+00   2.8057047302e-01
8.3761566160e+00   2.7618573001e-01
8.3771566160e+00   2.3255560835e-01
8.3802384188e+00   1.0073664114e-01
8.3834344216e+00   -3.1371552484e-02
8.3835344216e+00   -3.5424723267e-02
8.3845344216e+00   -7.5678583964e-02
8.3879594593e+00   -2.0960070397e-01
8.3915005491e+00   -3.4133802340e-01
8.3958143612e+00   -4.9214344437e-01
8.3959143612e+00   -4.9551009968e-01
8.3969143612e+00   -5.2885035622e-01
8.4011164696e+00   -6.6240052022e-01
8.4054279121e+00   -7.8827588323e-01
8.4103131100e+00   -9.1707657045e-01
8.4104131100e+00   -9.1955877686e-01
8.4114131100e+00   -9.4403929656e-01
8.4162983078e+00   -1.0546855199e+00
8.4211835057e+00   -1.1504367809e+00
8.4260687035e+00   -1.2312576035e+00
8.4309539014e+00   -1.2971443807e+00
8.4358390992e+00   -1.3481399663e+00
8.4407242971e+00   -1.3843574674e+00
8.4456094949e+00   -1.4060086435e+00
8.4504946928e+00   -1.4134322684e+00
8.4553798906e+00   -1.4071181329e+00
8.4602650885e+00   -1.3877230681e+00
8.4603650885e+00   -1.3871949665e+00
8.4613650885e+00   -1.3816330219e+00
8.4662502863e+00   -1.3473593759e+00
8.4711354842e+00   -1.3020751969e+00
8.4760206820e+00   -1.2469540952e+00
8.4809058799e+00   -1.1832821920e+00
8.4810058799e+00   -1.1818990079e+00
8.4820058799e+00   -1.1679040371e+00
8.4868910777e+00   -1.0956159432e+00
8.4917762756e+00   -1.0178484715e+00
8.4966614734e+00   -9.3598221528e-01
8.5015466713e+00   -8.5134276716e-01
8.5016466713e+00   -8.4959012041e-01
8.5026466713e+00   -8.3203071306e-01
8.5075318691e+00   -7.4566954572e-01
8.5124170670e+00   -6.5913208345e-01
8.5173022648e+00   -5.7337837591e-01
8.5221874627e+00   -4.8922389311e-01
8.5222874627e+00   -4.8752290748e-01
8.5232874627e+00   -4.7056669685e-01
8.5281726605e+00   -3.8926784593e-01
8.5330578584e+00   -3.1086034723e-01
8.5379430562e+00   -2.3570368013e-01
8.5428282541e+00   -1.6403519032e-01
8.5477134519e+00   -9.5983566376e-02
8.5478134519e+00   -9.4628715246e-02
8.5488134519e+00   -8.1164478983e-02
8.5536986498e+00   -1.7582563777e-02
8.5585838476e+00   4.2413330214e-02
8.5634690455e+00   9.8947511364e-02
8.5683542433e+00   1.5219434409e-01
8.5732394412e+00   2.0236668824e-01
8.5781246390e+00   2.4970568228e-01
8.5830098369e+00   2.9447189217e-01
8.5878950347e+00   3.3693777948e-01
8.5879950347e+00   3.3778498247e-01
8.5889950347e+00   3.4621093356e-01
8.5938802326e+00   3.8623767794e-01
8.5987654304e+00   4.2458288871e-01
8.6036506283e+00   4.6151979025e-01
8.6085358261e+00   4.9731366808e-01
8.6134210240e+00   5.3221925957e-01
8.6183062218e+00   5.6647865124e-01
8.6231914197e+00   6.0031955422e-01
8.6280766175e+00   6.3395383960e-01
8.6329618154e+00   6.6757622578e-01
8.6378470132e+00   7.0136302116e-01
8.6427322111e+00   7.3547083589e-01
8.6428322111e+00   7.3617336691e-01
8.6438322111e+00   7.4320947469e-01
8.6487174089e+00   7.7789303387e-01
8.6536026068e+00   8.1316810397e-01
8.6584878046e+00   8.4911733477e-01
8.6633730025e+00   8.8579640063e-01
8.6682582003e+00   9.2323162087e-01
8.6731433982e+00   9.6141730673e-01
8.6780285960e+00   1.0003128652e+00
8.6829137939e+00   1.0398397201e+00
8.6877989917e+00   1.0798781474e+00
8.6926841896e+00   1.1202641616e+00
8.6927841896e+00   1.1210930925e+00
8.6937841896e+00   1.1293851922e+00
8.6986693874e+00   1.1699042454e+00
8.7035545853e+00   1.2102333737e+00
8.7084397831e+00   1.2500490519e+00
8.7133249810e+00   1.2889760352e+00
8.7182101788e+00   1.3265886048e+00
8.7230953767e+00   1.3624137188e+00
8.7279805745e+00   1.3959364273e+00
8.7328657724e+00   1.4266078497e+00
8.7377509702e+00   1.4538559091e+00
8.7426361681e+00   1.4770988612e+00
8.7475213659e+00   1.4957614508e+00
8.7476213659e+00   1.4960916996e+00
8.7486213659e+00   1.4992748559e+00
8.7535065638e+00   1.5115796524e+00
8.7583917617e+00   1.5181425009e+00
8.7632769595e+00   1.5185405809e+00
8.7681621574e+00   1.5124406470e+00
8.7730473552e+00   1.4996165976e+00
8.7779325531e+00   1.4799636271e+00
8.7828177509e+00   1.4535078012e+00
8.7877029488e+00   1.4204101662e+00
8.7925881466e+00   1.3809648861e+00
8.7974733445e+00   1.3355913614e+00
8.7975733445e+00   1.3346042091e+00
8.7985733445e+00   1.3246092340e+00
8.8034585423e+00   1.2727066158e+00
8.8083437402e+00   1.2161830388e+00
8.8132289380e+00   1.1557479792e+00
8.8181141359e+00   1.0921533875e+00
8.8229993337e+00   1.0261692704e+00
8.8230993337e+00   1.0247990294e+00
8.8240993337e+00   1.0110606491e+00
8.8289845316e+00   9.4318901567e-01
8.8338697294e+00   8.7459151533e-01
8.8387549273e+00   8.0594977403e-01
8.8436401251e+00   7.3788374096e-01
8.8485253230e+00   6.7094194262e-01
8.8486253230e+00   6.6958683707e-01
8.8496253230e+00   6.5607350754e-01
8.8545105208e+00   5.9114307269e-01
8.8593957187e+00   5.2827608405e-01
8.8642809165e+00   4.6776641596e-01
8.8691661144e+00   4.0983207610e-01
8.8740513122e+00   3.5462025358e-01
8.8789365101e+00   3.0221358188e-01
8.8838217079e+00   2.5263713635e-01
8.8839217079e+00   2.5165176871e-01
8.8849217079e+00   2.4186272471e-01
8.8898069058e+00   1.9571495620e-01
8.8946921036e+00   1.5228364379e-01
8.8995773015e+00   1.1145766944e-01
8.9044624993e+00   7.3098029752e-02
8.9093476972e+00   3.7043701400e-02
8.9142328950e+00   3.1168423773e-03
8.9191180929e+00   -2.8872694257e-02
8.9240032907e+00   -5.9123526754e-02
8.9288884886e+00   -8.7839561777e-02
8.9337736864e+00   -1.1522741754e-01
8.9386588843e+00   -1.4149439871e-01
8.9387588843e+00   -1.4202183185e-01
8.9397588843e+00   -1.4727548128e-01
8.9446440821e+00   -1.7245044286e-01
8.9495292800e+00   -1.9696119814e-01
8.9544144778e+00   -2.2100890555e-01
8.9592996757e+00   -2.4479156348e-01
8.9641848735e+00   -2.6850389194e-01
8.9690700714e+00   -2.9233740211e-01
8.9739552692e+00   -3.1648060350e-01
8.9788404671e+00   -3.4111929973e-01
8.9837256649e+00   -3.6643692564e-01
8.9886108628e+00   -3.9261487802e-01
8.9934960606e+00   -4.1983279112e-01
8.9983812585e+00   -4.4826870515e-01
9.0032664563e+00   -4.7809907155e-01
9.0081516542e+00   -5.0949853236e-01
9.0082516542e+00   -5.1015888466e-01
9.0092516542e+00   -5.1680286874e-01
9.0141368520e+00   -5.5035931429e-01
9.0190220499e+00   -5.8586376217e-01
9.0239072477e+00   -6.2347943514e-01
9.0287924456e+00   -6.6336248885e-01
9.0336776434e+00   -7.0565918769e-01
9.0385628413e+00   -7.5050220876e-01
9.0434480391e+00   -7.9800591959e-01
9.0483332370e+00   -8.4826046636e-01
9.0484332370e+00   -8.4931838352e-01
9.0494332370e+00   -8.5996245296e-01
9.0543184348e+00   -9.1366327488e-01
9.0592036327e+00   -9.7018954798e-01
9.0640888305e+00   -1.0294959908e+00
9.0689740284e+00   -1.0914716068e+00
9.0738592262e+00   -1.1559255754e+00
9.0739592262e+00   -1.1572690015e+00
9.0749592262e+00   -1.1707533494e+00
9.0798444241e+00   -1.2378425372e+00
9.0847296219e+00   -1.3066191414e+00
9.0896148198e+00   -1.3765253874e+00
9.0945000176e+00   -1.4468557278e+00
9.0993852155e+00   -1.5167440836e+00
9.0994852155e+00   -1.5181630984e+00
9.1004852155e+00   -1.5323174126e+00
9.1053704133e+00   -1.6002365799e+00
9.1102556112e+00   -1.6651814994e+00
9.1151408090e+00   -1.7257542670e+00
9.1200260069e+00   -1.7804247351e+00
9.1249112047e+00   -1.8275698002e+00
9.1250112047e+00   -1.8284445733e+00
9.1260112047e+00   -1.8369773959e+00
9.1308964026e+00   -1.8726400161e+00
9.1357816004e+00   -1.8971325772e+00
9.1406667983e+00   -1.9089770473e+00
9.1407667983e+00   -1.9090780910e+00
9.1417667983e+00   -1.9097654145e+00
9.1466519961e+00   -1.9044318841e+00
9.1515371940e+00   -1.8840843982e+00
9.1564223918e+00   -1.8482542077e+00
9.1613075897e+00   -1.7969197891e+00
9.1614075897e+00   -1.7957093730e+00
9.1624075897e+00   -1.7832586295e+00
9.1672927875e+00   -1.7135841817e+00
9.1721779854e+00   -1.6300151490e+00
9.1770631832e+00   -1.5339484200e+00
9.1771631832e+00   -1.5318630265e+00
9.1781631832e+00   -1.5107637456e+00
9.1827928740e+00   -1.4076788548e+00
9.1876091131e+00   -1.2923773875e+00
9.1877091131e+00   -1.2899101180e+00
9.1887091131e+00   -1.2650930502e+00
9.1931894905e+00   -1.1510915535e+00
9.1977665324e+00   -1.0311158108e+00
9.1978665324e+00   -1.0284672699e+00
9.1988665324e+00   -1.0019351032e+00
9.2033848499e+00   -8.8136783918e-01
9.2079598179e+00   -7.5919973184e-01
9.2128450158e+00   -6.3011437990e-01
9.2129450158e+00   -6.2749637467e-01
9.2139450158e+00   -6.0138210600e-01
9.2188236747e+00   -4.7597217092e-01
9.2237088726e+00   -3.5443474777e-01
9.2285940704e+00   -2.3773151425e-01
9.2286940704e+00   -2.3539739830e-01
9.2296940704e+00   -2.1218175485e-01
9.2345792683e+00   -1.0214141311e-01
9.2394644661e+00   2.1010177150e-03
9.2443496640e+00   1.0040922780e-01
9.2492348618e+00   1.9278877393e-01
9.2493348618e+00   1.9461852672e-01
9.2503348618e+00   2.1278230140e-01
9.2552200597e+00   2.9806819810e-01
9.2601052575e+00   3.7780110367e-01
9.2649904554e+00   4.5225476608e-01
9.2698756532e+00   5.2173743049e-01
9.2747608511e+00   5.8657435032e-01
9.2796460489e+00   6.4709338422e-01
9.2797460489e+00   6.4828937946e-01
9.2807460489e+00   6.6015779207e-01
9.2856312468e+00   7.1581967133e-01
9.2905164446e+00   7.6784795444e-01
9.2954016425e+00   8.1651231063e-01
9.3002868403e+00   8.6205171070e-01
9.3051720382e+00   9.0467141773e-01
9.3100572360e+00   9.4454130105e-01
9.3149424339e+00   9.8179527945e-01
9.3198276317e+00   1.0165317385e+00
9.3247128296e+00   1.0488147997e+00
9.3295980274e+00   1.0786763473e+00
9.3344832253e+00   1.1061187387e+00
9.3393684231e+00   1.1311181365e+00
9.3394684231e+00   1.1316040678e+00
9.3404684231e+00   1.1364059421e+00
9.3453536210e+00   1.1583474475e+00
9.3502388188e+00   1.1777193994e+00
9.3551240167e+00   1.1944424830e+00
9.3600092145e+00   1.2084307323e+00
9.3648944124e+00   1.2195970118e+00
9.3697796102e+00   1.2278585949e+00
9.3746648081e+00   1.2331426868e+00
9.3795500059e+00   1.2353917292e+00
9.3844352038e+00   1.2345683104e+00
9.3893204016e+00   1.2306595059e+00
9.3942055995e+00   1.2236804834e+00
9.3990907973e+00   1.2136772238e+00
9.4039759952e+00   1.2007282449e+00
9.4088611930e+00   1.1849452521e+00
9.4137463909e+00   1.1664726871e+00
9.4186315887e+00   1.1454861998e+00
9.4235167866e+00   1.1221901158e+00
9.4284019844e+00   1.0968140199e+00
9.4332871823e+00   1.0696086157e+00
9.4381723801e+00   1.0408410485e+00
9.4430575780e+00   1.0107898973e+00
9.4479427758e+00   9.7974004273e-01
9.4528279737e+00   9.4797761183e-01
9.4577131715e+00   9.1578518057e-01
9.4578131715e+00   9.1512366013e-01
9.4588131715e+00   9.0850540547e-01
9.4636983694e+00   8.7615937361e-01
9.4685835672e+00   8.4397803857e-01
9.4734687651e+00   8.1220545100e-01
9.4783539630e+00   7.8106757291e-01
9.4832391608e+00   7.5077053922e-01
9.4881243587e+00   7.2149958038e-01
9.4930095565e+00   6.9341856293e-01
9.4978947544e+00   6.6667008769e-01
9.5027799522e+00   6.4137607346e-01
9.5076651501e+00   6.1763874765e-01
9.5125503479e+00   5.9554196365e-01
9.5174355458e+00   5.7515276660e-01
9.5223207436e+00   5.5652313411e-01
9.5272059415e+00   5.3969182565e-01
9.5320911393e+00   5.2468628173e-01
9.5321911393e+00   5.2439832850e-01
9.5331911393e+00   5.2156132809e-01
9.5380763372e+00   5.0881641253e-01
9.5429615350e+00   4.9792724567e-01
9.5478467329e+00   4.8889745878e-01
9.5527319307e+00   4.8172696861e-01
9.5576171286e+00   4.7641352480e-01
9.5625023264e+00   4.7295412759e-01
9.5673875243e+00   4.7134630895e-01
9.5722727221e+00   4.7158927340e-01
9.5771579200e+00   4.7368489715e-01
9.5820431178e+00   4.7763858524e-01
9.5869283157e+00   4.8345998673e-01
9.5918135135e+00   4.9116356701e-01
9.5966987114e+00   5.0076903503e-01
9.6015839092e+00   5.1230162070e-01
9.6064691071e+00   5.2579219437e-01
9.6113543049e+00   5.4127721646e-01
9.6162395028e+00   5.5879850011e-01
9.6211247006e+00   5.7840276445e-01
9.6260098985e+00   6.0014094894e-01
9.6308950963e+00   6.2406725255e-01
9.6357802942e+00   6.5023785308e-01
9.6406654920e+00   6.7870925350e-01
9.6455506899e+00   7.0953619363e-01
9.6504358877e+00   7.4276905655e-01
9.6505358877e+00   7.4347478008e-01
9.6515358877e+00   7.5058854279e-01
9.6564210856e+00   7.8682640044e-01
9.6613062834e+00   8.2554956795e-01
9.6661914813e+00   8.6676923469e-01
9.6710766791e+00   9.1047384692e-01
9.6759618770e+00   9.5662256613e-01
9.6808470748e+00   1.0051377727e+00
9.6857322727e+00   1.0558966191e+00
9.6858322727e+00   1.0569579428e+00
9.6868322727e+00   1.0676185241e+00
9.6917174705e+00   1.1208779871e+00
9.6966026684e+00   1.1758972025e+00
9.7014878662e+00   1.2323406947e+00
9.7063730641e+00   1.2897850830e+00
9.7112582619e+00   1.3477094305e+00
9.7161434598e+00   1.4054872352e+00
9.7162434598e+00   1.4066634235e+00
9.7172434598e+00   1.4184036430e+00
9.7221286576e+00   1.4749853136e+00
9.7270138555e+00   1.5296271638e+00
9.7318990533e+00   1.5813485950e+00
9.7367842512e+00   1.6290753842e+00
9.7416694490e+00   1.6716605138e+00
9.7465546469e+00   1.7079139477e+00
9.7514398447e+00   1.7366413513e+00
9.7515398447e+00   1.7371425663e+00
9.7525398447e+00   1.7419524410e+00
9.7574250426e+00   1.7598976258e+00
9.7623102404e+00   1.7678888055e+00
9.7671954383e+00   1.7650609989e+00
9.7720806361e+00   1.7507650091e+00
9.7769658340e+00   1.7246130130e+00
9.7818510318e+00   1.6865120982e+00
9.7819510318e+00   1.6856083725e+00
9.7829510318e+00   1.6763009434e+00
9.7878362297e+00   1.6238920300e+00
9.7927214275e+00   1.5604459762e+00
9.7976066254e+00   1.4868470615e+00
9.8024918232e+00   1.4042236840e+00
9.8025918232e+00   1.4024471376e+00
9.8035918232e+00   1.3845064877e+00
9.8084770211e+00   1.2926382345e+00
9.8133622189e+00   1.1948469345e+00
9.8182474168e+00   1.0926466522e+00
9.8183474168e+00   1.0905191991e+00
9.8193474168e+00   1.0691805465e+00
9.8242326146e+00   9.6361731873e-01
9.8291178125e+00   8.5688506929e-01
9.8340030103e+00   7.5027220205e-01
9.8341030103e+00   7.4809936508e-01
9.8351030103e+00   7.2640225106e-01
9.8399882082e+00   6.2146828160e-01
9.8448734060e+00   5.1895104425e-01
9.8497586039e+00   4.1959983941e-01
9.8498586039e+00   4.1760352092e-01
9.8508586039e+00   3.9772775950e-01
9.8557438017e+00   3.0302118650e-01
9.8606289996e+00   2.1253489680e-01
9.8655141974e+00   1.2649587378e-01
9.8703993953e+00   4.5002188755e-02
9.8704993953e+00   4.3381573254e-02
9.8714993953e+00   2.7279947357e-02
9.8763845931e+00   -4.8670625661e-02
9.8812697910e+00   -1.2022391330e-01
9.8861549888e+00   -1.8756902390e-01
9.8910401867e+00   -2.5094729794e-01
9.8959253845e+00   -3.1063764540e-01
9.9008105824e+00   -3.6694375487e-01
9.9009105824e+00   -3.6806321407e-01
9.9019105824e+00   -3.7918772963e-01
9.9067957802e+00   -4.3178102627e-01
9.9116809781e+00   -4.8170212861e-01
9.9165661759e+00   -5.2926859427e-01
9.9214513738e+00   -5.7478746945e-01
9.9263365716e+00   -6.1855043156e-01
9.9312217695e+00   -6.6082985441e-01
9.9361069673e+00   -7.0187560870e-01
9.9409921652e+00   -7.4191243000e-01
9.9458773630e+00   -7.8113770854e-01
9.9459773630e+00   -7.8193340876e-01
9.9469773630e+00   -7.8987592784e-01
9.9518625609e+00   -8.2833297885e-01
9.9567477587e+00   -8.6631025148e-01
9.9616329566e+00   -9.0390485810e-01
9.9665181545e+00   -9.4117957953e-01
9.9714033523e+00   -9.7816148161e-01
9.9762885502e+00   -1.0148406291e+00
9.9811737480e+00   -1.0511689456e+00
9.9860589459e+00   -1.0870592991e+00
9.9909441437e+00   -1.1223849189e+00
9.9958293416e+00   -1.1569792797e+00
1.0000000000e+01   -1.1857811789e+00
