X    Y
0.0000000000e+00   9.8000000000e-01
1.0000000000e-04   9.8000089281e-01
1.1000000000e-03   9.8000982159e-01
1.1100000000e-02   9.8009918160e-01
3.0650342131e-02   9.8027426309e-01
5.0200684262e-02   9.8044984846e-01
6.9751026393e-02   9.8062593959e-01
8.9301368524e-02   9.8080253838e-01
1.0885171065e-01   9.8097964674e-01
1.2840205279e-01   9.8115726656e-01
1.4795239492e-01   9.8133539977e-01
1.6750273705e-01   9.8151404829e-01
1.8705307918e-01   9.8169321406e-01
2.0660342131e-01   9.8187289903e-01
2.2615376344e-01   9.8205310515e-01
2.4570410557e-01   9.8223383437e-01
2.6525444770e-01   9.8241508868e-01
2.8480478983e-01   9.8259687006e-01
3.0435513196e-01   9.8277918048e-01
3.2390547410e-01   9.8296202196e-01
3.4345581623e-01   9.8314539649e-01
3.6300615836e-01   9.8332930610e-01
3.8255650049e-01   9.8351375281e-01
4.0210684262e-01   9.8369873866e-01
4.2165718475e-01   9.8388426569e-01
4.4120752688e-01   9.8407033595e-01
4.6075786901e-01   9.8425695151e-01
4.8030821114e-01   9.8444411444e-01
4.9985855327e-01   9.8463182682e-01
5.1940889541e-01   9.8482009074e-01
5.3895923754e-01   9.8500890831e-01
5.5850957967e-01   9.8519828164e-01
5.7805992180e-01   9.8538821284e-01
5.9761026393e-01   9.8557870405e-01
6.1716060606e-01   9.8576975741e-01
6.3671094819e-01   9.8596137507e-01
6.5626129032e-01   9.8615355918e-01
6.7581163245e-01   9.8634631191e-01
6.9536197458e-01   9.8653963546e-01
7.1491231672e-01   9.8673353200e-01
7.3446265885e-01   9.8692800373e-01
7.5401300098e-01   9.8712305287e-01
7.7356334311e-01   9.8731868163e-01
7.9311368524e-01   9.8751489225e-01
8.1266402737e-01   9.8771168697e-01
8.3221436950e-01   9.8790906803e-01
8.5176471163e-01   9.8810703770e-01
8.7131505376e-01   9.8830559825e-01
8.9086539589e-01   9.8850475196e-01
9.1041573803e-01   9.8870450113e-01
9.2996608016e-01   9.8890484805e-01
9.4951642229e-01   9.8910579505e-01
9.6906676442e-01   9.8930734444e-01
9.8861710655e-01   9.8950949856e-01
1.0081674487e+00   9.8971225977e-01
1.0277177908e+00   9.8991563040e-01
1.0472681329e+00   9.9011961284e-01
1.0668184751e+00   9.9032420947e-01
1.0863688172e+00   9.9052942266e-01
1.1059191593e+00   9.9073525483e-01
1.1254695015e+00   9.9094170838e-01
1.1450198436e+00   9.9114878574e-01
1.1645701857e+00   9.9135648935e-01
1.1841205279e+00   9.9156482164e-01
1.2036708700e+00   9.9177378508e-01
1.2232212121e+00   9.9198338213e-01
1.2427715543e+00   9.9219361528e-01
1.2623218964e+00   9.9240448701e-01
1.2818722385e+00   9.9261599983e-01
1.3014225806e+00   9.9282815626e-01
1.3209729228e+00   9.9304095882e-01
1.3405232649e+00   9.9325441005e-01
1.3600736070e+00   9.9346851250e-01
1.3796239492e+00   9.9368326872e-01
1.3991742913e+00   9.9389868131e-01
1.4187246334e+00   9.9411475283e-01
1.4382749756e+00   9.9433148590e-01
1.4578253177e+00   9.9454888311e-01
1.4773756598e+00   9.9476694709e-01
1.4969260020e+00   9.9498568048e-01
1.5164763441e+00   9.9520508592e-01
1.5360266862e+00   9.9542516607e-01
1.5555770283e+00   9.9564592361e-01
1.5751273705e+00   9.9586736121e-01
1.5946777126e+00   9.9608948158e-01
1.6142280547e+00   9.9631228742e-01
1.6337783969e+00   9.9653578145e-01
1.6533287390e+00   9.9675996641e-01
1.6728790811e+00   9.9698484504e-01
1.6924294233e+00   9.9721042011e-01
1.7119797654e+00   9.9743669439e-01
1.7315301075e+00   9.9766367067e-01
1.7510804497e+00   9.9789135174e-01
1.7706307918e+00   9.9811974041e-01
1.7901811339e+00   9.9834883951e-01
1.8097314761e+00   9.9857865188e-01
1.8292818182e+00   9.9880918038e-01
1.8488321603e+00   9.9904042785e-01
1.8683825024e+00   9.9927239720e-01
1.8879328446e+00   9.9950509129e-01
1.9074831867e+00   9.9973851305e-01
1.9270335288e+00   9.9997266539e-01
1.9465838710e+00   1.0002075512e+00
1.9661342131e+00   1.0004431736e+00
1.9856845552e+00   1.0006795353e+00
2.0052348974e+00   1.0009166394e+00
2.0247852395e+00   1.0011544889e+00
2.0443355816e+00   1.0013930868e+00
2.0638859238e+00   1.0016324361e+00
2.0834362659e+00   1.0018725398e+00
2.1029866080e+00   1.0021134010e+00
2.1225369501e+00   1.0023550227e+00
2.1420872923e+00   1.0025974081e+00
2.1616376344e+00   1.0028405601e+00
2.1811879765e+00   1.0030844819e+00
2.2007383187e+00   1.0033291767e+00
2.2202886608e+00   1.0035746475e+00
2.2398390029e+00   1.0038208974e+00
2.2593893451e+00   1.0040679297e+00
2.2789396872e+00   1.0043157476e+00
2.2984900293e+00   1.0045643542e+00
2.3180403715e+00   1.0048137526e+00
2.3375907136e+00   1.0050639463e+00
2.3571410557e+00   1.0053149383e+00
2.3766913978e+00   1.0055667319e+00
2.3962417400e+00   1.0058193304e+00
2.4157920821e+00   1.0060727371e+00
2.4353424242e+00   1.0063269553e+00
2.4548927664e+00   1.0065819882e+00
2.4744431085e+00   1.0068378392e+00
2.4939934506e+00   1.0070945117e+00
2.5135437928e+00   1.0073520091e+00
2.5330941349e+00   1.0076103346e+00
2.5526444770e+00   1.0078694916e+00
2.5721948192e+00   1.0081294837e+00
2.5917451613e+00   1.0083903142e+00
2.6112955034e+00   1.0086519865e+00
2.6308458456e+00   1.0089145041e+00
2.6503961877e+00   1.0091778704e+00
2.6699465298e+00   1.0094420890e+00
2.6894968719e+00   1.0097071634e+00
2.7090472141e+00   1.0099730971e+00
2.7285975562e+00   1.0102398935e+00
2.7481478983e+00   1.0105075564e+00
2.7676982405e+00   1.0107760891e+00
2.7872485826e+00   1.0110454954e+00
2.8067989247e+00   1.0113157788e+00
2.8263492669e+00   1.0115869429e+00
2.8458996090e+00   1.0118589914e+00
2.8654499511e+00   1.0121319280e+00
2.8850002933e+00   1.0124057562e+00
2.9045506354e+00   1.0126804798e+00
2.9241009775e+00   1.0129561026e+00
2.9436513196e+00   1.0132326281e+00
2.9632016618e+00   1.0135100602e+00
2.9827520039e+00   1.0137884026e+00
3.0023023460e+00   1.0140676591e+00
3.0218526882e+00   1.0143478334e+00
3.0414030303e+00   1.0146289295e+00
3.0609533724e+00   1.0149109510e+00
3.0805037146e+00   1.0151939019e+00
3.1000540567e+00   1.0154777861e+00
3.1196043988e+00   1.0157626073e+00
3.1391547410e+00   1.0160483695e+00
3.1587050831e+00   1.0163350767e+00
3.1782554252e+00   1.0166227327e+00
3.1978057674e+00   1.0169113415e+00
3.2173561095e+00   1.0172009071e+00
3.2369064516e+00   1.0174914334e+00
3.2564567937e+00   1.0177829245e+00
3.2760071359e+00   1.0180753845e+00
3.2955574780e+00   1.0183688173e+00
3.3151078201e+00   1.0186632270e+00
3.3346581623e+00   1.0189586177e+00
3.3542085044e+00   1.0192549935e+00
3.3737588465e+00   1.0195523585e+00
3.3933091887e+00   1.0198507169e+00
3.4128595308e+00   1.0201500728e+00
3.4324098729e+00   1.0204504304e+00
3.4519602151e+00   1.0207517940e+00
3.4715105572e+00   1.0210541676e+00
3.4910608993e+00   1.0213575556e+00
3.5106112414e+00   1.0216619622e+00
3.5301615836e+00   1.0219673917e+00
3.5497119257e+00   1.0222738483e+00
3.5692622678e+00   1.0225813365e+00
3.5888126100e+00   1.0228898605e+00
3.6083629521e+00   1.0231994247e+00
3.6279132942e+00   1.0235100335e+00
3.6474636364e+00   1.0238216912e+00
3.6670139785e+00   1.0241344023e+00
3.6865643206e+00   1.0244481712e+00
3.7061146628e+00   1.0247630023e+00
3.7256650049e+00   1.0250789002e+00
3.7452153470e+00   1.0253958694e+00
3.7647656891e+00   1.0257139143e+00
3.7843160313e+00   1.0260330395e+00
3.8038663734e+00   1.0263532495e+00
3.8234167155e+00   1.0266745489e+00
3.8429670577e+00   1.0269969424e+00
3.8625173998e+00   1.0273204346e+00
3.8820677419e+00   1.0276450300e+00
3.9016180841e+00   1.0279707333e+00
3.9211684262e+00   1.0282975493e+00
3.9407187683e+00   1.0286254827e+00
3.9602691105e+00   1.0289545381e+00
3.9798194526e+00   1.0292847203e+00
3.9993697947e+00   1.0296160341e+00
4.0189201369e+00   1.0299484842e+00
4.0384704790e+00   1.0302820756e+00
4.0580208211e+00   1.0306168129e+00
4.0775711632e+00   1.0309527011e+00
4.0971215054e+00   1.0312897451e+00
4.1166718475e+00   1.0316279497e+00
4.1362221896e+00   1.0319673198e+00
4.1557725318e+00   1.0323078605e+00
4.1753228739e+00   1.0326495766e+00
4.1948732160e+00   1.0329924731e+00
4.2144235582e+00   1.0333365552e+00
4.2339739003e+00   1.0336818277e+00
4.2535242424e+00   1.0340282957e+00
4.2730745846e+00   1.0343759644e+00
4.2926249267e+00   1.0347248387e+00
4.3121752688e+00   1.0350749239e+00
4.3317256109e+00   1.0354262251e+00
4.3512759531e+00   1.0357787474e+00
4.3708262952e+00   1.0361324960e+00
4.3903766373e+00   1.0364874761e+00
4.4099269795e+00   1.0368436930e+00
4.4294773216e+00   1.0372011520e+00
4.4490276637e+00   1.0375598582e+00
4.4685780059e+00   1.0379198170e+00
4.4881283480e+00   1.0382810337e+00
4.5076786901e+00   1.0386435137e+00
4.5272290323e+00   1.0390072624e+00
4.5467793744e+00   1.0393722850e+00
4.5663297165e+00   1.0397385871e+00
4.5858800587e+00   1.0401061741e+00
4.6054304008e+00   1.0404750514e+00
4.6249807429e+00   1.0408452246e+00
4.6445310850e+00   1.0412166991e+00
4.6640814272e+00   1.0415894805e+00
4.6836317693e+00   1.0419635743e+00
4.7031821114e+00   1.0423389861e+00
4.7227324536e+00   1.0427157215e+00
4.7422827957e+00   1.0430937861e+00
4.7618331378e+00   1.0434731857e+00
4.7813834800e+00   1.0438539258e+00
4.8009338221e+00   1.0442360122e+00
4.8204841642e+00   1.0446194505e+00
4.8400345064e+00   1.0450042466e+00
4.8595848485e+00   1.0453904062e+00
4.8791351906e+00   1.0457779351e+00
4.8986855327e+00   1.0461668391e+00
4.9182358749e+00   1.0465571240e+00
4.9377862170e+00   1.0469487957e+00
4.9573365591e+00   1.0473418602e+00
4.9768869013e+00   1.0477363233e+00
4.9964372434e+00   1.0481321909e+00
5.0159875855e+00   1.0485294690e+00
5.0355379277e+00   1.0489281636e+00
5.0550882698e+00   1.0493282808e+00
5.0746386119e+00   1.0497298265e+00
5.0941889541e+00   1.0501328068e+00
5.1137392962e+00   1.0505372278e+00
5.1332896383e+00   1.0509430955e+00
5.1528399804e+00   1.0513504162e+00
5.1723903226e+00   1.0517591960e+00
5.1919406647e+00   1.0521694410e+00
5.2114910068e+00   1.0525811575e+00
5.2310413490e+00   1.0529943517e+00
5.2505916911e+00   1.0534090298e+00
5.2701420332e+00   1.0538251981e+00
5.2896923754e+00   1.0542428630e+00
5.3092427175e+00   1.0546620307e+00
5.3287930596e+00   1.0550827076e+00
5.3483434018e+00   1.0555049000e+00
5.3678937439e+00   1.0559286144e+00
5.3874440860e+00   1.0563538572e+00
5.4069944282e+00   1.0567806348e+00
5.4265447703e+00   1.0572089537e+00
5.4460951124e+00   1.0576388204e+00
5.4656454545e+00   1.0580702414e+00
5.4851957967e+00   1.0585032233e+00
5.5047461388e+00   1.0589377726e+00
5.5242964809e+00   1.0593738959e+00
5.5438468231e+00   1.0598115998e+00
5.5633971652e+00   1.0602508910e+00
5.5829475073e+00   1.0606917762e+00
5.6024978495e+00   1.0611342619e+00
5.6220481916e+00   1.0615783550e+00
5.6415985337e+00   1.0620240621e+00
5.6611488759e+00   1.0624713901e+00
5.6806992180e+00   1.0629203456e+00
5.7002495601e+00   1.0633709356e+00
5.7197999022e+00   1.0638231668e+00
5.7393502444e+00   1.0642770461e+00
5.7589005865e+00   1.0647325803e+00
5.7784509286e+00   1.0651897764e+00
5.7980012708e+00   1.0656486413e+00
5.8175516129e+00   1.0661091820e+00
5.8371019550e+00   1.0665714053e+00
5.8566522972e+00   1.0670353184e+00
5.8762026393e+00   1.0675009281e+00
5.8957529814e+00   1.0679682416e+00
5.9153033236e+00   1.0684372659e+00
5.9348536657e+00   1.0689080082e+00
5.9544040078e+00   1.0693804754e+00
5.9739543500e+00   1.0698546748e+00
5.9935046921e+00   1.0703306134e+00
6.0130550342e+00   1.0708082985e+00
6.0326053763e+00   1.0712877373e+00
6.0521557185e+00   1.0717689369e+00
6.0717060606e+00   1.0722519047e+00
6.0912564027e+00   1.0727366478e+00
6.1108067449e+00   1.0732231736e+00
6.1303570870e+00   1.0737114893e+00
6.1499074291e+00   1.0742016024e+00
6.1694577713e+00   1.0746935200e+00
6.1890081134e+00   1.0751872497e+00
6.2085584555e+00   1.0756827988e+00
6.2281087977e+00   1.0761801747e+00
6.2476591398e+00   1.0766793848e+00
6.2672094819e+00   1.0771804366e+00
6.2867598240e+00   1.0776833376e+00
6.3063101662e+00   1.0781880952e+00
6.3258605083e+00   1.0786947170e+00
6.3454108504e+00   1.0792032105e+00
6.3649611926e+00   1.0797135832e+00
6.3845115347e+00   1.0802258427e+00
6.4040618768e+00   1.0807399966e+00
6.4236122190e+00   1.0812560525e+00
6.4431625611e+00   1.0817740180e+00
6.4627129032e+00   1.0822939008e+00
6.4822632454e+00   1.0828157085e+00
6.5018135875e+00   1.0833394489e+00
6.5213639296e+00   1.0838651295e+00
6.5409142717e+00   1.0843927581e+00
6.5604646139e+00   1.0849223425e+00
6.5800149560e+00   1.0854538904e+00
6.5995652981e+00   1.0859874095e+00
6.6191156403e+00   1.0865229077e+00
6.6386659824e+00   1.0870603927e+00
6.6582163245e+00   1.0875998723e+00
6.6777666667e+00   1.0881413543e+00
6.6973170088e+00   1.0886848467e+00
6.7168673509e+00   1.0892303572e+00
6.7364176931e+00   1.0897778937e+00
6.7559680352e+00   1.0903274641e+00
6.7755183773e+00   1.0908790763e+00
6.7950687195e+00   1.0914327382e+00
6.8146190616e+00   1.0919884577e+00
6.8341694037e+00   1.0925462428e+00
6.8537197458e+00   1.0931061014e+00
6.8732700880e+00   1.0936680414e+00
6.8928204301e+00   1.0942320708e+00
6.9123707722e+00   1.0947981976e+00
6.9319211144e+00   1.0953664298e+00
6.9514714565e+00   1.0959367753e+00
6.9710217986e+00   1.0965092422e+00
6.9905721408e+00   1.0970838385e+00
7.0101224829e+00   1.0976605722e+00
7.0296728250e+00   1.0982394514e+00
7.0492231672e+00   1.0988204840e+00
7.0687735093e+00   1.0994036782e+00
7.0883238514e+00   1.0999890419e+00
7.1078741935e+00   1.1005765833e+00
7.1274245357e+00   1.1011663103e+00
7.1469748778e+00   1.1017582311e+00
7.1665252199e+00   1.1023523537e+00
7.1860755621e+00   1.1029486861e+00
7.2056259042e+00   1.1035472366e+00
7.2251762463e+00   1.1041480131e+00
7.2447265885e+00   1.1047510237e+00
7.2642769306e+00   1.1053562765e+00
7.2838272727e+00   1.1059637796e+00
7.3033776149e+00   1.1065735410e+00
7.3229279570e+00   1.1071855689e+00
7.3424782991e+00   1.1077998713e+00
7.3620286413e+00   1.1084164563e+00
7.3815789834e+00   1.1090353319e+00
7.4011293255e+00   1.1096565063e+00
7.4206796676e+00   1.1102799874e+00
7.4402300098e+00   1.1109057834e+00
7.4597803519e+00   1.1115339023e+00
7.4793306940e+00   1.1121643522e+00
7.4988810362e+00   1.1127971410e+00
7.5184313783e+00   1.1134322768e+00
7.5379817204e+00   1.1140697677e+00
7.5575320626e+00   1.1147096216e+00
7.5770824047e+00   1.1153518465e+00
7.5966327468e+00   1.1159964505e+00
7.6161830890e+00   1.1166434414e+00
7.6357334311e+00   1.1172928273e+00
7.6552837732e+00   1.1179446161e+00
7.6748341153e+00   1.1185988157e+00
7.6943844575e+00   1.1192554340e+00
7.7139347996e+00   1.1199144790e+00
7.7334851417e+00   1.1205759585e+00
7.7530354839e+00   1.1212398804e+00
7.7725858260e+00   1.1219062524e+00
7.7921361681e+00   1.1225750825e+00
7.8116865103e+00   1.1232463784e+00
7.8312368524e+00   1.1239201479e+00
7.8507871945e+00   1.1245963986e+00
7.8703375367e+00   1.1252751385e+00
7.8898878788e+00   1.1259563750e+00
7.9094382209e+00   1.1266401160e+00
7.9289885630e+00   1.1273263690e+00
7.9485389052e+00   1.1280151415e+00
7.9680892473e+00   1.1287064413e+00
7.9876395894e+00   1.1294002759e+00
8.0071899316e+00   1.1300966526e+00
8.0267402737e+00   1.1307955791e+00
8.0462906158e+00   1.1314970626e+00
8.0658409580e+00   1.1322011107e+00
8.0853913001e+00   1.1329077307e+00
8.1049416422e+00   1.1336169298e+00
8.1244919844e+00   1.1343287154e+00
8.1440423265e+00   1.1350430946e+00
8.1635926686e+00   1.1357600746e+00
8.1831430108e+00   1.1364796627e+00
8.2026933529e+00   1.1372018657e+00
8.2222436950e+00   1.1379266909e+00
8.2417940371e+00   1.1386541451e+00
8.2613443793e+00   1.1393842353e+00
8.2808947214e+00   1.1401169683e+00
8.3004450635e+00   1.1408523510e+00
8.3199954057e+00   1.1415903901e+00
8.3395457478e+00   1.1423310923e+00
8.3590960899e+00   1.1430744643e+00
8.3786464321e+00   1.1438205125e+00
8.3981967742e+00   1.1445692436e+00
8.4177471163e+00   1.1453206640e+00
8.4372974585e+00   1.1460747799e+00
8.4568478006e+00   1.1468315978e+00
8.4763981427e+00   1.1475911238e+00
8.4959484848e+00   1.1483533642e+00
8.5154988270e+00   1.1491183248e+00
8.5350491691e+00   1.1498860119e+00
8.5545995112e+00   1.1506564312e+00
8.5741498534e+00   1.1514295886e+00
8.5937001955e+00   1.1522054899e+00
8.6132505376e+00   1.1529841406e+00
8.6328008798e+00   1.1537655464e+00
8.6523512219e+00   1.1545497128e+00
8.6719015640e+00   1.1553366452e+00
8.6914519062e+00   1.1561263487e+00
8.7110022483e+00   1.1569188287e+00
8.7305525904e+00   1.1577140901e+00
8.7501029326e+00   1.1585121381e+00
8.7696532747e+00   1.1593129774e+00
8.7892036168e+00   1.1601166129e+00
8.8087539589e+00   1.1609230491e+00
8.8283043011e+00   1.1617322907e+00
8.8478546432e+00   1.1625443422e+00
8.8674049853e+00   1.1633592077e+00
8.8869553275e+00   1.1641768915e+00
8.9065056696e+00   1.1649973977e+00
8.9260560117e+00   1.1658207302e+00
8.9456063539e+00   1.1666468929e+00
8.9651566960e+00   1.1674758894e+00
8.9847070381e+00   1.1683077232e+00
9.0042573803e+00   1.1691423979e+00
9.0238077224e+00   1.1699799166e+00
9.0433580645e+00   1.1708202826e+00
9.0629084066e+00   1.1716634987e+00
9.0824587488e+00   1.1725095678e+00
9.1020090909e+00   1.1733584926e+00
9.1215594330e+00   1.1742102757e+00
9.1411097752e+00   1.1750649194e+00
9.1606601173e+00   1.1759224258e+00
9.1802104594e+00   1.1767827972e+00
9.1997608016e+00   1.1776460352e+00
9.2193111437e+00   1.1785121417e+00
9.2388614858e+00   1.1793811181e+00
9.2584118280e+00   1.1802529658e+00
9.2779621701e+00   1.1811276860e+00
9.2975125122e+00   1.1820052797e+00
9.3170628543e+00   1.1828857475e+00
9.3366131965e+00   1.1837690903e+00
9.3561635386e+00   1.1846553082e+00
9.3757138807e+00   1.1855444016e+00
9.3952642229e+00   1.1864363704e+00
9.4148145650e+00   1.1873312145e+00
9.4343649071e+00   1.1882289333e+00
9.4539152493e+00   1.1891295263e+00
9.4734655914e+00   1.1900329926e+00
9.4930159335e+00   1.1909393311e+00
9.5125662757e+00   1.1918485405e+00
9.5321166178e+00   1.1927606193e+00
9.5516669599e+00   1.1936755657e+00
9.5712173021e+00   1.1945933776e+00
9.5907676442e+00   1.1955140527e+00
9.6103179863e+00   1.1964375887e+00
9.6298683284e+00   1.1973639827e+00
9.6494186706e+00   1.1982932316e+00
9.6689690127e+00   1.1992253322e+00
9.6885193548e+00   1.2001602809e+00
9.7080696970e+00   1.2010980739e+00
9.7276200391e+00   1.2020387071e+00
9.7471703812e+00   1.2029821761e+00
9.7667207234e+00   1.2039284762e+00
9.7862710655e+00   1.2048776024e+00
9.8058214076e+00   1.2058295495e+00
9.8253717498e+00   1.2067843119e+00
9.8449220919e+00   1.2077418838e+00
9.8644724340e+00   1.2087022589e+00
9.8840227761e+00   1.2096654307e+00
9.9035731183e+00   1.2106313924e+00
9.9231234604e+00   1.2116001370e+00
9.9426738025e+00   1.2125716568e+00
9.9622241447e+00   1.2135459440e+00
9.9817744868e+00   1.2145229906e+00
1.0001324829e+01   1.2155027879e+00
1.0020875171e+01   1.2164853272e+00
1.0040425513e+01   1.2174705991e+00
1.0059975855e+01   1.2184585941e+00
1.0079526197e+01   1.2194493022e+00
1.0099076540e+01   1.2204427130e+00
1.0118626882e+01   1.2214388159e+00
1.0138177224e+01   1.2224375997e+00
1.0157727566e+01   1.2234390529e+00
1.0177277908e+01   1.2244431635e+00
1.0196828250e+01   1.2254499193e+00
1.0216378592e+01   1.2264593074e+00
1.0235928935e+01   1.2274713148e+00
1.0255479277e+01   1.2284859279e+00
1.0275029619e+01   1.2295031325e+00
1.0294579961e+01   1.2305229143e+00
1.0314130303e+01   1.2315452583e+00
1.0333680645e+01   1.2325701492e+00
1.0353230987e+01   1.2335975712e+00
1.0372781329e+01   1.2346275079e+00
1.0392331672e+01   1.2356599426e+00
1.0411882014e+01   1.2366948581e+00
1.0431432356e+01   1.2377322365e+00
1.0450982698e+01   1.2387720598e+00
1.0470533040e+01   1.2398143091e+00
1.0490083382e+01   1.2408589652e+00
1.0509633724e+01   1.2419060084e+00
1.0529184066e+01   1.2429554185e+00
1.0548734409e+01   1.2440071745e+00
1.0568284751e+01   1.2450612551e+00
1.0587835093e+01   1.2461176386e+00
1.0607385435e+01   1.2471763024e+00
1.0626935777e+01   1.2482372235e+00
1.0646486119e+01   1.2493003784e+00
1.0666036461e+01   1.2503657429e+00
1.0685586804e+01   1.2514332923e+00
1.0705137146e+01   1.2525030014e+00
1.0724687488e+01   1.2535748441e+00
1.0744237830e+01   1.2546487940e+00
1.0763788172e+01   1.2557248240e+00
1.0783338514e+01   1.2568029062e+00
1.0802888856e+01   1.2578830124e+00
1.0822439198e+01   1.2589651135e+00
1.0841989541e+01   1.2600491798e+00
1.0861539883e+01   1.2611351811e+00
1.0881090225e+01   1.2622230863e+00
1.0900640567e+01   1.2633128639e+00
1.0920190909e+01   1.2644044814e+00
1.0939741251e+01   1.2654979059e+00
1.0959291593e+01   1.2665931037e+00
1.0978841935e+01   1.2676900404e+00
1.0998392278e+01   1.2687886808e+00
1.1017942620e+01   1.2698889891e+00
1.1037492962e+01   1.2709909288e+00
1.1057043304e+01   1.2720944626e+00
1.1076593646e+01   1.2731995524e+00
1.1096143988e+01   1.2743061594e+00
1.1115694330e+01   1.2754142441e+00
1.1135244673e+01   1.2765237661e+00
1.1154795015e+01   1.2776346843e+00
1.1174345357e+01   1.2787469569e+00
1.1193895699e+01   1.2798605412e+00
1.1213446041e+01   1.2809753936e+00
1.1232996383e+01   1.2820914699e+00
1.1252546725e+01   1.2832087250e+00
1.1272097067e+01   1.2843271128e+00
1.1291647410e+01   1.2854465867e+00
1.1311197752e+01   1.2865670990e+00
1.1330748094e+01   1.2876886012e+00
1.1350298436e+01   1.2888110440e+00
1.1369848778e+01   1.2899343770e+00
1.1389399120e+01   1.2910585494e+00
1.1408949462e+01   1.2921835090e+00
1.1428499804e+01   1.2933092030e+00
1.1448050147e+01   1.2944355776e+00
1.1467600489e+01   1.2955625781e+00
1.1487150831e+01   1.2966901489e+00
1.1506701173e+01   1.2978182335e+00
1.1526251515e+01   1.2989467743e+00
1.1545801857e+01   1.3000757131e+00
1.1565352199e+01   1.3012049904e+00
1.1584902542e+01   1.3023345458e+00
1.1604452884e+01   1.3034643182e+00
1.1624003226e+01   1.3045942452e+00
1.1643553568e+01   1.3057242636e+00
1.1663103910e+01   1.3068543091e+00
1.1682654252e+01   1.3079843166e+00
1.1702204594e+01   1.3091142198e+00
1.1721754936e+01   1.3102439515e+00
1.1741305279e+01   1.3113734434e+00
1.1760855621e+01   1.3125026263e+00
1.1780405963e+01   1.3136314298e+00
1.1799956305e+01   1.3147597827e+00
1.1819506647e+01   1.3158876125e+00
1.1839056989e+01   1.3170148459e+00
1.1858607331e+01   1.3181414084e+00
1.1878157674e+01   1.3192672245e+00
1.1897708016e+01   1.3203922175e+00
1.1917258358e+01   1.3215163099e+00
1.1936808700e+01   1.3226394229e+00
1.1956359042e+01   1.3237614767e+00
1.1975909384e+01   1.3248823905e+00
1.1995459726e+01   1.3260020823e+00
1.2015010068e+01   1.3271204691e+00
1.2034560411e+01   1.3282374668e+00
1.2054110753e+01   1.3293529900e+00
1.2073661095e+01   1.3304669527e+00
1.2093211437e+01   1.3315792672e+00
1.2112761779e+01   1.3326898452e+00
1.2132312121e+01   1.3337985970e+00
1.2151862463e+01   1.3349054319e+00
1.2171412805e+01   1.3360102582e+00
1.2190963148e+01   1.3371129829e+00
1.2210513490e+01   1.3382135121e+00
1.2230063832e+01   1.3393117506e+00
1.2249614174e+01   1.3404076022e+00
1.2269164516e+01   1.3415009698e+00
1.2288714858e+01   1.3425917548e+00
1.2308265200e+01   1.3436798579e+00
1.2327815543e+01   1.3447651784e+00
1.2347365885e+01   1.3458476148e+00
1.2366916227e+01   1.3469270644e+00
1.2386466569e+01   1.3480034233e+00
1.2406016911e+01   1.3490765867e+00
1.2425567253e+01   1.3501464488e+00
1.2445117595e+01   1.3512129025e+00
1.2464667937e+01   1.3522758399e+00
1.2484218280e+01   1.3533351520e+00
1.2503768622e+01   1.3543907287e+00
1.2523318964e+01   1.3554424589e+00
1.2542869306e+01   1.3564902307e+00
1.2562419648e+01   1.3575339309e+00
1.2581969990e+01   1.3585734456e+00
1.2601520332e+01   1.3596086597e+00
1.2621070674e+01   1.3606394573e+00
1.2640621017e+01   1.3616657217e+00
1.2660171359e+01   1.3626873350e+00
1.2679721701e+01   1.3637041785e+00
1.2699272043e+01   1.3647161328e+00
1.2718822385e+01   1.3657230775e+00
1.2738372727e+01   1.3667248914e+00
1.2757923069e+01   1.3677214524e+00
1.2777473412e+01   1.3687126377e+00
1.2797023754e+01   1.3696983239e+00
1.2816574096e+01   1.3706783865e+00
1.2836124438e+01   1.3716527008e+00
1.2855674780e+01   1.3726211409e+00
1.2875225122e+01   1.3735835806e+00
1.2894775464e+01   1.3745398930e+00
1.2914325806e+01   1.3754899506e+00
1.2933876149e+01   1.3764336254e+00
1.2953426491e+01   1.3773707890e+00
1.2972976833e+01   1.3783013123e+00
1.2992527175e+01   1.3792250659e+00
1.3012077517e+01   1.3801419202e+00
1.3031627859e+01   1.3810517450e+00
1.3051178201e+01   1.3819544099e+00
1.3070728543e+01   1.3828497845e+00
1.3090278886e+01   1.3837377378e+00
1.3109829228e+01   1.3846181390e+00
1.3129379570e+01   1.3854908571e+00
1.3148929912e+01   1.3863557612e+00
1.3168480254e+01   1.3872127202e+00
1.3188030596e+01   1.3880616034e+00
1.3207580938e+01   1.3889022800e+00
1.3227131281e+01   1.3897346197e+00
1.3246681623e+01   1.3905584924e+00
1.3266231965e+01   1.3913737683e+00
1.3285782307e+01   1.3921803182e+00
1.3305332649e+01   1.3929780133e+00
1.3324882991e+01   1.3937667255e+00
1.3344433333e+01   1.3945463275e+00
1.3363983675e+01   1.3953166926e+00
1.3383534018e+01   1.3960776952e+00
1.3403084360e+01   1.3968292104e+00
1.3422634702e+01   1.3975711147e+00
1.3442185044e+01   1.3983032855e+00
1.3461735386e+01   1.3990256017e+00
1.3481285728e+01   1.3997379434e+00
1.3500836070e+01   1.4004401924e+00
1.3520386413e+01   1.4011322319e+00
1.3539936755e+01   1.4018139471e+00
1.3559487097e+01   1.4024852249e+00
1.3579037439e+01   1.4031459541e+00
1.3598587781e+01   1.4037960259e+00
1.3618138123e+01   1.4044353336e+00
1.3637688465e+01   1.4050637729e+00
1.3657238807e+01   1.4056812421e+00
1.3676789150e+01   1.4062876422e+00
1.3696339492e+01   1.4068828772e+00
1.3715889834e+01   1.4074668538e+00
1.3735440176e+01   1.4080394822e+00
1.3754990518e+01   1.4086006758e+00
1.3774540860e+01   1.4091503518e+00
1.3794091202e+01   1.4096884308e+00
1.3813641544e+01   1.4102148375e+00
1.3833191887e+01   1.4107295008e+00
1.3852742229e+01   1.4112323538e+00
1.3872292571e+01   1.4117233341e+00
1.3891842913e+01   1.4122023842e+00
1.3911393255e+01   1.4126694515e+00
1.3930943597e+01   1.4131244887e+00
1.3950493939e+01   1.4135674537e+00
1.3970044282e+01   1.4139983103e+00
1.3989594624e+01   1.4144170283e+00
1.4009144966e+01   1.4148235835e+00
1.4028695308e+01   1.4152179583e+00
1.4048245650e+01   1.4156001418e+00
1.4067795992e+01   1.4159701301e+00
1.4087346334e+01   1.4163279268e+00
1.4106896676e+01   1.4166735430e+00
1.4126447019e+01   1.4170069977e+00
1.4145997361e+01   1.4173283182e+00
1.4165547703e+01   1.4176375404e+00
1.4185098045e+01   1.4179347092e+00
1.4204648387e+01   1.4182198788e+00
1.4224198729e+01   1.4184931129e+00
1.4243749071e+01   1.4187544852e+00
1.4263299413e+01   1.4190040802e+00
1.4282849756e+01   1.4192419926e+00
1.4302400098e+01   1.4194683288e+00
1.4321950440e+01   1.4196832066e+00
1.4341500782e+01   1.4198867559e+00
1.4361051124e+01   1.4200791191e+00
1.4380601466e+01   1.4202604515e+00
1.4400151808e+01   1.4204309219e+00
1.4419702151e+01   1.4205907129e+00
1.4439252493e+01   1.4207400217e+00
1.4458802835e+01   1.4208790602e+00
1.4478353177e+01   1.4210080559e+00
1.4497903519e+01   1.4211272522e+00
1.4517453861e+01   1.4212369089e+00
1.4537004203e+01   1.4213373032e+00
1.4556554545e+01   1.4214287298e+00
1.4576104888e+01   1.4215115017e+00
1.4595655230e+01   1.4215859509e+00
1.4615205572e+01   1.4216524290e+00
1.4634755914e+01   1.4217113076e+00
1.4654306256e+01   1.4217629794e+00
1.4673856598e+01   1.4218078587e+00
1.4693406940e+01   1.4218463820e+00
1.4712957283e+01   1.4218790088e+00
1.4732507625e+01   1.4219062225e+00
1.4752057967e+01   1.4219285310e+00
1.4771608309e+01   1.4219464678e+00
1.4791158651e+01   1.4219605921e+00
1.4810708993e+01   1.4219714907e+00
1.4830259335e+01   1.4219797777e+00
1.4849809677e+01   1.4219860966e+00
1.4869360020e+01   1.4219911201e+00
1.4888910362e+01   1.4219955517e+00
1.4908460704e+01   1.4220001266e+00
1.4928011046e+01   1.4220056125e+00
1.4947561388e+01   1.4220128106e+00
1.4967111730e+01   1.4220225570e+00
1.4986662072e+01   1.4220357233e+00
1.5006212414e+01   1.4220532180e+00
1.5025762757e+01   1.4220759876e+00
1.5045313099e+01   1.4221050176e+00
1.5064863441e+01   1.4221413340e+00
1.5084413783e+01   1.4221860042e+00
1.5103964125e+01   1.4222401384e+00
1.5123514467e+01   1.4223048909e+00
1.5143064809e+01   1.4223814616e+00
1.5162615152e+01   1.4224710968e+00
1.5182165494e+01   1.4225750915e+00
1.5201715836e+01   1.4226947898e+00
1.5221266178e+01   1.4228315873e+00
1.5240816520e+01   1.4229869319e+00
1.5260366862e+01   1.4231623259e+00
1.5279917204e+01   1.4233593273e+00
1.5299467546e+01   1.4235795513e+00
1.5319017889e+01   1.4238246725e+00
1.5338568231e+01   1.4240964261e+00
1.5358118573e+01   1.4243966100e+00
1.5377668915e+01   1.4247270863e+00
1.5397219257e+01   1.4250897835e+00
1.5416769599e+01   1.4254866983e+00
1.5436319941e+01   1.4259198975e+00
1.5455870283e+01   1.4263915200e+00
1.5475420626e+01   1.4269037789e+00
1.5494970968e+01   1.4274589639e+00
1.5514521310e+01   1.4280594428e+00
1.5534071652e+01   1.4287076646e+00
1.5553621994e+01   1.4294061610e+00
1.5573172336e+01   1.4301575493e+00
1.5592722678e+01   1.4309645345e+00
1.5612273021e+01   1.4318299121e+00
1.5631823363e+01   1.4327565701e+00
1.5651373705e+01   1.4337474922e+00
1.5670924047e+01   1.4348057601e+00
1.5690474389e+01   1.4359345564e+00
1.5710024731e+01   1.4371371673e+00
1.5729575073e+01   1.4384169856e+00
1.5749125415e+01   1.4397775137e+00
1.5768675758e+01   1.4412223663e+00
1.5788226100e+01   1.4427552739e+00
1.5807776442e+01   1.4443800858e+00
1.5827326784e+01   1.4461007736e+00
1.5846877126e+01   1.4479214341e+00
1.5866427468e+01   1.4498462932e+00
1.5885977810e+01   1.4518797092e+00
1.5905528152e+01   1.4540261764e+00
1.5925078495e+01   1.4562903290e+00
1.5944628837e+01   1.4586769449e+00
1.5964179179e+01   1.4611909491e+00
1.5983729521e+01   1.4638374184e+00
1.6003279863e+01   1.4666215853e+00
1.6022830205e+01   1.4695488419e+00
1.6042380547e+01   1.4726247444e+00
1.6061930890e+01   1.4758550178e+00
1.6081481232e+01   1.4792455598e+00
1.6101031574e+01   1.4828024464e+00
1.6120581916e+01   1.4865319355e+00
1.6140132258e+01   1.4904404728e+00
1.6159682600e+01   1.4945346963e+00
1.6179232942e+01   1.4988214416e+00
1.6198783284e+01   1.5033077469e+00
1.6218333627e+01   1.5080008587e+00
1.6237883969e+01   1.5129082375e+00
1.6257434311e+01   1.5180375629e+00
1.6276984653e+01   1.5233967397e+00
1.6296534995e+01   1.5289939042e+00
1.6316085337e+01   1.5348374298e+00
1.6335635679e+01   1.5409359333e+00
1.6355186022e+01   1.5472982817e+00
1.6374736364e+01   1.5539335986e+00
1.6394286706e+01   1.5608512706e+00
1.6413837048e+01   1.5680609548e+00
1.6433387390e+01   1.5755725854e+00
1.6452937732e+01   1.5833963811e+00
1.6472488074e+01   1.5915428528e+00
1.6492038416e+01   1.6000228108e+00
1.6511588759e+01   1.6088473728e+00
1.6531139101e+01   1.6180279720e+00
1.6550689443e+01   1.6275763652e+00
1.6570239785e+01   1.6375046411e+00
1.6589790127e+01   1.6478252291e+00
1.6609340469e+01   1.6585509082e+00
1.6628890811e+01   1.6696948156e+00
1.6648441153e+01   1.6812704565e+00
1.6667991496e+01   1.6932917132e+00
1.6687541838e+01   1.7057728551e+00
1.6707092180e+01   1.7187285485e+00
1.6726642522e+01   1.7321738669e+00
1.6746192864e+01   1.7461243013e+00
1.6765743206e+01   1.7605957712e+00
1.6785293548e+01   1.7756046355e+00
1.6804843891e+01   1.7911677034e+00
1.6824394233e+01   1.8073022465e+00
1.6843944575e+01   1.8240260102e+00
1.6863494917e+01   1.8199427402e+00
1.6883045259e+01   1.8159668076e+00
1.6902595601e+01   1.8120940991e+00
1.6922145943e+01   1.8083207159e+00
1.6941696285e+01   1.8046429588e+00
1.6961246628e+01   1.8010573159e+00
1.6980796970e+01   1.7975604502e+00
1.7000347312e+01   1.7941491888e+00
1.7019897654e+01   1.7908205126e+00
1.7039447996e+01   1.7875715469e+00
1.7058998338e+01   1.7843995527e+00
1.7078548680e+01   1.7813019186e+00
1.7098099022e+01   1.7782761531e+00
1.7117649365e+01   1.7753198781e+00
1.7137199707e+01   1.7724308217e+00
1.7156750049e+01   1.7696068128e+00
1.7176300391e+01   1.7668457750e+00
1.7195850733e+01   1.7641457217e+00
1.7215401075e+01   1.7615047511e+00
1.7234951417e+01   1.7589210413e+00
1.7254501760e+01   1.7563928465e+00
1.7274052102e+01   1.7539184928e+00
1.7293602444e+01   1.7514963743e+00
1.7313152786e+01   1.7491249499e+00
1.7332703128e+01   1.7468027396e+00
1.7352253470e+01   1.7445283219e+00
1.7371803812e+01   1.7423003304e+00
1.7391354154e+01   1.7401174515e+00
1.7410904497e+01   1.7379784214e+00
1.7430454839e+01   1.7358820242e+00
1.7450005181e+01   1.7338270890e+00
1.7469555523e+01   1.7318124885e+00
1.7489105865e+01   1.7298371364e+00
1.7508656207e+01   1.7278999854e+00
1.7528206549e+01   1.7260000262e+00
1.7547756891e+01   1.7241362849e+00
1.7567307234e+01   1.7223078219e+00
1.7586857576e+01   1.7205137302e+00
1.7606407918e+01   1.7187531339e+00
1.7625958260e+01   1.7170251873e+00
1.7645508602e+01   1.7153290729e+00
1.7665058944e+01   1.7136640006e+00
1.7684609286e+01   1.7120292066e+00
1.7704159629e+01   1.7104239522e+00
1.7723709971e+01   1.7088475224e+00
1.7743260313e+01   1.7072992257e+00
1.7762810655e+01   1.7057783924e+00
1.7782360997e+01   1.7042843740e+00
1.7801911339e+01   1.7028165425e+00
1.7821461681e+01   1.7013742894e+00
1.7841012023e+01   1.6999570249e+00
1.7860562366e+01   1.6985641771e+00
1.7880112708e+01   1.6971951919e+00
1.7899663050e+01   1.6958495313e+00
1.7919213392e+01   1.6945266738e+00
1.7938763734e+01   1.6932261131e+00
1.7958314076e+01   1.6919473577e+00
1.7977864418e+01   1.6906899305e+00
1.7997414761e+01   1.6894533682e+00
1.8016965103e+01   1.6882372207e+00
1.8036515445e+01   1.6870410507e+00
1.8056065787e+01   1.6858644331e+00
1.8075616129e+01   1.6847069550e+00
1.8095166471e+01   1.6835682146e+00
1.8114716813e+01   1.6824478214e+00
1.8134267155e+01   1.6813453954e+00
1.8153817498e+01   1.6802605672e+00
1.8173367840e+01   1.6791929770e+00
1.8192918182e+01   1.6781422747e+00
1.8212468524e+01   1.6771081197e+00
1.8232018866e+01   1.6760901801e+00
1.8251569208e+01   1.6750881329e+00
1.8271119550e+01   1.6741016632e+00
1.8290669892e+01   1.6731304646e+00
1.8310220235e+01   1.6721742381e+00
1.8329770577e+01   1.6712326927e+00
1.8349320919e+01   1.6703055446e+00
1.8368871261e+01   1.6693925169e+00
1.8388421603e+01   1.6684933398e+00
1.8407971945e+01   1.6676077503e+00
1.8427522287e+01   1.6667354916e+00
1.8447072630e+01   1.6658763133e+00
1.8466622972e+01   1.6650299709e+00
1.8486173314e+01   1.6641962261e+00
1.8505723656e+01   1.6633748460e+00
1.8525273998e+01   1.6625656034e+00
1.8544824340e+01   1.6617682764e+00
1.8564374682e+01   1.6609826483e+00
1.8583925024e+01   1.6602085075e+00
1.8603475367e+01   1.6594456472e+00
1.8623025709e+01   1.6586938656e+00
1.8642576051e+01   1.6579529651e+00
1.8662126393e+01   1.6572227530e+00
1.8681676735e+01   1.6565030408e+00
1.8701227077e+01   1.6557936442e+00
1.8720777419e+01   1.6550943830e+00
1.8740327761e+01   1.6544050811e+00
1.8759878104e+01   1.6537255662e+00
1.8779428446e+01   1.6530556697e+00
1.8798978788e+01   1.6523952270e+00
1.8818529130e+01   1.6517440767e+00
1.8838079472e+01   1.6511020611e+00
1.8857629814e+01   1.6504690258e+00
1.8877180156e+01   1.6498448196e+00
1.8896730499e+01   1.6492292947e+00
1.8916280841e+01   1.6486223063e+00
1.8935831183e+01   1.6480237127e+00
1.8955381525e+01   1.6474333750e+00
1.8974931867e+01   1.6468511574e+00
1.8994482209e+01   1.6462769267e+00
1.9014032551e+01   1.6457105526e+00
1.9033582893e+01   1.6451519073e+00
1.9053133236e+01   1.6446008657e+00
1.9072683578e+01   1.6440573052e+00
1.9092233920e+01   1.6435211057e+00
1.9111784262e+01   1.6429921493e+00
1.9131334604e+01   1.6424703207e+00
1.9150884946e+01   1.6419555069e+00
1.9170435288e+01   1.6414475967e+00
1.9189985630e+01   1.6409464817e+00
1.9209535973e+01   1.6404520550e+00
1.9229086315e+01   1.6399642123e+00
1.9248636657e+01   1.6394828509e+00
1.9268186999e+01   1.6390078703e+00
1.9287737341e+01   1.6385391719e+00
1.9307287683e+01   1.6380766589e+00
1.9326838025e+01   1.6376202363e+00
1.9346388368e+01   1.6371698110e+00
1.9365938710e+01   1.6367252916e+00
1.9385489052e+01   1.6362865884e+00
1.9405039394e+01   1.6358536133e+00
1.9424589736e+01   1.6354262801e+00
1.9444140078e+01   1.6350045037e+00
1.9463690420e+01   1.6345882010e+00
1.9483240762e+01   1.6341772902e+00
1.9502791105e+01   1.6337716911e+00
1.9522341447e+01   1.6333713248e+00
1.9541891789e+01   1.6329761139e+00
1.9561442131e+01   1.6325859824e+00
1.9580992473e+01   1.6322008557e+00
1.9600542815e+01   1.6318206604e+00
1.9620093157e+01   1.6314453246e+00
1.9639643500e+01   1.6310747773e+00
1.9659193842e+01   1.6307089491e+00
1.9678744184e+01   1.6303477717e+00
1.9698294526e+01   1.6299911779e+00
1.9717844868e+01   1.6296391018e+00
1.9737395210e+01   1.6292914785e+00
1.9756945552e+01   1.6289482444e+00
1.9776495894e+01   1.6286093368e+00
1.9796046237e+01   1.6282746941e+00
1.9815596579e+01   1.6279442559e+00
1.9835146921e+01   1.6276179626e+00
1.9854697263e+01   1.6272957557e+00
1.9874247605e+01   1.6269775778e+00
1.9893797947e+01   1.6266633722e+00
1.9913348289e+01   1.6263530835e+00
1.9932898631e+01   1.6260466568e+00
1.9952448974e+01   1.6257440384e+00
1.9971999316e+01   1.6254451753e+00
1.9991549658e+01   1.6251500157e+00
2.0000000000e+01   1.6250232612e+00
