X    Y
0.0000000000e+00   nan
7.8163165608e-03   1.3337874955e-04
1.5632633122e-02   6.4917662303e-05
2.3448949682e-02   4.2096178618e-05
3.1265266243e-02   3.0684598138e-05
3.9081582804e-02   2.3836980541e-05
4.6897899365e-02   1.9271345508e-05
5.4714215926e-02   1.6009701292e-05
6.2530532487e-02   1.3563051858e-05
7.0346849047e-02   1.1659732601e-05
7.8163165608e-02   1.0136744625e-05
8.5979482169e-02   8.8903612443e-06
9.3795798730e-02   7.8514312234e-06
1.0161211529e-01   6.9720805297e-06
1.0942843185e-01   6.2181133308e-06
1.1724474841e-01   5.5644525940e-06
1.2506106497e-01   4.9922904613e-06
1.3287738153e-01   4.4872443743e-06
1.4069369809e-01   4.0381278237e-06
1.4851001466e-01   3.8557318811e-06
1.5632633122e-01   3.8647067876e-06
1.6414264778e-01   3.8737272716e-06
1.7195896434e-01   3.8827948795e-06
1.7977528090e-01   3.8919111840e-06
1.8759159746e-01   3.9010777846e-06
1.9540791402e-01   3.9102963086e-06
2.0322423058e-01   3.9195684123e-06
2.1104054714e-01   3.9288957825e-06
2.1885686370e-01   3.9382801367e-06
2.2667318026e-01   3.9477232250e-06
2.3448949682e-01   3.9572268309e-06
2.4230581339e-01   3.9667927729e-06
2.5012212995e-01   3.9764229058e-06
2.5793844651e-01   3.9861191217e-06
2.6575476307e-01   3.9958833512e-06
2.7357107963e-01   4.0057175661e-06
2.8138739619e-01   4.0156237794e-06
2.8920371275e-01   4.0256040475e-06
2.9702002931e-01   4.0356604721e-06
3.0483634587e-01   4.0457952017e-06
3.1265266243e-01   4.0560104327e-06
3.2046897899e-01   4.0663084125e-06
3.2828529555e-01   4.0766914404e-06
3.3610161212e-01   4.0871618697e-06
3.4391792868e-01   4.0977221105e-06
3.5173424524e-01   4.1083746309e-06
3.5955056180e-01   4.1191219596e-06
3.6736687836e-01   4.1299666886e-06
3.7518319492e-01   4.1409114751e-06
3.8299951148e-01   4.1519590443e-06
3.9081582804e-01   4.1631121922e-06
3.9863214460e-01   4.1743737879e-06
4.0644846116e-01   4.1857467774e-06
4.1426477772e-01   4.1972341851e-06
4.2208109428e-01   4.2088391186e-06
4.2989741085e-01   4.2205647713e-06
4.3771372741e-01   4.2324144258e-06
4.4553004397e-01   4.2443914572e-06
4.5334636053e-01   4.2564993377e-06
4.6116267709e-01   4.2687416404e-06
4.6897899365e-01   4.2811220427e-06
4.7679531021e-01   4.2936443318e-06
4.8461162677e-01   4.3063124083e-06
4.9242794333e-01   4.3191302914e-06
5.0024425989e-01   4.3321021245e-06
5.0806057645e-01   4.3452321796e-06
5.1587689301e-01   4.3585248629e-06
5.2369320957e-01   4.3719847222e-06
5.3150952614e-01   4.3856164504e-06
5.3932584270e-01   4.3994248944e-06
5.4714215926e-01   4.4134150609e-06
5.5495847582e-01   4.4275921235e-06
5.6277479238e-01   4.4419614303e-06
5.7059110894e-01   4.4565285122e-06
5.7840742550e-01   4.4712990909e-06
5.8622374206e-01   4.4862790883e-06
5.9404005862e-01   4.5014746349e-06
6.0185637518e-01   4.5168920810e-06
6.0967269174e-01   4.5325380063e-06
6.1748900830e-01   4.5484192307e-06
6.2530532487e-01   4.5645428265e-06
6.3312164143e-01   4.5809161310e-06
6.4093795799e-01   4.5975467582e-06
6.4875427455e-01   4.6144426148e-06
6.5657059111e-01   4.6316119130e-06
6.6438690767e-01   4.6490631867e-06
6.7220322423e-01   4.6668053085e-06
6.8001954079e-01   4.6848475064e-06
6.8783585735e-01   4.7031993833e-06
6.9565217391e-01   4.7218709358e-06
7.0346849047e-01   4.7408725764e-06
7.1128480703e-01   4.7602151546e-06
7.1910112360e-01   4.7799099826e-06
7.2691744016e-01   4.7999688591e-06
7.3473375672e-01   4.8204040967e-06
7.4255007328e-01   4.8412285519e-06
7.5036638984e-01   4.8624556552e-06
7.5818270640e-01   4.8840994441e-06
7.6599902296e-01   4.9061745994e-06
7.7381533952e-01   4.9286964820e-06
7.8163165608e-01   4.9516811743e-06
7.8944797264e-01   4.9751455233e-06
7.9726428920e-01   4.9991071876e-06
8.0508060576e-01   5.0235846869e-06
8.1289692233e-01   5.0485974573e-06
8.2071323889e-01   5.0741659074e-06
8.2852955545e-01   5.1003114824e-06
8.3634587201e-01   5.1270567311e-06
8.4416218857e-01   5.1544253778e-06
8.5197850513e-01   5.1824424012e-06
8.5979482169e-01   5.2111341196e-06
8.6761113825e-01   5.2405282818e-06
8.7542745481e-01   5.2706541675e-06
8.8324377137e-01   5.3015426938e-06
8.9106008793e-01   5.3332265337e-06
8.9887640449e-01   5.3657402417e-06
9.0669272106e-01   5.3991203936e-06
9.1450903762e-01   5.4334057362e-06
9.2232535418e-01   5.4686373523e-06
9.3014167074e-01   5.5048588398e-06
9.3795798730e-01   5.5421165082e-06
9.4577430386e-01   5.5804595943e-06
9.5359062042e-01   5.6199404973e-06
9.6140693698e-01   5.6606150372e-06
9.6922325354e-01   5.7025427411e-06
9.7703957010e-01   5.7457871561e-06
9.8485588666e-01   5.7904161954e-06
9.9267220322e-01   5.8365025207e-06
1.0004885198e+00   5.8841239663e-06
1.0083048363e+00   5.9333640076e-06
1.0161211529e+00   5.9843122837e-06
1.0239374695e+00   6.0370651772e-06
1.0317537860e+00   6.0917264617e-06
1.0395701026e+00   6.1484080252e-06
1.0473864191e+00   6.2072306801e-06
1.0552027357e+00   6.2683250724e-06
1.0630190523e+00   6.3318327035e-06
1.0708353688e+00   6.3979070826e-06
1.0786516854e+00   6.4667150303e-06
1.0864680020e+00   6.5384381532e-06
1.0942843185e+00   6.6132745209e-06
1.1021006351e+00   6.6914405758e-06
1.1099169516e+00   6.7731733158e-06
1.1177332682e+00   6.8587327938e-06
1.1255495848e+00   6.9484049935e-06
1.1333659013e+00   7.0425051441e-06
1.1411822179e+00   7.1413815588e-06
1.1489985344e+00   7.2454200931e-06
1.1568148510e+00   7.3550493443e-06
1.1646311676e+00   7.4707467396e-06
1.1724474841e+00   7.5930456952e-06
1.1802638007e+00   7.7225440719e-06
1.1880801172e+00   7.8599142136e-06
1.1958964338e+00   8.0059149196e-06
1.2037127504e+00   8.1614058046e-06
1.2115290669e+00   8.3273646177e-06
1.2193453835e+00   8.5049082603e-06
1.2271617000e+00   8.6953184547e-06
1.2349780166e+00   8.9000733144e-06
1.2427943332e+00   9.1208864575e-06
1.2506106497e+00   9.3597558592e-06
1.2584269663e+00   9.6190253860e-06
1.2662432829e+00   9.9014630366e-06
1.2740595994e+00   1.0210361424e-05
1.2818759160e+00   1.0549668243e-05
1.2896922325e+00   1.0924157718e-05
1.2975085491e+00   1.1339658865e-05
1.3053248657e+00   1.1803363817e-05
1.3131411822e+00   1.2324251030e-05
1.3209574988e+00   1.2913676590e-05
1.3287738153e+00   1.3586217049e-05
1.3365901319e+00   1.4360898156e-05
1.3444064485e+00   1.5263032624e-05
1.3522227650e+00   1.6327050854e-05
1.3600390816e+00   1.7601012457e-05
1.3678553981e+00   1.9154090810e-05
1.3756717147e+00   2.1089598396e-05
1.3834880313e+00   2.3569011881e-05
1.3913043478e+00   2.6859609520e-05
1.3991206644e+00   3.1438098902e-05
1.4069369809e+00   3.8245714509e-05
1.4147532975e+00   4.9436275361e-05
1.4225696141e+00   7.1256587915e-05
1.4303859306e+00   1.3256864467e-04
1.4382022472e+00   1.3629230796e-03
1.4460185638e+00   1.5576337224e-04
1.4538348803e+00   7.1706498403e-05
1.4616511969e+00   4.5715402041e-05
1.4694675134e+00   3.3068056555e-05
1.4772838300e+00   2.5586659737e-05
1.4851001466e+00   2.0642278277e-05
1.4929164631e+00   1.7131078372e-05
1.5007327797e+00   1.4508475390e-05
1.5085490962e+00   1.2474776324e-05
1.5163654128e+00   1.0851436071e-05
1.5241817294e+00   9.5254600726e-06
1.5319980459e+00   8.4218507525e-06
1.5398143625e+00   7.4888744227e-06
1.5476306790e+00   6.6896902896e-06
1.5554469956e+00   5.9973510301e-06
1.5632633122e+00   5.3916904170e-06
1.5710796287e+00   4.8573166556e-06
1.5788959453e+00   4.3822784132e-06
1.5867122618e+00   3.9571544068e-06
1.5945285784e+00   3.5744175573e-06
1.6023448950e+00   3.5608162561e-06
1.6101612115e+00   3.5705673515e-06
1.6179775281e+00   3.5803241986e-06
1.6257938447e+00   3.5900873464e-06
1.6336101612e+00   3.5998573413e-06
1.6414264778e+00   6.0388172636e-06
1.6492427943e+00   6.0551508010e-06
1.6570591109e+00   6.0714983808e-06
1.6648754275e+00   6.0878609085e-06
1.6726917440e+00   6.1042392907e-06
1.6805080606e+00   6.1206344360e-06
1.6883243771e+00   6.1370472564e-06
1.6961406937e+00   6.1534786679e-06
1.7039570103e+00   6.1699295915e-06
1.7117733268e+00   6.1864009540e-06
1.7195896434e+00   6.2028936903e-06
1.7274059599e+00   6.2194087422e-06
1.7352222765e+00   6.2359470610e-06
1.7430385931e+00   6.2525096083e-06
1.7508549096e+00   6.2690973572e-06
1.7586712262e+00   6.2857112925e-06
1.7664875427e+00   6.3023524124e-06
1.7743038593e+00   6.3190217302e-06
1.7821201759e+00   6.3357202745e-06
1.7899364924e+00   6.3524490908e-06
1.7977528090e+00   6.3692092424e-06
1.8055691255e+00   6.3860018127e-06
1.8133854421e+00   6.4028279041e-06
1.8212017587e+00   6.4196886421e-06
1.8290180752e+00   6.4365851740e-06
1.8368343918e+00   6.4535186726e-06
1.8446507084e+00   6.4704903357e-06
1.8524670249e+00   6.4875013884e-06
1.8602833415e+00   6.5045530838e-06
1.8680996580e+00   6.5216467059e-06
1.8759159746e+00   6.5387835694e-06
1.8837322912e+00   6.5559650218e-06
1.8915486077e+00   6.5731924457e-06
1.8993649243e+00   6.5904672594e-06
1.9071812408e+00   6.6077909195e-06
1.9149975574e+00   6.6251649216e-06
1.9228138740e+00   6.6425908027e-06
1.9306301905e+00   6.6600701426e-06
1.9384465071e+00   6.6776045666e-06
1.9462628236e+00   6.6951957460e-06
1.9540791402e+00   6.7128454016e-06
1.9618954568e+00   6.7305553049e-06
1.9697117733e+00   6.7483272800e-06
1.9775280899e+00   6.7661632064e-06
1.9853444064e+00   6.7840650204e-06
1.9931607230e+00   6.8020347189e-06
2.0009770396e+00   6.8200743595e-06
2.0087933561e+00   6.8381860656e-06
2.0166096727e+00   6.8563720266e-06
2.0244259893e+00   6.8746345021e-06
2.0322423058e+00   6.8929758239e-06
2.0400586224e+00   6.9113983993e-06
2.0478749389e+00   6.9299047136e-06
2.0556912555e+00   6.9484973332e-06
2.0635075721e+00   6.9671789092e-06
2.0713238886e+00   6.9859521801e-06
2.0791402052e+00   7.0048199756e-06
2.0869565217e+00   7.0237852202e-06
2.0947728383e+00   7.0428509362e-06
2.1025891549e+00   7.0620202484e-06
2.1104054714e+00   7.0812963879e-06
2.1182217880e+00   7.1006826955e-06
2.1260381045e+00   7.1201826269e-06
2.1338544211e+00   7.1397997567e-06
2.1416707377e+00   7.1595377833e-06
2.1494870542e+00   7.1794005337e-06
2.1573033708e+00   7.1993919687e-06
2.1651196873e+00   7.2195161877e-06
2.1729360039e+00   7.2397774351e-06
2.1807523205e+00   7.2601801054e-06
2.1885686370e+00   7.2807287496e-06
2.1963849536e+00   7.3014280814e-06
2.2042012702e+00   7.3222829838e-06
2.2120175867e+00   7.3432985161e-06
2.2198339033e+00   7.3644799212e-06
2.2276502198e+00   7.3858326329e-06
2.2354665364e+00   7.4073622845e-06
2.2432828530e+00   7.4290747165e-06
2.2510991695e+00   7.4509759857e-06
2.2589154861e+00   7.4730723743e-06
2.2667318026e+00   7.4953703994e-06
2.2745481192e+00   7.5178768237e-06
2.2823644358e+00   7.5405986656e-06
2.2901807523e+00   7.5635432105e-06
2.2979970689e+00   7.5867180233e-06
2.3058133854e+00   7.6101309596e-06
2.3136297020e+00   7.6337901799e-06
2.3214460186e+00   7.6577041629e-06
2.3292623351e+00   7.6818817201e-06
2.3370786517e+00   7.7063320114e-06
2.3448949682e+00   7.7310645610e-06
2.3527112848e+00   7.7560892746e-06
2.3605276014e+00   7.7814164580e-06
2.3683439179e+00   7.8070568355e-06
2.3761602345e+00   7.8330215706e-06
2.3839765511e+00   7.8593222878e-06
2.3917928676e+00   7.8859710943e-06
2.3996091842e+00   7.9129806055e-06
2.4074255007e+00   7.9403639692e-06
2.4152418173e+00   7.9681348938e-06
2.4230581339e+00   7.9963076769e-06
2.4308744504e+00   8.0248972354e-06
2.4386907670e+00   8.0539191387e-06
2.4465070835e+00   8.0833896435e-06
2.4543234001e+00   8.1133257300e-06
2.4621397167e+00   8.1437451417e-06
2.4699560332e+00   8.1746664284e-06
2.4777723498e+00   8.2061089888e-06
2.4855886663e+00   8.2380931207e-06
2.4934049829e+00   8.2706400711e-06
2.5012212995e+00   8.3037720905e-06
2.5090376160e+00   8.3375124928e-06
2.5168539326e+00   8.3718857166e-06
2.5246702491e+00   8.4069173945e-06
2.5324865657e+00   8.4426344231e-06
2.5403028823e+00   8.4790650430e-06
2.5481191988e+00   8.5162389206e-06
2.5559355154e+00   8.5541872387e-06
2.5637518319e+00   8.5929427934e-06
2.5715681485e+00   8.6325400979e-06
2.5793844651e+00   8.6730154954e-06
2.5872007816e+00   8.7144072814e-06
2.5950170982e+00   8.7567558343e-06
2.6028334148e+00   8.8001037582e-06
2.6106497313e+00   8.8444960371e-06
2.6184660479e+00   8.8899802033e-06
2.6262823644e+00   8.9366065172e-06
2.6340986810e+00   8.9844281673e-06
2.6419149976e+00   9.0335014835e-06
2.6497313141e+00   9.0838861726e-06
2.6575476307e+00   9.1356455744e-06
2.6653639472e+00   9.1888469413e-06
2.6731802638e+00   9.2435617444e-06
2.6809965804e+00   9.2998660084e-06
2.6888128969e+00   9.3578406803e-06
2.6966292135e+00   9.4175720333e-06
2.7044455300e+00   9.4791521124e-06
2.7122618466e+00   9.5426792244e-06
2.7200781632e+00   9.6082584799e-06
2.7278944797e+00   9.6760023919e-06
2.7357107963e+00   9.7460315393e-06
2.7435271128e+00   9.8184753033e-06
2.7513434294e+00   9.8934726856e-06
2.7591597460e+00   9.9711732209e-06
2.7669760625e+00   1.0051737994e-05
2.7747923791e+00   1.0135340777e-05
2.7826086957e+00   1.0222169307e-05
2.7904250122e+00   1.0312426718e-05
2.7982413288e+00   1.0406333152e-05
2.8060576453e+00   1.0504127584e-05
2.8138739619e+00   1.0606069876e-05
2.8216902785e+00   1.0712443119e-05
2.8295065950e+00   1.0823556286e-05
2.8373229116e+00   1.0939747263e-05
2.8451392281e+00   1.1061386318e-05
2.8529555447e+00   1.1188880081e-05
2.8607718613e+00   1.1322676119e-05
2.8685881778e+00   1.1463268229e-05
2.8764044944e+00   1.1611202575e-05
2.8842208109e+00   1.1767084819e-05
2.8920371275e+00   1.1931588460e-05
2.8998534441e+00   1.2105464615e-05
2.9076697606e+00   1.2289553537e-05
2.9154860772e+00   1.2484798256e-05
2.9233023937e+00   1.2692260798e-05
2.9311187103e+00   1.2913141576e-05
2.9389350269e+00   1.3148802704e-05
2.9467513434e+00   1.3400796193e-05
2.9545676600e+00   1.3670898248e-05
2.9623839766e+00   1.3961151291e-05
2.9702002931e+00   1.4273915793e-05
2.9780166097e+00   1.4611934723e-05
2.9858329262e+00   1.4978414311e-05
2.9936492428e+00   1.5377126196e-05
3.0014655594e+00   1.5812537838e-05
3.0092818759e+00   1.6289980777e-05
3.0170981925e+00   1.6815870202e-05
3.0249145090e+00   1.7397986933e-05
3.0327308256e+00   1.8045885558e-05
3.0405471422e+00   1.8771410490e-05
3.0483634587e+00   1.9589424505e-05
3.0561797753e+00   2.0518840818e-05
3.0639960918e+00   2.1584103854e-05
3.0718124084e+00   2.2817370884e-05
3.0796287250e+00   2.4261814667e-05
3.0874450415e+00   2.5976782079e-05
3.0952613581e+00   2.8046151313e-05
3.1030776746e+00   3.0592468111e-05
3.1108939912e+00   3.3802130597e-05
3.1187103078e+00   3.7973206229e-05
3.1265266243e+00   4.3613788533e-05
3.1343429409e+00   5.1666539833e-05
3.1421592574e+00   6.4099659818e-05
3.1499755740e+00   8.5822524269e-05
3.1577918906e+00   1.3345614974e-04
3.1656082071e+00   3.2186169992e-04
3.1734245237e+00   6.5543070666e-04
3.1812408403e+00   1.5561362244e-04
3.1890571568e+00   1.0353941408e-04
3.1968734734e+00   7.0222935590e-05
3.2046897899e+00   5.2319287605e-05
3.2125061065e+00   4.1142336991e-05
3.2203224231e+00   3.3500677095e-05
3.2281387396e+00   2.7946064698e-05
3.2359550562e+00   2.3726254831e-05
3.2437713727e+00   2.0411741294e-05
3.2515876893e+00   1.7739440191e-05
3.2594040059e+00   1.5539202938e-05
3.2672203224e+00   1.3696108954e-05
3.2750366390e+00   1.2129739485e-05
3.2828529555e+00   1.0782133604e-05
3.2906692721e+00   9.6104601904e-06
3.2984855887e+00   8.5823834899e-06
3.3063019052e+00   7.7307760688e-06
3.3141182218e+00   7.7475264562e-06
3.3219345383e+00   7.7643632809e-06
3.3297508549e+00   7.7812898241e-06
3.3375671715e+00   7.7983094148e-06
3.3453834880e+00   7.8154254338e-06
3.3531998046e+00   7.8326413126e-06
3.3610161212e+00   7.8499605372e-06
3.3688324377e+00   7.8673866499e-06
3.3766487543e+00   7.8849232508e-06
3.3844650708e+00   7.9025740000e-06
3.3922813874e+00   7.9203426204e-06
3.4000977040e+00   7.9382328992e-06
3.4079140205e+00   7.9562486905e-06
3.4157303371e+00   7.9743939185e-06
3.4235466536e+00   7.9926725784e-06
3.4313629702e+00   8.0110887404e-06
3.4391792868e+00   8.0296465525e-06
3.4469956033e+00   8.0483502420e-06
3.4548119199e+00   8.0672041198e-06
3.4626282364e+00   8.0862125830e-06
3.4704445530e+00   8.1053801173e-06
3.4782608696e+00   8.1247113022e-06
3.4860771861e+00   8.1442108122e-06
3.4938935027e+00   8.1638834219e-06
3.5017098192e+00   8.1837340093e-06
3.5095261358e+00   8.2037675599e-06
3.5173424524e+00   8.2239891702e-06
3.5251587689e+00   8.2444040521e-06
3.5329750855e+00   8.2650175379e-06
3.5407914021e+00   8.2858350844e-06
3.5486077186e+00   8.3068622774e-06
3.5564240352e+00   8.3281048376e-06
3.5642403517e+00   8.3495686248e-06
3.5720566683e+00   8.3712596440e-06
3.5798729849e+00   8.3931840512e-06
3.5876893014e+00   8.4153481589e-06
3.5955056180e+00   8.4377584429e-06
3.6033219345e+00   8.4604215483e-06
3.6111382511e+00   8.4833442969e-06
3.6189545677e+00   8.5065336935e-06
3.6267708842e+00   8.5299969344e-06
3.6345872008e+00   8.5537414147e-06
3.6424035173e+00   8.5777747367e-06
3.6502198339e+00   8.6021047185e-06
3.6580361505e+00   8.6267394032e-06
3.6658524670e+00   8.6516870680e-06
3.6736687836e+00   8.6769562350e-06
3.6814851001e+00   8.7025556801e-06
3.6893014167e+00   8.7284944470e-06
3.6971177333e+00   8.7547818555e-06
3.7049340498e+00   8.7814275157e-06
3.7127503664e+00   8.8084413397e-06
3.7205666830e+00   8.8358335564e-06
3.7283829995e+00   8.8636147249e-06
3.7361993161e+00   8.8917957492e-06
3.7440156326e+00   8.9203878949e-06
3.7518319492e+00   8.9494028052e-06
3.7596482658e+00   8.9788525180e-06
3.7674645823e+00   9.0087494861e-06
3.7752808989e+00   9.0391065951e-06
3.7830972154e+00   9.0699371855e-06
3.7909135320e+00   9.1012550727e-06
3.7987298486e+00   9.1330745728e-06
3.8065461651e+00   9.1654105243e-06
3.8143624817e+00   9.1982783159e-06
3.8221787982e+00   9.2316939135e-06
3.8299951148e+00   9.2656738893e-06
3.8378114314e+00   9.3002354521e-06
3.8456277479e+00   9.3353964809e-06
3.8534440645e+00   9.3711755594e-06
3.8612603810e+00   9.4075920128e-06
3.8690766976e+00   9.4446659473e-06
3.8768930142e+00   9.4824182915e-06
3.8847093307e+00   9.5208708417e-06
3.8925256473e+00   9.5600463081e-06
3.9003419638e+00   9.5999683665e-06
3.9081582804e+00   9.6406617117e-06
3.9159745970e+00   9.6821521140e-06
3.9237909135e+00   9.7244664825e-06
3.9316072301e+00   9.7676329291e-06
3.9394235467e+00   9.8116808396e-06
3.9472398632e+00   9.8566409481e-06
3.9550561798e+00   9.9025454181e-06
3.9628724963e+00   9.9494279285e-06
3.9706888129e+00   9.9973237661e-06
3.9785051295e+00   1.0046269925e-05
3.9863214460e+00   1.0096305215e-05
3.9941377626e+00   1.0147470371e-05
4.0019540791e+00   1.0199808186e-05
4.0097703957e+00   1.0253363636e-05
4.0175867123e+00   1.0308184027e-05
4.0254030288e+00   1.0364319152e-05
4.0332193454e+00   1.0421821456e-05
4.0410356619e+00   1.0480746218e-05
4.0488519785e+00   1.0541151752e-05
4.0566682951e+00   1.0603099612e-05
4.0644846116e+00   1.0666654831e-05
4.0723009282e+00   1.0731886170e-05
4.0801172447e+00   1.0798866389e-05
4.0879335613e+00   1.0867672549e-05
4.0957498779e+00   1.0938386334e-05
4.1035661944e+00   1.1011094408e-05
4.1113825110e+00   1.1085888802e-05
4.1191988276e+00   1.1162867338e-05
4.1270151441e+00   1.1242134095e-05
4.1348314607e+00   1.1323799922e-05
4.1426477772e+00   1.1407982997e-05
4.1504640938e+00   1.1494809448e-05
4.1582804104e+00   1.1676226683e-05
4.1660967269e+00   1.1769348375e-05
4.1739130435e+00   1.1865566323e-05
4.1817293600e+00   1.1965047094e-05
4.1895456766e+00   1.2067969502e-05
4.1973619932e+00   1.2174525765e-05
4.2051783097e+00   1.2284922786e-05
4.2129946263e+00   1.2399383584e-05
4.2208109428e+00   1.2518148898e-05
4.2286272594e+00   1.2641478987e-05
4.2364435760e+00   1.2769655651e-05
4.2442598925e+00   1.2902984511e-05
4.2520762091e+00   1.3041797579e-05
4.2598925256e+00   1.3186456181e-05
4.2677088422e+00   1.3337354260e-05
4.2755251588e+00   1.3494922148e-05
4.2833414753e+00   1.3659630871e-05
4.2911577919e+00   1.3831997075e-05
4.2989741085e+00   1.4012588691e-05
4.3067904250e+00   1.4202031466e-05
4.3146067416e+00   1.4401016510e-05
4.3224230581e+00   1.4610309065e-05
4.3302393747e+00   1.4830758721e-05
4.3380556913e+00   1.5063311368e-05
4.3458720078e+00   1.5309023243e-05
4.3536883244e+00   1.5569077504e-05
4.3615046409e+00   1.5844803889e-05
4.3693209575e+00   1.6137702144e-05
4.3771372741e+00   1.6449470086e-05
4.3849535906e+00   1.6782037427e-05
4.3927699072e+00   1.7137606763e-05
4.4005862237e+00   1.7518703576e-05
4.4084025403e+00   1.7928237658e-05
4.4162188569e+00   1.8369579100e-05
4.4240351734e+00   1.8846653058e-05
4.4318514900e+00   1.9364058938e-05
4.4396678065e+00   1.9927221661e-05
4.4474841231e+00   2.0542585574e-05
4.4553004397e+00   2.1217865706e-05
4.4631167562e+00   2.1962377189e-05
4.4709330728e+00   2.2787472765e-05
4.4787493894e+00   2.3707132150e-05
4.4865657059e+00   2.4738768511e-05
4.4943820225e+00   2.5904351490e-05
4.5021983390e+00   2.7232001867e-05
4.5100146556e+00   2.8758306333e-05
4.5178309722e+00   3.0531762648e-05
4.5256472887e+00   3.2618056245e-05
4.5334636053e+00   3.5108414550e-05
4.5412799218e+00   3.8133358917e-05
4.5490962384e+00   4.1886413675e-05
4.5569125550e+00   4.6667337633e-05
4.5647288715e+00   5.2966615589e-05
4.5725451881e+00   6.1645841268e-05
4.5803615046e+00   7.4370578507e-05
4.5881778212e+00   9.4833428244e-05
4.5959941378e+00   1.3318626669e-04
4.6038104543e+00   2.3114046483e-04
4.6116267709e+00   1.0123650139e-03
4.6194430874e+00   3.9682895840e-04
4.6272594040e+00   1.6101041040e-04
4.6350757206e+00   9.9009542139e-05
4.6428920371e+00   7.0397980728e-05
4.6507083537e+00   5.3923542348e-05
4.6585246702e+00   4.3213130909e-05
4.6663409868e+00   3.5690944448e-05
4.6741573034e+00   3.0116952411e-05
4.6819736199e+00   2.5820383007e-05
4.6897899365e+00   2.2406692732e-05
4.6976062531e+00   1.9628648017e-05
4.7054225696e+00   1.7323443763e-05
4.7132388862e+00   1.5379498571e-05
4.7210552027e+00   1.3717778098e-05
4.7288715193e+00   1.2280734642e-05
4.7366878359e+00   1.1025470059e-05
4.7445041524e+00   9.9193531577e-06
4.7523204690e+00   8.9371216150e-06
4.7601367855e+00   8.0589130888e-06
4.7679531021e+00   7.3006836427e-06
4.7757694187e+00   7.3242287713e-06
4.7835857352e+00   7.3477948608e-06
4.7914020518e+00   7.3713815192e-06
4.7992183683e+00   7.3949883357e-06
4.8070346849e+00   7.4186148813e-06
4.8148510015e+00   7.4422607108e-06
4.8226673180e+00   7.4659253642e-06
4.8304836346e+00   7.4896083673e-06
4.8382999511e+00   7.5133092335e-06
4.8461162677e+00   7.5370274653e-06
4.8539325843e+00   7.5607625556e-06
4.8617489008e+00   7.5845139888e-06
4.8695652174e+00   7.6082812423e-06
4.8773815340e+00   7.6320637885e-06
4.8851978505e+00   7.6558610956e-06
4.8930141671e+00   7.6796726295e-06
4.9008304836e+00   7.7034976512e-06
4.9086468002e+00   7.7273355392e-06
4.9164631168e+00   7.7511859834e-06
4.9242794333e+00   7.7750484469e-06
4.9320957499e+00   7.7989223974e-06
4.9399120664e+00   7.8228073086e-06
4.9477283830e+00   7.8467026619e-06
4.9555446996e+00   6.6721963755e-06
4.9633610161e+00   6.6924243539e-06
4.9711773327e+00   6.7126594799e-06
4.9789936492e+00   6.7329013487e-06
4.9868099658e+00   6.7531495696e-06
4.9946262824e+00   6.7734037668e-06
5.0024425989e+00   6.7936635820e-06
5.0102589155e+00   6.8139286748e-06
5.0180752320e+00   6.8341987255e-06
5.0258915486e+00   6.8544734356e-06
5.0337078652e+00   6.8747525304e-06
5.0415241817e+00   6.8950357603e-06
5.0493404983e+00   6.9153229026e-06
5.0571568149e+00   6.9356137636e-06
5.0649731314e+00   6.9559081797e-06
5.0727894480e+00   6.9762060205e-06
5.0806057645e+00   6.9965071894e-06
5.0884220811e+00   7.0168116262e-06
5.0962383977e+00   7.0371193098e-06
5.1040547142e+00   7.0574302589e-06
5.1118710308e+00   7.0777445351e-06
5.1196873473e+00   7.0980622447e-06
5.1275036639e+00   7.1183835414e-06
5.1353199805e+00   7.1387086276e-06
5.1431362970e+00   7.1590377581e-06
5.1509526136e+00   7.1793712411e-06
5.1587689301e+00   7.1997094423e-06
5.1665852467e+00   7.2200527855e-06
5.1744015633e+00   7.2404017573e-06
5.1822178798e+00   7.2607569078e-06
5.1900341964e+00   7.2811188554e-06
5.1978505129e+00   7.3014882878e-06
5.2056668295e+00   7.3218659663e-06
5.2134831461e+00   7.3422527279e-06
5.2212994626e+00   7.3626494893e-06
5.2291157792e+00   7.3830572496e-06
5.2369320957e+00   7.4034770936e-06
5.2447484123e+00   7.4239101955e-06
5.2525647289e+00   7.4443578221e-06
5.2603810454e+00   7.4648213375e-06
5.2681973620e+00   7.4853022053e-06
5.2760136786e+00   7.5058019938e-06
5.2838299951e+00   7.5263223798e-06
5.2916463117e+00   7.5468651524e-06
5.2994626282e+00   7.5674322183e-06
5.3072789448e+00   7.5880256052e-06
5.3150952614e+00   7.6086474672e-06
5.3229115779e+00   7.6293000898e-06
5.3307278945e+00   7.6499858948e-06
5.3385442110e+00   7.6707074453e-06
5.3463605276e+00   7.6914674521e-06
5.3541768442e+00   7.7122687780e-06
5.3619931607e+00   7.7331144453e-06
5.3698094773e+00   7.7540076414e-06
5.3776257938e+00   7.7749517247e-06
5.3854421104e+00   7.7959502321e-06
5.3932584270e+00   7.8170068861e-06
5.4010747435e+00   7.8381256019e-06
5.4088910601e+00   7.8593104952e-06
5.4167073766e+00   7.8805658898e-06
5.4245236932e+00   7.9018963272e-06
5.4323400098e+00   7.9233065744e-06
5.4401563263e+00   7.9448016338e-06
5.4479726429e+00   7.9663867523e-06
5.4557889595e+00   7.9880674321e-06
5.4636052760e+00   8.0098494411e-06
5.4714215926e+00   8.0317388244e-06
5.4792379091e+00   8.0537419158e-06
5.4870542257e+00   8.0758653504e-06
5.4948705423e+00   8.0981160780e-06
5.5026868588e+00   8.1205013763e-06
5.5105031754e+00   8.1430288657e-06
5.5183194919e+00   8.1657065255e-06
5.5261358085e+00   8.1885427086e-06
5.5339521251e+00   8.2115461595e-06
5.5417684416e+00   8.2347260323e-06
5.5495847582e+00   8.2580919099e-06
5.5574010747e+00   8.2816538240e-06
5.5652173913e+00   8.3054222767e-06
5.5730337079e+00   8.3294082634e-06
5.5808500244e+00   8.3536232960e-06
5.5886663410e+00   8.3780794303e-06
5.5964826575e+00   8.4027892913e-06
5.6042989741e+00   8.4277661035e-06
5.6121152907e+00   8.4530237205e-06
5.6199316072e+00   8.4785766590e-06
5.6277479238e+00   8.5044401323e-06
5.6355642404e+00   8.5306300889e-06
5.6433805569e+00   8.5571632510e-06
5.6511968735e+00   8.5840571576e-06
5.6590131900e+00   8.6113302098e-06
5.6668295066e+00   8.6390017186e-06
5.6746458232e+00   8.6670919584e-06
5.6824621397e+00   8.6956222201e-06
5.6902784563e+00   8.7246148888e-06
5.6980947728e+00   8.7540934972e-06
5.7059110894e+00   8.7840827327e-06
5.7137274060e+00   8.8146086007e-06
5.7215437225e+00   8.8456984703e-06
5.7293600391e+00   8.8773811616e-06
5.7371763556e+00   5.6106641559e-06
5.7449926722e+00   5.6313478353e-06
5.7528089888e+00   5.6524639947e-06
5.7606253053e+00   5.6740350147e-06
5.7684416219e+00   5.6960845290e-06
5.7762579384e+00   5.7186375090e-06
5.7840742550e+00   5.7417203587e-06
5.7918905716e+00   5.7653610153e-06
5.7997068881e+00   5.7895890607e-06
5.8075232047e+00   5.8144358410e-06
5.8153395213e+00   5.8399345986e-06
5.8231558378e+00   5.8661206153e-06
5.8309721544e+00   5.8930313692e-06
5.8387884709e+00   5.9207067063e-06
5.8466047875e+00   5.9491890297e-06
5.8544211041e+00   5.9785235049e-06
5.8622374206e+00   6.0087582886e-06
5.8700537372e+00   6.0399447788e-06
5.8778700537e+00   6.0721378911e-06
5.8856863703e+00   6.1053963640e-06
5.8935026869e+00   6.1397830979e-06
5.9013190034e+00   6.1753655285e-06
5.9091353200e+00   6.2122160446e-06
5.9169516365e+00   6.2504124503e-06
5.9247679531e+00   6.2900384839e-06
5.9325842697e+00   6.3311843921e-06
5.9404005862e+00   6.3739475799e-06
5.9482169028e+00   6.4184333343e-06
5.9560332193e+00   6.4647556408e-06
5.9638495359e+00   6.5130381027e-06
5.9716658525e+00   6.5634149822e-06
5.9794821690e+00   6.6160323763e-06
5.9872984856e+00   6.6710495562e-06
5.9951148021e+00   6.7286404898e-06
6.0029311187e+00   6.7889955847e-06
6.0107474353e+00   6.8523236813e-06
6.0185637518e+00   6.9188543471e-06
6.0263800684e+00   6.9888405214e-06
6.0341963850e+00   7.0625615773e-06
6.0420127015e+00   7.1403268751e-06
6.0498290181e+00   7.2224799108e-06
6.0576453346e+00   7.3094031690e-06
6.0654616512e+00   7.4015238306e-06
6.0732779678e+00   7.4993205135e-06
6.0810942843e+00   7.6033312730e-06
6.0889106009e+00   7.7141631415e-06
6.0967269174e+00   7.8325035708e-06
6.1045432340e+00   7.9591342277e-06
6.1123595506e+00   8.0949477332e-06
6.1201758671e+00   8.2409681039e-06
6.1279921837e+00   8.3983758835e-06
6.1358085002e+00   8.5685392759e-06
6.1436248168e+00   8.7530530151e-06
6.1514411334e+00   8.9537873188e-06
6.1592574499e+00   9.1729501086e-06
6.1670737665e+00   9.4131668928e-06
6.1748900830e+00   9.6775844540e-06
6.1827063996e+00   9.9700070470e-06
6.1905227162e+00   1.0295077653e-05
6.1983390327e+00   1.0658522702e-05
6.2061553493e+00   1.1067487789e-05
6.2139716659e+00   1.1531006473e-05
6.2217879824e+00   1.2060668049e-05
6.2296042990e+00   1.2671590339e-05
6.2374206155e+00   1.3383873421e-05
6.2452369321e+00   1.4224836604e-05
6.2530532487e+00   1.5232579589e-05
6.2608695652e+00   1.6461882348e-05
6.2686858818e+00   1.7994455932e-05
6.2765021983e+00   1.9957812114e-05
6.2843185149e+00   2.2562584215e-05
6.2921348315e+00   2.6183446352e-05
6.2999511480e+00   3.1557418102e-05
6.3077674646e+00   4.0361568960e-05
6.3155837811e+00   5.7413427577e-05
6.3234000977e+00   1.0449245507e-04
6.3312164143e+00   8.4357512138e-04
6.3390327308e+00   1.2835082013e-04
6.3468490474e+00   5.7398386189e-05
6.3546653639e+00   3.5998540965e-05
6.3624816805e+00   2.5677995709e-05
6.3702979971e+00   1.9603196577e-05
6.3781143136e+00   1.5602011946e-05
6.3859306302e+00   1.2768134823e-05
6.3937469468e+00   1.0656252296e-05
6.4015632633e+00   9.0220059301e-06
6.4093795799e+00   7.7201283688e-06
6.4171958964e+00   7.3941034739e-07
6.4250122130e+00   6.4135275475e-07
6.4328285296e+00   5.5862677547e-07
6.4406448461e+00   4.8791459866e-07
6.4484611627e+00   4.5996202010e-07
6.4562774792e+00   4.6078390551e-07
6.4640937958e+00   4.6161048837e-07
6.4719101124e+00   4.6244199436e-07
6.4797264289e+00   4.6327865186e-07
6.4875427455e+00   4.6412069208e-07
6.4953590620e+00   4.6496834865e-07
6.5031753786e+00   4.6582185788e-07
6.5109916952e+00   4.6668145915e-07
6.5188080117e+00   4.6754739496e-07
6.5266243283e+00   4.6841991087e-07
6.5344406448e+00   4.6929925534e-07
6.5422569614e+00   4.7018568054e-07
6.5500732780e+00   4.7107944145e-07
6.5578895945e+00   4.7198079759e-07
6.5657059111e+00   4.7289001128e-07
6.5735222277e+00   4.7380734888e-07
6.5813385442e+00   4.7473308072e-07
6.5891548608e+00   4.7566748122e-07
6.5969711773e+00   4.7661082896e-07
6.6047874939e+00   4.7756340712e-07
6.6126038105e+00   4.7852550315e-07
6.6204201270e+00   4.7949740906e-07
6.6282364436e+00   4.8047942228e-07
6.6360527601e+00   4.8147184448e-07
6.6438690767e+00   4.8247498307e-07
6.6516853933e+00   4.8348915091e-07
6.6595017098e+00   4.8451466634e-07
6.6673180264e+00   4.8555185337e-07
6.6751343429e+00   4.8660104219e-07
6.6829506595e+00   4.8766256934e-07
6.6907669761e+00   4.8873677773e-07
6.6985832926e+00   4.8982401714e-07
6.7063996092e+00   4.9092464420e-07
6.7142159257e+00   4.9203902283e-07
6.7220322423e+00   4.9316752467e-07
6.7298485589e+00   4.9431052921e-07
6.7376648754e+00   4.9546842394e-07
6.7454811920e+00   4.9664160527e-07
6.7532975085e+00   4.9783047764e-07
6.7611138251e+00   4.9903545545e-07
6.7689301417e+00   5.0025696244e-07
6.7767464582e+00   5.0149543210e-07
6.7845627748e+00   5.0275130847e-07
6.7923790914e+00   5.0402504618e-07
6.8001954079e+00   5.0531711148e-07
6.8080117245e+00   5.0662798183e-07
6.8158280410e+00   5.0795814717e-07
6.8236443576e+00   5.0930811020e-07
6.8314606742e+00   5.1067838647e-07
6.8392769907e+00   5.1206950602e-07
6.8470933073e+00   5.1348201262e-07
6.8549096238e+00   5.1491646554e-07
6.8627259404e+00   5.1637343969e-07
6.8705422570e+00   5.1785352613e-07
6.8783585735e+00   5.1935733342e-07
6.8861748901e+00   5.2088548762e-07
6.8939912066e+00   5.2243863378e-07
6.9018075232e+00   5.2401743671e-07
6.9096238398e+00   5.2562258138e-07
6.9174401563e+00   5.2725477414e-07
6.9252564729e+00   5.2891474418e-07
6.9330727894e+00   5.3060324366e-07
6.9408891060e+00   5.3232104981e-07
6.9487054226e+00   5.3406896528e-07
6.9565217391e+00   5.3584782000e-07
6.9643380557e+00   5.3765847206e-07
6.9721543723e+00   5.3950180987e-07
6.9799706888e+00   5.4137875208e-07
6.9877870054e+00   5.4329025113e-07
6.9956033219e+00   5.4523729309e-07
7.0034196385e+00   5.4722090101e-07
7.0112359551e+00   5.4924213546e-07
7.0190522716e+00   5.5130209714e-07
7.0268685882e+00   5.5340192970e-07
7.0346849047e+00   5.5554281992e-07
7.0425012213e+00   5.5772600217e-07
7.0503175379e+00   5.5995276016e-07
7.0581338544e+00   5.6222442941e-07
7.0659501710e+00   5.6454240045e-07
7.0737664875e+00   5.6690812139e-07
7.0815828041e+00   5.6932310214e-07
7.0893991207e+00   5.7178891718e-07
7.0972154372e+00   5.7430720862e-07
7.1050317538e+00   5.7687969220e-07
7.1128480703e+00   5.7950815917e-07
7.1206643869e+00   5.8219448336e-07
7.1284807035e+00   5.8494062335e-07
7.1362970200e+00   5.8774863024e-07
7.1441133366e+00   5.9062065098e-07
7.1519296532e+00   5.9355893650e-07
7.1597459697e+00   5.9656584703e-07
7.1675622863e+00   5.9964385887e-07
7.1753786028e+00   6.0279557293e-07
7.1831949194e+00   6.0602372239e-07
7.1910112360e+00   6.0933118065e-07
7.1988275525e+00   6.1272097239e-07
7.2066438691e+00   6.1619628239e-07
7.2144601856e+00   6.1976046707e-07
7.2222765022e+00   6.2341706696e-07
7.2300928188e+00   6.2716981909e-07
7.2379091353e+00   6.3102267106e-07
7.2457254519e+00   6.3497979745e-07
7.2535417684e+00   6.3904561512e-07
7.2613580850e+00   6.4322480213e-07
7.2691744016e+00   1.1738720440e-08
7.2769907181e+00   4.9085606169e-06
7.2848070347e+00   4.9431220600e-06
7.2926233512e+00   4.9787106170e-06
7.3004396678e+00   5.0153743782e-06
7.3082559844e+00   5.0531645711e-06
7.3160723009e+00   5.0921358207e-06
7.3238886175e+00   5.1323464396e-06
7.3317049340e+00   5.1738587450e-06
7.3395212506e+00   5.2167394134e-06
7.3473375672e+00   5.2610598685e-06
7.3551538837e+00   5.3068967139e-06
7.3629702003e+00   5.3543322151e-06
7.3707865169e+00   9.5963765684e-06
7.3786028334e+00   1.1951894969e-05
7.3864191500e+00   1.2372359545e-05
7.3942354665e+00   1.0805752811e-05
7.4020517831e+00   7.1962198874e-06
7.4098680997e+00   1.4836773246e-06
7.4176844162e+00   9.8144073244e-08
7.4255007328e+00   5.2049083374e-06
7.4333170493e+00   1.0043141199e-05
7.4411333659e+00   1.2853770081e-05
7.4489496825e+00   1.3570882640e-05
7.4567659990e+00   1.2122802671e-05
7.4645823156e+00   8.4313973995e-06
7.4723986321e+00   2.4112808557e-06
7.4802149487e+00   1.7603965993e-07
7.4880312653e+00   5.0785946967e-06
7.4958475818e+00   1.0716821793e-05
7.5036638984e+00   1.4138563667e-05
7.5114802149e+00   1.5248694549e-05
7.5192965315e+00   1.3941588961e-05
7.5271128481e+00   1.0099543149e-05
7.5349291646e+00   2.4432953312e-07
7.5427454812e+00   4.9080962935e-06
7.5505617978e+00   1.1573261082e-05
7.5583781143e+00   1.5796818915e-05
7.5661944309e+00   1.7438187365e-05
7.5740107474e+00   1.6336887370e-05
7.5818270640e+00   1.2308730807e-05
7.5896433806e+00   5.1410923296e-06
7.5974596971e+00   3.1450254193e-07
7.6052760137e+00   4.9165548636e-06
7.6130923302e+00   1.3408771975e-05
7.6209086468e+00   1.9089563401e-05
7.6287249634e+00   2.1710882702e-05
7.6365412799e+00   2.0973862326e-05
7.6443575965e+00   1.6514706568e-05
7.6521739130e+00   7.8856007901e-06
7.6599902296e+00   4.0066490812e-07
7.6678065462e+00   5.2307811204e-06
7.6756228627e+00   1.7496006533e-05
7.6834391793e+00   2.6438272955e-05
7.6912554958e+00   3.1523749380e-05
7.6990718124e+00   3.2026874495e-05
7.7068881290e+00   2.6934385405e-05
7.7147044455e+00   1.4785260476e-05
7.7225207621e+00   5.8727692607e-07
7.7303370787e+00   6.9696997987e-06
7.7381533952e+00   3.2924365313e-05
7.7459697118e+00   5.7421797775e-05
7.7537860283e+00   8.0286204438e-05
7.7616023449e+00   1.0111651151e-04
7.7694186615e+00   1.1871916906e-04
7.7772349780e+00   1.2708751432e-04
7.7850512946e+00   1.8585106525e-04
7.7928676111e+00   2.4081019077e-05
7.8006839277e+00   7.5616208464e-05
7.8085002443e+00   7.6225769060e-05
7.8163165608e+00   6.4906382979e-05
7.8241328774e+00   4.9554267462e-05
7.8319491939e+00   3.2819553951e-05
7.8397655105e+00   1.5845742022e-05
7.8475818271e+00   9.6498069400e-08
7.8553981436e+00   6.8564651412e-07
7.8632144602e+00   1.1076860780e-05
7.8710307767e+00   1.5814854853e-05
7.8788470933e+00   1.6634851973e-05
7.8866634099e+00   1.4741268039e-05
7.8944797264e+00   1.0997094924e-05
7.9022960430e+00   6.0376023324e-06
7.9101123596e+00   3.4143871071e-07
7.9179286761e+00   1.5538750440e-09
7.9257449927e+00   4.0712863965e-06
7.9335613092e+00   6.3045210946e-06
7.9413776258e+00   7.3724694416e-06
7.9491939424e+00   7.5418873917e-06
7.9570102589e+00   6.4972015253e-06
7.9648265755e+00   4.2207968364e-06
7.9726428920e+00   6.9510294651e-07
7.9804592086e+00   6.9808544721e-07
7.9882755252e+00   3.7446485210e-08
7.9960918417e+00   3.2510211183e-06
8.0039081583e+00   6.0260413853e-06
8.0117244748e+00   7.5759197357e-06
8.0195407914e+00   7.6080540056e-06
8.0273571080e+00   7.6401934315e-06
8.0351734245e+00   7.6723334638e-06
8.0429897411e+00   7.7044695087e-06
8.0508060576e+00   7.7365969295e-06
8.0586223742e+00   7.7687110493e-06
8.0664386908e+00   7.8008071525e-06
8.0742550073e+00   7.8328804877e-06
8.0820713239e+00   7.8649262691e-06
8.0898876404e+00   7.8969396792e-06
8.0977039570e+00   7.9289158713e-06
8.1055202736e+00   7.9608499708e-06
8.1133365901e+00   7.9927370789e-06
8.1211529067e+00   8.0245722743e-06
8.1289692233e+00   8.0563506159e-06
8.1367855398e+00   8.0880671446e-06
8.1446018564e+00   8.1197168875e-06
8.1524181729e+00   8.1512948588e-06
8.1602344895e+00   8.1827960637e-06
8.1680508061e+00   8.5097173684e-06
8.1758671226e+00   5.0470661305e-06
8.1836834392e+00   1.2579353386e-06
8.1914997557e+00   8.9383218152e-08
8.1993160723e+00   3.2075056529e-06
8.2071323889e+00   6.4287361175e-06
8.2149487054e+00   8.2877296361e-06
8.2227650220e+00   8.7680301101e-06
8.2305813385e+00   7.8534398358e-06
8.2383976551e+00   5.5280343278e-06
8.2462139717e+00   1.7761771566e-06
8.2540302882e+00   1.2542436502e-07
8.2618466048e+00   2.8711420422e-06
8.2696629213e+00   6.3339432497e-06
8.2774792379e+00   9.0059663176e-06
8.2852955545e+00   8.2179154446e-06
8.2931118710e+00   5.9861377949e-06
8.3009281876e+00   2.2958055159e-06
8.3087445042e+00   1.4649419227e-07
8.3165608207e+00   2.4831363161e-06
8.3243771373e+00   6.1801507499e-06
8.3321934538e+00   8.4407723473e-06
8.3400097704e+00   9.2501262232e-06
8.3478260870e+00   8.5937035508e-06
8.3556424035e+00   2.8187473991e-06
8.3634587201e+00   1.5171254201e-07
8.3712750366e+00   2.0550219877e-06
8.3790913532e+00   5.9896800284e-06
8.3869076698e+00   8.4550588163e-06
8.3947239863e+00   9.4372327867e-06
8.4025403029e+00   8.9226889246e-06
8.4103566194e+00   6.8983399466e-06
8.4181729360e+00   3.3515372217e-06
8.4259892526e+00   1.4035241713e-07
8.4338055691e+00   5.7615301063e-06
8.4416218857e+00   8.4354260773e-06
8.4494382022e+00   9.5956552432e-06
8.4572545188e+00   9.2298168154e-06
8.4650708354e+00   7.3259765223e-06
8.4728871519e+00   3.8726781194e-06
8.4807034685e+00   1.1049957475e-07
8.4885197851e+00   1.0818237709e-06
8.4963361016e+00   8.3805105396e-06
8.5041524182e+00   9.4892368830e-06
8.5119687347e+00   7.7188028477e-06
8.5197850513e+00   4.3773927030e-06
8.5276013679e+00   6.1613925863e-08
8.5354176844e+00   5.3244925443e-07
8.5432340010e+00   8.2702571933e-06
8.5510503175e+00   9.7966257373e-06
8.5588666341e+00   9.7472401539e-06
8.5666829507e+00   8.1125254569e-06
8.5744992672e+00   4.8834380521e-06
8.5823155838e+00   5.1472893800e-08
8.5901319003e+00   6.8804894520e-10
8.5979482169e+00   4.8479411985e-06
8.6057645335e+00   8.1619758880e-06
8.6135808500e+00   9.8813498716e-06
8.6213971666e+00   9.9974826674e-06
8.6292134831e+00   8.5023363342e-06
8.6370297997e+00   5.3884199893e-06
8.6448461163e+00   6.4879363534e-07
8.6526624328e+00   1.7267842652e-08
8.6604787494e+00   4.4768710462e-06
8.6682950659e+00   8.0132807224e-06
8.6761113825e+00   9.9285038055e-06
8.6839276991e+00   1.0215483068e-05
8.6917440156e+00   8.8677058589e-06
8.6995603322e+00   5.8792046076e-06
8.7073766488e+00   1.2445564734e-06
8.7151929653e+00   8.3182421976e-08
8.7230092819e+00   4.0668732846e-06
8.7308255984e+00   7.8257685971e-06
8.7386419150e+00   9.9392992168e-06
8.7464582316e+00   1.0401861994e-05
8.7542745481e+00   9.2083788028e-06
8.7620908647e+00   6.3542919456e-06
8.7699071812e+00   1.8355584747e-06
8.7777234978e+00   1.3213089002e-07
8.7855398144e+00   3.6202717001e-06
8.7933561309e+00   7.6021976907e-06
8.8011724475e+00   9.9165972555e-06
8.8089887640e+00   1.0559154687e-05
8.8168050806e+00   9.5260313545e-06
8.8246213972e+00   6.8138543714e-06
8.8324377137e+00   2.4197038485e-06
8.8402540303e+00   1.6329397586e-07
8.8480703468e+00   3.1396221650e-06
8.8558866634e+00   7.3466014430e-06
8.8637029800e+00   9.8653128605e-06
8.8715192965e+00   1.0692429292e-05
8.8793356131e+00   9.8250136001e-06
8.8871519297e+00   7.2604978715e-06
8.8949682462e+00   2.9966606135e-06
8.9027845628e+00   1.7606199261e-07
8.9106008793e+00   2.6273397169e-06
8.9184171959e+00   7.0644679248e-06
8.9262335125e+00   9.7930497773e-06
8.9340498290e+00   1.0810259141e-05
8.9418661456e+00   1.0113515142e-05
8.9496824621e+00   7.7004470065e-06
8.9574987787e+00   3.5688556761e-06
8.9653150953e+00   1.6996464841e-07
8.9731314118e+00   2.0851108253e-06
8.9809477284e+00   6.7630755419e-06
8.9887640449e+00   9.7112063197e-06
8.9965803615e+00   1.0926402579e-05
9.0043966781e+00   1.0405572001e-05
9.0122129946e+00   8.1455711332e-06
9.0200293112e+00   4.1431401909e-06
9.0278456277e+00   1.4452019553e-07
9.0356619443e+00   1.5129090099e-06
9.0434782609e+00   6.4521806283e-06
9.0512945774e+00   9.6370776040e-06
9.0591108940e+00   1.1062974159e-05
9.0669272106e+00   1.0724853237e-05
9.0747435271e+00   8.6172014328e-06
9.0825598437e+00   4.7338921536e-06
9.0903761602e+00   9.8930625932e-08
9.0981924768e+00   9.0718244745e-07
9.1060087934e+00   6.1455140573e-06
9.1138251099e+00   9.5982089958e-06
9.1216414265e+00   1.1257005840e-05
9.1294577430e+00   1.1112533155e-05
9.1372740596e+00   9.1541070138e-06
9.1450903762e+00   5.3695010978e-06
9.1529066927e+00   3.1435752533e-08
9.1607230093e+00   2.5708178391e-07
9.1685393258e+00   5.8642845361e-06
9.1763556424e+00   9.6423598471e-06
9.1841719590e+00   1.1575573022e-05
9.1919882755e+00   1.1645648527e-05
9.1998045921e+00   9.8313266281e-06
9.2076209086e+00   6.1078442332e-06
9.2154372252e+00   4.4632400192e-07
9.2232535418e+00   1.6981033589e-09
9.2310698583e+00   5.6463403165e-06
9.2388861749e+00   9.8635769070e-06
9.2467024915e+00   1.2156048623e-05
9.2545188080e+00   1.2486931533e-05
9.2623351246e+00   1.0812390850e-05
9.2701514411e+00   7.0801458732e-06
9.2779677577e+00   1.2276951568e-06
9.2857840743e+00   7.0800353711e-08
9.2936003908e+00   5.5747545920e-06
9.3014167074e+00   1.0485315713e-05
9.3092330239e+00   1.3338361882e-05
9.3170493405e+00   1.4054059666e-05
9.3248656571e+00   1.2533123368e-05
9.3326819736e+00   8.6513263729e-06
9.3404982902e+00   2.2520885210e-06
9.3483146067e+00   1.6631339514e-07
9.3561309233e+00   5.8980571439e-06
9.3639472399e+00   1.2227833884e-05
9.3717635564e+00   1.6283777109e-05
9.3795798730e+00   1.7862835496e-05
9.3873961895e+00   1.6683253842e-05
9.3952125061e+00   1.2345328724e-05
9.4030288227e+00   4.2661932091e-06
9.4108451392e+00   3.2540971486e-07
9.4186614558e+00   7.9687708482e-06
9.4264777723e+00   1.9585831325e-05
9.4342940889e+00   2.9462299481e-05
9.4421104055e+00   3.7334917025e-05
9.4499267220e+00   4.2575912652e-05
9.4577430386e+00   4.3308829633e-05
9.4655593552e+00   3.0530409686e-05
9.4733756717e+00   3.1329112824e-05
9.4811919883e+00   3.2867141344e-05
9.4890083048e+00   3.7089108415e-05
9.4968246214e+00   3.0861126400e-05
9.5046409380e+00   2.3139849857e-05
9.5124572545e+00   1.5612939425e-05
9.5202735711e+00   8.8200328820e-06
9.5280898876e+00   2.9800942902e-06
9.5359062042e+00   1.2687511010e-07
9.5437225208e+00   1.6551163493e-06
9.5515388373e+00   4.8919753518e-06
9.5593551539e+00   6.9126201229e-06
9.5671714704e+00   7.7132165182e-06
9.5749877870e+00   7.2899572663e-06
9.5828041036e+00   5.6390525601e-06
9.5906204201e+00   2.7567206367e-06
9.5984367367e+00   1.1220062083e-07
9.6062530532e+00   1.2523545080e-06
9.6140693698e+00   4.6460424068e-06
9.6218856864e+00   6.8138398621e-06
9.6297020029e+00   7.7517986160e-06
9.6375183195e+00   7.4559546485e-06
9.6453346361e+00   5.9223186091e-06
9.6531509526e+00   3.1468662311e-06
9.6609672692e+00   8.5858812427e-08
9.6687835857e+00   8.2947857928e-07
9.6765999023e+00   4.3849571968e-06
9.6844162189e+00   6.7041632763e-06
9.6922325354e+00   7.7828733396e-06
9.7000488520e+00   7.6168042189e-06
9.7078651685e+00   6.2016032606e-06
9.7156814851e+00   3.5328384986e-06
9.7234978017e+00   4.5103368027e-08
9.7313141182e+00   3.8527604916e-07
9.7391304348e+00   4.1090566691e-06
9.7469467513e+00   6.5850872989e-06
9.7547630679e+00   7.8087007779e-06
9.7625793845e+00   7.7751245357e-06
9.7703957010e+00   6.4794704570e-06
9.7782120176e+00   3.9167246893e-06
9.7860283341e+00   8.1737398199e-08
9.7938446507e+00   9.2094524936e-10
9.8016609673e+00   3.8182357959e-06
9.8094772838e+00   6.4579137733e-06
9.8172936004e+00   7.8315674922e-06
9.8251099170e+00   7.9337539912e-06
9.8329262335e+00   6.7588659762e-06
9.8407425501e+00   4.3011210763e-06
9.8485588666e+00   5.5455100543e-07
9.8563751832e+00   1.8668399367e-08
9.8641914998e+00   3.5118860178e-06
9.8720078163e+00   6.3237279789e-06
9.8798241329e+00   7.8537967254e-06
9.8876404494e+00   8.0957830191e-06
9.8954567660e+00   7.0431605612e-06
9.9032730826e+00   4.6891744117e-06
9.9110893991e+00   1.0268292498e-06
9.9189057157e+00   6.9757072398e-08
9.9267220322e+00   3.1888212376e-06
9.9345383488e+00   6.1833819699e-06
9.9423546654e+00   7.8777772962e-06
9.9501709819e+00   8.2646149420e-06
9.9579872985e+00   7.3362271362e-06
9.9658036150e+00   5.0846577660e-06
9.9736199316e+00   1.5016492809e-06
9.9814362482e+00   1.0784553852e-07
9.9892525647e+00   2.8471836076e-06
9.9970688813e+00   6.0374830755e-06
1.0004885198e+01   7.9060182669e-06
1.0012701514e+01   8.4440676500e-06
1.0020517831e+01   7.6425674589e-06
1.0028334148e+01   5.4920969484e-06
1.0036150464e+01   1.9828632645e-06
1.0043966781e+01   1.3253305580e-07
1.0051783097e+01   2.4843170467e-06
1.0059599414e+01   5.8863880273e-06
1.0067415730e+01   5.9032318160e-06
1.0075232047e+01   7.9643629562e-06
1.0083048363e+01   7.9879949504e-06
1.0090864680e+01   8.6902906700e-06
1.0098680997e+01   8.7170304243e-06
1.0106497313e+01   5.9536847450e-06
1.0114313630e+01   5.9726556386e-06
1.0122129946e+01   5.9920500333e-06
1.0129946263e+01   6.0118785108e-06
1.0137762579e+01   2.5156690042e-06
1.0145578896e+01   2.5243024767e-06
1.0153395213e+01   1.4611792765e-07
1.0161211529e+01   2.1401033681e-06
1.0169027846e+01   2.1479392789e-06
1.0176844162e+01   5.8730549801e-06
1.0184660479e+01   5.8953574200e-06
1.0192476795e+01   8.2208333406e-06
1.0200293112e+01   8.2532133915e-06
1.0208109428e+01   9.1541964236e-06
1.0215925745e+01   9.1915992778e-06
1.0223742062e+01   8.6411704756e-06
1.0231558378e+01   8.6778006369e-06
1.0239374695e+01   6.6467951730e-06
1.0247191011e+01   6.6760319728e-06
1.0255007328e+01   3.1328390545e-06
1.0262823644e+01   3.1471407543e-06
1.0270639961e+01   1.4673578753e-07
1.0278456277e+01   1.7748284111e-06
1.0286272594e+01   1.7834788086e-06
1.0294088911e+01   5.9212893525e-06
1.0301905227e+01   5.9512597789e-06
1.0309721544e+01   8.6084363066e-06
1.0317537860e+01   8.6536984584e-06
1.0325354177e+01   9.7950722307e-06
1.0333170493e+01   9.8485917331e-06
1.0340986810e+01   9.4357874814e-06
1.0348803127e+01   9.4893864323e-06
1.0356619443e+01   7.4804826711e-06
1.0364435760e+01   3.8506260040e-06
1.0372252076e+01   1.3004998567e-07
1.0380068393e+01   1.3466323826e-06
1.0387884709e+01   5.9465546261e-06
1.0395701026e+01   8.9582666165e-06
1.0403517342e+01   1.0353948869e-05
1.0411333659e+01   1.0104295023e-05
1.0419149976e+01   4.5122336215e-06
1.0426966292e+01   8.8732905799e-08
1.0434782609e+01   8.0602998658e-07
1.0442598925e+01   5.8109260886e-06
1.0450415242e+01   9.1597617291e-06
1.0458231558e+01   1.0818741559e-05
1.0466047875e+01   8.8511278553e-06
1.0473864191e+01   5.2451160343e-06
1.0481680508e+01   2.3665952363e-08
1.0489496825e+01   1.9168994254e-07
1.0497313141e+01   5.6731887106e-06
1.0505129458e+01   9.4170372406e-06
1.0512945774e+01   1.1381450011e-05
1.0520762091e+01   1.1521898535e-05
1.0528578407e+01   9.7908764014e-06
1.0536394724e+01   6.1376378127e-06
1.0544211041e+01   5.0790599154e-07
1.0552027357e+01   1.2325737926e-09
1.0559843674e+01   5.5942962030e-06
1.0567659990e+01   9.8613095680e-06
1.0575476307e+01   1.2219727198e-05
1.0583292623e+01   1.2610447484e-05
1.0591108940e+01   1.0969703928e-05
1.0598925256e+01   7.2285692058e-06
1.0606741573e+01   1.3123912756e-06
1.0614557890e+01   7.8686980728e-08
1.0622374206e+01   5.5465079661e-06
1.0630190523e+01   1.0496357489e-05
1.0638006839e+01   1.3874441541e-05
1.0645823156e+01   1.2350110243e-05
1.0653639472e+01   8.5127419765e-06
1.0661455789e+01   1.6190706322e-07
1.0669272106e+01   5.3721295686e-06
1.0677088422e+01   1.1063695461e-05
1.0684904739e+01   1.4511787282e-05
1.0692721055e+01   1.5606026269e-05
1.0700537372e+01   1.4223125999e-05
1.0708353688e+01   1.0224829031e-05
1.0716170005e+01   3.4554268237e-06
1.0723986321e+01   2.4631369217e-07
1.0731802638e+01   5.4362049890e-06
1.0739618955e+01   1.2452428932e-05
1.0747435271e+01   1.6921553998e-05
1.0755251588e+01   1.7006222021e-05
1.0763067904e+01   1.2742366251e-05
1.0770884221e+01   5.1353618573e-06
1.0778700537e+01   3.2987796722e-07
1.0786516854e+01   5.5379303423e-06
1.0794333170e+01   1.4546316213e-05
1.0802149487e+01   2.2573044800e-05
1.0809965804e+01   2.1776500626e-05
1.0817782120e+01   1.7074273818e-05
1.0825598437e+01   7.9408805255e-06
1.0833414753e+01   4.3322580585e-07
1.0841231070e+01   5.9956435719e-06
1.0849047386e+01   1.9047038072e-05
1.0856863703e+01   2.8705406980e-05
1.0864680020e+01   3.4345551199e-05
1.0872496336e+01   3.5089753610e-05
1.0880312653e+01   2.9663176860e-05
1.0888128969e+01   1.6136946722e-05
1.0895945286e+01   7.2219055722e-07
1.0903761602e+01   9.1934704214e-06
1.0911577919e+01   4.1321324733e-05
1.0919394235e+01   7.5233482547e-05
1.0927210552e+01   1.1422789365e-04
1.0935026869e+01   1.6927770962e-04
1.0942843185e+01   3.1195540865e-04
1.0950659502e+01   4.2788903846e-04
1.0958475818e+01   2.3576340255e-06
1.0966292135e+01   1.2370728044e-05
1.0974108451e+01   4.5898991707e-05
1.0981924768e+01   5.2285952373e-05
1.0989741085e+01   4.7689870497e-05
1.0997557401e+01   3.7977004892e-05
1.1005373718e+01   2.5795354302e-05
1.1013190034e+01   1.2519316809e-05
1.1021006351e+01   1.2476535993e-07
1.1028822667e+01   9.2797485010e-07
1.1036638984e+01   9.5855233015e-06
1.1044455300e+01   1.3579183390e-05
1.1052271617e+01   1.4263839178e-05
1.1060087934e+01   1.2618520777e-05
1.1067904250e+01   9.3694547720e-06
1.1075720567e+01   5.0677465389e-06
1.1083536883e+01   1.4007808830e-07
1.1091353200e+01   1.2090611731e-09
1.1099169516e+01   3.7409942658e-06
1.1106985833e+01   6.3969034170e-06
1.1114802149e+01   7.8187133950e-06
1.1122618466e+01   7.9785616927e-06
1.1130434783e+01   6.8485709164e-06
1.1138251099e+01   4.4008814620e-06
1.1146067416e+01   6.0768503784e-07
1.1153883732e+01   2.4106266229e-08
1.1161700049e+01   3.5734878215e-06
1.1169516365e+01   6.5073437782e-06
1.1177332682e+01   8.1417721253e-06
1.1185148999e+01   8.4488519100e-06
1.1192965315e+01   7.4007880231e-06
1.1200781632e+01   4.9699476131e-06
1.1208597948e+01   1.1288972333e-06
1.1216414265e+01   7.7899674487e-08
1.1224230581e+01   3.3531701656e-06
1.1232046898e+01   6.5783911631e-06
1.1239863214e+01   8.4383595570e-06
1.1247679531e+01   8.9055893105e-06
1.1255495848e+01   7.9528755769e-06
1.1263312164e+01   5.5533342578e-06
1.1271128481e+01   1.1981401616e-07
1.1278944797e+01   3.0579120113e-06
1.1286761114e+01   6.5657132155e-06
1.1294577430e+01   8.6513422068e-06
1.1302393747e+01   9.2881318082e-06
1.1310210064e+01   6.0782691546e-06
1.1318026380e+01   2.2336969623e-06
1.1325842697e+01   1.4790980278e-07
1.1333659013e+01   2.7078039537e-06
1.1341475330e+01   6.5053634727e-06
1.1349291646e+01   9.5930515244e-06
1.1357107963e+01   6.6005039550e-06
1.1364924279e+01   2.7983420631e-06
1.1372740596e+01   1.5935923195e-07
1.1380556913e+01   2.2902491830e-06
1.1388373229e+01   6.3628306657e-06
1.1396189546e+01   9.8669142766e-06
1.1404005862e+01   7.1146406978e-06
1.1411822179e+01   3.3697418062e-06
1.1419638495e+01   1.5321213178e-07
1.1427454812e+01   6.1454705736e-06
1.1435271128e+01   8.9164296529e-06
1.1443087445e+01   9.6478270138e-06
1.1450903762e+01   7.6148944974e-06
1.1458720078e+01   3.9426517036e-06
1.1466536395e+01   1.2801205548e-07
1.1474352711e+01   5.9087894463e-06
1.1482169028e+01   1.0262018612e-05
1.1489985344e+01   1.0006127503e-05
1.1497801661e+01   8.0951994375e-06
1.1505617978e+01   4.5113015437e-06
1.1513434294e+01   8.2542499924e-08
1.1521250611e+01   7.3815289752e-07
1.1529066927e+01   5.6403894671e-06
1.1536883244e+01   1.0450800699e-05
1.1544699560e+01   1.0359288996e-05
1.1552515877e+01   5.0694978038e-06
1.1560332193e+01   1.5893854840e-08
1.1568148510e+01   1.2664267060e-07
1.1575964827e+01   5.2981677244e-06
1.1583781143e+01   8.7870679803e-06
1.1591597460e+01   1.0578441050e-05
1.1599413776e+01   1.0658618014e-05
1.1607230093e+01   9.0152019104e-06
1.1615046409e+01   5.6371054098e-06
1.1622862726e+01   5.1458764646e-07
1.1630679043e+01   5.3239300189e-10
1.1638495359e+01   4.9271506544e-06
1.1646311676e+01   8.6601203192e-06
1.1654127992e+01   1.0896616262e-05
1.1661944309e+01   6.1500757727e-06
1.1669760625e+01   1.1519374630e-06
1.1677576942e+01   7.0741952079e-08
1.1685393258e+01   4.4797601784e-06
1.1693209575e+01   8.4320013660e-06
1.1701025892e+01   1.0629538096e-05
1.1708842208e+01   1.1066602259e-05
1.1716658525e+01   9.7389471900e-06
1.1724474841e+01   1.7788852070e-06
1.1732291158e+01   1.2778738461e-07
1.1740107474e+01   8.1490796007e-06
1.1747923791e+01   1.0539780287e-05
1.1755740107e+01   1.1158185523e-05
1.1763556424e+01   1.0003935380e-05
1.1771372741e+01   7.0783054345e-06
1.1779189057e+01   2.3842314801e-06
1.1787005374e+01   1.6498708584e-07
1.1794821690e+01   3.4570973672e-06
1.1802638007e+01   7.8125593067e-06
1.1810454323e+01   1.0386077625e-05
1.1818270640e+01   1.1181106048e-05
1.1826086957e+01   1.0202807218e-05
1.1833903273e+01   1.8167396211e-07
1.1841719590e+01   2.8866063670e-06
1.1849535906e+01   7.4155075850e-06
1.1857352223e+01   1.0161001782e-05
1.1865168539e+01   1.0346519460e-05
1.1872984856e+01   7.7932139167e-06
1.1880801172e+01   3.4946818811e-06
1.1888617489e+01   1.7756758337e-07
1.1896433806e+01   2.2857885511e-06
1.1904250122e+01   6.9608483942e-06
1.1912066439e+01   9.8591830549e-06
1.1919882755e+01   1.0993640196e-05
1.1927699072e+01   8.0490928623e-06
1.1935515388e+01   3.9790933843e-06
1.1943331705e+01   1.5309354602e-07
1.1951148021e+01   1.6643146782e-06
1.1958964338e+01   6.4551551928e-06
1.1966780655e+01   1.0802694614e-05
1.1974596971e+01   8.2519505945e-06
1.1982413288e+01   4.4175430631e-06
1.1990229604e+01   1.0974100600e-07
1.1998045921e+01   1.0365587996e-06
1.2005862237e+01   9.1063265067e-06
1.2013678554e+01   1.0545473607e-05
1.2021494871e+01   1.0286453776e-05
1.2029311187e+01   4.7985613352e-06
1.2037127504e+01   4.8723451131e-08
1.2044943820e+01   5.3891161466e-06
1.2052760137e+01   1.0267484443e-05
1.2060576453e+01   8.4898905256e-06
1.2068392770e+01   5.1406955095e-06
1.2076209086e+01   2.0909609568e-07
1.2084025403e+01   1.6968694947e-09
1.2091841720e+01   4.8097725656e-06
1.2099658036e+01   8.1486309933e-06
1.2107474353e+01   9.8354897091e-06
1.2115290669e+01   9.9040346139e-06
1.2123106986e+01   8.3900555799e-06
1.2130923302e+01   5.3314894578e-06
1.2138739619e+01   3.4427468327e-08
1.2146555936e+01   4.1881311023e-06
1.2154372252e+01   7.5532981712e-06
1.2162188569e+01   9.3213953616e-06
1.2170004885e+01   9.5322813242e-06
1.2177821202e+01   8.2281186492e-06
1.2185637518e+01   1.2652458169e-06
1.2193453835e+01   8.7926150190e-08
1.2201270151e+01   3.5550424219e-06
1.2209086468e+01   6.9044968914e-06
1.2216902785e+01   8.7224889006e-06
1.2224719101e+01   8.0268982360e-06
1.2232535418e+01   1.6883516731e-06
1.2240351734e+01   1.2006353897e-07
1.2248168051e+01   2.9485718646e-06
1.2255984367e+01   6.2660641126e-06
1.2263800684e+01   8.1169210518e-06
1.2271617000e+01   8.5547555117e-06
1.2279433317e+01   7.6364508507e-06
1.2287249634e+01   5.4224334943e-06
1.2295065950e+01   1.9769958760e-06
1.2302882267e+01   1.2884054382e-07
1.2310698583e+01   2.2909766399e-06
1.2318514900e+01   5.4377481480e-06
1.2326331216e+01   7.2208906811e-06
1.2334147533e+01   7.7204677615e-06
1.2341963850e+01   7.1249710404e-06
1.2349780166e+01   5.3053782257e-06
1.2357596483e+01   2.2615584831e-06
1.2365412799e+01   1.2616087236e-07
1.2373229116e+01   1.7728741220e-06
1.2381045432e+01   4.9726572516e-06
1.2388861749e+01   6.9499240618e-06
1.2396678065e+01   7.7045787323e-06
1.2404494382e+01   7.2368433474e-06
1.2412310699e+01   5.5472411208e-06
1.2420127015e+01   2.6365796146e-06
1.2427943332e+01   1.1657187448e-07
1.2435759648e+01   1.3606617085e-06
1.2443575965e+01   4.6826628682e-06
1.2451392281e+01   6.7833574463e-06
1.2459208598e+01   7.6635499724e-06
1.2467024915e+01   7.3242910316e-06
1.2474841231e+01   5.7668605555e-06
1.2482657548e+01   2.9927511510e-06
1.2490473864e+01   9.3274649293e-08
1.2498290181e+01   9.3515253390e-07
1.2506106497e+01   4.3752228318e-06
1.2513922814e+01   6.5968513125e-06
1.2521739130e+01   7.6014895194e-06
1.2529555447e+01   7.3907637592e-06
1.2537371764e+01   5.9664586442e-06
1.2545188080e+01   3.3305007090e-06
1.2553004397e+01   5.7995646614e-08
1.2560820713e+01   8.0937879318e-07
1.2568637030e+01   1.2174260409e-05
1.2576453346e+01   4.5327898701e-05
1.2584269663e+01   5.7129097373e-03
1.2592085979e+01   5.8787532144e-05
1.2599902296e+01   1.9314807216e-05
1.2607718613e+01   2.3978197786e-08
1.2615534929e+01   1.5170872484e-07
1.2623351246e+01   9.6234676540e-06
1.2631167562e+01   1.4348992369e-05
1.2638983879e+01   1.5829107650e-05
1.2646800195e+01   1.4832096934e-05
1.2654616512e+01   1.1801051419e-05
1.2662432829e+01   7.0165218775e-06
1.2670249145e+01   6.7034448030e-07
1.2678065462e+01   2.5504644252e-09
1.2685881778e+01   5.1391580872e-06
1.2693698095e+01   8.7798093642e-06
1.2701514411e+01   1.0495464288e-05
1.2709330728e+01   1.0455434376e-05
1.2717147044e+01   8.7975849270e-06
1.2724963361e+01   5.6369559617e-06
1.2732779678e+01   1.0716497353e-06
1.2740595994e+01   6.5539544107e-08
1.2748412311e+01   3.6889460942e-06
1.2756228627e+01   6.8489779922e-06
1.2764044944e+01   8.4862875488e-06
1.2771861260e+01   8.6842913497e-06
1.2779677577e+01   7.5183477112e-06
1.2787493894e+01   5.0571934768e-06
1.2795310210e+01   1.3640557671e-06
1.2803126527e+01   9.5676049508e-08
1.2810942843e+01   2.7974260801e-06
1.2818759160e+01   5.6743027354e-06
1.2826575476e+01   7.2475877681e-06
1.2834391793e+01   7.5736187487e-06
1.2842208109e+01   6.7723623106e-06
1.2850024426e+01   4.8070154651e-06
1.2857840743e+01   1.6460988093e-06
1.2865657059e+01   1.1292158563e-07
1.2873473376e+01   2.2990283197e-06
1.2881289692e+01   7.0031238327e-06
1.2889106009e+01   7.5588839428e-06
1.2896922325e+01   6.9171056530e-06
1.2904738642e+01   5.0775796158e-06
1.2912554958e+01   2.0398515192e-06
1.2920371275e+01   1.2346279426e-07
1.2928187592e+01   1.9209437319e-06
1.2936003908e+01   5.0072260434e-06
1.2943820225e+01   6.8941172019e-06
1.2951636541e+01   7.5808344342e-06
1.2959452858e+01   7.0663157832e-06
1.2967269174e+01   2.4262049022e-06
1.2975085491e+01   1.2085439525e-07
1.2982901808e+01   1.5309639073e-06
1.2990718124e+01   6.7785891570e-06
1.2998534441e+01   7.5976532472e-06
1.3006350757e+01   7.2105859629e-06
1.3014167074e+01   5.6150241863e-06
1.3021983390e+01   2.8082516031e-06
1.3029799707e+01   1.0495867939e-07
1.3037616023e+01   1.1268245760e-06
1.3045432340e+01   4.5061904548e-06
1.3053248657e+01   6.6761987315e-06
1.3061064973e+01   7.6337162682e-06
1.3068881290e+01   7.3752195119e-06
1.3076697606e+01   5.8967802721e-06
1.3084513923e+01   3.1940514001e-06
1.3092330239e+01   7.5546561448e-08
1.3100146556e+01   7.0662301835e-07
1.3107962872e+01   6.5709847231e-06
1.3115779189e+01   7.6712893507e-06
1.3123595506e+01   7.5433953199e-06
1.3131411822e+01   6.1817903355e-06
1.3139228139e+01   3.5804809345e-06
1.3147044455e+01   3.1741591962e-08
1.3154860772e+01   3.9818071087e-06
1.3162677088e+01   6.4693142372e-06
1.3170493405e+01   7.7194306014e-06
1.3178309722e+01   7.7253680135e-06
1.3186126038e+01   6.4798049403e-06
1.3193942355e+01   3.9748695341e-06
1.3201758671e+01   2.0212228820e-07
1.3209574988e+01   1.3723069046e-09
1.3217391304e+01   3.7168006683e-06
1.3225207621e+01   6.3888518536e-06
1.3233023937e+01   7.8021401267e-06
1.3240840254e+01   6.7955540131e-06
1.3248656571e+01   4.3822277992e-06
1.3256472887e+01   6.7435359320e-07
1.3264289204e+01   3.3035352643e-08
1.3272105520e+01   3.4317098509e-06
1.3279921837e+01   7.8573602152e-06
1.3287738153e+01   8.1466223172e-06
1.3295554470e+01   7.1344350258e-06
1.3303370787e+01   4.8083178925e-06
1.3311187103e+01   1.1550423568e-06
1.3319003420e+01   8.1425933745e-08
1.3326819736e+01   3.1314941829e-06
1.3334636053e+01   6.2137419216e-06
1.3342452369e+01   7.9844714480e-06
1.3350268686e+01   8.4295881714e-06
1.3358085002e+01   7.5341679772e-06
1.3365901319e+01   5.2824275985e-06
1.3373717636e+01   1.6576935550e-06
1.3381533952e+01   1.1811393923e-07
1.3389350269e+01   6.1333372388e-06
1.3397166585e+01   8.1080325467e-06
1.3404982902e+01   7.9082261173e-06
1.3412799218e+01   2.1573051425e-06
1.3420615535e+01   1.4015039130e-07
1.3428431851e+01   5.9937980192e-06
1.3436248168e+01   8.1699033141e-06
1.3444064485e+01   8.2684155601e-06
1.3451880801e+01   6.2038560641e-06
1.3459697118e+01   2.6861002503e-06
1.3467513434e+01   1.4846009305e-07
1.3475329751e+01   2.0653071087e-06
1.3483146067e+01   8.2867316902e-06
1.3490962384e+01   9.2549540600e-06
1.3498778701e+01   8.7584130222e-06
1.3506595017e+01   6.7711045263e-06
1.3514411334e+01   1.4113977289e-07
1.3522227650e+01   1.6379122998e-06
1.3530043967e+01   8.4242118416e-06
1.3537860283e+01   9.5986206083e-06
1.3545676600e+01   7.3004994804e-06
1.3553492916e+01   3.8420588543e-06
1.3561309233e+01   1.1627731215e-07
1.3569125550e+01   5.6307858434e-06
1.3576941866e+01   8.5873076063e-06
1.3584758183e+01   9.7287496166e-06
1.3592574499e+01   7.9342019781e-06
1.3600390816e+01   7.0628336609e-08
1.3608207132e+01   6.2280561588e-07
1.3616023449e+01   5.4957049229e-06
1.3623839766e+01   1.0352252589e-05
1.3631656082e+01   1.0347054082e-05
1.3639472399e+01   5.1604650587e-06
1.3647288715e+01   2.2587983512e-09
1.3655105032e+01   1.7301278399e-08
1.3662921348e+01   5.3509100400e-06
1.3670737665e+01   1.0869650285e-05
1.3678553981e+01   1.1065780740e-05
1.3686370298e+01   9.4675283968e-06
1.3694186615e+01   6.0194993976e-06
1.3702002931e+01   1.0029203858e-08
1.3709819248e+01   5.1946027095e-06
1.3717635564e+01   1.1492103513e-05
1.3725451881e+01   1.1920851242e-05
1.3733268197e+01   1.0432494695e-05
1.3741084514e+01   1.4042059902e-06
1.3748900830e+01   9.2386011372e-08
1.3756717147e+01   5.0249313950e-06
1.3764533464e+01   1.2262325986e-05
1.3772349780e+01   1.2968500513e-05
1.3780166097e+01   1.1604100452e-05
1.3787982413e+01   8.0803459313e-06
1.3795798730e+01   2.3003667403e-06
1.3803615046e+01   1.6821711257e-07
1.3811431363e+01   4.9209954650e-06
1.3819247680e+01   1.0382588862e-05
1.3827063996e+01   1.4557321180e-05
1.3834880313e+01   1.3326740457e-05
1.3842696629e+01   3.3587560137e-06
1.3850512946e+01   2.3352374318e-07
1.3858329262e+01   4.7348520200e-06
1.3866145579e+01   1.1149349758e-05
1.3873961895e+01   1.6451360680e-05
1.3881778212e+01   1.1335079288e-05
1.3889594529e+01   4.7146267850e-06
1.3897410845e+01   2.8915228372e-07
1.3905227162e+01   4.5389779631e-06
1.3913043478e+01   1.2310674831e-05
1.3920859795e+01   1.7479492383e-05
1.3928676111e+01   1.9826344889e-05
1.3936492428e+01   1.4467359198e-05
1.3944308745e+01   3.3488757851e-07
1.3952125061e+01   4.3427440262e-06
1.3959941378e+01   2.0367092461e-05
1.3967757694e+01   2.3797690614e-05
1.3975574011e+01   2.3610344502e-05
1.3983390327e+01   9.7041926229e-06
1.3991206644e+01   3.7138132350e-07
1.3999022960e+01   4.1778020080e-06
1.4006839277e+01   2.7036504743e-05
1.4014655594e+01   3.3087032530e-05
1.4022471910e+01   3.4463070463e-05
1.4030288227e+01   2.9999780716e-05
1.4038104543e+01   1.7967142897e-05
1.4045920860e+01   4.5173254226e-07
1.4053737176e+01   4.7820585292e-06
1.4061553493e+01   3.5297957700e-05
1.4069369809e+01   6.6504066437e-05
1.4077186126e+01   1.0019843481e-04
1.4085002443e+01   1.4162225735e-04
1.4092818759e+01   2.1494638522e-04
1.4100635076e+01   1.2101443826e-03
1.4108451392e+01   1.1244874365e-06
1.4116267709e+01   4.2606693135e-06
1.4124084025e+01   7.7566259570e-05
1.4131900342e+01   6.6682791804e-05
1.4139716659e+01   5.1392144557e-05
1.4147532975e+01   3.4609484815e-05
1.4155349292e+01   1.7569803767e-05
1.4163165608e+01   8.9304358366e-07
1.4170981925e+01   4.1718143550e-09
1.4178798241e+01   1.0233912751e-05
1.4186614558e+01   1.8706222401e-05
1.4194430874e+01   1.6695011742e-05
1.4202247191e+01   1.2605302168e-05
1.4210063508e+01   1.1570448649e-06
1.4217879824e+01   5.4718986034e-08
1.4225696141e+01   4.4597115173e-06
1.4233512457e+01   9.0871224021e-06
1.4241328774e+01   8.3593857914e-06
1.4249145090e+01   7.3922911237e-06
1.4256961407e+01   5.0388178344e-06
1.4264777723e+01   1.2540524612e-06
1.4272594040e+01   8.9242143058e-08
1.4280410357e+01   3.2655161993e-06
1.4288226673e+01   6.5741491647e-06
1.4296042990e+01   8.5256946385e-06
1.4303859306e+01   9.0750672372e-06
1.4311675623e+01   5.7340593004e-06
1.4319491939e+01   1.8440348085e-06
1.4327308256e+01   1.3085352943e-07
1.4335124573e+01   6.6583173456e-06
1.4342940889e+01   8.8730901469e-06
1.4350757206e+01   9.6069330104e-06
1.4358573522e+01   6.3985515212e-06
1.4366389839e+01   2.4588267116e-06
1.4374206155e+01   1.5792552760e-07
1.4382022472e+01   2.7041467798e-06
1.4389838788e+01   6.7450032089e-06
1.4397655105e+01   9.2570980989e-06
1.4405471422e+01   1.0196695923e-05
1.4413287738e+01   9.5207254312e-06
1.4421104055e+01   7.1868741928e-06
1.4428920371e+01   3.1536846615e-06
1.4436736688e+01   1.7108557679e-07
1.4444553004e+01   2.3363154803e-06
1.4452369321e+01   6.8107017613e-06
1.4460185638e+01   9.6521219192e-06
1.4468001954e+01   1.0819365663e-05
1.4475818271e+01   1.0272292795e-05
1.4483634587e+01   7.9719339641e-06
1.4491450904e+01   3.8805922962e-06
1.4499267220e+01   1.6412047698e-07
1.4507083537e+01   1.8731505587e-06
1.4514899853e+01   6.7816206765e-06
1.4522716170e+01   9.9580549452e-06
1.4530532487e+01   1.0902649686e-05
1.4538348803e+01   8.6801358406e-06
1.4546165120e+01   4.5956170444e-06
1.4553981436e+01   1.3298777632e-07
1.4561797753e+01   1.3091209396e-06
1.4569614069e+01   6.6125838283e-06
1.4577430386e+01   1.0104297345e-05
1.4585246702e+01   1.1751662283e-05
1.4593063019e+01   1.1523958551e-05
1.4600879336e+01   9.3924484238e-06
1.4608695652e+01   5.3304790925e-06
1.4616511969e+01   7.7157586569e-08
1.4624328285e+01   6.6984130537e-07
1.4632144602e+01   6.3758407293e-06
1.4639960918e+01   1.0189175291e-05
1.4647777235e+01   1.2084000260e-05
1.4655593552e+01   1.2036780276e-05
1.4663409868e+01   1.0026388221e-05
1.4671226185e+01   6.0342025021e-06
1.4679042501e+01   4.4202560933e-08
1.4686858818e+01   5.8644386830e-10
1.4694675134e+01   6.0258246787e-06
1.4702491451e+01   1.0136876510e-05
1.4710307767e+01   1.2271223565e-05
1.4718124084e+01   1.2413970822e-05
1.4725940401e+01   1.0553031401e-05
1.4733756717e+01   6.6792147197e-06
1.4741573034e+01   7.8631211057e-07
1.4749389350e+01   1.8937309572e-08
1.4757205667e+01   5.5655815057e-06
1.4765021983e+01   9.9377972058e-06
1.4772838300e+01   1.2294295974e-05
1.4780654617e+01   1.2630180605e-05
1.4788470933e+01   1.0943721599e-05
1.4796287250e+01   7.2364331396e-06
1.4804103566e+01   1.5131459878e-06
1.4811919883e+01   1.0031443562e-07
1.4819736199e+01   5.0039835370e-06
1.4827552516e+01   9.5873976606e-06
1.4835368832e+01   1.2138274678e-05
1.4843185149e+01   1.2662932039e-05
1.4851001466e+01   1.1171164230e-05
1.4858817782e+01   7.6763049624e-06
1.4866634099e+01   2.1952861335e-06
1.4874450415e+01   1.5757578878e-07
1.4882266732e+01   4.3558838169e-06
1.4890083048e+01   9.0866376491e-06
1.4897899365e+01   1.1792941113e-05
1.4905715681e+01   1.2493379024e-05
1.4913531998e+01   1.1210269930e-05
1.4921348315e+01   7.9697151390e-06
1.4929164631e+01   2.8016449551e-06
1.4936980948e+01   1.8872661630e-07
1.4944797264e+01   3.6419588494e-06
1.4952613581e+01   8.4419799326e-06
1.4960429897e+01   1.1252921468e-05
1.4968246214e+01   1.2106531283e-05
1.4976062531e+01   1.1038503866e-05
1.4983878847e+01   8.0885201121e-06
1.4991695164e+01   3.3002855179e-06
1.4999511480e+01   1.9356258212e-07
1.5007327797e+01   2.8883094749e-06
1.5015144113e+01   7.6648944898e-06
1.5022960430e+01   1.0517117093e-05
1.5030776746e+01   1.1490679346e-05
1.5038593063e+01   1.0635424496e-05
1.5046409380e+01   8.0053760509e-06
1.5054225696e+01   3.6587777538e-06
1.5062042013e+01   1.7391704604e-07
1.5069858329e+01   2.1259853607e-06
1.5077674646e+01   6.7708179102e-06
1.5085490962e+01   9.5872196258e-06
1.5093307279e+01   1.0635654145e-05
1.5101123596e+01   9.9809528015e-06
1.5108939912e+01   7.6923690477e-06
1.5116756229e+01   3.8436382063e-06
1.5124572545e+01   1.3386012813e-07
1.5132388862e+01   1.3907400432e-06
1.5140205178e+01   5.7775171264e-06
1.5148021495e+01   9.6762891480e-06
1.5155837811e+01   9.1983177714e-06
1.5163654128e+01   7.2389202924e-06
1.5171470445e+01   3.8865598928e-06
1.5179286761e+01   8.1406622045e-08
1.5187103078e+01   7.3728851885e-07
1.5194919394e+01   4.7967240037e-06
1.5202735711e+01   7.2980145208e-06
1.5210552027e+01   8.3325966300e-06
1.5218368344e+01   8.2052843331e-06
1.5226184660e+01   6.7422035092e-06
1.5234000977e+01   3.9399482106e-06
1.5241817294e+01   2.4378082880e-08
1.5249633610e+01   1.9804520619e-07
1.5257449927e+01   4.2152895817e-06
1.5265266243e+01   6.8967241072e-06
1.5273082560e+01   8.2423891344e-06
1.5280898876e+01   8.2532120305e-06
1.5288715193e+01   6.9309762807e-06
1.5296531510e+01   4.2782902680e-06
1.5304347826e+01   2.9855575967e-07
1.5312164143e+01   1.1910118007e-09
1.5319980459e+01   3.8298782334e-06
1.5327796776e+01   6.6305224875e-06
1.5335613092e+01   8.1016523331e-06
1.5343429409e+01   8.2468906223e-06
1.5351245725e+01   7.0705812516e-06
1.5359062042e+01   4.5777570601e-06
1.5366878359e+01   7.7410762038e-07
1.5374694675e+01   4.2930660520e-08
1.5382510992e+01   3.4196966155e-06
1.5390327308e+01   6.3265776978e-06
1.5398143625e+01   7.9157730647e-06
1.5405959941e+01   8.1931242827e-06
1.5413776258e+01   7.1650570196e-06
1.5421592574e+01   4.8385488890e-06
1.5429408891e+01   1.2210973667e-06
1.5437225208e+01   8.6643153608e-08
1.5445041524e+01   2.9926146007e-06
1.5452857841e+01   5.9936561266e-06
1.5460674157e+01   7.6933466837e-06
1.5468490474e+01   8.0992684234e-06
1.5476306790e+01   7.2194520875e-06
1.5484123107e+01   5.0623455819e-06
1.5491939424e+01   1.6367827796e-06
1.5499755740e+01   1.1452860790e-07
1.5507572057e+01   2.5554290269e-06
1.5515388373e+01   5.6398898892e-06
1.5523204690e+01   7.4427741673e-06
1.5531021006e+01   8.9929231369e-06
1.5538837323e+01   9.3694471268e-06
1.5546653639e+01   7.7737081253e-06
1.5554469956e+01   3.4135947253e-06
1.5562286273e+01   2.4036516329e-07
1.5570102589e+01   4.4864032027e-06
1.5577918906e+01   1.2851323400e-05
1.5585735222e+01   2.0150398735e-05
1.5593551539e+01   2.5477749613e-05
1.5601367855e+01   2.7532859048e-05
1.5609184172e+01   2.4356040456e-05
1.5617000489e+01   1.2818175139e-05
1.5624816805e+01   8.2187652050e-07
1.5632633122e+01   1.3734051227e-05
1.5640449438e+01   5.3659289402e-05
1.5648265755e+01   1.0958761222e-04
1.5656082071e+01   2.1139509793e-04
1.5663898388e+01   6.4876303413e-04
1.5671714704e+01   4.3910554026e-04
1.5679531021e+01   7.6650050641e-05
1.5687347338e+01   1.9316859036e-06
1.5695163654e+01   1.5747364311e-05
1.5702979971e+01   4.6084309755e-05
1.5710796287e+01   5.6314883623e-05
1.5718612604e+01   5.5147594998e-05
1.5726428920e+01   4.6705516174e-05
1.5734245237e+01   3.3210787279e-05
1.5742061553e+01   1.5980535571e-05
1.5749877870e+01   4.0302227968e-07
1.5757694187e+01   3.5999438379e-06
1.5765510503e+01   1.7504474011e-05
1.5773326820e+01   2.5024078181e-05
1.5781143136e+01   2.7307870587e-05
1.5788959453e+01   2.5224862484e-05
1.5796775769e+01   1.9448302214e-05
1.5804592086e+01   1.0511150423e-05
1.5812408403e+01   1.3130094861e-07
1.5820224719e+01   1.0734757570e-06
1.5828041036e+01   1.0648893922e-05
1.5835857352e+01   1.6344126051e-05
1.5843673669e+01   1.8499333319e-05
1.5851489985e+01   1.4818377256e-05
1.5859306302e+01   8.6132279884e-06
1.5867122618e+01   1.4693426910e-07
1.5874938935e+01   1.5331885686e-09
1.5882755252e+01   7.5639934777e-06
1.5890571568e+01   1.2352636338e-05
1.5898387885e+01   1.4488224662e-05
1.5906204201e+01   1.4207041992e-05
1.5914020518e+01   1.1721307670e-05
1.5921836834e+01   9.1091337289e-07
1.5929653151e+01   2.7825515885e-08
1.5937469468e+01   5.5656974733e-06
1.5945285784e+01   9.7148726067e-06
1.5953102101e+01   1.2047020713e-05
1.5960918417e+01   1.0178989466e-05
1.5968734734e+01   6.5801374180e-06
1.5976551050e+01   1.3869794117e-06
1.5984367367e+01   9.1142997947e-08
1.5992183683e+01   4.1404684044e-06
1.6000000000e+01   4.3787645195e-11
1.6000000000e+01   4.3785862389e-11
