X    Y
0.0000000000e+00   nan
7.8201368524e-02   1.5091297338e-03
1.5640273705e-01   8.1138245711e-04
2.3460410557e-01   5.7970042294e-04
3.1280547410e-01   4.6433081663e-04
3.9100684262e-01   3.9528250182e-04
4.6920821114e-01   3.4918774736e-04
5.4740957967e-01   3.1599721439e-04
6.2561094819e-01   2.9065436697e-04
7.0381231672e-01   2.7032114644e-04
7.8201368524e-01   2.5326930953e-04
8.6021505376e-01   2.3837773527e-04
9.3841642229e-01   2.2488245838e-04
1.0166177908e+00   2.1224351682e-04
1.0948191593e+00   2.0007025133e-04
1.1730205279e+00   1.9883953680e-04
1.2512218964e+00   2.0450453116e-04
1.3294232649e+00   2.0742172665e-04
1.4076246334e+00   2.0706266880e-04
1.4858260020e+00   2.0259623055e-04
1.5640273705e+00   1.9251170642e-04
1.6422287390e+00   1.8174375181e-04
1.7204301075e+00   2.8217405061e-04
1.7986314761e+00   2.5369652437e-04
1.8768328446e+00   2.2029935256e-04
1.9550342131e+00   2.1511671184e-04
2.0332355816e+00   2.3845204621e-04
2.1114369501e+00   2.5793572486e-04
2.1896383187e+00   2.7331852242e-04
2.2678396872e+00   2.8447985235e-04
2.3460410557e+00   2.9142359322e-04
2.4242424242e+00   2.9426913582e-04
2.5024437928e+00   2.9324055083e-04
2.5806451613e+00   2.8865710134e-04
2.6588465298e+00   2.8092764022e-04
2.7370478983e+00   2.7054934288e-04
2.8152492669e+00   2.6223272459e-04
2.8934506354e+00   2.9095694901e-04
2.9716520039e+00   3.1994375016e-04
3.0498533724e+00   3.5125113091e-04
3.1280547410e+00   3.8695588782e-04
3.2062561095e+00   4.2858710913e-04
3.2844574780e+00   4.7644443853e-04
3.3626588465e+00   5.2898056911e-04
3.4408602151e+00   5.8249124804e-04
3.5190615836e+00   6.3134381827e-04
3.5972629521e+00   6.6885859895e-04
3.6754643206e+00   6.8874728010e-04
3.7536656891e+00   6.8676976583e-04
3.8318670577e+00   6.6209384825e-04
3.9100684262e+00   6.1783034804e-04
3.9882697947e+00   5.6042178879e-04
4.0664711632e+00   4.9794921907e-04
4.1446725318e+00   4.3785778215e-04
4.2228739003e+00   3.8489791828e-04
4.3010752688e+00   3.4006639103e-04
4.3792766373e+00   3.0094840292e-04
4.4574780059e+00   2.6321406019e-04
4.5356793744e+00   2.2237403537e-04
4.6138807429e+00   2.4036088574e-04
4.6920821114e+00   2.7012945999e-04
4.7702834800e+00   3.0732829809e-04
4.8484848485e+00   3.1989774993e-04
4.9266862170e+00   3.5080597992e-04
5.0048875855e+00   3.5134763850e-04
5.0830889541e+00   3.5071699382e-04
5.1612903226e+00   3.4898032630e-04
5.2394916911e+00   3.4620513255e-04
5.3176930596e+00   3.4246010109e-04
5.3958944282e+00   3.3781515346e-04
5.4740957967e+00   3.3234154359e-04
5.5522971652e+00   3.2611201111e-04
5.6304985337e+00   3.1920099093e-04
5.7086999022e+00   3.1168489586e-04
5.7869012708e+00   3.0364251709e-04
5.8651026393e+00   2.9515563632e-04
5.9433040078e+00   2.8631002118e-04
6.0215053763e+00   2.7719708848e-04
6.0997067449e+00   2.6791666911e-04
6.1779081134e+00   2.5858148650e-04
6.2561094819e+00   2.4932414292e-04
6.3343108504e+00   2.4030755356e-04
6.4125122190e+00   2.3173980863e-04
6.4907135875e+00   2.2389429087e-04
6.5689149560e+00   2.1713542129e-04
6.6471163245e+00   2.1194954177e-04
6.7253176931e+00   2.0897907845e-04
6.8035190616e+00   2.0905623213e-04
6.8817204301e+00   2.1323007164e-04
6.9599217986e+00   2.2277826527e-04
7.0381231672e+00   2.3919215252e-04
7.1163245357e+00   2.6412200944e-04
7.1945259042e+00   2.7565720552e-04
7.2727272727e+00   2.6901120984e-04
7.3509286413e+00   2.6272029415e-04
7.4291300098e+00   2.7733840890e-04
7.5073313783e+00   2.9664382998e-04
7.5855327468e+00   3.1705305861e-04
7.6637341153e+00   3.3854378523e-04
7.7419354839e+00   3.6105049130e-04
7.8201368524e+00   3.8445078201e-04
7.8983382209e+00   4.0854894950e-04
7.9765395894e+00   4.3305668662e-04
8.0547409580e+00   4.5757106647e-04
8.1329423265e+00   4.8155016770e-04
8.2111436950e+00   5.0428714003e-04
8.2893450635e+00   5.2488438237e-04
8.3675464321e+00   5.4230977528e-04
8.4457478006e+00   5.5533411133e-04
8.5239491691e+00   5.6246436443e-04
8.6021505376e+00   5.6210319268e-04
8.6803519062e+00   4.6909909594e-04
8.7585532747e+00   4.4489529881e-04
8.8367546432e+00   4.0992426093e-04
8.9149560117e+00   4.0812923909e-04
8.9931573803e+00   4.6809980651e-04
9.0713587488e+00   5.2352058623e-04
9.1495601173e+00   5.7201167090e-04
9.2277614858e+00   6.1137088894e-04
9.3059628543e+00   6.3975939118e-04
9.3841642229e+00   6.5588091410e-04
9.4623655914e+00   4.9833639163e-04
9.5405669599e+00   4.7574422802e-04
9.6187683284e+00   4.4785431751e-04
9.6969696970e+00   5.1200996378e-04
9.7751710655e+00   5.6785055735e-04
9.8533724340e+00   6.1416531669e-04
9.9315738025e+00   6.5020508916e-04
1.0009775171e+01   6.7568016065e-04
1.0087976540e+01   6.9072302999e-04
1.0166177908e+01   6.9582539613e-04
1.0244379277e+01   6.9175916906e-04
1.0322580645e+01   6.7949129249e-04
1.0400782014e+01   6.6010262687e-04
1.0478983382e+01   6.3472082445e-04
1.0557184751e+01   6.0447248651e-04
1.0635386119e+01   5.7044888696e-04
1.0713587488e+01   5.3366728912e-04
1.0791788856e+01   4.9502278729e-04
1.0869990225e+01   4.5529630270e-04
1.0948191593e+01   4.1515776956e-04
1.1026392962e+01   3.7516607297e-04
1.1104594330e+01   3.3462946718e-04
1.1182795699e+01   3.4150559933e-04
1.1260997067e+01   3.4674825847e-04
1.1339198436e+01   3.5042710513e-04
1.1417399804e+01   3.5260710907e-04
1.1495601173e+01   3.5334831029e-04
1.1573802542e+01   3.5270572679e-04
1.1652003910e+01   3.5072937241e-04
1.1730205279e+01   3.4746435676e-04
1.1808406647e+01   3.4295104616e-04
1.1886608016e+01   3.3722527100e-04
1.1964809384e+01   3.3031857709e-04
1.2043010753e+01   3.2225855261e-04
1.2121212121e+01   3.1306934777e-04
1.2199413490e+01   3.0277269180e-04
1.2277614858e+01   2.9139006708e-04
1.2355816227e+01   2.7894729596e-04
1.2434017595e+01   2.6548368505e-04
1.2512218964e+01   2.5827709494e-04
1.2590420332e+01   2.6975341759e-04
1.2668621701e+01   2.8067712925e-04
1.2746823069e+01   2.9139574617e-04
1.2825024438e+01   3.0598770987e-04
1.2903225806e+01   3.1052572516e-04
1.2981427175e+01   2.9161858249e-04
1.3059628543e+01   2.7212185363e-04
1.3137829912e+01   2.5211534370e-04
1.3216031281e+01   2.3798710193e-04
1.3294232649e+01   2.4621682064e-04
1.3372434018e+01   2.5408463744e-04
1.3450635386e+01   2.6162145553e-04
1.3528836755e+01   2.6885229760e-04
1.3607038123e+01   2.7579527578e-04
1.3685239492e+01   2.8246019740e-04
1.3763440860e+01   2.8884670594e-04
1.3841642229e+01   2.9494183555e-04
1.3919843597e+01   3.0071684921e-04
1.3998044966e+01   3.0612325644e-04
1.4076246334e+01   3.1108798817e-04
1.4154447703e+01   3.1550784567e-04
1.4232649071e+01   3.1924649378e-04
1.4310850440e+01   3.2211935241e-04
1.4389051808e+01   3.2389003678e-04
1.4467253177e+01   3.2426117956e-04
1.4545454545e+01   3.2286625309e-04
1.4623655914e+01   4.3472387065e-04
1.4701857283e+01   4.4330315769e-04
1.4780058651e+01   4.4779528393e-04
1.4858260020e+01   4.4702738583e-04
1.4936461388e+01   4.3971720574e-04
1.5014662757e+01   4.2453055981e-04
1.5092864125e+01   4.0016606651e-04
1.5171065494e+01   3.6546651998e-04
1.5249266862e+01   4.1032937105e-04
1.5327468231e+01   4.6781711684e-04
1.5405669599e+01   5.2051266746e-04
1.5483870968e+01   5.6605344549e-04
1.5562072336e+01   6.0222023248e-04
1.5640273705e+01   6.2708491593e-04
1.5718475073e+01   7.2820838139e-04
1.5796676442e+01   7.3475624148e-04
1.5874877810e+01   7.2531833344e-04
1.5953079179e+01   7.0051047158e-04
1.6031280547e+01   6.6160137098e-04
1.6109481916e+01   6.8665952487e-04
1.6187683284e+01   7.6307165976e-04
1.6265884653e+01   8.2405905771e-04
1.6344086022e+01   8.6909377593e-04
1.6422287390e+01   8.9838610059e-04
1.6500488759e+01   9.1276076983e-04
1.6578690127e+01   9.1350182490e-04
1.6656891496e+01   9.0218899908e-04
1.6735092864e+01   8.8055217047e-04
1.6813294233e+01   8.5036692396e-04
1.6891495601e+01   8.1339554467e-04
1.6969696970e+01   7.7134634772e-04
1.7047898338e+01   7.2580157182e-04
1.7126099707e+01   6.7808261474e-04
1.7204301075e+01   6.2934305871e-04
1.7282502444e+01   5.8312141482e-04
1.7360703812e+01   5.3490888797e-04
1.7438905181e+01   4.8791827149e-04
1.7517106549e+01   5.0938385503e-04
1.7595307918e+01   5.3422262713e-04
1.7673509286e+01   5.5480436514e-04
1.7751710655e+01   5.7136636533e-04
1.7829912023e+01   5.8415105090e-04
1.7908113392e+01   5.9340247769e-04
1.7986314761e+01   5.9936383444e-04
1.8064516129e+01   6.0227571513e-04
1.8142717498e+01   6.0237497658e-04
1.8220918866e+01   5.9989404719e-04
1.8299120235e+01   5.9506066871e-04
1.8377321603e+01   5.8809830471e-04
1.8455522972e+01   5.7922793787e-04
1.8533724340e+01   5.6867280176e-04
1.8611925709e+01   5.5666880919e-04
1.8690127077e+01   5.4348500004e-04
1.8768328446e+01   5.2946001372e-04
1.8846529814e+01   5.1506195210e-04
1.8924731183e+01   4.9975811324e-04
1.9002932551e+01   4.3285454687e-04
1.9081133920e+01   4.1525690726e-04
1.9159335288e+01   3.9736738951e-04
1.9237536657e+01   3.7931893526e-04
1.9315738025e+01   3.6123113184e-04
1.9393939394e+01   3.4320662874e-04
1.9472140762e+01   3.2532680307e-04
1.9550342131e+01   3.0764665431e-04
1.9628543500e+01   2.9018895465e-04
1.9706744868e+01   2.7293774596e-04
1.9784946237e+01   2.5583136302e-04
1.9863147605e+01   2.7201321634e-04
1.9941348974e+01   2.8883074567e-04
2.0019550342e+01   3.0596602289e-04
2.0097751711e+01   3.2332913985e-04
2.0175953079e+01   3.4077559570e-04
2.0254154448e+01   3.5809387764e-04
2.0332355816e+01   3.7499178286e-04
2.0410557185e+01   3.9108049120e-04
2.0488758553e+01   4.0585835062e-04
2.0566959922e+01   4.1870095072e-04
2.0645161290e+01   4.2885134793e-04
2.0723362659e+01   4.3541913763e-04
2.0801564027e+01   3.0950046807e-04
2.0879765396e+01   2.9545271857e-04
2.0957966764e+01   2.8357778603e-04
2.1036168133e+01   3.1991461046e-04
2.1114369501e+01   3.5572966793e-04
2.1192570870e+01   3.8995282464e-04
2.1270772239e+01   4.2135593332e-04
2.1348973607e+01   4.4862254718e-04
2.1427174976e+01   4.7043872230e-04
2.1505376344e+01   4.8559645085e-04
2.1583577713e+01   4.9310104670e-04
2.1661779081e+01   4.9228462278e-04
2.1739980450e+01   4.8296571213e-04
2.1818181818e+01   3.4700849081e-04
2.1896383187e+01   3.7229017503e-04
2.1974584555e+01   3.9298945406e-04
2.2052785924e+01   4.0875536949e-04
2.2130987292e+01   4.1938924097e-04
2.2209188661e+01   4.2484532437e-04
2.2287390029e+01   4.2522168241e-04
2.2365591398e+01   4.2074322651e-04
2.2443792766e+01   4.1173939869e-04
2.2521994135e+01   3.9861901655e-04
2.2600195503e+01   3.8184464443e-04
2.2678396872e+01   3.6190870324e-04
2.2756598240e+01   3.3931315599e-04
2.2834799609e+01   3.1455327907e-04
2.2913000978e+01   2.8810351358e-04
2.2991202346e+01   2.6560384201e-04
2.3069403715e+01   2.8198241423e-04
2.3147605083e+01   2.9612834454e-04
2.3225806452e+01   3.0813813831e-04
2.3304007820e+01   3.1791733012e-04
2.3382209189e+01   3.2566724039e-04
2.3460410557e+01   3.3147028826e-04
2.3538611926e+01   3.2720106671e-04
2.3616813294e+01   4.0709194460e-04
2.3695014663e+01   4.1581429926e-04
2.3773216031e+01   4.2191055119e-04
2.3851417400e+01   4.2551524502e-04
2.3929618768e+01   4.2676273644e-04
2.4007820137e+01   4.2578589514e-04
2.4086021505e+01   4.2271522482e-04
2.4164222874e+01   4.1767831425e-04
2.4242424242e+01   4.1079955570e-04
2.4320625611e+01   4.0220010353e-04
2.4398826979e+01   3.9199811569e-04
2.4477028348e+01   3.8030945547e-04
2.4555229717e+01   3.6724926936e-04
2.4633431085e+01   3.5293523429e-04
2.4711632454e+01   3.3749379457e-04
2.4789833822e+01   3.2107133831e-04
2.4868035191e+01   3.0385286124e-04
2.4946236559e+01   2.8609098894e-04
2.5024437928e+01   2.6814792437e-04
2.5102639296e+01   2.5055154637e-04
2.5180840665e+01   2.3022499427e-04
2.5259042033e+01   3.2674868173e-04
2.5337243402e+01   3.0784063729e-04
2.5415444770e+01   2.8884602387e-04
2.5493646139e+01   2.6981315114e-04
2.5571847507e+01   2.5076238427e-04
2.5650048876e+01   2.3835629745e-04
2.5728250244e+01   2.5245182529e-04
2.5806451613e+01   2.6659790651e-04
2.5884652981e+01   2.8075642290e-04
2.5962854350e+01   2.9485582815e-04
2.6041055718e+01   3.0878368428e-04
2.6119257087e+01   3.2237811096e-04
2.6197458456e+01   3.3541828185e-04
2.6275659824e+01   3.4761418446e-04
2.6353861193e+01   3.5859586693e-04
2.6432062561e+01   3.6791311340e-04
2.6510263930e+01   3.7501701877e-04
2.6588465298e+01   3.7926470808e-04
2.6666666667e+01   3.7992628777e-04
2.6744868035e+01   3.7619901574e-04
2.6823069404e+01   3.6723457007e-04
2.6901270772e+01   3.5218018411e-04
2.6979472141e+01   4.1172425291e-04
2.7057673509e+01   3.8211112362e-04
2.7135874878e+01   3.7121848230e-04
2.7214076246e+01   4.2894177630e-04
2.7292277615e+01   4.8253058622e-04
2.7370478983e+01   5.2996260706e-04
2.7448680352e+01   5.6933110879e-04
2.7526881720e+01   5.9898553298e-04
2.7605083089e+01   6.1765761890e-04
2.7683284457e+01   6.2456600948e-04
2.7761485826e+01   6.1950938081e-04
2.7839687195e+01   6.0246979744e-04
2.7917888563e+01   5.8374440007e-04
2.7996089932e+01   5.4408047836e-04
2.8074291300e+01   5.7977295212e-04
2.8152492669e+01   6.3337675975e-04
2.8230694037e+01   6.7548104384e-04
2.8308895406e+01   7.0592515276e-04
2.8387096774e+01   7.2499479311e-04
2.8465298143e+01   7.3334348379e-04
2.8543499511e+01   7.3190303364e-04
2.8621700880e+01   7.2179288357e-04
2.8699902248e+01   7.0423580799e-04
2.8778103617e+01   6.8048482539e-04
2.8856304985e+01   6.5176386559e-04
2.8934506354e+01   6.1922346380e-04
2.9012707722e+01   5.8391299870e-04
2.9090909091e+01   5.4677250290e-04
2.9169110459e+01   5.0864820559e-04
2.9247311828e+01   4.7018060371e-04
2.9325513196e+01   4.3186252596e-04
2.9403714565e+01   4.2781394616e-04
2.9481915934e+01   4.5196872510e-04
2.9560117302e+01   4.7223028052e-04
2.9638318671e+01   4.8878235987e-04
2.9716520039e+01   5.0182157002e-04
2.9794721408e+01   4.8127715323e-04
2.9872922776e+01   4.8600644383e-04
2.9951124145e+01   4.8809720435e-04
3.0029325513e+01   4.8773726344e-04
3.0107526882e+01   4.8511295437e-04
3.0185728250e+01   4.8040823420e-04
3.0263929619e+01   4.7380401486e-04
3.0342130987e+01   4.6547762759e-04
3.0420332356e+01   4.5560236052e-04
3.0498533724e+01   4.4434704191e-04
3.0576735093e+01   4.3187570031e-04
3.0654936461e+01   4.1834743297e-04
3.0733137830e+01   4.0391676174e-04
3.0811339198e+01   3.8873494225e-04
3.0889540567e+01   3.7295287365e-04
3.0967741935e+01   3.5672634944e-04
3.1045943304e+01   3.4022426672e-04
3.1124144673e+01   3.2363992382e-04
3.1202346041e+01   3.0720455509e-04
3.1280547410e+01   2.9120073531e-04
3.1358748778e+01   2.7597135484e-04
3.1436950147e+01   2.6191787002e-04
3.1515151515e+01   2.4948007316e-04
3.1593352884e+01   2.6331631328e-04
3.1671554252e+01   2.8650160650e-04
3.1749755621e+01   3.1227610775e-04
3.1827956989e+01   3.4088696726e-04
3.1906158358e+01   3.7235895468e-04
3.1984359726e+01   4.0638621621e-04
3.2062561095e+01   4.4222542256e-04
3.2140762463e+01   4.7861008007e-04
3.2218963832e+01   5.1371112429e-04
3.2297165200e+01   5.4517173478e-04
3.2375366569e+01   5.6864524213e-04
3.2453567937e+01   4.8519696479e-04
3.2531769306e+01   4.8422182346e-04
3.2609970674e+01   4.7815194110e-04
3.2688172043e+01   4.6636322827e-04
3.2766373412e+01   4.4827848553e-04
3.2844574780e+01   4.2341087720e-04
3.2922776149e+01   3.9141210866e-04
3.3000977517e+01   4.1071760657e-04
3.3079178886e+01   4.5775178720e-04
3.3157380254e+01   4.9930762941e-04
3.3235581623e+01   5.3423680875e-04
3.3313782991e+01   5.6154758407e-04
3.3391984360e+01   5.8047153110e-04
3.3470185728e+01   5.9053049686e-04
3.3548387097e+01   5.9163090399e-04
3.3626588465e+01   3.8345185300e-04
3.3704789834e+01   3.6049833430e-04
3.3782991202e+01   3.3381164839e-04
3.3861192571e+01   3.0393475384e-04
3.3939393939e+01   3.3385730986e-04
3.4017595308e+01   3.6287412201e-04
3.4095796676e+01   3.8748706155e-04
3.4173998045e+01   4.0754691296e-04
3.4252199413e+01   4.2301545444e-04
3.4330400782e+01   4.3395335142e-04
3.4408602151e+01   4.4050536311e-04
3.4486803519e+01   4.4288432878e-04
3.4565004888e+01   4.4135512379e-04
3.4643206256e+01   4.3621928397e-04
3.4721407625e+01   4.2780044674e-04
3.4799608993e+01   4.1643066722e-04
3.4877810362e+01   4.0243880955e-04
3.4956011730e+01   3.8614497723e-04
3.5034213099e+01   3.6786839866e-04
3.5112414467e+01   3.4795751827e-04
3.5190615836e+01   3.2683366161e-04
3.5268817204e+01   3.0443461336e-04
3.5347018573e+01   3.0108218152e-04
3.5425219941e+01   3.1958752387e-04
3.5503421310e+01   3.3630988896e-04
3.5581622678e+01   3.5125523331e-04
3.5659824047e+01   3.6443148106e-04
3.5738025415e+01   3.7584746270e-04
3.5816226784e+01   3.8551207203e-04
3.5894428152e+01   3.9343361228e-04
3.5972629521e+01   3.8255555909e-04
3.6050830890e+01   4.8947291221e-04
3.6129032258e+01   4.9462481132e-04
3.6207233627e+01   4.9779096972e-04
3.6285434995e+01   4.9902591439e-04
3.6363636364e+01   4.9838071430e-04
3.6441837732e+01   4.9590256455e-04
3.6520039101e+01   4.9163441468e-04
3.6598240469e+01   4.8561463015e-04
3.6676441838e+01   4.7787669216e-04
3.6754643206e+01   4.6844896628e-04
3.6832844575e+01   4.5735460528e-04
3.6911045943e+01   4.4461168680e-04
3.6989247312e+01   4.3023370512e-04
3.7067448680e+01   4.1423050808e-04
3.7145650049e+01   3.9660966437e-04
3.7223851417e+01   3.7737804231e-04
3.7302052786e+01   3.5654309371e-04
3.7380254154e+01   3.3411303368e-04
3.7458455523e+01   3.1009492385e-04
3.7536656891e+01   2.9232964759e-04
3.7614858260e+01   3.0985962672e-04
3.7693059629e+01   3.2651475184e-04
3.7771260997e+01   3.4211612973e-04
3.7849462366e+01   3.5642157752e-04
3.7927663734e+01   3.6911623369e-04
3.8005865103e+01   3.7981111192e-04
3.8084066471e+01   3.8805437784e-04
3.8162267840e+01   3.9335901314e-04
3.8240469208e+01   3.9524724554e-04
3.8318670577e+01   3.9330614239e-04
3.8396871945e+01   3.8724010741e-04
3.8475073314e+01   3.7777677929e-04
3.8553274682e+01   3.6383936160e-04
3.8631476051e+01   4.7166523143e-04
3.8709677419e+01   4.4830917557e-04
3.8787878788e+01   4.1734437129e-04
3.8866080156e+01   3.9322025453e-04
3.8944281525e+01   4.4514911675e-04
3.9022482893e+01   4.9186930869e-04
3.9100684262e+01   5.3217416668e-04
3.9178885630e+01   5.6500073409e-04
3.9257086999e+01   5.8949144529e-04
3.9335288368e+01   6.0504488195e-04
3.9413489736e+01   6.1135476923e-04
3.9491691105e+01   6.0844298447e-04
3.9569892473e+01   5.9670145308e-04
3.9648093842e+01   5.7696724070e-04
3.9726295210e+01   6.2216636050e-04
3.9804496579e+01   5.8393746464e-04
3.9882697947e+01   5.3871913790e-04
3.9960899316e+01   5.5791972016e-04
4.0039100684e+01   6.0142921924e-04
4.0117302053e+01   6.3633146677e-04
4.0195503421e+01   6.6280417149e-04
4.0273704790e+01   6.8122967865e-04
4.0351906158e+01   6.9214627324e-04
4.0430107527e+01   6.9620046025e-04
4.0508308895e+01   6.9410319066e-04
4.0586510264e+01   6.8659197662e-04
4.0664711632e+01   6.7440002232e-04
4.0742913001e+01   6.5823300453e-04
4.0821114370e+01   6.3875393055e-04
4.0899315738e+01   6.1657631421e-04
4.0977517107e+01   5.9226524724e-04
4.1055718475e+01   5.6634426902e-04
4.1133919844e+01   5.3906549070e-04
4.1212121212e+01   5.1075904455e-04
4.1290322581e+01   4.8178680290e-04
4.1368523949e+01   4.5238219952e-04
4.1446725318e+01   4.5966473525e-04
4.1524926686e+01   4.8338683585e-04
4.1603128055e+01   5.0427250853e-04
4.1681329423e+01   5.2243447138e-04
4.1759530792e+01   5.3798983641e-04
4.1837732160e+01   5.5105776425e-04
4.1915933529e+01   5.6175742990e-04
4.1994134897e+01   5.7020622114e-04
4.2072336266e+01   5.7651809852e-04
4.2150537634e+01   5.8080205316e-04
4.2228739003e+01   5.8316060451e-04
4.2306940371e+01   5.8368828997e-04
4.2385141740e+01   5.8247010487e-04
4.2463343109e+01   5.7957986001e-04
4.2541544477e+01   5.7507843617e-04
4.2619745846e+01   5.6901192757e-04
4.2697947214e+01   5.6140968304e-04
4.2776148583e+01   5.5228226978e-04
4.2854349951e+01   5.4161943292e-04
4.2932551320e+01   5.2938811695e-04
4.3010752688e+01   5.1553067214e-04
4.3088954057e+01   4.9996342208e-04
4.3167155425e+01   4.8257581770e-04
4.3245356794e+01   4.6323042846e-04
4.3323558162e+01   4.4176412723e-04
4.3401759531e+01   4.1799081786e-04
4.3479960899e+01   4.0027565402e-04
4.3558162268e+01   3.7110131286e-04
4.3636363636e+01   3.9091983730e-04
4.3714565005e+01   4.1675712689e-04
4.3792766373e+01   4.4077969713e-04
4.3870967742e+01   4.6249891226e-04
4.3949169110e+01   4.8136254034e-04
4.4027370479e+01   4.9676034498e-04
4.4105571848e+01   5.0803483540e-04
4.4183773216e+01   5.1449814851e-04
4.4261974585e+01   5.1545577788e-04
4.4340175953e+01   5.1023740530e-04
4.4418377322e+01   4.9823439440e-04
4.4496578690e+01   4.7894251190e-04
4.4574780059e+01   4.5200704135e-04
4.4652981427e+01   4.1726549619e-04
4.4731182796e+01   4.1079276612e-04
4.4809384164e+01   4.6311684646e-04
4.4887585533e+01   5.0960996103e-04
4.4965786901e+01   5.4929196590e-04
4.5043988270e+01   5.8148199171e-04
4.5122189638e+01   6.0584425497e-04
4.5200391007e+01   6.2231912224e-04
4.5278592375e+01   6.3084311163e-04
4.5356793744e+01   6.3074986697e-04
4.5434995112e+01   6.1842683956e-04
4.5513196481e+01   5.9387020794e-04
4.5591397849e+01   5.1332127812e-04
4.5669599218e+01   4.7585142512e-04
4.5747800587e+01   4.7050958040e-04
4.5826001955e+01   5.0967157717e-04
4.5904203324e+01   5.4203243179e-04
4.5982404692e+01   5.6761975875e-04
4.6060606061e+01   5.8662378775e-04
4.6138807429e+01   5.9936575687e-04
4.6217008798e+01   6.0626547711e-04
4.6295210166e+01   6.0781026010e-04
4.6373411535e+01   6.0452678817e-04
4.6451612903e+01   5.9695693281e-04
4.6529814272e+01   5.8563807105e-04
4.6608015640e+01   5.7108814518e-04
4.6686217009e+01   5.5379552203e-04
4.6764418377e+01   5.3421350587e-04
4.6842619746e+01   5.1275894049e-04
4.6920821114e+01   4.8981351380e-04
4.6999022483e+01   4.6572512068e-04
4.7077223851e+01   4.4080522375e-04
4.7155425220e+01   4.1531721044e-04
4.7233626588e+01   3.9765518437e-04
4.7311827957e+01   4.1981656228e-04
4.7390029326e+01   4.3961353781e-04
4.7468230694e+01   4.5745643802e-04
4.7546432063e+01   4.7396445539e-04
4.7624633431e+01   4.8997438170e-04
4.7702834800e+01   5.0649032892e-04
4.7781036168e+01   5.2454798378e-04
4.7859237537e+01   5.3916139705e-04
4.7937438905e+01   5.4184261390e-04
4.8015640274e+01   4.7552251539e-04
4.8093841642e+01   4.7267817631e-04
4.8172043011e+01   4.6801620938e-04
4.8250244379e+01   4.6157413711e-04
4.8328445748e+01   4.5338436905e-04
4.8406647116e+01   4.4347370234e-04
4.8484848485e+01   4.3186287091e-04
4.8563049853e+01   4.1856616666e-04
4.8641251222e+01   4.0359116904e-04
4.8719452590e+01   3.8693863437e-04
4.8797653959e+01   3.6860261193e-04
4.8875855327e+01   3.4857086916e-04
4.8954056696e+01   3.2682572078e-04
4.9032258065e+01   3.0334536703e-04
4.9110459433e+01   2.8037766047e-04
4.9188660802e+01   2.9813798930e-04
4.9266862170e+01   3.1472834602e-04
4.9345063539e+01   3.2996645112e-04
4.9423264907e+01   3.4364259547e-04
4.9501466276e+01   3.5551907723e-04
4.9579667644e+01   3.6533091097e-04
4.9657869013e+01   3.7278809112e-04
4.9736070381e+01   3.7757944800e-04
4.9814271750e+01   3.7937772192e-04
4.9892473118e+01   3.7784498115e-04
4.9970674487e+01   3.7263717130e-04
5.0048875855e+01   3.6340687902e-04
5.0127077224e+01   3.4986066722e-04
5.0205278592e+01   3.3193763122e-04
5.0283479961e+01   2.8334806102e-04
5.0361681329e+01   3.0246950235e-04
5.0439882698e+01   3.1852252460e-04
5.0518084066e+01   3.3123617230e-04
5.0596285435e+01   3.4039043975e-04
5.0674486804e+01   3.4582570329e-04
5.0752688172e+01   3.4744996860e-04
5.0830889541e+01   3.4524332374e-04
5.0909090909e+01   3.3925924744e-04
5.0987292278e+01   3.2962281698e-04
5.1065493646e+01   3.1652642550e-04
5.1143695015e+01   3.0022437364e-04
5.1221896383e+01   2.8102855789e-04
5.1300097752e+01   2.5930812753e-04
5.1378299120e+01   2.6284194769e-04
5.1456500489e+01   2.8690828611e-04
5.1534701857e+01   3.0884937200e-04
5.1612903226e+01   3.2919457778e-04
5.1691104594e+01   3.4882536655e-04
5.1769305963e+01   3.6893039053e-04
5.1847507331e+01   3.9083876441e-04
5.1925708700e+01   4.1570843457e-04
5.2003910068e+01   4.4409417418e-04
5.2082111437e+01   4.7548549480e-04
5.2160312805e+01   5.0796545801e-04
5.2238514174e+01   5.3816397787e-04
5.2316715543e+01   5.6122029481e-04
5.2394916911e+01   5.5721114230e-04
5.2473118280e+01   5.4995994988e-04
5.2551319648e+01   5.3971328575e-04
5.2629521017e+01   5.2672012939e-04
5.2707722385e+01   5.1122740852e-04
5.2785923754e+01   4.9347636129e-04
5.2864125122e+01   4.7369990906e-04
5.2942326491e+01   4.5212056898e-04
5.3020527859e+01   4.2894908858e-04
5.3098729228e+01   4.0438361219e-04
5.3176930596e+01   3.7947716763e-04
5.3255131965e+01   4.0235459394e-04
5.3333333333e+01   4.2330333266e-04
5.3411534702e+01   4.4227573365e-04
5.3489736070e+01   4.5922567826e-04
5.3567937439e+01   4.7410789780e-04
5.3646138807e+01   4.8687745111e-04
5.3724340176e+01   4.9748935764e-04
5.3802541544e+01   5.0589838442e-04
5.3880742913e+01   5.1205898840e-04
5.3958944282e+01   5.1592541763e-04
5.4037145650e+01   5.1745197800e-04
5.4115347019e+01   5.1659347421e-04
5.4193548387e+01   5.1330583661e-04
5.4271749756e+01   5.0754694727e-04
5.4349951124e+01   4.9927768060e-04
5.4428152493e+01   4.8846317481e-04
5.4506353861e+01   4.7507435077e-04
5.4584555230e+01   4.5908969347e-04
5.4662756598e+01   4.4049730899e-04
5.4740957967e+01   4.1929726419e-04
5.4819159335e+01   3.9550420924e-04
5.4897360704e+01   3.6915027100e-04
5.4975562072e+01   3.4028819041e-04
5.5053763441e+01   2.8507881864e-04
5.5131964809e+01   3.5284005778e-04
5.5210166178e+01   3.5403844675e-04
5.5288367546e+01   3.7474455637e-04
5.5366568915e+01   3.9316750208e-04
5.5444770283e+01   4.0900915267e-04
5.5522971652e+01   4.2195363931e-04
5.5601173021e+01   4.3167243768e-04
5.5679374389e+01   4.3783143873e-04
5.5757575758e+01   4.4010016481e-04
5.5835777126e+01   4.3816316524e-04
5.5913978495e+01   4.3173345480e-04
5.5992179863e+01   4.2056763794e-04
5.6070381232e+01   4.0448208908e-04
5.6148582600e+01   3.8336922687e-04
5.6226783969e+01   3.5721252574e-04
5.6304985337e+01   3.5196140423e-04
5.6383186706e+01   3.9093309714e-04
5.6461388074e+01   4.2549623514e-04
5.6539589443e+01   4.5514910330e-04
5.6617790811e+01   4.7949481705e-04
5.6695992180e+01   4.9824950084e-04
5.6774193548e+01   5.1122562895e-04
5.6852394917e+01   5.1827643819e-04
5.6930596285e+01   5.1919022437e-04
5.7008797654e+01   5.1353629701e-04
5.7086999022e+01   5.0236906220e-04
5.7165200391e+01   4.8596652838e-04
5.7243401760e+01   5.6408930973e-04
5.7321603128e+01   5.3457391910e-04
5.7399804497e+01   5.0006143859e-04
5.7478005865e+01   4.6124357807e-04
5.7556207234e+01   4.9001934513e-04
5.7634408602e+01   5.2516433280e-04
5.7712609971e+01   5.5486733792e-04
5.7790811339e+01   5.7918252856e-04
5.7869012708e+01   5.9824950447e-04
5.7947214076e+01   6.1227572972e-04
5.8025415445e+01   6.2151961657e-04
5.8103616813e+01   6.2627497881e-04
5.8181818182e+01   6.2685734312e-04
5.8260019550e+01   6.2359242190e-04
5.8338220919e+01   6.1680690199e-04
5.8416422287e+01   6.0682155725e-04
5.8494623656e+01   5.9394649235e-04
5.8572825024e+01   5.7847801949e-04
5.8651026393e+01   5.6069625416e-04
5.8729227761e+01   5.4086207167e-04
5.8807429130e+01   5.1921177930e-04
5.8885630499e+01   4.9594798703e-04
5.8963831867e+01   4.7122595173e-04
5.9042033236e+01   4.4513624374e-04
5.9120234604e+01   4.4461032718e-04
5.9198435973e+01   4.7039839955e-04
5.9276637341e+01   4.9451823337e-04
5.9354838710e+01   5.1553567380e-04
5.9433040078e+01   5.3390049785e-04
5.9511241447e+01   5.4995664571e-04
5.9589442815e+01   6.0075109149e-04
5.9667644184e+01   6.1316652431e-04
5.9745845552e+01   6.2317518679e-04
5.9824046921e+01   6.3076456984e-04
5.9902248289e+01   6.3591367096e-04
5.9980449658e+01   6.3859196950e-04
6.0058651026e+01   6.3875859045e-04
6.0136852395e+01   6.3636170248e-04
6.0215053763e+01   6.3133821209e-04
6.0293255132e+01   6.2361383168e-04
6.0371456500e+01   6.1310361593e-04
6.0449657869e+01   5.9971307495e-04
6.0527859238e+01   5.8333998420e-04
6.0606060606e+01   5.6387701712e-04
6.0684261975e+01   5.4121532891e-04
6.0762463343e+01   5.1524921534e-04
6.0840664712e+01   4.8588196016e-04
6.0918866080e+01   4.5303296050e-04
6.0997067449e+01   4.1664617185e-04
6.1075268817e+01   4.1644818547e-04
6.1153470186e+01   4.4368886091e-04
6.1231671554e+01   4.6819630430e-04
6.1309872923e+01   4.8952711277e-04
6.1388074291e+01   5.0721671037e-04
6.1466275660e+01   5.2078808455e-04
6.1544477028e+01   5.2976225728e-04
6.1622678397e+01   5.3367039676e-04
6.1700879765e+01   5.3206806153e-04
6.1779081134e+01   5.2455331292e-04
6.1857282502e+01   5.1079242833e-04
6.1935483871e+01   4.9055952196e-04
6.2013685239e+01   4.6412410837e-04
6.2091886608e+01   4.3155287283e-04
6.2170087977e+01   4.0633988815e-04
6.2248289345e+01   4.5374556277e-04
6.2326490714e+01   4.9572708616e-04
6.2404692082e+01   5.4036663928e-04
6.2482893451e+01   5.6994161392e-04
6.2561094819e+01   5.9232271246e-04
6.2639296188e+01   6.0727455724e-04
6.2717497556e+01   6.1472700345e-04
6.2795698925e+01   6.1476969189e-04
6.2873900293e+01   6.0763969447e-04
6.2952101662e+01   5.9370362799e-04
6.3030303030e+01   5.7343589411e-04
6.3108504399e+01   5.4739478497e-04
6.3186705767e+01   5.1619809522e-04
6.3264907136e+01   4.8049964282e-04
6.3343108504e+01   4.4096778329e-04
6.3421309873e+01   4.7621692780e-04
6.3499511241e+01   5.0749142640e-04
6.3577712610e+01   5.3371994764e-04
6.3655913978e+01   5.5500034143e-04
6.3734115347e+01   5.7149561704e-04
6.3812316716e+01   5.8341935991e-04
6.3890518084e+01   5.9102209275e-04
6.3968719453e+01   5.9457847756e-04
6.4046920821e+01   5.9437513890e-04
6.4125122190e+01   5.9069930132e-04
6.4203323558e+01   5.8382936936e-04
6.4281524927e+01   5.7402966826e-04
6.4359726295e+01   5.6155209153e-04
6.4437927664e+01   5.4664654275e-04
6.4516129032e+01   5.2957929995e-04
6.4594330401e+01   5.1065401518e-04
6.4672531769e+01   4.9022522156e-04
6.4750733138e+01   4.6869100315e-04
6.4828934506e+01   4.4645213050e-04
6.4907135875e+01   4.2383099599e-04
6.4985337243e+01   4.3281645036e-04
6.5063538612e+01   4.5411527884e-04
6.5141739980e+01   4.7363813402e-04
6.5219941349e+01   4.9257556351e-04
6.5298142717e+01   5.1252388723e-04
6.5376344086e+01   5.3529218747e-04
6.5454545455e+01   5.6255507518e-04
6.5532746823e+01   5.9537328621e-04
6.5610948192e+01   6.3364469038e-04
6.5689149560e+01   6.7558462676e-04
6.5767350929e+01   7.1735656258e-04
6.5845552297e+01   7.5297369590e-04
6.5923753666e+01   7.7456522653e-04
6.6001955034e+01   7.7304917499e-04
6.6080156403e+01   7.3918420765e-04
6.6158357771e+01   6.6489794294e-04
6.6236559140e+01   5.4472304478e-04
6.6314760508e+01   3.7712890838e-04
6.6392961877e+01   1.6552634805e-04
6.6471163245e+01   8.1249877705e-05
6.6549364614e+01   3.4911285050e-04
6.6627565982e+01   6.1959217816e-04
6.6705767351e+01   8.7134045116e-04
6.6783968719e+01   1.0821214852e-03
6.6862170088e+01   1.2310488347e-03
6.6940371457e+01   1.4149335418e-03
6.7018572825e+01   1.5920401029e-03
6.7096774194e+01   1.7147621506e-03
6.7174975562e+01   1.7727907937e-03
6.7253176931e+01   1.7597045014e-03
6.7331378299e+01   1.6734873908e-03
6.7409579668e+01   1.5167059501e-03
6.7487781036e+01   1.2963337715e-03
6.7565982405e+01   1.0232412240e-03
6.7644183773e+01   1.3358119307e-03
6.7722385142e+01   1.6671820305e-03
6.7800586510e+01   1.9267067230e-03
6.7878787879e+01   2.1025288696e-03
6.7956989247e+01   2.1890154442e-03
6.8035190616e+01   2.1867001212e-03
6.8113391984e+01   2.1017082402e-03
6.8191593353e+01   1.9447628936e-03
6.8269794721e+01   1.7299018519e-03
6.8347996090e+01   1.4730503298e-03
6.8426197458e+01   1.4269615040e-03
6.8504398827e+01   1.3989632227e-03
6.8582600196e+01   1.3400311659e-03
6.8660801564e+01   1.2590058554e-03
6.8739002933e+01   1.1639768400e-03
6.8817204301e+01   1.0615517637e-03
6.8895405670e+01   9.5641955165e-04
6.8973607038e+01   8.5124955538e-04
6.9051808407e+01   7.4691708674e-04
6.9130009775e+01   7.5482003241e-04
6.9208211144e+01   8.4880000890e-04
6.9286412512e+01   9.2509880572e-04
6.9364613881e+01   9.8597376738e-04
6.9442815249e+01   1.0327284947e-03
6.9521016618e+01   1.0657127788e-03
6.9599217986e+01   1.0845107105e-03
6.9677419355e+01   1.0882657284e-03
6.9755620723e+01   1.0760742457e-03
6.9833822092e+01   1.0473736401e-03
6.9912023460e+01   1.0022563974e-03
6.9990224829e+01   9.4165850089e-04
7.0068426197e+01   8.6739340839e-04
7.0146627566e+01   7.8202885773e-04
7.0224828935e+01   6.8862804299e-04
7.0303030303e+01   5.9039616353e-04
7.0381231672e+01   4.9028624847e-04
7.0459433040e+01   3.9062426121e-04
7.0537634409e+01   2.9281349335e-04
7.0615835777e+01   1.9717300694e-04
7.0694037146e+01   1.0295469666e-04
7.0772238514e+01   3.3970777782e-05
7.0850439883e+01   8.7980569438e-05
7.0928641251e+01   1.8845373234e-04
7.1006842620e+01   2.9361064784e-04
7.1085043988e+01   4.2303049175e-04
7.1163245357e+01   5.7509707078e-04
7.1241446725e+01   7.3630561968e-04
7.1319648094e+01   8.9805490871e-04
7.1397849462e+01   1.0486373237e-03
7.1476050831e+01   1.1737541823e-03
7.1554252199e+01   1.2574390290e-03
7.1632453568e+01   1.2833287285e-03
7.1710654936e+01   1.2361705191e-03
7.1788856305e+01   1.1034127767e-03
7.1867057674e+01   8.7670490805e-04
7.1945259042e+01   8.1463126461e-04
7.2023460411e+01   1.3594451103e-03
7.2101661779e+01   1.9400363334e-03
7.2179863148e+01   2.5217800688e-03
7.2258064516e+01   3.0654563177e-03
7.2336265885e+01   3.5303984923e-03
7.2414467253e+01   3.8779825028e-03
7.2492668622e+01   4.0750626700e-03
7.2570869990e+01   4.0969674384e-03
7.2649071359e+01   4.3537179792e-03
7.2727272727e+01   4.6770489532e-03
7.2805474096e+01   4.8744537058e-03
7.2883675464e+01   4.9366362584e-03
7.2961876833e+01   4.8605922431e-03
7.3040078201e+01   4.6494897259e-03
7.3118279570e+01   4.3122146827e-03
7.3196480938e+01   3.8626423200e-03
7.3274682307e+01   3.3187016377e-03
7.3352883675e+01   3.1540150699e-03
7.3431085044e+01   3.9092820831e-03
7.3509286413e+01   4.5328616379e-03
7.3587487781e+01   5.0078038644e-03
7.3665689150e+01   5.3252703321e-03
7.3743890518e+01   5.4841403634e-03
7.3822091887e+01   5.4901818359e-03
7.3900293255e+01   5.3549046696e-03
7.3978494624e+01   5.0942241308e-03
7.4056695992e+01   4.7270590304e-03
7.4134897361e+01   4.2739781622e-03
7.4213098729e+01   3.7559886818e-03
7.4291300098e+01   3.2161954797e-03
7.4369501466e+01   3.2512113495e-03
7.4447702835e+01   3.2141997617e-03
7.4525904203e+01   3.1128482470e-03
7.4604105572e+01   2.9559707909e-03
7.4682306940e+01   2.7533251000e-03
7.4760508309e+01   2.5154540552e-03
7.4838709677e+01   2.2534951558e-03
7.4916911046e+01   1.9789021165e-03
7.4995112414e+01   1.7030411102e-03
7.5073313783e+01   1.6326935181e-03
7.5151515152e+01   1.8468977251e-03
7.5229716520e+01   2.0011858582e-03
7.5307917889e+01   2.0987729609e-03
7.5386119257e+01   2.1447368976e-03
7.5464320626e+01   2.1457553674e-03
7.5542521994e+01   2.1096550378e-03
7.5620723363e+01   2.0447951589e-03
7.5698924731e+01   1.9593447152e-03
7.5777126100e+01   1.8605413095e-03
7.5855327468e+01   1.7540355458e-03
7.5933528837e+01   1.6434233087e-03
7.6011730205e+01   1.5300497925e-03
7.6089931574e+01   1.4131362346e-03
7.6168132942e+01   1.2902381764e-03
7.6246334311e+01   1.1579990368e-03
7.6324535679e+01   1.0131212520e-03
7.6402737048e+01   8.5344470916e-04
7.6480938416e+01   7.6969929376e-04
7.6559139785e+01   9.5797905698e-04
7.6637341153e+01   1.1748397368e-03
7.6715542522e+01   1.4112112427e-03
7.6793743891e+01   1.6538744597e-03
7.6871945259e+01   1.8859561355e-03
7.6950146628e+01   2.0878108023e-03
7.7028347996e+01   2.2382276156e-03
7.7106549365e+01   2.3158748753e-03
7.7184750733e+01   2.3008756141e-03
7.7262952102e+01   2.1763939410e-03
7.7341153470e+01   1.9301046855e-03
7.7419354839e+01   1.5554201889e-03
7.7497556207e+01   2.0883168348e-03
7.7575757576e+01   2.8198509551e-03
7.7653958944e+01   3.5879411594e-03
7.7732160313e+01   4.3518604708e-03
7.7810361681e+01   5.0668209869e-03
7.7888563050e+01   5.6870010682e-03
7.7966764418e+01   6.1687998122e-03
7.8044965787e+01   6.4739974226e-03
7.8123167155e+01   6.5725115849e-03
7.8201368524e+01   6.4444956023e-03
7.8279569892e+01   6.8340772129e-03
7.8357771261e+01   7.2941936317e-03
7.8435972630e+01   7.5988114748e-03
7.8514173998e+01   7.7377807029e-03
7.8592375367e+01   7.7064439933e-03
7.8670576735e+01   7.5055057351e-03
7.8748778104e+01   7.1407743278e-03
7.8826979472e+01   6.6228144620e-03
7.8905180841e+01   5.9665282524e-03
7.8983382209e+01   5.1906676938e-03
7.9061583578e+01   5.3037404330e-03
7.9139784946e+01   6.3459540387e-03
7.9217986315e+01   7.2189088252e-03
7.9296187683e+01   7.9010563468e-03
7.9374389052e+01   8.3785435864e-03
7.9452590420e+01   8.6453482087e-03
7.9530791789e+01   8.7030720468e-03
7.9608993157e+01   8.5604113214e-03
7.9687194526e+01   8.2323419386e-03
7.9765395894e+01   7.7390783114e-03
7.9843597263e+01   7.1048803898e-03
7.9921798631e+01   6.3567921428e-03
8.0000000000e+01   5.7168394005e-03
8.0000000000e+01   5.7168394005e-03
