X    Y
0.0000000000e+00   4.0000000000e-01
1.0000000000e-04   4.0000000000e-01
1.1000000000e-03   4.0000000000e-01
1.1100000000e-02   4.0000000000e-01
8.9301368524e-02   4.0000000000e-01
1.6750273705e-01   4.0000000000e-01
2.4570410557e-01   4.0000000000e-01
3.2390547410e-01   4.0000000000e-01
4.0210684262e-01   4.0000000000e-01
4.8030821114e-01   4.0000000000e-01
5.5850957967e-01   4.0000000000e-01
6.3671094819e-01   4.0000000000e-01
7.1491231672e-01   4.0000000000e-01
7.9311368524e-01   4.0000000000e-01
8.7131505376e-01   4.0000000000e-01
9.4951642229e-01   4.0000000000e-01
9.4961642229e-01   8.0000000000e-01
9.5061642229e-01   8.0000000000e-01
9.6061642229e-01   8.0000000000e-01
1.0388177908e+00   8.0000000000e-01
1.1170191593e+00   8.0000000000e-01
1.1952205279e+00   8.0000000000e-01
1.2734218964e+00   8.0000000000e-01
1.3516232649e+00   8.0000000000e-01
1.4298246334e+00   8.0000000000e-01
1.5080260020e+00   8.0000000000e-01
1.5862273705e+00   8.0000000000e-01
1.6644287390e+00   8.0000000000e-01
1.7426301075e+00   8.0000000000e-01
1.8208314761e+00   8.0000000000e-01
1.8990328446e+00   8.0000000000e-01
1.9772342131e+00   8.0000000000e-01
2.0554355816e+00   8.0000000000e-01
2.1336369501e+00   8.0000000000e-01
2.2118383187e+00   8.0000000000e-01
2.2900396872e+00   8.0000000000e-01
2.3682410557e+00   8.0000000000e-01
2.4464424242e+00   8.0000000000e-01
2.5246437928e+00   8.0000000000e-01
2.6028451613e+00   8.0000000000e-01
2.6810465298e+00   8.0000000000e-01
2.7592478983e+00   8.0000000000e-01
2.7593478983e+00   8.0000000000e-01
2.7603478983e+00   8.0000000000e-01
2.7703478983e+00   8.0000000000e-01
2.8485492669e+00   8.0000000000e-01
2.9267506354e+00   8.0000000000e-01
3.0049520039e+00   8.0000000000e-01
3.0831533724e+00   8.0000000000e-01
3.1613547410e+00   8.0000000000e-01
3.2395561095e+00   8.0000000000e-01
3.3177574780e+00   8.0000000000e-01
3.3959588465e+00   8.0000000000e-01
3.4741602151e+00   8.0000000000e-01
3.5523615836e+00   8.0000000000e-01
3.6305629521e+00   8.0000000000e-01
3.7087643206e+00   8.0000000000e-01
3.7869656891e+00   8.0000000000e-01
3.8651670577e+00   8.0000000000e-01
3.9433684262e+00   8.0000000000e-01
4.0215697947e+00   8.0000000000e-01
4.0997711632e+00   8.0000000000e-01
4.1779725318e+00   8.0000000000e-01
4.2561739003e+00   8.0000000000e-01
4.3343752688e+00   8.0000000000e-01
4.3344752688e+00   8.0000000000e-01
4.3354752688e+00   8.0000000000e-01
4.3454752688e+00   8.0000000000e-01
4.4236766373e+00   8.0000000000e-01
4.5018780059e+00   8.0000000000e-01
4.5800793744e+00   8.0000000000e-01
4.6582807429e+00   8.0000000000e-01
4.7364821114e+00   8.0000000000e-01
4.8146834800e+00   8.0000000000e-01
4.8928848485e+00   8.0000000000e-01
4.9710862170e+00   8.0000000000e-01
5.0492875855e+00   8.0000000000e-01
5.1274889541e+00   8.0000000000e-01
5.2056903226e+00   8.0000000000e-01
5.2838916911e+00   8.0000000000e-01
5.3620930596e+00   8.0000000000e-01
5.4402944282e+00   8.0000000000e-01
5.5184957967e+00   8.0000000000e-01
5.5966971652e+00   8.0000000000e-01
5.6748985337e+00   8.0000000000e-01
5.7530999022e+00   8.0000000000e-01
5.7531999022e+00   8.0000000000e-01
5.7541999022e+00   8.0000000000e-01
5.7641999022e+00   8.0000000000e-01
5.8424012708e+00   8.0000000000e-01
5.9206026393e+00   8.0000000000e-01
5.9988040078e+00   8.0000000000e-01
6.0770053763e+00   8.0000000000e-01
6.1552067449e+00   8.0000000000e-01
6.2334081134e+00   8.0000000000e-01
6.3116094819e+00   8.0000000000e-01
6.3898108504e+00   8.0000000000e-01
6.4680122190e+00   8.0000000000e-01
6.5462135875e+00   8.0000000000e-01
6.6244149560e+00   8.0000000000e-01
6.7026163245e+00   8.0000000000e-01
6.7808176931e+00   8.0000000000e-01
6.8590190616e+00   8.0000000000e-01
6.9372204301e+00   8.0000000000e-01
7.0154217986e+00   8.0000000000e-01
7.0936231672e+00   8.0000000000e-01
7.1718245357e+00   8.0000000000e-01
7.2500259042e+00   8.0000000000e-01
7.3282272727e+00   8.0000000000e-01
7.4064286413e+00   8.0000000000e-01
7.4846300098e+00   8.0000000000e-01
7.5628313783e+00   8.0000000000e-01
7.6410327468e+00   8.0000000000e-01
7.7192341153e+00   8.0000000000e-01
7.7974354839e+00   8.0000000000e-01
7.8756368524e+00   8.0000000000e-01
7.9538382209e+00   8.0000000000e-01
8.0320395894e+00   8.0000000000e-01
8.1102409580e+00   8.0000000000e-01
8.1884423265e+00   8.0000000000e-01
8.2666436950e+00   8.0000000000e-01
8.2667436950e+00   8.0000000000e-01
8.2677436950e+00   8.0000000000e-01
8.2777436950e+00   8.0000000000e-01
8.3559450635e+00   8.0000000000e-01
8.4341464321e+00   8.0000000000e-01
8.5123478006e+00   8.0000000000e-01
8.5905491691e+00   8.0000000000e-01
8.6687505376e+00   8.0000000000e-01
8.7469519062e+00   8.0000000000e-01
8.8251532747e+00   8.0000000000e-01
8.9033546432e+00   8.0000000000e-01
8.9815560117e+00   8.0000000000e-01
9.0597573803e+00   8.0000000000e-01
9.1379587488e+00   8.0000000000e-01
9.2161601173e+00   8.0000000000e-01
9.2943614858e+00   8.0000000000e-01
9.3725628543e+00   8.0000000000e-01
9.4507642229e+00   8.0000000000e-01
9.5289655914e+00   8.0000000000e-01
9.6071669599e+00   8.0000000000e-01
9.6853683284e+00   8.0000000000e-01
9.7635696970e+00   8.0000000000e-01
9.8417710655e+00   8.0000000000e-01
9.9199724340e+00   8.0000000000e-01
9.9200724340e+00   8.0000000000e-01
9.9210724340e+00   8.0000000000e-01
9.9310724340e+00   8.0000000000e-01
1.0009273803e+01   8.0000000000e-01
1.0087475171e+01   8.0000000000e-01
1.0165676540e+01   8.0000000000e-01
1.0243877908e+01   8.0000000000e-01
1.0322079277e+01   8.0000000000e-01
1.0400280645e+01   8.0000000000e-01
1.0478482014e+01   8.0000000000e-01
1.0556683382e+01   8.0000000000e-01
1.0634884751e+01   8.0000000000e-01
1.0713086119e+01   8.0000000000e-01
1.0791287488e+01   8.0000000000e-01
1.0869488856e+01   8.0000000000e-01
1.0947690225e+01   8.0000000000e-01
1.1025891593e+01   8.0000000000e-01
1.1104092962e+01   8.0000000000e-01
1.1182294330e+01   8.0000000000e-01
1.1260495699e+01   8.0000000000e-01
1.1338697067e+01   8.0000000000e-01
1.1416898436e+01   8.0000000000e-01
1.1495099804e+01   8.0000000000e-01
1.1495199804e+01   8.0000000000e-01
1.1496199804e+01   8.0000000000e-01
1.1506199804e+01   8.0000000000e-01
1.1584401173e+01   8.0000000000e-01
1.1662602542e+01   8.0000000000e-01
1.1740803910e+01   8.0000000000e-01
1.1819005279e+01   8.0000000000e-01
1.1897206647e+01   8.0000000000e-01
1.1975408016e+01   8.0000000000e-01
1.2053609384e+01   8.0000000000e-01
1.2131810753e+01   8.0000000000e-01
1.2210012121e+01   8.0000000000e-01
1.2288213490e+01   8.0000000000e-01
1.2366414858e+01   8.0000000000e-01
1.2444616227e+01   8.0000000000e-01
1.2522817595e+01   8.0000000000e-01
1.2601018964e+01   8.0000000000e-01
1.2679220332e+01   8.0000000000e-01
1.2757421701e+01   8.0000000000e-01
1.2835623069e+01   8.0000000000e-01
1.2913824438e+01   8.0000000000e-01
1.2992025806e+01   8.0000000000e-01
1.3070227175e+01   8.0000000000e-01
1.3148428543e+01   8.0000000000e-01
1.3226629912e+01   8.0000000000e-01
1.3304831281e+01   8.0000000000e-01
1.3304931281e+01   8.0000000000e-01
1.3305931281e+01   8.0000000000e-01
1.3315931281e+01   8.0000000000e-01
1.3394132649e+01   8.0000000000e-01
1.3472334018e+01   8.0000000000e-01
1.3550535386e+01   8.0000000000e-01
1.3628736755e+01   8.0000000000e-01
1.3706938123e+01   8.0000000000e-01
1.3785139492e+01   8.0000000000e-01
1.3863340860e+01   8.0000000000e-01
1.3941542229e+01   8.0000000000e-01
1.4019743597e+01   8.0000000000e-01
1.4097944966e+01   8.0000000000e-01
1.4176146334e+01   8.0000000000e-01
1.4254347703e+01   8.0000000000e-01
1.4332549071e+01   8.0000000000e-01
1.4410750440e+01   8.0000000000e-01
1.4488951808e+01   8.0000000000e-01
1.4567153177e+01   8.0000000000e-01
1.4645354545e+01   8.0000000000e-01
1.4723555914e+01   8.0000000000e-01
1.4801757283e+01   8.0000000000e-01
1.4879958651e+01   8.0000000000e-01
1.4958160020e+01   8.0000000000e-01
1.4958260020e+01   8.0000000000e-01
1.4959260020e+01   8.0000000000e-01
1.4969260020e+01   8.0000000000e-01
1.5047461388e+01   8.0000000000e-01
1.5125662757e+01   8.0000000000e-01
1.5203864125e+01   8.0000000000e-01
1.5282065494e+01   8.0000000000e-01
1.5360266862e+01   8.0000000000e-01
1.5438468231e+01   8.0000000000e-01
1.5516669599e+01   8.0000000000e-01
1.5594870968e+01   8.0000000000e-01
1.5673072336e+01   8.0000000000e-01
1.5751273705e+01   8.0000000000e-01
1.5829475073e+01   8.0000000000e-01
1.5907676442e+01   8.0000000000e-01
1.5985877810e+01   8.0000000000e-01
1.6064079179e+01   8.0000000000e-01
1.6142280547e+01   8.0000000000e-01
1.6220481916e+01   8.0000000000e-01
1.6298683284e+01   8.0000000000e-01
1.6376884653e+01   8.0000000000e-01
1.6455086022e+01   8.0000000000e-01
1.6455186022e+01   8.0000000000e-01
1.6456186022e+01   8.0000000000e-01
1.6466186022e+01   8.0000000000e-01
1.6544387390e+01   8.0000000000e-01
1.6622588759e+01   8.0000000000e-01
1.6700790127e+01   8.0000000000e-01
1.6778991496e+01   8.0000000000e-01
1.6857192864e+01   8.0000000000e-01
1.6935394233e+01   8.0000000000e-01
1.7013595601e+01   8.0000000000e-01
1.7091796970e+01   8.0000000000e-01
1.7169998338e+01   8.0000000000e-01
1.7248199707e+01   8.0000000000e-01
1.7326401075e+01   8.0000000000e-01
1.7404602444e+01   8.0000000000e-01
1.7482803812e+01   8.0000000000e-01
1.7561005181e+01   8.0000000000e-01
1.7639206549e+01   8.0000000000e-01
1.7717407918e+01   8.0000000000e-01
1.7717507918e+01   8.0000000000e-01
1.7718507918e+01   8.0000000000e-01
1.7728507918e+01   8.0000000000e-01
1.7806709286e+01   8.0000000000e-01
1.7884910655e+01   8.0000000000e-01
1.7963112023e+01   8.0000000000e-01
1.8041313392e+01   8.0000000000e-01
1.8119514761e+01   8.0000000000e-01
1.8197716129e+01   8.0000000000e-01
1.8275917498e+01   8.0000000000e-01
1.8354118866e+01   8.0000000000e-01
1.8432320235e+01   8.0000000000e-01
1.8510521603e+01   8.0000000000e-01
1.8588722972e+01   8.0000000000e-01
1.8666924340e+01   8.0000000000e-01
1.8745125709e+01   8.0000000000e-01
1.8823327077e+01   8.0000000000e-01
1.8901528446e+01   8.0000000000e-01
1.8979729814e+01   8.0000000000e-01
1.9057931183e+01   8.0000000000e-01
1.9136132551e+01   8.0000000000e-01
1.9214333920e+01   8.0000000000e-01
1.9292535288e+01   8.0000000000e-01
1.9370736657e+01   8.0000000000e-01
1.9448938025e+01   8.0000000000e-01
1.9527139394e+01   8.0000000000e-01
1.9605340762e+01   8.0000000000e-01
1.9683542131e+01   8.0000000000e-01
1.9761743500e+01   8.0000000000e-01
1.9839944868e+01   8.0000000000e-01
1.9918146237e+01   8.0000000000e-01
1.9996347605e+01   8.0000000000e-01
2.0074548974e+01   8.0000000000e-01
2.0152750342e+01   8.0000000000e-01
2.0230951711e+01   8.0000000000e-01
2.0309153079e+01   8.0000000000e-01
2.0387354448e+01   8.0000000000e-01
2.0465555816e+01   8.0000000000e-01
2.0543757185e+01   8.0000000000e-01
2.0621958553e+01   8.0000000000e-01
2.0700159922e+01   8.0000000000e-01
2.0778361290e+01   8.0000000000e-01
2.0856562659e+01   8.0000000000e-01
2.0934764027e+01   8.0000000000e-01
2.1012965396e+01   8.0000000000e-01
2.1091166764e+01   8.0000000000e-01
2.1169368133e+01   8.0000000000e-01
2.1247569501e+01   8.0000000000e-01
2.1325770870e+01   8.0000000000e-01
2.1403972239e+01   8.0000000000e-01
2.1482173607e+01   8.0000000000e-01
2.1560374976e+01   8.0000000000e-01
2.1638576344e+01   8.0000000000e-01
2.1716777713e+01   8.0000000000e-01
2.1794979081e+01   8.0000000000e-01
2.1873180450e+01   8.0000000000e-01
2.1951381818e+01   8.0000000000e-01
2.2029583187e+01   8.0000000000e-01
2.2107784555e+01   8.0000000000e-01
2.2185985924e+01   8.0000000000e-01
2.2264187292e+01   8.0000000000e-01
2.2342388661e+01   8.0000000000e-01
2.2420590029e+01   8.0000000000e-01
2.2498791398e+01   8.0000000000e-01
2.2576992766e+01   8.0000000000e-01
2.2655194135e+01   8.0000000000e-01
2.2733395503e+01   8.0000000000e-01
2.2811596872e+01   8.0000000000e-01
2.2889798240e+01   8.0000000000e-01
2.2967999609e+01   8.0000000000e-01
2.3046200978e+01   8.0000000000e-01
2.3124402346e+01   8.0000000000e-01
2.3202603715e+01   8.0000000000e-01
2.3280805083e+01   8.0000000000e-01
2.3359006452e+01   8.0000000000e-01
2.3437207820e+01   8.0000000000e-01
2.3515409189e+01   8.0000000000e-01
2.3593610557e+01   8.0000000000e-01
2.3671811926e+01   8.0000000000e-01
2.3750013294e+01   8.0000000000e-01
2.3828214663e+01   8.0000000000e-01
2.3906416031e+01   8.0000000000e-01
2.3984617400e+01   8.0000000000e-01
2.4062818768e+01   8.0000000000e-01
2.4141020137e+01   8.0000000000e-01
2.4219221505e+01   8.0000000000e-01
2.4297422874e+01   8.0000000000e-01
2.4375624242e+01   8.0000000000e-01
2.4453825611e+01   8.0000000000e-01
2.4532026979e+01   8.0000000000e-01
2.4610228348e+01   8.0000000000e-01
2.4688429717e+01   8.0000000000e-01
2.4766631085e+01   8.0000000000e-01
2.4844832454e+01   8.0000000000e-01
2.4923033822e+01   8.0000000000e-01
2.5001235191e+01   8.0000000000e-01
2.5079436559e+01   8.0000000000e-01
2.5157637928e+01   8.0000000000e-01
2.5235839296e+01   8.0000000000e-01
2.5314040665e+01   8.0000000000e-01
2.5392242033e+01   8.0000000000e-01
2.5470443402e+01   8.0000000000e-01
2.5548644770e+01   8.0000000000e-01
2.5626846139e+01   8.0000000000e-01
2.5705047507e+01   8.0000000000e-01
2.5783248876e+01   8.0000000000e-01
2.5861450244e+01   8.0000000000e-01
2.5939651613e+01   8.0000000000e-01
2.6017852981e+01   8.0000000000e-01
2.6017952981e+01   8.0000000000e-01
2.6018952981e+01   8.0000000000e-01
2.6028952981e+01   8.0000000000e-01
2.6107154350e+01   8.0000000000e-01
2.6185355718e+01   8.0000000000e-01
2.6263557087e+01   8.0000000000e-01
2.6341758456e+01   8.0000000000e-01
2.6419959824e+01   8.0000000000e-01
2.6498161193e+01   8.0000000000e-01
2.6576362561e+01   8.0000000000e-01
2.6654563930e+01   8.0000000000e-01
2.6732765298e+01   8.0000000000e-01
2.6810966667e+01   8.0000000000e-01
2.6889168035e+01   8.0000000000e-01
2.6967369404e+01   8.0000000000e-01
2.7045570772e+01   8.0000000000e-01
2.7123772141e+01   8.0000000000e-01
2.7201973509e+01   8.0000000000e-01
2.7280174878e+01   8.0000000000e-01
2.7358376246e+01   8.0000000000e-01
2.7358476246e+01   8.0000000000e-01
2.7359476246e+01   8.0000000000e-01
2.7369476246e+01   8.0000000000e-01
2.7447677615e+01   8.0000000000e-01
2.7525878983e+01   8.0000000000e-01
2.7604080352e+01   8.0000000000e-01
2.7682281720e+01   8.0000000000e-01
2.7760483089e+01   8.0000000000e-01
2.7838684457e+01   8.0000000000e-01
2.7916885826e+01   8.0000000000e-01
2.7995087195e+01   8.0000000000e-01
2.8073288563e+01   8.0000000000e-01
2.8151489932e+01   8.0000000000e-01
2.8229691300e+01   8.0000000000e-01
2.8307892669e+01   8.0000000000e-01
2.8386094037e+01   8.0000000000e-01
2.8464295406e+01   8.0000000000e-01
2.8542496774e+01   8.0000000000e-01
2.8620698143e+01   8.0000000000e-01
2.8698899511e+01   8.0000000000e-01
2.8698999511e+01   8.0000000000e-01
2.8699999511e+01   8.0000000000e-01
2.8709999511e+01   8.0000000000e-01
2.8788200880e+01   8.0000000000e-01
2.8866402248e+01   8.0000000000e-01
2.8944603617e+01   8.0000000000e-01
2.9022804985e+01   8.0000000000e-01
2.9101006354e+01   8.0000000000e-01
2.9179207722e+01   8.0000000000e-01
2.9257409091e+01   8.0000000000e-01
2.9335610459e+01   8.0000000000e-01
2.9413811828e+01   8.0000000000e-01
2.9492013196e+01   8.0000000000e-01
2.9570214565e+01   8.0000000000e-01
2.9648415934e+01   8.0000000000e-01
2.9726617302e+01   8.0000000000e-01
2.9804818671e+01   8.0000000000e-01
2.9804918671e+01   2.0000000000e-01
2.9805918671e+01   2.0000000000e-01
2.9815918671e+01   2.0000000000e-01
2.9894120039e+01   2.0000000000e-01
2.9972321408e+01   2.0000000000e-01
3.0050522776e+01   2.0000000000e-01
3.0128724145e+01   2.0000000000e-01
3.0206925513e+01   2.0000000000e-01
3.0285126882e+01   2.0000000000e-01
3.0363328250e+01   2.0000000000e-01
3.0363428250e+01   8.0000000000e-01
3.0364428250e+01   8.0000000000e-01
3.0374428250e+01   8.0000000000e-01
3.0452629619e+01   8.0000000000e-01
3.0530830987e+01   8.0000000000e-01
3.0609032356e+01   8.0000000000e-01
3.0687233724e+01   8.0000000000e-01
3.0765435093e+01   8.0000000000e-01
3.0843636461e+01   8.0000000000e-01
3.0921837830e+01   8.0000000000e-01
3.1000039198e+01   8.0000000000e-01
3.1078240567e+01   8.0000000000e-01
3.1156441935e+01   8.0000000000e-01
3.1234643304e+01   8.0000000000e-01
3.1312844673e+01   8.0000000000e-01
3.1391046041e+01   8.0000000000e-01
3.1469247410e+01   8.0000000000e-01
3.1547448778e+01   8.0000000000e-01
3.1625650147e+01   8.0000000000e-01
3.1703851515e+01   8.0000000000e-01
3.1782052884e+01   8.0000000000e-01
3.1860254252e+01   8.0000000000e-01
3.1938455621e+01   8.0000000000e-01
3.2016656989e+01   8.0000000000e-01
3.2094858358e+01   8.0000000000e-01
3.2173059726e+01   8.0000000000e-01
3.2251261095e+01   8.0000000000e-01
3.2329462463e+01   8.0000000000e-01
3.2407663832e+01   8.0000000000e-01
3.2485865200e+01   8.0000000000e-01
3.2564066569e+01   8.0000000000e-01
3.2642267937e+01   8.0000000000e-01
3.2720469306e+01   8.0000000000e-01
3.2798670674e+01   8.0000000000e-01
3.2876872043e+01   8.0000000000e-01
3.2955073412e+01   8.0000000000e-01
3.3033274780e+01   8.0000000000e-01
3.3111476149e+01   8.0000000000e-01
3.3189677517e+01   8.0000000000e-01
3.3267878886e+01   8.0000000000e-01
3.3346080254e+01   8.0000000000e-01
3.3424281623e+01   8.0000000000e-01
3.3502482991e+01   8.0000000000e-01
3.3580684360e+01   8.0000000000e-01
3.3658885728e+01   8.0000000000e-01
3.3737087097e+01   8.0000000000e-01
3.3815288465e+01   8.0000000000e-01
3.3893489834e+01   8.0000000000e-01
3.3971691202e+01   8.0000000000e-01
3.4049892571e+01   8.0000000000e-01
3.4128093939e+01   8.0000000000e-01
3.4206295308e+01   8.0000000000e-01
3.4284496676e+01   8.0000000000e-01
3.4362698045e+01   8.0000000000e-01
3.4440899413e+01   8.0000000000e-01
3.4519100782e+01   8.0000000000e-01
3.4597302151e+01   8.0000000000e-01
3.4675503519e+01   8.0000000000e-01
3.4753704888e+01   8.0000000000e-01
3.4831906256e+01   8.0000000000e-01
3.4910107625e+01   8.0000000000e-01
3.4988308993e+01   8.0000000000e-01
3.5066510362e+01   8.0000000000e-01
3.5144711730e+01   8.0000000000e-01
3.5222913099e+01   8.0000000000e-01
3.5301114467e+01   8.0000000000e-01
3.5379315836e+01   8.0000000000e-01
3.5457517204e+01   8.0000000000e-01
3.5535718573e+01   8.0000000000e-01
3.5613919941e+01   8.0000000000e-01
3.5692121310e+01   8.0000000000e-01
3.5770322678e+01   8.0000000000e-01
3.5848524047e+01   8.0000000000e-01
3.5926725415e+01   8.0000000000e-01
3.6004926784e+01   8.0000000000e-01
3.6083128152e+01   8.0000000000e-01
3.6161329521e+01   8.0000000000e-01
3.6239530890e+01   8.0000000000e-01
3.6317732258e+01   8.0000000000e-01
3.6395933627e+01   8.0000000000e-01
3.6474134995e+01   8.0000000000e-01
3.6552336364e+01   8.0000000000e-01
3.6630537732e+01   8.0000000000e-01
3.6708739101e+01   8.0000000000e-01
3.6786940469e+01   8.0000000000e-01
3.6865141838e+01   8.0000000000e-01
3.6943343206e+01   8.0000000000e-01
3.7021544575e+01   8.0000000000e-01
3.7099745943e+01   8.0000000000e-01
3.7177947312e+01   8.0000000000e-01
3.7256148680e+01   8.0000000000e-01
3.7334350049e+01   8.0000000000e-01
3.7412551417e+01   8.0000000000e-01
3.7490752786e+01   8.0000000000e-01
3.7568954154e+01   8.0000000000e-01
3.7647155523e+01   8.0000000000e-01
3.7725356891e+01   8.0000000000e-01
3.7803558260e+01   8.0000000000e-01
3.7881759629e+01   8.0000000000e-01
3.7959960997e+01   8.0000000000e-01
3.8038162366e+01   8.0000000000e-01
3.8116363734e+01   8.0000000000e-01
3.8194565103e+01   8.0000000000e-01
3.8272766471e+01   8.0000000000e-01
3.8350967840e+01   8.0000000000e-01
3.8429169208e+01   8.0000000000e-01
3.8507370577e+01   8.0000000000e-01
3.8585571945e+01   8.0000000000e-01
3.8663773314e+01   8.0000000000e-01
3.8741974682e+01   8.0000000000e-01
3.8820176051e+01   8.0000000000e-01
3.8898377419e+01   8.0000000000e-01
3.8976578788e+01   8.0000000000e-01
3.9054780156e+01   8.0000000000e-01
3.9132981525e+01   8.0000000000e-01
3.9211182893e+01   8.0000000000e-01
3.9289384262e+01   8.0000000000e-01
3.9367585630e+01   8.0000000000e-01
3.9445786999e+01   8.0000000000e-01
3.9523988368e+01   8.0000000000e-01
3.9602189736e+01   8.0000000000e-01
3.9602289736e+01   8.0000000000e-01
3.9603289736e+01   8.0000000000e-01
3.9613289736e+01   8.0000000000e-01
3.9691491105e+01   8.0000000000e-01
3.9769692473e+01   8.0000000000e-01
3.9847893842e+01   8.0000000000e-01
3.9926095210e+01   8.0000000000e-01
4.0004296579e+01   8.0000000000e-01
4.0082497947e+01   8.0000000000e-01
4.0160699316e+01   8.0000000000e-01
4.0238900684e+01   8.0000000000e-01
4.0317102053e+01   8.0000000000e-01
4.0395303421e+01   8.0000000000e-01
4.0473504790e+01   8.0000000000e-01
4.0551706158e+01   8.0000000000e-01
4.0629907527e+01   8.0000000000e-01
4.0708108895e+01   8.0000000000e-01
4.0786310264e+01   8.0000000000e-01
4.0864511632e+01   8.0000000000e-01
4.0942713001e+01   8.0000000000e-01
4.1020914370e+01   8.0000000000e-01
4.1099115738e+01   8.0000000000e-01
4.1177317107e+01   8.0000000000e-01
4.1255518475e+01   8.0000000000e-01
4.1255618475e+01   8.0000000000e-01
4.1256618475e+01   8.0000000000e-01
4.1266618475e+01   8.0000000000e-01
4.1344819844e+01   8.0000000000e-01
4.1423021212e+01   8.0000000000e-01
4.1501222581e+01   8.0000000000e-01
4.1579423949e+01   8.0000000000e-01
4.1657625318e+01   8.0000000000e-01
4.1735826686e+01   8.0000000000e-01
4.1814028055e+01   8.0000000000e-01
4.1892229423e+01   8.0000000000e-01
4.1970430792e+01   8.0000000000e-01
4.2048632160e+01   8.0000000000e-01
4.2126833529e+01   8.0000000000e-01
4.2205034897e+01   8.0000000000e-01
4.2283236266e+01   8.0000000000e-01
4.2361437634e+01   8.0000000000e-01
4.2439639003e+01   8.0000000000e-01
4.2517840371e+01   8.0000000000e-01
4.2596041740e+01   8.0000000000e-01
4.2674243109e+01   8.0000000000e-01
4.2674343109e+01   8.0000000000e-01
4.2675343109e+01   8.0000000000e-01
4.2685343109e+01   8.0000000000e-01
4.2763544477e+01   8.0000000000e-01
4.2841745846e+01   8.0000000000e-01
4.2919947214e+01   8.0000000000e-01
4.2998148583e+01   8.0000000000e-01
4.3076349951e+01   8.0000000000e-01
4.3154551320e+01   8.0000000000e-01
4.3232752688e+01   8.0000000000e-01
4.3310954057e+01   8.0000000000e-01
4.3389155425e+01   8.0000000000e-01
4.3467356794e+01   8.0000000000e-01
4.3545558162e+01   8.0000000000e-01
4.3623759531e+01   8.0000000000e-01
4.3701960899e+01   8.0000000000e-01
4.3780162268e+01   8.0000000000e-01
4.3858363636e+01   8.0000000000e-01
4.3936565005e+01   8.0000000000e-01
4.4014766373e+01   8.0000000000e-01
4.4092967742e+01   8.0000000000e-01
4.4171169110e+01   8.0000000000e-01
4.4249370479e+01   8.0000000000e-01
4.4327571848e+01   8.0000000000e-01
4.4405773216e+01   8.0000000000e-01
4.4483974585e+01   8.0000000000e-01
4.4562175953e+01   8.0000000000e-01
4.4640377322e+01   8.0000000000e-01
4.4640477322e+01   8.0000000000e-01
4.4641477322e+01   8.0000000000e-01
4.4651477322e+01   8.0000000000e-01
4.4729678690e+01   8.0000000000e-01
4.4807880059e+01   8.0000000000e-01
4.4886081427e+01   8.0000000000e-01
4.4964282796e+01   8.0000000000e-01
4.5042484164e+01   8.0000000000e-01
4.5120685533e+01   8.0000000000e-01
4.5198886901e+01   8.0000000000e-01
4.5277088270e+01   8.0000000000e-01
4.5355289638e+01   8.0000000000e-01
4.5433491007e+01   8.0000000000e-01
4.5511692375e+01   8.0000000000e-01
4.5589893744e+01   8.0000000000e-01
4.5668095112e+01   8.0000000000e-01
4.5746296481e+01   8.0000000000e-01
4.5824497849e+01   8.0000000000e-01
4.5902699218e+01   8.0000000000e-01
4.5980900587e+01   8.0000000000e-01
4.6059101955e+01   8.0000000000e-01
4.6137303324e+01   8.0000000000e-01
4.6137403324e+01   8.0000000000e-01
4.6138403324e+01   8.0000000000e-01
4.6148403324e+01   8.0000000000e-01
4.6226604692e+01   8.0000000000e-01
4.6304806061e+01   8.0000000000e-01
4.6383007429e+01   8.0000000000e-01
4.6461208798e+01   8.0000000000e-01
4.6539410166e+01   8.0000000000e-01
4.6617611535e+01   8.0000000000e-01
4.6695812903e+01   8.0000000000e-01
4.6774014272e+01   8.0000000000e-01
4.6852215640e+01   8.0000000000e-01
4.6930417009e+01   8.0000000000e-01
4.7008618377e+01   8.0000000000e-01
4.7086819746e+01   8.0000000000e-01
4.7165021114e+01   8.0000000000e-01
4.7243222483e+01   8.0000000000e-01
4.7321423851e+01   8.0000000000e-01
4.7321523851e+01   8.0000000000e-01
4.7322523851e+01   8.0000000000e-01
4.7332523851e+01   8.0000000000e-01
4.7410725220e+01   8.0000000000e-01
4.7488926588e+01   8.0000000000e-01
4.7567127957e+01   8.0000000000e-01
4.7645329326e+01   8.0000000000e-01
4.7723530694e+01   8.0000000000e-01
4.7801732063e+01   8.0000000000e-01
4.7879933431e+01   8.0000000000e-01
4.7958134800e+01   8.0000000000e-01
4.8036336168e+01   8.0000000000e-01
4.8114537537e+01   8.0000000000e-01
4.8192738905e+01   8.0000000000e-01
4.8270940274e+01   8.0000000000e-01
4.8349141642e+01   8.0000000000e-01
4.8427343011e+01   8.0000000000e-01
4.8427443011e+01   8.0000000000e-01
4.8428443011e+01   8.0000000000e-01
4.8438443011e+01   8.0000000000e-01
4.8516644379e+01   8.0000000000e-01
4.8594845748e+01   8.0000000000e-01
4.8673047116e+01   8.0000000000e-01
4.8751248485e+01   8.0000000000e-01
4.8829449853e+01   8.0000000000e-01
4.8907651222e+01   8.0000000000e-01
4.8985852590e+01   8.0000000000e-01
4.9064053959e+01   8.0000000000e-01
4.9142255327e+01   8.0000000000e-01
4.9220456696e+01   8.0000000000e-01
4.9298658065e+01   8.0000000000e-01
4.9376859433e+01   8.0000000000e-01
4.9455060802e+01   8.0000000000e-01
4.9533262170e+01   8.0000000000e-01
4.9611463539e+01   8.0000000000e-01
4.9689664907e+01   8.0000000000e-01
4.9767866276e+01   8.0000000000e-01
4.9846067644e+01   8.0000000000e-01
4.9924269013e+01   8.0000000000e-01
5.0002470381e+01   8.0000000000e-01
5.0080671750e+01   8.0000000000e-01
5.0158873118e+01   8.0000000000e-01
5.0237074487e+01   8.0000000000e-01
5.0315275855e+01   8.0000000000e-01
5.0393477224e+01   8.0000000000e-01
5.0471678592e+01   8.0000000000e-01
5.0549879961e+01   8.0000000000e-01
5.0628081329e+01   8.0000000000e-01
5.0706282698e+01   8.0000000000e-01
5.0784484066e+01   8.0000000000e-01
5.0862685435e+01   8.0000000000e-01
5.0940886804e+01   8.0000000000e-01
5.1019088172e+01   8.0000000000e-01
5.1097289541e+01   8.0000000000e-01
5.1097389541e+01   8.0000000000e-01
5.1098389541e+01   8.0000000000e-01
5.1108389541e+01   8.0000000000e-01
5.1186590909e+01   8.0000000000e-01
5.1264792278e+01   8.0000000000e-01
5.1342993646e+01   8.0000000000e-01
5.1421195015e+01   8.0000000000e-01
5.1499396383e+01   8.0000000000e-01
5.1577597752e+01   8.0000000000e-01
5.1655799120e+01   8.0000000000e-01
5.1734000489e+01   8.0000000000e-01
5.1812201857e+01   8.0000000000e-01
5.1890403226e+01   8.0000000000e-01
5.1968604594e+01   8.0000000000e-01
5.2046805963e+01   8.0000000000e-01
5.2125007331e+01   8.0000000000e-01
5.2203208700e+01   8.0000000000e-01
5.2281410068e+01   8.0000000000e-01
5.2359611437e+01   8.0000000000e-01
5.2437812805e+01   8.0000000000e-01
5.2516014174e+01   8.0000000000e-01
5.2594215543e+01   8.0000000000e-01
5.2672416911e+01   8.0000000000e-01
5.2750618280e+01   8.0000000000e-01
5.2828819648e+01   8.0000000000e-01
5.2907021017e+01   8.0000000000e-01
5.2985222385e+01   8.0000000000e-01
5.3063423754e+01   8.0000000000e-01
5.3141625122e+01   8.0000000000e-01
5.3141725122e+01   8.0000000000e-01
5.3142725122e+01   8.0000000000e-01
5.3152725122e+01   8.0000000000e-01
5.3230926491e+01   8.0000000000e-01
5.3309127859e+01   8.0000000000e-01
5.3387329228e+01   8.0000000000e-01
5.3465530596e+01   8.0000000000e-01
5.3543731965e+01   8.0000000000e-01
5.3621933333e+01   8.0000000000e-01
5.3700134702e+01   8.0000000000e-01
5.3778336070e+01   8.0000000000e-01
5.3856537439e+01   8.0000000000e-01
5.3934738807e+01   8.0000000000e-01
5.4012940176e+01   8.0000000000e-01
5.4091141544e+01   8.0000000000e-01
5.4169342913e+01   8.0000000000e-01
5.4247544282e+01   8.0000000000e-01
5.4325745650e+01   8.0000000000e-01
5.4403947019e+01   8.0000000000e-01
5.4482148387e+01   8.0000000000e-01
5.4560349756e+01   8.0000000000e-01
5.4638551124e+01   8.0000000000e-01
5.4716752493e+01   8.0000000000e-01
5.4716852493e+01   8.0000000000e-01
5.4717852493e+01   8.0000000000e-01
5.4727852493e+01   8.0000000000e-01
5.4806053861e+01   8.0000000000e-01
5.4884255230e+01   8.0000000000e-01
5.4962456598e+01   8.0000000000e-01
5.5040657967e+01   8.0000000000e-01
5.5118859335e+01   8.0000000000e-01
5.5197060704e+01   8.0000000000e-01
5.5275262072e+01   8.0000000000e-01
5.5353463441e+01   8.0000000000e-01
5.5431664809e+01   8.0000000000e-01
5.5509866178e+01   8.0000000000e-01
5.5588067546e+01   8.0000000000e-01
5.5666268915e+01   8.0000000000e-01
5.5744470283e+01   8.0000000000e-01
5.5822671652e+01   8.0000000000e-01
5.5900873021e+01   8.0000000000e-01
5.5979074389e+01   8.0000000000e-01
5.6057275758e+01   8.0000000000e-01
5.6135477126e+01   8.0000000000e-01
5.6213678495e+01   8.0000000000e-01
5.6291879863e+01   8.0000000000e-01
5.6370081232e+01   8.0000000000e-01
5.6448282600e+01   8.0000000000e-01
5.6448382600e+01   8.0000000000e-01
5.6449382600e+01   8.0000000000e-01
5.6459382600e+01   8.0000000000e-01
5.6537583969e+01   8.0000000000e-01
5.6615785337e+01   8.0000000000e-01
5.6693986706e+01   8.0000000000e-01
5.6772188074e+01   8.0000000000e-01
5.6850389443e+01   8.0000000000e-01
5.6928590811e+01   8.0000000000e-01
5.7006792180e+01   8.0000000000e-01
5.7084993548e+01   8.0000000000e-01
5.7163194917e+01   8.0000000000e-01
5.7241396285e+01   8.0000000000e-01
5.7319597654e+01   8.0000000000e-01
5.7397799022e+01   8.0000000000e-01
5.7476000391e+01   8.0000000000e-01
5.7554201760e+01   8.0000000000e-01
5.7632403128e+01   8.0000000000e-01
5.7710604497e+01   8.0000000000e-01
5.7788805865e+01   8.0000000000e-01
5.7788905865e+01   8.0000000000e-01
5.7789905865e+01   8.0000000000e-01
5.7799905865e+01   8.0000000000e-01
5.7878107234e+01   8.0000000000e-01
5.7956308602e+01   8.0000000000e-01
5.8034509971e+01   8.0000000000e-01
5.8112711339e+01   8.0000000000e-01
5.8190912708e+01   8.0000000000e-01
5.8269114076e+01   8.0000000000e-01
5.8347315445e+01   8.0000000000e-01
5.8425516813e+01   8.0000000000e-01
5.8503718182e+01   8.0000000000e-01
5.8581919550e+01   8.0000000000e-01
5.8660120919e+01   8.0000000000e-01
5.8738322287e+01   8.0000000000e-01
5.8816523656e+01   8.0000000000e-01
5.8894725024e+01   8.0000000000e-01
5.8972926393e+01   8.0000000000e-01
5.8973026393e+01   8.0000000000e-01
5.8974026393e+01   8.0000000000e-01
5.8984026393e+01   8.0000000000e-01
5.9062227761e+01   8.0000000000e-01
5.9140429130e+01   8.0000000000e-01
5.9218630499e+01   8.0000000000e-01
5.9296831867e+01   8.0000000000e-01
5.9375033236e+01   8.0000000000e-01
5.9453234604e+01   8.0000000000e-01
5.9531435973e+01   8.0000000000e-01
5.9609637341e+01   8.0000000000e-01
5.9687838710e+01   8.0000000000e-01
5.9766040078e+01   8.0000000000e-01
5.9844241447e+01   8.0000000000e-01
5.9922442815e+01   8.0000000000e-01
6.0000644184e+01   8.0000000000e-01
6.0000744184e+01   8.0000000000e-01
6.0001744184e+01   8.0000000000e-01
6.0011744184e+01   8.0000000000e-01
6.0089945552e+01   8.0000000000e-01
6.0168146921e+01   8.0000000000e-01
6.0246348289e+01   8.0000000000e-01
6.0324549658e+01   8.0000000000e-01
6.0402751026e+01   8.0000000000e-01
6.0480952395e+01   8.0000000000e-01
6.0559153763e+01   8.0000000000e-01
6.0637355132e+01   8.0000000000e-01
6.0715556500e+01   8.0000000000e-01
6.0793757869e+01   8.0000000000e-01
6.0871959238e+01   8.0000000000e-01
6.0950160606e+01   8.0000000000e-01
6.1028361975e+01   8.0000000000e-01
6.1106563343e+01   8.0000000000e-01
6.1184764712e+01   8.0000000000e-01
6.1262966080e+01   8.0000000000e-01
6.1341167449e+01   8.0000000000e-01
6.1419368817e+01   8.0000000000e-01
6.1497570186e+01   8.0000000000e-01
6.1575771554e+01   8.0000000000e-01
6.1653972923e+01   8.0000000000e-01
6.1732174291e+01   8.0000000000e-01
6.1810375660e+01   8.0000000000e-01
6.1888577028e+01   8.0000000000e-01
6.1966778397e+01   8.0000000000e-01
6.2044979765e+01   8.0000000000e-01
6.2123181134e+01   8.0000000000e-01
6.2201382502e+01   8.0000000000e-01
6.2279583871e+01   8.0000000000e-01
6.2357785239e+01   8.0000000000e-01
6.2435986608e+01   8.0000000000e-01
6.2514187977e+01   8.0000000000e-01
6.2592389345e+01   8.0000000000e-01
6.2670590714e+01   8.0000000000e-01
6.2748792082e+01   8.0000000000e-01
6.2826993451e+01   8.0000000000e-01
6.2905194819e+01   8.0000000000e-01
6.2983396188e+01   8.0000000000e-01
6.3061597556e+01   8.0000000000e-01
6.3139798925e+01   8.0000000000e-01
6.3218000293e+01   8.0000000000e-01
6.3296201662e+01   8.0000000000e-01
6.3374403030e+01   8.0000000000e-01
6.3452604399e+01   8.0000000000e-01
6.3530805767e+01   8.0000000000e-01
6.3609007136e+01   8.0000000000e-01
6.3687208504e+01   8.0000000000e-01
6.3765409873e+01   8.0000000000e-01
6.3843611241e+01   8.0000000000e-01
6.3921812610e+01   8.0000000000e-01
6.4000013978e+01   8.0000000000e-01
6.4078215347e+01   8.0000000000e-01
6.4156416716e+01   8.0000000000e-01
6.4234618084e+01   8.0000000000e-01
6.4312819453e+01   8.0000000000e-01
6.4391020821e+01   8.0000000000e-01
6.4469222190e+01   8.0000000000e-01
6.4547423558e+01   8.0000000000e-01
6.4625624927e+01   8.0000000000e-01
6.4703826295e+01   8.0000000000e-01
6.4782027664e+01   8.0000000000e-01
6.4860229032e+01   8.0000000000e-01
6.4938430401e+01   8.0000000000e-01
6.5016631769e+01   8.0000000000e-01
6.5094833138e+01   8.0000000000e-01
6.5173034506e+01   8.0000000000e-01
6.5251235875e+01   8.0000000000e-01
6.5329437243e+01   8.0000000000e-01
6.5407638612e+01   8.0000000000e-01
6.5485839980e+01   8.0000000000e-01
6.5564041349e+01   8.0000000000e-01
6.5642242718e+01   8.0000000000e-01
6.5720444086e+01   8.0000000000e-01
6.5798645455e+01   8.0000000000e-01
6.5876846823e+01   8.0000000000e-01
6.5955048192e+01   8.0000000000e-01
6.6033249560e+01   8.0000000000e-01
6.6111450929e+01   8.0000000000e-01
6.6189652297e+01   8.0000000000e-01
6.6267853666e+01   8.0000000000e-01
6.6346055034e+01   8.0000000000e-01
6.6424256403e+01   8.0000000000e-01
6.6502457771e+01   8.0000000000e-01
6.6580659140e+01   8.0000000000e-01
6.6658860508e+01   8.0000000000e-01
6.6737061877e+01   8.0000000000e-01
6.6815263245e+01   8.0000000000e-01
6.6893464614e+01   8.0000000000e-01
6.6971665982e+01   8.0000000000e-01
6.7049867351e+01   8.0000000000e-01
6.7128068719e+01   8.0000000000e-01
6.7206270088e+01   8.0000000000e-01
6.7284471457e+01   8.0000000000e-01
6.7362672825e+01   8.0000000000e-01
6.7440874194e+01   8.0000000000e-01
6.7519075562e+01   8.0000000000e-01
6.7597276931e+01   8.0000000000e-01
6.7675478299e+01   8.0000000000e-01
6.7753679668e+01   8.0000000000e-01
6.7831881036e+01   8.0000000000e-01
6.7910082405e+01   8.0000000000e-01
6.7988283773e+01   8.0000000000e-01
6.8066485142e+01   8.0000000000e-01
6.8144686510e+01   8.0000000000e-01
6.8222887879e+01   8.0000000000e-01
6.8301089247e+01   8.0000000000e-01
6.8379290616e+01   8.0000000000e-01
6.8457491984e+01   8.0000000000e-01
6.8535693353e+01   8.0000000000e-01
6.8613894721e+01   8.0000000000e-01
6.8692096090e+01   8.0000000000e-01
6.8770297458e+01   8.0000000000e-01
6.8848498827e+01   8.0000000000e-01
6.8926700196e+01   8.0000000000e-01
6.9004901564e+01   8.0000000000e-01
6.9083102933e+01   8.0000000000e-01
6.9161304301e+01   8.0000000000e-01
6.9239505670e+01   8.0000000000e-01
6.9317707038e+01   8.0000000000e-01
6.9395908407e+01   8.0000000000e-01
6.9474109775e+01   8.0000000000e-01
6.9552311144e+01   8.0000000000e-01
6.9552411144e+01   8.0000000000e-01
6.9553411144e+01   8.0000000000e-01
6.9563411144e+01   8.0000000000e-01
6.9641612512e+01   8.0000000000e-01
6.9719813881e+01   8.0000000000e-01
6.9798015249e+01   8.0000000000e-01
6.9876216618e+01   8.0000000000e-01
6.9954417986e+01   8.0000000000e-01
7.0032619355e+01   8.0000000000e-01
7.0110820723e+01   8.0000000000e-01
7.0189022092e+01   8.0000000000e-01
7.0267223460e+01   8.0000000000e-01
7.0345424829e+01   8.0000000000e-01
7.0423626197e+01   8.0000000000e-01
7.0501827566e+01   8.0000000000e-01
7.0580028935e+01   8.0000000000e-01
7.0658230303e+01   8.0000000000e-01
7.0736431672e+01   8.0000000000e-01
7.0814633040e+01   8.0000000000e-01
7.0892834409e+01   8.0000000000e-01
7.0971035777e+01   8.0000000000e-01
7.1049237146e+01   8.0000000000e-01
7.1127438514e+01   8.0000000000e-01
7.1127538514e+01   8.0000000000e-01
7.1128538514e+01   8.0000000000e-01
7.1138538514e+01   8.0000000000e-01
7.1216739883e+01   8.0000000000e-01
7.1294941251e+01   8.0000000000e-01
7.1373142620e+01   8.0000000000e-01
7.1451343988e+01   8.0000000000e-01
7.1529545357e+01   8.0000000000e-01
7.1607746725e+01   8.0000000000e-01
7.1685948094e+01   8.0000000000e-01
7.1764149462e+01   8.0000000000e-01
7.1842350831e+01   8.0000000000e-01
7.1920552199e+01   8.0000000000e-01
7.1998753568e+01   8.0000000000e-01
7.2076954936e+01   8.0000000000e-01
7.2155156305e+01   8.0000000000e-01
7.2233357674e+01   8.0000000000e-01
7.2311559042e+01   8.0000000000e-01
7.2389760411e+01   8.0000000000e-01
7.2467961779e+01   8.0000000000e-01
7.2468061779e+01   8.0000000000e-01
7.2469061779e+01   8.0000000000e-01
7.2479061779e+01   8.0000000000e-01
7.2557263148e+01   8.0000000000e-01
7.2635464516e+01   8.0000000000e-01
7.2713665885e+01   8.0000000000e-01
7.2791867253e+01   8.0000000000e-01
7.2870068622e+01   8.0000000000e-01
7.2948269990e+01   8.0000000000e-01
7.3026471359e+01   8.0000000000e-01
7.3104672727e+01   8.0000000000e-01
7.3182874096e+01   8.0000000000e-01
7.3261075464e+01   8.0000000000e-01
7.3339276833e+01   8.0000000000e-01
7.3417478201e+01   8.0000000000e-01
7.3495679570e+01   8.0000000000e-01
7.3573880938e+01   8.0000000000e-01
7.3652082307e+01   8.0000000000e-01
7.3730283675e+01   8.0000000000e-01
7.3808485044e+01   8.0000000000e-01
7.3886686413e+01   8.0000000000e-01
7.3964887781e+01   8.0000000000e-01
7.4043089150e+01   8.0000000000e-01
7.4121290518e+01   8.0000000000e-01
7.4199491887e+01   8.0000000000e-01
7.4277693255e+01   8.0000000000e-01
7.4355894624e+01   8.0000000000e-01
7.4434095992e+01   8.0000000000e-01
7.4512297361e+01   8.0000000000e-01
7.4590498729e+01   8.0000000000e-01
7.4668700098e+01   8.0000000000e-01
7.4746901466e+01   8.0000000000e-01
7.4747001466e+01   8.0000000000e-01
7.4748001466e+01   8.0000000000e-01
7.4758001466e+01   8.0000000000e-01
7.4836202835e+01   8.0000000000e-01
7.4914404203e+01   8.0000000000e-01
7.4992605572e+01   8.0000000000e-01
7.5070806940e+01   8.0000000000e-01
7.5149008309e+01   8.0000000000e-01
7.5227209677e+01   8.0000000000e-01
7.5305411046e+01   8.0000000000e-01
7.5383612414e+01   8.0000000000e-01
7.5461813783e+01   8.0000000000e-01
7.5540015152e+01   8.0000000000e-01
7.5618216520e+01   8.0000000000e-01
7.5696417889e+01   8.0000000000e-01
7.5774619257e+01   8.0000000000e-01
7.5852820626e+01   8.0000000000e-01
7.5931021994e+01   8.0000000000e-01
7.6009223363e+01   8.0000000000e-01
7.6087424731e+01   8.0000000000e-01
7.6165626100e+01   8.0000000000e-01
7.6243827468e+01   8.0000000000e-01
7.6322028837e+01   8.0000000000e-01
7.6400230205e+01   8.0000000000e-01
7.6400330205e+01   8.0000000000e-01
7.6401330205e+01   8.0000000000e-01
7.6411330205e+01   8.0000000000e-01
7.6489531574e+01   8.0000000000e-01
7.6567732942e+01   8.0000000000e-01
7.6645934311e+01   8.0000000000e-01
7.6724135679e+01   8.0000000000e-01
7.6802337048e+01   8.0000000000e-01
7.6880538416e+01   8.0000000000e-01
7.6958739785e+01   8.0000000000e-01
7.7036941153e+01   8.0000000000e-01
7.7115142522e+01   8.0000000000e-01
7.7193343891e+01   8.0000000000e-01
7.7271545259e+01   8.0000000000e-01
7.7349746628e+01   8.0000000000e-01
7.7427947996e+01   8.0000000000e-01
7.7506149365e+01   8.0000000000e-01
7.7584350733e+01   8.0000000000e-01
7.7662552102e+01   8.0000000000e-01
7.7740753470e+01   8.0000000000e-01
7.7818954839e+01   8.0000000000e-01
7.7897156207e+01   8.0000000000e-01
7.7897256207e+01   8.0000000000e-01
7.7898256207e+01   8.0000000000e-01
7.7908256207e+01   8.0000000000e-01
7.7986457576e+01   8.0000000000e-01
7.8064658944e+01   8.0000000000e-01
7.8142860313e+01   8.0000000000e-01
7.8221061681e+01   8.0000000000e-01
7.8299263050e+01   8.0000000000e-01
7.8377464418e+01   8.0000000000e-01
7.8455665787e+01   8.0000000000e-01
7.8533867155e+01   8.0000000000e-01
7.8612068524e+01   8.0000000000e-01
7.8690269892e+01   8.0000000000e-01
7.8768471261e+01   8.0000000000e-01
7.8846672630e+01   8.0000000000e-01
7.8924873998e+01   8.0000000000e-01
7.9003075367e+01   8.0000000000e-01
7.9081276735e+01   8.0000000000e-01
7.9159478104e+01   8.0000000000e-01
7.9237679472e+01   8.0000000000e-01
7.9315880841e+01   8.0000000000e-01
7.9394082209e+01   8.0000000000e-01
7.9472283578e+01   8.0000000000e-01
7.9550484946e+01   8.0000000000e-01
7.9628686315e+01   8.0000000000e-01
7.9706887683e+01   8.0000000000e-01
7.9785089052e+01   8.0000000000e-01
7.9863290420e+01   8.0000000000e-01
7.9941491789e+01   8.0000000000e-01
8.0000000000e+01   8.0000000000e-01
