X    Y
0.0000000000e+00   nan
4.8851978505e-03   3.9436933516e-03
9.7703957010e-03   1.2622489573e-03
1.4655593552e-02   3.8713559367e-04
1.9540791402e-02   3.6757676794e-05
2.4425989253e-02   2.8059607637e-04
2.9311187103e-02   4.3486370426e-04
3.4196384954e-02   5.3840117145e-04
3.9081582804e-02   6.1066536163e-04
4.3966780655e-02   6.6248352161e-04
4.8851978505e-02   7.0035608706e-04
5.3737176356e-02   7.2841389366e-04
5.8622374206e-02   7.4939820520e-04
6.3507572057e-02   7.6518976420e-04
6.8392769907e-02   7.7711228641e-04
7.3277967758e-02   7.8611552538e-04
7.8163165608e-02   7.9289042340e-04
8.3048363459e-02   7.9794412573e-04
8.7933561309e-02   8.0165027836e-04
9.2818759160e-02   8.0428353526e-04
9.7703957010e-02   8.0604363402e-04
1.0258915486e-01   8.0707236177e-04
1.0747435271e-01   8.0746552879e-04
1.1235955056e-01   8.0728133167e-04
1.1724474841e-01   8.0654602616e-04
1.2212994626e-01   8.0525753225e-04
1.2701514411e-01   8.0338740202e-04
1.3190034196e-01   8.0088145839e-04
1.3678553981e-01   7.9765934768e-04
1.4167073766e-01   7.9361323695e-04
1.4655593552e-01   7.8857013754e-04
1.5144113337e-01   1.1246910985e-03
1.5632633122e-01   1.1133781224e-03
1.6121152907e-01   1.0995976379e-03
1.6609672692e-01   1.0828531360e-03
1.7098192477e-01   1.0625469053e-03
1.7586712262e-01   1.0379634171e-03
1.8075232047e-01   1.0082509601e-03
1.8563751832e-01   8.6785689149e-04
1.9052271617e-01   8.2788269175e-04
1.9540791402e-01   7.7988777534e-04
2.0029311187e-01   7.2242502584e-04
2.0517830972e-01   2.6568387194e-04
2.1006350757e-01   2.3103862681e-04
2.1494870542e-01   1.9013316434e-04
2.1983390327e-01   1.6893170294e-05
2.2471910112e-01   1.1362222285e-04
2.2960429897e-01   5.7197653089e-05
2.3448949682e-01   3.0884138057e-05
2.3937469468e-01   9.8999766071e-05
2.4425989253e-01   2.4839426387e-04
2.4914509038e-01   9.4390320180e-05
2.5403028823e-01   2.6356396035e-04
2.5891548608e-01   1.4032711902e-03
2.6380068393e-01   9.0037060854e-05
2.6868588178e-01   7.4486046421e-07
2.7357107963e-01   2.1728955368e-03
2.7845627748e-01   9.5678036160e-04
2.8334147533e-01   1.0343902779e-04
2.8822667318e-01   1.1545476540e-03
2.9311187103e-01   9.6234429342e-05
2.9799706888e-01   9.0225859848e-04
3.0288226673e-01   3.8068405896e-04
3.0776746458e-01   6.0823844297e-05
3.1265266243e-01   3.7468615407e-07
3.1753786028e-01   4.4254965236e-04
3.2242305813e-01   1.3136436665e-03
3.2730825598e-01   2.9075567141e-03
3.3219345383e-01   2.8702386139e-03
3.3707865169e-01   8.5335280267e-04
3.4196384954e-01   1.3255691909e-04
3.4684904739e-01   1.0014268528e-03
3.5173424524e-01   1.8294400032e-04
3.5661944309e-01   6.3134794263e-04
3.6150464094e-01   5.9909496224e-04
3.6638983879e-01   4.2427389548e-04
3.7127503664e-01   7.7396585506e-04
3.7616023449e-01   3.9299222913e-05
3.8104543234e-01   1.7176650701e-04
3.8593063019e-01   4.1694800068e-04
3.9081582804e-01   4.1111124375e-04
3.9570102589e-01   4.0496714488e-04
4.0058622374e-01   4.7043211796e-05
4.0547142159e-01   6.6611061483e-04
4.1035661944e-01   6.4174851339e-04
4.1524181729e-01   6.0491713349e-04
4.2012701514e-01   5.5335529406e-04
4.2501221299e-01   4.8521172993e-04
4.2989741085e-01   3.9886969624e-04
4.3478260870e-01   5.0751312777e-04
4.3966780655e-01   2.6255495016e-04
4.4455300440e-01   3.0750765739e-05
4.4943820225e-01   4.4866992798e-04
4.5432340010e-01   9.0944030572e-04
4.5920859795e-01   1.5248929625e-03
4.6409379580e-01   1.5193491465e-03
4.6897899365e-01   2.5413294103e-03
4.7386419150e-01   5.3889918600e-03
4.7874938935e-01   1.1887395208e-02
4.8363458720e-01   1.7850354770e-03
4.8851978505e-01   8.8411706632e-04
4.9340498290e-01   5.7727083349e-04
4.9829018075e-01   4.1786757793e-04
5.0317537860e-01   1.4242814564e-03
5.0806057645e-01   1.1135960679e-03
5.1294577430e-01   8.8518187636e-04
5.1783097215e-01   7.1041699975e-04
5.2271617000e-01   5.7313105419e-04
5.2760136786e-01   5.7375757509e-04
5.3248656571e-01   4.6330488270e-04
5.3737176356e-01   3.7354989904e-04
5.4225696141e-01   3.0041506174e-04
5.4714215926e-01   2.4087530534e-04
5.5202735711e-01   1.9262773992e-04
5.5691255496e-01   1.5388246587e-04
5.6179775281e-01   1.2322448710e-04
5.6668295066e-01   9.9519083813e-05
5.7156814851e-01   6.4333183843e-05
5.7645334636e-01   5.4897975941e-05
5.8133854421e-01   4.9149443602e-05
5.8622374206e-01   4.6666339389e-05
5.9110893991e-01   4.7087575199e-05
5.9599413776e-01   5.0097696335e-05
6.0087933561e-01   5.5414907819e-05
6.0576453346e-01   6.2781031822e-05
6.1064973131e-01   7.1952973145e-05
6.1553492916e-01   8.2695412333e-05
6.2042012702e-01   9.4774551754e-05
6.2530532487e-01   1.0795282027e-04
6.3019052272e-01   1.2198450357e-04
6.3507572057e-01   1.3661231455e-04
6.3996091842e-01   1.5156495488e-04
6.4484611627e-01   1.6655667094e-04
6.4973131412e-01   4.6450941121e-05
6.5461651197e-01   5.0000596503e-05
6.5950170982e-01   5.3306216168e-05
6.6438690767e-01   5.6283222417e-05
6.6927210552e-01   5.8846873096e-05
6.7415730337e-01   6.0913971413e-05
6.7904250122e-01   6.2404833573e-05
6.8392769907e-01   6.3245445167e-05
6.8881289692e-01   6.3369717810e-05
6.9369809477e-01   6.2721741378e-05
6.9858329262e-01   6.1257916441e-05
7.0346849047e-01   5.8948848044e-05
7.0835368832e-01   5.5780887173e-05
7.1323888617e-01   5.1757220495e-05
7.1812408403e-01   4.6898431803e-05
7.2300928188e-01   4.1242488217e-05
7.2789447973e-01   3.4844137621e-05
7.3277967758e-01   2.7773737611e-05
7.3766487543e-01   2.0115567449e-05
7.4255007328e-01   1.1965702030e-05
7.4743527113e-01   3.4295512296e-06
7.5232046898e-01   5.3808122107e-06
7.5720566683e-01   1.4349409618e-05
7.6209086468e-01   2.3359115367e-05
7.6697606253e-01   3.2294473754e-05
7.7186126038e-01   4.3409213592e-06
7.7674645823e-01   1.2937349266e-04
7.8163165608e-01   1.5298971885e-04
7.8651685393e-01   1.7533131703e-04
7.9140205178e-01   1.9615412190e-04
7.9628724963e-01   2.1525175221e-04
8.0117244748e-01   2.3245979813e-04
8.0605764533e-01   2.4765910903e-04
8.1094284319e-01   2.6077804648e-04
8.1582804104e-01   2.7179353587e-04
8.2071323889e-01   2.8073074126e-04
8.2559843674e-01   2.8766121657e-04
8.3048363459e-01   2.9269946231e-04
8.3536883244e-01   2.9599792998e-04
8.4025403029e-01   2.9774063238e-04
8.4513922814e-01   2.9812543011e-04
8.5002442599e-01   4.9947239586e-04
8.5490962384e-01   4.9674050788e-04
8.5979482169e-01   4.9288583851e-04
8.6468001954e-01   4.8824183068e-04
8.6956521739e-01   4.8310653068e-04
8.7445041524e-01   4.7773355776e-04
8.7933561309e-01   4.7232598442e-04
8.8422081094e-01   4.6703311314e-04
8.8910600879e-01   4.6194988717e-04
8.9399120664e-01   4.5711848990e-04
8.9887640449e-01   4.5253158163e-04
9.0376160234e-01   4.4813659292e-04
9.0864680020e-01   4.4384052824e-04
9.1353199805e-01   4.3951481205e-04
9.1841719590e-01   4.3499981421e-04
9.2330239375e-01   4.3010880344e-04
9.2818759160e-01   4.2463118512e-04
9.3307278945e-01   4.1833497558e-04
9.3795798730e-01   4.1096854648e-04
9.4284318515e-01   4.0226174133e-04
9.4772838300e-01   3.9192652553e-04
9.5261358085e-01   3.7965738247e-04
9.5749877870e-01   3.6513171155e-04
9.6238397655e-01   3.4800950709e-04
9.6726917440e-01   3.2144600865e-04
9.7215437225e-01   2.9776059910e-04
9.7703957010e-01   2.7034866160e-04
9.8192476795e-01   2.3883463755e-04
9.8680996580e-01   2.0284969177e-04
9.9169516365e-01   1.6204393607e-04
9.9658036150e-01   1.1610272927e-04
1.0014655594e+00   3.1711955762e-05
1.0063507572e+00   3.5962169559e-07
1.0112359551e+00   3.5535470091e-05
1.0161211529e+00   7.3741556571e-05
1.0210063508e+00   1.1479035151e-04
1.0258915486e+00   1.5835507158e-04
1.0307767465e+00   1.3792397950e-05
1.0356619443e+00   1.1532119468e-04
1.0405471422e+00   1.3977919717e-04
1.0454323400e+00   1.6436840812e-04
1.0503175379e+00   1.8848761395e-04
1.0552027357e+00   2.1142032970e-04
1.0600879336e+00   2.3234453170e-04
1.0649731314e+00   2.5035225493e-04
1.0698583293e+00   2.6447433197e-04
1.0747435271e+00   8.5191851915e-04
1.0796287250e+00   8.5817365660e-04
1.0845139228e+00   8.4321354688e-04
1.0893991207e+00   8.0485696485e-04
1.0942843185e+00   7.4140426870e-04
1.0991695164e+00   6.5163372702e-04
1.1040547142e+00   6.0599516776e-04
1.1089399121e+00   4.2941346028e-04
1.1138251099e+00   2.1916384180e-04
1.1187103078e+00   4.9552092011e-05
1.1235955056e+00   2.6729321902e-04
1.1284807035e+00   5.2398779241e-04
1.1333659013e+00   1.1816763046e-04
1.1382510992e+00   1.7375448554e-04
1.1431362970e+00   2.5238964315e-04
1.1480214949e+00   1.4860678512e-05
1.1529066927e+00   4.0735265329e-03
1.1577918906e+00   1.3115866473e-02
1.1626770884e+00   1.1633441396e-02
1.1675622863e+00   3.9651088721e-03
1.1724474841e+00   3.5135362451e-03
1.1773326820e+00   2.3841218234e-03
1.1822178798e+00   1.7313846220e-03
1.1871030777e+00   1.3014744563e-03
1.1919882755e+00   9.9559542046e-04
1.1968734734e+00   6.9925536614e-04
1.2017586712e+00   5.3708709652e-04
1.2066438691e+00   4.0948818074e-04
1.2115290669e+00   3.0774234260e-04
1.2164142648e+00   2.2601607207e-04
1.2212994626e+00   1.6023247236e-04
1.2261846605e+00   1.0744324300e-04
1.2310698583e+00   2.9650817234e-05
1.2359550562e+00   1.4219936838e-05
1.2408402540e+00   2.5512503939e-06
1.2457254519e+00   5.8308591889e-06
1.2506106497e+00   1.1300727832e-05
1.2554958476e+00   1.4155513737e-05
1.2603810454e+00   1.4633239607e-05
1.2652662433e+00   1.2926816887e-05
1.2701514411e+00   9.1953862859e-06
1.2750366390e+00   3.5738701874e-06
1.2799218368e+00   4.6104891367e-07
1.2848070347e+00   6.3639888490e-06
1.2896922325e+00   1.4133012864e-05
1.2945774304e+00   2.3099358432e-05
1.2994626282e+00   3.3172269490e-05
1.3043478261e+00   4.4249665590e-05
1.3092330239e+00   5.6213295695e-05
1.3141182218e+00   6.8924171036e-05
1.3190034196e+00   8.2218433594e-05
1.3238886175e+00   9.5903876426e-05
1.3287738153e+00   1.0975738961e-04
1.3336590132e+00   1.2352366054e-04
1.3385442110e+00   3.4306321555e-04
1.3434294089e+00   3.7395019659e-04
1.3483146067e+00   4.0210538626e-04
1.3531998046e+00   4.2663158327e-04
1.3580850024e+00   4.4661258963e-04
1.3629702003e+00   4.6114134904e-04
1.3678553981e+00   4.6935209722e-04
1.3727405960e+00   4.7045487888e-04
1.3776257938e+00   4.6377029162e-04
1.3825109917e+00   4.4876196915e-04
1.3873961895e+00   4.2506419097e-04
1.3922813874e+00   3.9250215709e-04
1.3971665852e+00   3.5110291046e-04
1.4020517831e+00   3.0109559311e-04
1.4069369809e+00   2.4290060292e-04
1.4118221788e+00   1.7710816524e-04
1.4167073766e+00   1.0421692088e-04
1.4215925745e+00   1.5135385216e-05
1.4264777723e+00   7.9419911267e-05
1.4313629702e+00   1.7842695826e-04
1.4362481681e+00   2.8090211293e-04
1.4411333659e+00   3.8594263175e-04
1.4460185638e+00   3.5427038029e-04
1.4509037616e+00   4.2915711786e-04
1.4557889595e+00   5.0437021862e-04
1.4606741573e+00   5.7974818077e-04
1.4655593552e+00   6.5528672764e-04
1.4704445530e+00   7.3115811440e-04
1.4753297509e+00   8.0773786588e-04
1.4802149487e+00   3.2532547186e-07
1.4851001466e+00   9.3408928307e-07
1.4899853444e+00   1.7254820678e-06
1.4948705423e+00   2.7527064351e-06
1.4997557401e+00   4.0922071858e-06
1.5046409380e+00   5.8577503922e-06
1.5095261358e+00   8.2260511675e-06
1.5144113337e+00   1.1486815676e-05
1.5192965315e+00   1.6149507767e-05
1.5241817294e+00   2.3199382746e-05
1.5290669272e+00   3.4820563879e-05
1.5339521251e+00   6.8801935125e-05
1.5388373229e+00   5.7373790522e-03
1.5437225208e+00   2.3354629444e-02
1.5486077186e+00   8.0739454849e-03
1.5534929165e+00   2.9021631746e-03
1.5583781143e+00   1.5311415459e-03
1.5632633122e+00   8.9525373756e-04
1.5681485100e+00   5.2788942222e-04
1.5730337079e+00   2.8875434140e-04
1.5779189057e+00   1.2100190033e-04
1.5828041036e+00   2.8248555036e-06
1.5876893014e+00   9.7645325863e-05
1.5925744993e+00   1.7228774140e-04
1.5974596971e+00   2.3232605233e-04
1.6023448950e+00   2.8146370242e-04
1.6072300928e+00   3.2226428769e-04
1.6121152907e+00   3.5656261595e-04
1.6170004885e+00   3.8570846720e-04
1.6218856864e+00   4.1071792173e-04
1.6267708842e+00   4.3237140028e-04
1.6316560821e+00   4.5128001583e-04
1.6365412799e+00   4.6793276469e-04
1.6414264778e+00   4.8273219648e-04
1.6463116756e+00   4.9602348535e-04
1.6511968735e+00   5.0764119999e-04
1.6560820713e+00   7.3123346195e-04
1.6609672692e+00   7.4421266461e-04
1.6658524670e+00   7.5570987726e-04
1.6707376649e+00   7.6580504980e-04
1.6756228627e+00   7.7453759125e-04
1.6805080606e+00   7.8190937957e-04
1.6853932584e+00   7.8788640357e-04
1.6902784563e+00   7.9239919433e-04
1.6951636541e+00   7.9534215045e-04
1.7000488520e+00   7.9657182514e-04
1.7049340498e+00   7.9590421983e-04
1.7098192477e+00   7.9311111817e-04
1.7147044455e+00   7.8791549720e-04
1.7195896434e+00   7.7998607316e-04
1.7244748412e+00   6.9134690835e-04
1.7293600391e+00   6.7766081579e-04
1.7342452369e+00   6.6018894160e-04
1.7391304348e+00   6.3836686203e-04
1.7440156326e+00   6.1155073391e-04
1.7489008305e+00   5.7901345802e-04
1.7537860283e+00   2.3877428156e-04
1.7586712262e+00   2.1858821919e-04
1.7635564240e+00   1.9480473837e-04
1.7684416219e+00   1.6699750242e-04
1.7733268197e+00   3.9391943388e-05
1.7782120176e+00   1.3289622288e-04
1.7830972154e+00   8.6516816780e-05
1.7879824133e+00   3.3708039178e-05
1.7928676111e+00   9.6257259087e-05
1.7977528090e+00   2.3496011795e-04
1.8026380068e+00   3.8687634623e-04
1.8075232047e+00   6.2243613062e-04
1.8124084025e+00   8.0894379099e-04
1.8172936004e+00   9.9972410953e-04
1.8221787982e+00   7.9441825315e-04
1.8270639961e+00   9.1010527322e-04
1.8319491939e+00   1.0118948945e-03
1.8368343918e+00   1.0928018749e-03
1.8417195896e+00   4.8876119846e-05
1.8466047875e+00   2.0696630446e-04
1.8514899853e+00   1.3885161436e-03
1.8563751832e+00   1.7108049689e-03
1.8612603810e+00   1.5326252597e-03
1.8661455789e+00   7.0166616548e-04
1.8710307767e+00   8.8636008188e-04
1.8759159746e+00   2.0681270175e-04
1.8808011724e+00   3.4920287446e-05
1.8856863703e+00   1.6216096366e-05
1.8905715681e+00   7.6220859909e-04
1.8954567660e+00   2.3903246623e-03
1.9003419638e+00   2.9846241308e-02
1.9052271617e+00   1.1783891751e-03
1.9101123596e+00   2.5887766322e-03
1.9149975574e+00   1.8245505370e-03
1.9198827553e+00   1.8970339194e-04
1.9247679531e+00   3.4044794848e-04
1.9296531510e+00   6.9433927269e-04
1.9345383488e+00   2.9546777112e-05
1.9394235467e+00   1.7386867672e-04
1.9443087445e+00   6.1090496837e-05
1.9491939424e+00   5.8264653555e-05
1.9540791402e+00   6.5848289968e-04
1.9589643381e+00   6.1574101068e-04
1.9638495359e+00   5.8626455214e-04
1.9687347338e+00   5.6641970576e-04
1.9736199316e+00   5.5316077934e-04
1.9785051295e+00   5.4388734790e-04
1.9833903273e+00   7.2270524031e-04
1.9882755252e+00   7.1086139254e-04
1.9931607230e+00   6.9620709725e-04
1.9980459209e+00   6.7685877027e-04
2.0029311187e+00   6.5126878665e-04
2.0078163166e+00   6.1822303953e-04
2.0127015144e+00   5.7683966859e-04
2.0175867123e+00   5.2656422051e-04
2.0224719101e+00   4.6715762259e-04
2.0273571080e+00   3.9867462668e-04
2.0322423058e+00   3.2143174577e-04
2.0371275037e+00   2.3596503331e-04
2.0420127015e+00   1.4297919480e-04
2.0468978994e+00   4.3290332773e-05
2.0517830972e+00   6.3666128508e-05
2.0566682951e+00   1.5725216591e-04
2.0615534929e+00   2.5415584986e-04
2.0664386908e+00   3.5384290323e-04
2.0713238886e+00   4.5594473906e-04
2.0762090865e+00   5.6030623600e-04
2.0810942843e+00   2.2633596545e-04
2.0859794822e+00   2.6484489006e-04
2.0908646800e+00   3.0483024649e-04
2.0957498779e+00   3.4684228366e-04
2.1006350757e+00   3.9171290967e-04
2.1055202736e+00   4.4068357540e-04
2.1104054714e+00   4.9562569370e-04
2.1152906693e+00   5.5944017829e-04
2.1201758671e+00   8.9574963156e-05
2.1250610650e+00   1.2494028355e-03
2.1299462628e+00   1.4785923285e-03
2.1348314607e+00   1.8237392874e-03
2.1397166585e+00   2.4260470488e-03
2.1446018564e+00   3.8004218569e-03
2.1494870542e+00   1.0494808652e-02
2.1543722521e+00   1.0113665276e-02
2.1592574499e+00   3.0341020743e-03
2.1641426478e+00   1.6355209913e-03
2.1690278456e+00   1.0349347633e-03
2.1739130435e+00   6.9993429718e-04
2.1787982413e+00   4.8598074844e-04
2.1836834392e+00   3.3755826846e-04
2.1885686370e+00   2.2874380764e-04
2.1934538349e+00   1.5416746308e-04
2.1983390327e+00   3.7425616697e-05
2.2032242306e+00   5.6426829286e-05
2.2081094284e+00   1.3322552912e-04
2.2129946263e+00   1.9697801599e-04
2.2178798241e+00   2.5053459878e-04
2.2227650220e+00   2.9598105806e-04
2.2276502198e+00   3.3487899888e-04
2.2325354177e+00   3.6841864528e-04
2.2374206155e+00   3.9751920549e-04
2.2423058134e+00   4.2289670881e-04
2.2471910112e+00   4.4511101355e-04
2.2520762091e+00   4.6459908259e-04
2.2569614069e+00   4.8169894637e-04
2.2618466048e+00   4.9666716470e-04
2.2667318026e+00   5.0969160322e-04
2.2716170005e+00   5.2090070243e-04
2.2765021983e+00   5.3036998883e-04
2.2813873962e+00   5.3812626623e-04
2.2862725940e+00   5.4414966609e-04
2.2911577919e+00   5.7836501208e-04
2.2960429897e+00   5.8053707712e-04
2.3009281876e+00   5.8055060546e-04
2.3058133854e+00   5.7819720345e-04
2.3106985833e+00   5.7321804005e-04
2.3155837811e+00   5.6530032409e-04
2.3204689790e+00   5.5407328005e-04
2.3253541768e+00   5.3910390547e-04
2.3302393747e+00   5.1989291194e-04
2.3351245725e+00   2.7496135487e-04
2.3400097704e+00   2.5666220783e-04
2.3448949682e+00   2.3453533509e-04
2.3497801661e+00   2.0810634317e-04
2.3546653639e+00   1.7687099713e-04
2.3595505618e+00   5.8647475037e-05
2.3644357596e+00   1.3835511397e-05
2.3693209575e+00   2.4124058725e-05
2.3742061553e+00   3.5949831520e-05
2.3790913532e+00   4.9388174092e-05
2.3839765511e+00   1.2834527641e-04
2.3888617489e+00   2.2642409992e-04
2.3937469468e+00   3.3360137345e-04
2.3986321446e+00   5.8775128995e-04
2.4035173425e+00   7.4529243987e-04
2.4084025403e+00   9.0665986635e-04
2.4132877382e+00   8.8424025891e-04
2.4181729360e+00   1.0031478732e-03
2.4230581339e+00   1.1082270922e-03
2.4279433317e+00   1.1923464520e-03
2.4328285296e+00   1.2478760709e-03
2.4377137274e+00   2.8509477168e-04
2.4425989253e+00   2.6494753000e-04
2.4474841231e+00   2.3080213421e-04
2.4523693210e+00   6.7375226625e-05
2.4572545188e+00   1.7239909008e-04
2.4621397167e+00   4.2438497873e-05
2.4670249145e+00   5.1472039313e-05
2.4719101124e+00   2.0106331459e-04
2.4767953102e+00   4.9190599125e-04
2.4816805081e+00   8.9109575667e-04
2.4865657059e+00   1.9901947228e-03
2.4914509038e+00   3.6774527141e-03
2.4963361016e+00   5.5005316034e-03
2.5012212995e+00   4.7044063111e-03
2.5061064973e+00   2.5046294147e-03
2.5109916952e+00   2.6558560410e-03
2.5158768930e+00   2.1038286180e-03
2.5207620909e+00   1.6950895577e-03
2.5256472887e+00   1.7101624712e-03
2.5305324866e+00   1.4270501459e-03
2.5354176844e+00   1.1912788699e-03
2.5403028823e+00   1.0156601009e-03
2.5451880801e+00   5.4837068572e-04
2.5500732780e+00   4.8643739391e-04
2.5549584758e+00   4.4037385159e-04
2.5598436737e+00   4.0641972850e-04
2.5647288715e+00   3.8164762693e-04
2.5696140694e+00   3.6370935078e-04
2.5744992672e+00   1.3902838366e-05
2.5793844651e+00   9.3167064073e-05
2.5842696629e+00   8.9493118007e-05
2.5891548608e+00   8.6405310380e-05
2.5940400586e+00   8.3581175016e-05
2.5989252565e+00   8.0747352090e-05
2.6038104543e+00   7.7674617908e-05
2.6086956522e+00   7.4175024179e-05
2.6135808500e+00   7.0100420133e-05
2.6184660479e+00   6.5341746751e-05
2.6233512457e+00   5.9828587806e-05
2.6282364436e+00   5.3528556563e-05
2.6331216414e+00   4.6446199160e-05
2.6380068393e+00   3.8621207626e-05
2.6428920371e+00   3.0125852149e-05
2.6477772350e+00   2.1061653191e-05
2.6526624328e+00   1.1555407521e-05
2.6575476307e+00   1.7547518701e-06
2.6624328285e+00   8.1765034811e-06
2.6673180264e+00   1.8063010788e-05
2.6722032242e+00   2.7722261468e-05
2.6770884221e+00   2.1256779653e-04
2.6819736199e+00   2.6929849878e-04
2.6868588178e+00   3.2428320469e-04
2.6917440156e+00   3.7685175593e-04
2.6966292135e+00   4.2637331486e-04
2.7015144113e+00   4.7225935497e-04
2.7063996092e+00   5.1396531000e-04
2.7112848070e+00   5.5099193202e-04
2.7161700049e+00   5.8288763096e-04
2.7210552027e+00   7.9094387504e-04
2.7259404006e+00   8.1881611241e-04
2.7308255984e+00   8.3925460543e-04
2.7357107963e+00   8.5203742191e-04
2.7405959941e+00   8.5705890249e-04
2.7454811920e+00   8.5435145536e-04
2.7503663898e+00   8.4410731978e-04
2.7552515877e+00   8.2669701589e-04
2.7601367855e+00   8.0268060677e-04
2.7650219834e+00   7.7280788123e-04
2.7699071812e+00   7.3800433577e-04
2.7747923791e+00   6.9934144463e-04
2.7796775769e+00   6.5799195345e-04
2.7845627748e+00   6.1517333733e-04
2.7894479726e+00   5.7208448166e-04
2.7943331705e+00   5.2984147817e-04
2.7992183683e+00   4.8941788318e-04
2.8041035662e+00   4.5164892510e-04
2.8089887640e+00   2.6904179642e-04
2.8138739619e+00   2.4295103435e-04
2.8187591597e+00   2.2024174547e-04
2.8236443576e+00   2.0094528828e-04
2.8285295554e+00   1.8497559313e-04
2.8334147533e+00   1.7215522656e-04
2.8382999511e+00   1.6224102709e-04
2.8431851490e+00   1.5494728228e-04
2.8480703468e+00   1.4996525241e-04
2.8529555447e+00   1.4697855968e-04
2.8578407426e+00   1.4567448937e-04
2.8627259404e+00   1.4575158595e-04
2.8676111383e+00   1.4692409847e-04
2.8724963361e+00   1.4892388025e-04
2.8773815340e+00   1.5150031742e-04
2.8822667318e+00   1.5441878696e-04
2.8871519297e+00   1.5745805197e-04
2.8920371275e+00   1.6040690720e-04
2.8969223254e+00   1.6306030069e-04
2.9018075232e+00   1.6521508009e-04
2.9066927211e+00   1.6666544191e-04
2.9115779189e+00   1.6719809143e-04
2.9164631168e+00   1.6658873946e-04
2.9213483146e+00   2.4964386050e-04
2.9262335125e+00   2.4849049224e-04
2.9311187103e+00   2.4753900052e-04
2.9360039082e+00   2.4683546355e-04
2.9408891060e+00   2.4642794539e-04
2.9457743039e+00   2.4636661995e-04
2.9506595017e+00   2.4670344461e-04
2.9555446996e+00   3.5080357144e-04
2.9604298974e+00   6.3894495977e-05
2.9653150953e+00   8.0144687620e-05
2.9702002931e+00   9.9632758442e-05
2.9750854910e+00   1.2271201943e-04
2.9799706888e+00   1.4972618366e-04
2.9848558867e+00   1.0967518495e-04
2.9897410845e+00   1.8449427715e-04
2.9946262824e+00   2.6886809102e-04
2.9995114802e+00   3.6285370935e-04
3.0043966781e+00   4.8435190191e-04
3.0092818759e+00   5.9617993190e-04
3.0141670738e+00   7.1395535269e-04
3.0190522716e+00   5.3349957483e-04
3.0239374695e+00   5.8268946030e-04
3.0288226673e+00   6.2588378675e-04
3.0337078652e+00   4.0461537413e-05
3.0385930630e+00   2.9335221737e-04
3.0434782609e+00   2.7108650708e-04
3.0483634587e+00   2.3606532489e-04
3.0532486566e+00   1.8545640129e-04
3.0581338544e+00   1.1624499348e-04
3.0630190523e+00   9.2656740562e-04
3.0679042501e+00   7.3674249420e-04
3.0727894480e+00   4.7421151835e-04
3.0776746458e+00   8.0190944860e-05
3.0825598437e+00   4.7125066049e-04
3.0874450415e+00   9.5385891652e-04
3.0923302394e+00   1.2285540076e-03
3.0972154372e+00   1.9657367209e-03
3.1021006351e+00   3.2209794714e-03
3.1069858329e+00   8.0229697730e-03
3.1118710308e+00   7.2490285744e-02
3.1167562286e+00   4.9392118607e-03
3.1216414265e+00   1.9985658051e-03
3.1265266243e+00   1.1901747028e-03
3.1314118222e+00   1.9928158420e-03
3.1362970200e+00   2.3473801328e-03
3.1411822179e+00   1.0931687681e-03
3.1460674157e+00   9.7155168420e-04
3.1509526136e+00   8.5207403037e-04
3.1558378114e+00   2.1944832083e-04
3.1607230093e+00   3.6120611168e-04
3.1656082071e+00   3.0137703515e-04
3.1704934050e+00   2.5437443595e-04
3.1753786028e+00   2.1715828953e-04
3.1802638007e+00   1.8746078134e-04
3.1851489985e+00   5.1381650773e-04
3.1900341964e+00   4.8424004406e-04
3.1949193942e+00   4.6108510945e-04
3.1998045921e+00   4.4221198621e-04
3.2046897899e+00   4.2581387437e-04
3.2095749878e+00   4.1035974923e-04
3.2144601856e+00   3.9455701084e-04
3.2193453835e+00   3.7732819644e-04
3.2242305813e+00   3.5779740112e-04
3.2291157792e+00   3.3528289813e-04
3.2340009770e+00   3.0929304337e-04
3.2388861749e+00   2.7952304513e-04
3.2437713727e+00   2.4585066681e-04
3.2486565706e+00   2.0832944721e-04
3.2535417684e+00   1.6717857439e-04
3.2584269663e+00   1.2276911392e-04
3.2633121641e+00   7.5606821610e-05
3.2681973620e+00   2.6312204975e-05
3.2730825598e+00   2.4401217852e-05
3.2779677577e+00   7.5749393642e-05
3.2828529555e+00   1.2689987696e-04
3.2877381534e+00   1.7699262542e-04
3.2926233512e+00   2.2515856167e-04
3.2975085491e+00   3.3765122756e-04
3.3023937469e+00   3.9105289040e-04
3.3072789448e+00   4.3948434837e-04
3.3121641426e+00   4.8205855817e-04
3.3170493405e+00   5.1793812593e-04
3.3219345383e+00   5.4634108939e-04
3.3268197362e+00   5.6654807910e-04
3.3317049340e+00   5.7791236959e-04
3.3365901319e+00   5.7987418318e-04
3.3414753298e+00   3.6426345334e-04
3.3463605276e+00   3.3818111158e-04
3.3512457255e+00   3.0341540647e-04
3.3561309233e+00   2.6002950655e-04
3.3610161212e+00   2.0828339723e-04
3.3659013190e+00   1.4865889222e-04
3.3707865169e+00   8.1875970881e-05
3.3756717147e+00   8.8956569247e-06
3.3805569126e+00   6.9094640685e-05
3.3854421104e+00   1.5071566280e-04
3.3903273083e+00   2.3445038217e-04
3.3952125061e+00   3.1871414380e-04
3.4000977040e+00   4.0193442466e-04
3.4049829018e+00   4.8263182115e-04
3.4098680997e+00   5.5949351900e-04
3.4147532975e+00   6.3143192266e-04
3.4196384954e+00   6.9762397055e-04
3.4245236932e+00   7.5753017245e-04
3.4294088911e+00   8.1089565316e-04
3.4342940889e+00   8.5773768967e-04
3.4391792868e+00   8.9832496791e-04
3.4440644846e+00   9.3278938921e-04
3.4489496825e+00   9.6091130242e-04
3.4538348803e+00   1.4139697420e-03
3.4587200782e+00   1.4299657295e-03
3.4636052760e+00   1.4427991801e-03
3.4684904739e+00   1.4528283549e-03
3.4733756717e+00   1.4603836607e-03
3.4782608696e+00   1.4657619078e-03
3.4831460674e+00   1.4692233270e-03
3.4880312653e+00   1.4709906209e-03
3.4929164631e+00   1.4712494084e-03
3.4978016610e+00   1.4701495310e-03
3.5026868588e+00   1.4678068003e-03
3.5075720567e+00   1.4643048657e-03
3.5124572545e+00   1.4596969694e-03
3.5173424524e+00   1.4540074215e-03
3.5222276502e+00   1.4472326837e-03
3.5271128481e+00   1.4393419899e-03
3.5319980459e+00   1.4302774688e-03
3.5368832438e+00   1.4989434552e-03
3.5417684416e+00   1.0901854094e-03
3.5466536395e+00   1.0831603201e-03
3.5515388373e+00   1.0761630727e-03
3.5564240352e+00   1.0692420535e-03
3.5613092330e+00   1.0624363604e-03
3.5661944309e+00   1.0557731163e-03
3.5710796287e+00   1.0492628360e-03
3.5759648266e+00   8.8485607937e-04
3.5808500244e+00   8.9864303340e-04
3.5857352223e+00   9.1570614211e-04
3.5906204201e+00   9.3619487589e-04
3.5955056180e+00   9.8105297464e-04
3.6003908158e+00   1.0056089597e-03
3.6052760137e+00   1.0324847784e-03
3.6101612115e+00   1.0608151489e-03
3.6150464094e+00   9.6494665043e-04
3.6199316072e+00   9.2569141922e-04
3.6248168051e+00   8.7727987264e-04
3.6297020029e+00   8.1725756351e-04
3.6345872008e+00   3.4625978701e-04
3.6394723986e+00   4.8655569493e-04
3.6443575965e+00   3.5773196862e-04
3.6492427943e+00   9.2669354010e-04
3.6541279922e+00   8.1378608858e-04
3.6590131900e+00   6.5508071230e-04
3.6638983879e+00   4.4162765318e-04
3.6687835857e+00   3.4617339832e-04
3.6736687836e+00   2.4767894481e-05
3.6785539814e+00   4.8917588080e-04
3.6834391793e+00   1.5576567012e-03
3.6883243771e+00   1.9128210344e-03
3.6932095750e+00   2.9481031064e-03
3.6980947728e+00   3.7389391643e-03
3.7029799707e+00   4.9357274045e-03
3.7078651685e+00   6.4147134991e-03
3.7127503664e+00   8.9287730717e-03
3.7176355642e+00   1.4162971120e-02
3.7225207621e+00   7.8926629683e-02
3.7274059599e+00   2.7547067409e-02
3.7322911578e+00   1.1845540384e-02
3.7371763556e+00   7.3979710421e-03
3.7420615535e+00   4.6886945493e-03
3.7469467513e+00   3.4749496946e-03
3.7518319492e+00   3.1575229463e-03
3.7567171470e+00   2.4420569452e-03
3.7616023449e+00   1.9959634869e-03
3.7664875427e+00   1.7055907543e-03
3.7713727406e+00   1.4021477382e-03
3.7762579384e+00   1.1670542201e-03
3.7811431363e+00   9.8325201198e-04
3.7860283341e+00   8.3852608006e-04
3.7909135320e+00   5.3840048893e-04
3.7957987298e+00   4.5567818034e-04
3.8006839277e+00   3.8802582710e-04
3.8055691255e+00   3.3199952218e-04
3.8104543234e+00   2.8488474063e-04
3.8153395213e+00   2.4452533142e-04
3.8202247191e+00   2.0920396235e-04
3.8251099170e+00   1.7755791022e-04
3.8299951148e+00   1.4851957528e-04
3.8348803127e+00   1.2127437571e-04
3.8397655105e+00   9.5230715441e-05
3.8446507084e+00   6.9998057530e-05
3.8495359062e+00   4.5370079582e-05
3.8544211041e+00   2.1310613027e-05
3.8593063019e+00   2.0593291397e-06
3.8641914998e+00   2.4474596810e-05
3.8690766976e+00   4.5539689720e-05
3.8739618955e+00   6.4743511177e-05
3.8788470933e+00   8.1474937689e-05
3.8837322912e+00   9.5038800483e-05
3.8886174890e+00   1.0467180022e-04
3.8935026869e+00   1.0955799859e-04
3.8983878847e+00   1.0884378072e-04
3.9032730826e+00   1.0165239534e-04
3.9081582804e+00   8.7098200663e-05
3.9130434783e+00   6.4297720562e-05
3.9179286761e+00   2.4319604776e-04
3.9228138740e+00   3.1874092651e-04
3.9276990718e+00   4.1030958211e-04
3.9325842697e+00   5.1071715017e-04
3.9374694675e+00   6.2026177308e-04
3.9423546654e+00   7.3916719346e-04
3.9472398632e+00   8.6755001765e-04
3.9521250611e+00   1.0053825563e-03
3.9570102589e+00   1.1524530213e-03
3.9618954568e+00   1.3083258876e-03
3.9667806546e+00   1.4723062610e-03
3.9716658525e+00   1.6434157037e-03
3.9765510503e+00   1.2349602859e-03
3.9814362482e+00   1.4158040681e-03
3.9863214460e+00   1.6026531953e-03
3.9912066439e+00   1.7930536710e-03
3.9960918417e+00   1.9843529993e-03
4.0009770396e+00   2.1738148304e-03
4.0058622374e+00   2.3587470917e-03
4.0107474353e+00   2.5366309967e-03
4.0156326331e+00   2.7052375414e-03
4.0205178310e+00   2.8627196819e-03
4.0254030288e+00   3.0076720067e-03
4.0302882267e+00   3.1391545356e-03
4.0351734245e+00   3.2566822037e-03
4.0400586224e+00   3.3601856266e-03
4.0449438202e+00   3.4499512597e-03
4.0498290181e+00   3.5265498828e-03
4.0547142159e+00   3.5907617034e-03
4.0595994138e+00   3.6435047380e-03
4.0644846116e+00   3.6857710390e-03
4.0693698095e+00   3.7185732465e-03
4.0742550073e+00   3.7429021521e-03
4.0791402052e+00   3.7596946497e-03
4.0840254030e+00   3.7698106315e-03
4.0889106009e+00   3.7740170377e-03
4.0937957987e+00   3.7729772917e-03
4.0986809966e+00   3.7672446466e-03
4.1035661944e+00   3.7572584166e-03
4.1084513923e+00   3.7433425650e-03
4.1133365901e+00   3.7257065424e-03
4.1182217880e+00   3.7044485225e-03
4.1231069858e+00   3.6797859618e-03
4.1279921837e+00   3.4752030829e-03
4.1328773815e+00   3.4462426959e-03
4.1377625794e+00   3.4145995830e-03
4.1426477772e+00   3.3802023261e-03
4.1475329751e+00   3.3429134532e-03
4.1524181729e+00   3.3025268645e-03
4.1573033708e+00   3.2587629236e-03
4.1621885686e+00   3.2112608098e-03
4.1670737665e+00   3.2176460126e-03
4.1719589643e+00   3.1572183383e-03
4.1768441622e+00   3.0906059687e-03
4.1817293600e+00   3.0168746222e-03
4.1866145579e+00   2.9349006163e-03
4.1914997557e+00   2.9267482768e-03
4.1963849536e+00   2.7774174144e-03
4.2012701514e+00   2.6092378635e-03
4.2061553493e+00   2.4197990729e-03
4.2110405471e+00   2.1172244352e-03
4.2159257450e+00   1.9821228625e-03
4.2208109428e+00   1.7266270610e-03
4.2256961407e+00   1.4396641497e-03
4.2305813385e+00   1.1177892918e-03
4.2354665364e+00   1.2052844496e-03
4.2403517342e+00   8.6759532044e-04
4.2452369321e+00   4.7799433096e-04
4.2501221299e+00   2.9248096640e-05
4.2550073278e+00   4.8630428742e-04
4.2598925256e+00   9.9936541336e-04
4.2647777235e+00   1.6824592427e-03
4.2696629213e+00   2.4627232255e-03
4.2745481192e+00   3.3525782580e-03
4.2794333170e+00   4.8406834054e-03
4.2843185149e+00   5.8275214556e-03
4.2892037128e+00   7.5352004909e-03
4.2940889106e+00   8.7296980226e-03
4.2989741085e+00   1.0430173231e-02
4.3038593063e+00   1.3070086140e-02
4.3087445042e+00   1.6641189656e-02
4.3136297020e+00   2.4136651706e-02
4.3185148999e+00   4.2114709992e-02
4.3234000977e+00   2.1909832478e-01
4.3282852956e+00   5.8919189097e-02
4.3331704934e+00   2.2618790601e-02
4.3380556913e+00   1.4168703894e-02
4.3429408891e+00   8.9988834811e-03
4.3478260870e+00   6.5114908826e-03
4.3527112848e+00   5.4048949817e-03
4.3575964827e+00   4.0768959195e-03
4.3624816805e+00   3.1107864895e-03
4.3673668784e+00   2.3626965334e-03
4.3722520762e+00   1.8147250926e-03
4.3771372741e+00   1.3911670803e-03
4.3820224719e+00   1.0611911757e-03
4.3869076698e+00   8.0323025740e-04
4.3917928676e+00   3.8945999655e-04
4.3966780655e+00   2.4615745196e-04
4.4015632633e+00   1.3520866955e-04
4.4064484612e+00   5.0919575361e-05
4.4113336590e+00   1.1057681438e-05
4.4162188569e+00   5.4074923525e-05
4.4211040547e+00   8.0737928392e-05
4.4259892526e+00   9.3088251615e-05
4.4308744504e+00   9.2737382930e-05
4.4357596483e+00   8.0966750247e-05
4.4406448461e+00   5.8802754463e-05
4.4455300440e+00   2.7073257615e-05
4.4504152418e+00   1.3549855016e-05
4.4553004397e+00   6.2518620874e-05
4.4601856375e+00   1.1938485407e-04
4.4650708354e+00   1.8378187064e-04
4.4699560332e+00   2.5541044097e-04
4.4748412311e+00   3.3402760760e-04
4.4797264289e+00   4.1943723177e-04
4.4846116268e+00   5.1148134916e-04
4.4894968246e+00   6.1003166039e-04
4.4943820225e+00   7.1498076196e-04
4.4992672203e+00   8.2623299497e-04
4.5041524182e+00   9.4369495914e-04
4.5090376160e+00   1.0672657001e-03
4.5139228139e+00   1.1968262811e-03
4.5188080117e+00   1.3322280109e-03
4.5236932096e+00   1.4732783416e-03
4.5285784074e+00   1.6197238479e-03
4.5334636053e+00   1.7712310551e-03
4.5383488031e+00   1.9273678849e-03
4.5432340010e+00   2.0875897490e-03
4.5481191988e+00   2.2512323897e-03
4.5530043967e+00   2.4174842286e-03
4.5578895945e+00   2.8251687935e-03
4.5627747924e+00   2.8903731518e-03
4.5676599902e+00   3.0634114327e-03
4.5725451881e+00   3.2331253710e-03
4.5774303859e+00   3.3980141921e-03
4.5823155838e+00   3.5565267345e-03
4.5872007816e+00   3.7071078141e-03
4.5920859795e+00   3.8482518610e-03
4.5969711773e+00   3.9785602449e-03
4.6018563752e+00   4.0967977448e-03
4.6067415730e+00   4.2019431762e-03
4.6116267709e+00   4.2932294283e-03
4.6165119687e+00   4.3701691180e-03
4.6213971666e+00   4.4325636145e-03
4.6262823644e+00   4.4804950857e-03
4.6311675623e+00   4.5143031305e-03
4.6360527601e+00   4.5345491705e-03
4.6409379580e+00   4.5419728081e-03
4.6458231558e+00   4.5374446906e-03
4.6507083537e+00   4.5219200327e-03
4.6555935515e+00   4.4963959638e-03
4.6604787494e+00   4.4618744874e-03
4.6653639472e+00   4.4193313182e-03
4.6702491451e+00   4.3696894888e-03
4.6751343429e+00   4.3137956430e-03
4.6800195408e+00   4.2523965730e-03
4.6849047386e+00   4.1861139618e-03
4.6897899365e+00   4.1154164730e-03
4.6946751343e+00   4.0405901998e-03
4.6995603322e+00   3.9617108067e-03
4.7044455300e+00   3.8786230991e-03
4.7093307279e+00   3.7909358096e-03
4.7142159257e+00   3.6980406035e-03
4.7191011236e+00   3.5975425437e-03
4.7239863214e+00   3.2358779427e-03
4.7288715193e+00   3.1338812173e-03
4.7337567171e+00   3.0278031373e-03
4.7386419150e+00   2.9173971728e-03
4.7435271128e+00   2.8023511573e-03
4.7484123107e+00   2.6822881795e-03
4.7532975085e+00   2.5567662089e-03
4.7581827064e+00   2.4252765596e-03
4.7630679043e+00   2.2607497540e-03
4.7679531021e+00   2.1262505300e-03
4.7728383000e+00   1.9850640277e-03
4.7777234978e+00   1.8363869405e-03
4.7826086957e+00   1.6792834542e-03
4.7874938935e+00   1.4837493472e-03
4.7923790914e+00   1.2849465537e-03
4.7972642892e+00   1.0722312573e-03
4.8021494871e+00   8.4414110186e-04
4.8070346849e+00   5.9911271414e-04
4.8119198828e+00   1.1567538716e-04
4.8168050806e+00   4.6859835108e-04
4.8216902785e+00   8.3961491162e-04
4.8265754763e+00   1.2276312358e-03
4.8314606742e+00   1.6310914590e-03
4.8363458720e+00   2.0479991995e-03
4.8412310699e+00   2.4759873980e-03
4.8461162677e+00   3.0347643946e-03
4.8510014656e+00   2.7386141341e-03
4.8558866634e+00   3.2055787544e-03
4.8607718613e+00   3.6941922037e-03
4.8656570591e+00   4.2054286319e-03
4.8705422570e+00   4.5229714977e-03
4.8754274548e+00   5.1695319586e-03
4.8803126527e+00   5.8744000872e-03
4.8851978505e+00   6.7005703461e-03
4.8900830484e+00   7.5876344822e-03
4.8949682462e+00   8.6753925193e-03
4.8998534441e+00   9.3440450094e-03
4.9047386419e+00   1.1175735967e-02
4.9096238398e+00   1.4618228191e-02
4.9145090376e+00   2.0806330580e-02
4.9193942355e+00   2.1713754504e-01
4.9242794333e+00   1.0829117542e-02
4.9291646312e+00   3.1177168273e-03
4.9340498290e+00   2.0727624479e-03
4.9389350269e+00   2.5834948528e-04
4.9438202247e+00   8.2702934267e-04
4.9487054226e+00   1.5333509351e-03
4.9535906204e+00   1.8986154224e-03
4.9584758183e+00   2.2550957755e-03
4.9633610161e+00   2.5014142950e-03
4.9682462140e+00   2.6657763773e-03
4.9731314118e+00   2.7663126569e-03
4.9780166097e+00   2.8151744760e-03
4.9829018075e+00   2.9009102866e-03
4.9877870054e+00   2.8549119306e-03
4.9926722032e+00   2.7791636811e-03
4.9975574011e+00   2.6763284606e-03
5.0024425989e+00   2.5483807067e-03
5.0073277968e+00   2.3968206746e-03
5.0122129946e+00   2.2228293471e-03
5.0170981925e+00   2.0273842068e-03
5.0219833903e+00   1.8113485818e-03
5.0268685882e+00   1.5755426756e-03
5.0317537860e+00   1.4228295321e-03
5.0366389839e+00   1.1598251836e-03
5.0415241817e+00   8.8135374762e-04
5.0464093796e+00   5.8822716179e-04
5.0512945774e+00   2.8142978965e-04
5.0561797753e+00   3.7858998232e-05
5.0610649731e+00   3.6824485458e-04
5.0659501710e+00   7.0810140910e-04
5.0708353688e+00   1.0555566264e-03
5.0757205667e+00   1.4084831549e-03
5.0806057645e+00   1.7644932888e-03
5.0854909624e+00   2.1209391295e-03
5.0903761602e+00   2.4749184157e-03
5.0952613581e+00   2.8232862981e-03
5.1001465559e+00   3.1626730663e-03
5.1050317538e+00   3.4895074996e-03
5.1099169516e+00   3.8000451356e-03
5.1148021495e+00   4.0904003610e-03
5.1196873473e+00   4.3565808909e-03
5.1245725452e+00   4.5945230061e-03
5.1294577430e+00   4.8001259669e-03
5.1343429409e+00   4.9692844186e-03
5.1392281387e+00   5.0979183877e-03
5.1441133366e+00   5.1820015129e-03
5.1489985344e+00   5.2175891122e-03
5.1538837323e+00   5.2008479645e-03
5.1587689301e+00   5.1280885675e-03
5.1636541280e+00   4.9957977034e-03
5.1685393258e+00   4.8006648372e-03
5.1734245237e+00   4.5395921860e-03
5.1783097215e+00   4.2096790090e-03
5.1831949194e+00   3.8081805181e-03
5.1880801172e+00   3.3324638634e-03
5.1929653151e+00   2.7937245749e-03
5.1978505129e+00   1.8961509601e-03
5.2027357108e+00   1.1534729298e-03
5.2076209086e+00   3.3297631949e-04
5.2125061065e+00   5.6439718103e-04
5.2173913043e+00   1.5365793951e-03
5.2222765022e+00   2.5801793123e-03
5.2271617000e+00   3.6903057243e-03
5.2320468979e+00   4.8604315395e-03
5.2369320957e+00   6.0823245367e-03
5.2418172936e+00   7.3460683957e-03
5.2467024915e+00   8.6401930228e-03
5.2515876893e+00   9.9519241142e-03
5.2564728872e+00   1.1267549076e-02
5.2613580850e+00   1.2777291915e-02
5.2662432829e+00   1.4056332990e-02
5.2711284807e+00   1.5296896075e-02
5.2760136786e+00   1.6486742692e-02
5.2808988764e+00   1.7615200530e-02
5.2857840743e+00   1.8673492591e-02
5.2906692721e+00   1.9654930465e-02
5.2955544700e+00   2.0554965255e-02
5.3004396678e+00   2.1371105936e-02
5.3053248657e+00   2.2102727681e-02
5.3102100635e+00   2.2750800512e-02
5.3150952614e+00   2.3317571060e-02
5.3199804592e+00   2.3806228084e-02
5.3248656571e+00   2.4220577082e-02
5.3297508549e+00   2.4564742432e-02
5.3346360528e+00   2.4842908365e-02
5.3395212506e+00   2.5059103748e-02
5.3444064485e+00   2.5217030657e-02
5.3492916463e+00   2.5319933203e-02
5.3541768442e+00   2.5370500988e-02
5.3590620420e+00   2.5370800625e-02
5.3639472399e+00   2.5322228655e-02
5.3688324377e+00   2.5225479737e-02
5.3737176356e+00   2.5080524814e-02
5.3786028334e+00   2.4886595043e-02
5.3834880313e+00   2.4642162406e-02
5.3883732291e+00   2.4299807687e-02
5.3932584270e+00   2.3947861380e-02
5.3981436248e+00   2.3536428453e-02
5.4030288227e+00   2.3060864050e-02
5.4079140205e+00   2.2515698770e-02
5.4127992184e+00   2.1894629675e-02
5.4176844162e+00   2.1190520337e-02
5.4225696141e+00   2.0263768588e-02
5.4274548119e+00   1.9396841912e-02
5.4323400098e+00   1.8424449190e-02
5.4372252076e+00   1.7336719307e-02
5.4421104055e+00   1.6123255182e-02
5.4469956033e+00   1.4815906188e-02
5.4518808012e+00   1.3294061480e-02
5.4567659990e+00   1.1638795230e-02
5.4616511969e+00   9.8150349309e-03
5.4665363947e+00   7.8136436476e-03
5.4714215926e+00   5.6269992731e-03
5.4763067904e+00   2.8828924179e-03
5.4811919883e+00   2.5599110428e-04
5.4860771861e+00   2.5615380794e-03
5.4909623840e+00   5.5647270047e-03
5.4958475818e+00   8.7455940184e-03
5.5007327797e+00   1.2093886952e-02
5.5056179775e+00   1.5697309404e-02
5.5105031754e+00   1.9341474361e-02
5.5153883732e+00   2.3123328748e-02
5.5202735711e+00   2.7046499487e-02
5.5251587689e+00   3.1129859430e-02
5.5300439668e+00   3.5129750479e-02
5.5349291646e+00   3.9764106249e-02
5.5398143625e+00   4.4837468115e-02
5.5446995603e+00   5.0604056646e-02
5.5495847582e+00   5.7657473641e-02
5.5544699560e+00   6.6665501049e-02
5.5593551539e+00   7.8427428902e-02
5.5642403517e+00   9.7424027819e-02
5.5691255496e+00   1.3083659068e-01
5.5740107474e+00   2.2158145079e-01
5.5788959453e+00   1.2097610940e+00
5.5837811431e+00   2.6913053887e-01
5.5886663410e+00   1.0630251743e-01
5.5935515388e+00   5.9926306279e-02
5.5984367367e+00   3.8438483156e-02
5.6033219345e+00   2.5850870959e-02
5.6082071324e+00   1.7792523221e-02
5.6130923302e+00   1.2286716930e-02
5.6179775281e+00   8.8155088162e-03
5.6228627259e+00   5.8641389493e-03
5.6277479238e+00   3.6706376975e-03
5.6326331216e+00   2.0302481776e-03
5.6375183195e+00   8.0677862295e-04
5.6424035173e+00   9.3874284873e-05
5.6472887152e+00   6.4974809668e-04
5.6521739130e+00   1.2020303469e-03
5.6570591109e+00   1.4664287502e-03
5.6619443087e+00   1.5893669058e-03
5.6668295066e+00   1.5922865479e-03
5.6717147044e+00   1.4920792793e-03
5.6765999023e+00   1.3022960629e-03
5.6814851001e+00   1.0340276150e-03
5.6863702980e+00   6.9655907705e-04
5.6912554958e+00   2.9786629180e-04
5.6961406937e+00   1.5500155508e-04
5.7010258915e+00   6.5562267585e-04
5.7059110894e+00   1.0768676032e-03
5.7107962872e+00   1.6481885802e-03
5.7156814851e+00   2.2497522932e-03
5.7205666830e+00   2.8759762290e-03
5.7254518808e+00   3.5211177371e-03
5.7303370787e+00   4.1792045855e-03
5.7352222765e+00   4.8439859661e-03
5.7401074744e+00   5.5089023821e-03
5.7449926722e+00   6.1670731511e-03
5.7498778701e+00   6.8113003342e-03
5.7547630679e+00   7.4340878194e-03
5.7596482658e+00   8.0276740987e-03
5.7645334636e+00   8.5840770479e-03
5.7694186615e+00   9.0951488123e-03
5.7743038593e+00   9.5526387740e-03
5.7791890572e+00   9.9482625879e-03
5.7840742550e+00   1.0273775471e-02
5.7889594529e+00   1.0521048327e-02
5.7938446507e+00   1.0682145917e-02
5.7987298486e+00   1.0749407076e-02
5.8036150464e+00   1.0715527910e-02
5.8085002443e+00   1.0573649850e-02
5.8133854421e+00   1.0317455259e-02
5.8182706400e+00   9.9412738512e-03
5.8231558378e+00   9.4402034861e-03
5.8280410357e+00   8.8102487967e-03
5.8329262335e+00   8.0484670270e-03
5.8378114314e+00   7.1759797712e-03
5.8426966292e+00   6.1489873594e-03
5.8475818271e+00   4.9894072727e-03
5.8524670249e+00   3.7004824934e-03
5.8573522228e+00   2.2875136246e-03
5.8622374206e+00   7.5802229144e-04
5.8671226185e+00   8.7814103811e-04
5.8720078163e+00   2.6087687892e-03
5.8768930142e+00   4.4193699616e-03
5.8817782120e+00   6.2933630140e-03
5.8866634099e+00   8.2123963691e-03
5.8915486077e+00   1.0156792946e-02
5.8964338056e+00   1.2106101276e-02
5.9013190034e+00   1.4039722110e-02
5.9062042013e+00   1.5937568335e-02
5.9110893991e+00   1.7780718688e-02
5.9159745970e+00   1.9732873122e-02
5.9208597948e+00   2.1414983903e-02
5.9257449927e+00   2.2997619846e-02
5.9306301905e+00   2.4471179602e-02
5.9355153884e+00   2.5828784545e-02
5.9404005862e+00   2.7066156402e-02
5.9452857841e+00   2.8181378763e-02
5.9501709819e+00   2.9174573704e-02
5.9550561798e+00   3.0047526581e-02
5.9599413776e+00   3.0803289968e-02
5.9648265755e+00   3.1445792874e-02
5.9697117733e+00   3.1979475071e-02
5.9745969712e+00   3.2408959685e-02
5.9794821690e+00   3.2738771057e-02
5.9843673669e+00   3.2973099773e-02
5.9892525647e+00   3.3115612926e-02
5.9941377626e+00   3.3169305115e-02
5.9990229604e+00   3.3136384297e-02
6.0039081583e+00   3.3018186055e-02
6.0087933561e+00   3.2815110083e-02
6.0136785540e+00   3.2526573305e-02
6.0185637518e+00   3.2150974955e-02
6.0234489497e+00   3.1915847016e-02
6.0283341475e+00   3.1314127139e-02
6.0332193454e+00   3.0643696084e-02
6.0381045432e+00   2.9866969128e-02
6.0429897411e+00   2.8976747697e-02
6.0478749389e+00   2.7964753499e-02
6.0527601368e+00   2.6821659446e-02
6.0576453346e+00   2.5537144060e-02
6.0625305325e+00   2.4038324112e-02
6.0674157303e+00   2.2474831845e-02
6.0723009282e+00   2.0738278556e-02
6.0771861260e+00   1.8815722932e-02
6.0820713239e+00   1.6694030901e-02
6.0869565217e+00   1.4360214981e-02
6.0918417196e+00   1.1903490806e-02
6.0967269174e+00   9.1329241055e-03
6.1016121153e+00   6.1168810891e-03
6.1064973131e+00   2.8470293632e-03
6.1113825110e+00   6.8246664826e-04
6.1162677088e+00   4.4745007833e-03
6.1211529067e+00   8.5287430380e-03
6.1260381045e+00   1.2997516444e-02
6.1309233024e+00   1.7575075033e-02
6.1358085002e+00   2.2393787159e-02
6.1406936981e+00   2.7444257674e-02
6.1455788959e+00   3.2719460050e-02
6.1504640938e+00   3.8218635991e-02
6.1553492916e+00   4.4482569303e-02
6.1602344895e+00   5.0411684246e-02
6.1651196873e+00   5.6646938904e-02
6.1700048852e+00   6.3297937128e-02
6.1748900830e+00   7.0579566305e-02
6.1797752809e+00   7.8673675555e-02
6.1846604787e+00   8.8362976215e-02
6.1895456766e+00   1.0044333271e-01
6.1944308745e+00   1.1732424567e-01
6.1993160723e+00   1.4195099472e-01
6.2042012702e+00   1.8485245957e-01
6.2090864680e+00   2.8347499053e-01
6.2139716659e+00   7.7752982420e-01
6.2188568637e+00   6.7629387687e-01
6.2237420616e+00   1.9739520081e-01
6.2286272594e+00   1.0227771560e-01
6.2335124573e+00   6.1642659130e-02
6.2383976551e+00   3.9324726643e-02
6.2432828530e+00   2.4643090239e-02
6.2481680508e+00   1.5696211803e-02
6.2530532487e+00   9.2464272222e-03
6.2579384465e+00   4.6078676482e-03
6.2628236444e+00   1.2285486509e-03
6.2677088422e+00   1.2362550569e-03
6.2725940401e+00   3.0135929492e-03
6.2774792379e+00   4.1061407916e-03
6.2823644358e+00   4.9702323883e-03
6.2872496336e+00   5.4875579299e-03
6.2921348315e+00   5.7205539218e-03
6.2970200293e+00   5.7172138344e-03
6.3019052272e+00   5.5151664823e-03
6.3067904250e+00   5.1444627820e-03
6.3116756229e+00   4.6295327546e-03
6.3165608207e+00   3.9905954005e-03
6.3214460186e+00   3.2396195109e-03
6.3263312164e+00   2.3995134823e-03
6.3312164143e+00   1.4792255223e-03
6.3361016121e+00   4.9043467015e-04
6.3409868100e+00   5.5607675982e-04
6.3458720078e+00   1.6500932019e-03
6.3507572057e+00   2.7816866171e-03
6.3556424035e+00   3.9409771253e-03
6.3605276014e+00   5.1179265921e-03
6.3654127992e+00   6.3021612370e-03
6.3702979971e+00   7.4828215486e-03
6.3751831949e+00   8.6484394773e-03
6.3800683928e+00   9.7285369336e-03
6.3849535906e+00   1.0820145030e-02
6.3898387885e+00   1.1858038339e-02
6.3947239863e+00   1.2827823219e-02
6.3996091842e+00   1.3714345181e-02
6.4044943820e+00   1.4501749306e-02
6.4093795799e+00   1.5173567466e-02
6.4142647777e+00   1.5712826337e-02
6.4191499756e+00   1.6102167553e-02
6.4240351734e+00   1.6323968645e-02
6.4289203713e+00   1.6360450960e-02
6.4338055691e+00   1.6193758780e-02
6.4386907670e+00   1.5805992620e-02
6.4435759648e+00   1.5179179349e-02
6.4484611627e+00   1.4295162310e-02
6.4533463605e+00   1.3135396129e-02
6.4582315584e+00   1.1680632934e-02
6.4631167562e+00   9.9104891309e-03
6.4680019541e+00   7.8028842148e-03
6.4728871519e+00   5.3333450480e-03
6.4777723498e+00   2.5046613777e-03
6.4826575476e+00   7.2674012793e-04
6.4875427455e+00   4.4153867921e-03
6.4924279433e+00   8.6056638086e-03
6.4973131412e+00   1.3350022229e-02
6.5021983390e+00   1.8710618440e-02
6.5070835369e+00   2.4761160715e-02
6.5119687347e+00   3.1487565795e-02
6.5168539326e+00   3.9589642346e-02
6.5217391304e+00   4.8336099855e-02
6.5266243283e+00   5.8227152690e-02
6.5315095261e+00   6.9430177906e-02
6.5363947240e+00   8.2140220374e-02
6.5412799218e+00   9.6583299889e-02
6.5461651197e+00   1.1301960739e-01
6.5510503175e+00   1.3174630577e-01
6.5559355154e+00   1.5309951383e-01
6.5608207132e+00   1.7745487563e-01
6.5657059111e+00   2.0574967624e-01
6.5705911089e+00   2.3740175910e-01
6.5754763068e+00   2.7338492949e-01
6.5803615046e+00   3.1417764877e-01
6.5852467025e+00   3.6024417508e-01
6.5901319003e+00   4.1200367886e-01
6.5950170982e+00   4.6979068376e-01
6.5999022960e+00   5.3380781681e-01
6.6047874939e+00   6.0407378117e-01
6.6096726917e+00   6.8037185762e-01
6.6145578896e+00   7.6220665453e-01
6.6194430874e+00   8.4877849446e-01
6.6243282853e+00   9.3898479081e-01
6.6292134831e+00   1.0314552180e+00
6.6340986810e+00   1.1246222379e+00
6.6389838788e+00   1.2168214704e+00
6.6438690767e+00   1.3064093750e+00
6.6487542745e+00   1.3918810665e+00
6.6536394724e+00   1.4719705696e+00
6.6585246702e+00   1.5457197342e+00
6.6634098681e+00   1.6125090490e+00
6.6682950660e+00   1.6720513631e+00
6.6731802638e+00   1.7243557722e+00
6.6780654617e+00   1.7696723095e+00
6.6829506595e+00   1.8084284629e+00
6.6878358574e+00   1.8411667100e+00
6.6927210552e+00   1.8684893514e+00
6.6976062531e+00   1.8910139303e+00
6.7024914509e+00   1.9093400832e+00
6.7073766488e+00   1.9240270193e+00
6.7122618466e+00   1.9355799264e+00
6.7171470445e+00   1.9444643753e+00
6.7220322423e+00   1.9510574545e+00
6.7269174402e+00   1.9556672533e+00
6.7318026380e+00   1.9585116120e+00
6.7366878359e+00   1.9598833448e+00
6.7415730337e+00   1.9598972174e+00
6.7464582316e+00   1.9586657791e+00
6.7513434294e+00   1.9562603352e+00
6.7562286273e+00   1.9527140429e+00
6.7611138251e+00   1.9480242120e+00
6.7659990230e+00   1.9421537761e+00
6.7708842208e+00   1.9350319372e+00
6.7757694187e+00   1.9265540108e+00
6.7806546165e+00   1.9165805167e+00
6.7855398144e+00   1.9040402880e+00
6.7904250122e+00   1.8905408261e+00
6.7953102101e+00   1.8749063718e+00
6.8001954079e+00   1.8568376994e+00
6.8050806058e+00   1.8359882190e+00
6.8099658036e+00   1.8119610740e+00
6.8148510015e+00   1.7837015919e+00
6.8197361993e+00   1.7523125070e+00
6.8246213972e+00   1.7158984392e+00
6.8295065950e+00   1.6742013094e+00
6.8343917929e+00   1.6265764089e+00
6.8392769907e+00   1.5724022177e+00
6.8441621886e+00   1.5107168477e+00
6.8490473864e+00   1.4410873206e+00
6.8539325843e+00   1.3627222940e+00
6.8588177821e+00   1.2754875934e+00
6.8637029800e+00   1.1789321567e+00
6.8685881778e+00   1.0734409555e+00
6.8734733757e+00   9.5838633674e-01
6.8783585735e+00   8.3471956078e-01
6.8832437714e+00   7.0511715005e-01
6.8881289692e+00   5.6754364350e-01
6.8930141671e+00   4.2540794698e-01
6.8978993649e+00   2.8079888758e-01
6.9027845628e+00   1.3616622255e-01
6.9076697606e+00   7.3154403825e-03
6.9125549585e+00   1.4539381248e-01
6.9174401563e+00   2.7694941434e-01
6.9223253542e+00   4.0057614924e-01
6.9272105520e+00   5.1558246141e-01
6.9320957499e+00   6.2151153821e-01
6.9369809477e+00   7.1840615517e-01
6.9418661456e+00   8.0736195492e-01
6.9467513434e+00   8.8988275308e-01
6.9516365413e+00   9.6730942233e-01
6.9565217391e+00   1.0427579946e+00
6.9614069370e+00   1.1195298294e+00
6.9662921348e+00   1.2011027996e+00
6.9711773327e+00   1.2931593133e+00
6.9760625305e+00   1.4036316736e+00
6.9809477284e+00   1.5456556059e+00
6.9858329262e+00   1.7418964674e+00
6.9907181241e+00   2.0361344607e+00
6.9956033219e+00   2.5324305501e+00
7.0004885198e+00   3.5516180090e+00
7.0053737176e+00   6.8098727174e+00
7.0102589155e+00   6.5853253793e+01
7.0151441133e+00   4.7027367189e+00
7.0200293112e+00   2.1855181135e+00
7.0249145090e+00   1.3013879175e+00
7.0297997069e+00   8.4841463699e-01
7.0346849047e+00   5.7179020471e-01
7.0395701026e+00   3.8362881039e-01
7.0444553004e+00   2.4569847893e-01
7.0493404983e+00   1.3876141094e-01
7.0542256961e+00   5.2153264427e-02
7.0591108940e+00   2.0446637576e-02
7.0639960918e+00   8.2963947901e-02
7.0688812897e+00   1.3791789545e-01
7.0737664875e+00   1.8696274168e-01
7.0786516854e+00   2.3120329367e-01
7.0835368832e+00   2.7138813785e-01
7.0884220811e+00   3.0803261692e-01
7.0933072789e+00   3.4149924398e-01
7.0981924768e+00   3.7205110847e-01
7.1030776746e+00   3.9988746342e-01
7.1079628725e+00   4.2517660029e-01
7.1128480703e+00   4.4797241089e-01
7.1177332682e+00   4.6849519856e-01
7.1226184660e+00   4.8681914361e-01
7.1275036639e+00   5.0304033233e-01
7.1323888617e+00   5.1724450866e-01
7.1372740596e+00   5.2950453204e-01
7.1421592574e+00   5.3987594474e-01
7.1470444553e+00   5.4822690128e-01
7.1519296532e+00   5.5486540010e-01
7.1568148510e+00   5.5959223964e-01
7.1617000489e+00   5.6228257799e-01
7.1665852467e+00   5.6269797702e-01
7.1714704446e+00   5.6041368614e-01
7.1763556424e+00   5.5467830604e-01
7.1812408403e+00   5.4411795592e-01
7.1861260381e+00   5.2603738136e-01
7.1910112360e+00   4.9458442703e-01
7.1958964338e+00   4.3364245512e-01
7.2007816317e+00   2.8167604687e-01
7.2056668295e+00   6.3641950457e-01
7.2105520274e+00   1.5204840343e+00
7.2154372252e+00   9.7859919278e-01
7.2203224231e+00   8.5386746163e-01
7.2252076209e+00   7.9815149238e-01
7.2300928188e+00   7.6619550687e-01
7.2349780166e+00   7.4509539929e-01
7.2398632145e+00   7.2978100562e-01
7.2447484123e+00   7.1785986200e-01
7.2496336102e+00   7.0805932752e-01
7.2545188080e+00   6.9964265811e-01
7.2594040059e+00   6.9215568794e-01
7.2642892037e+00   6.8530454010e-01
7.2691744016e+00   6.7889152892e-01
7.2740595994e+00   6.7277927718e-01
7.2789447973e+00   6.6693039090e-01
7.2838299951e+00   6.6115931007e-01
7.2887151930e+00   6.5546251903e-01
7.2936003908e+00   6.4979697984e-01
7.2984855887e+00   6.4412738318e-01
7.3033707865e+00   6.3842330129e-01
7.3082559844e+00   6.3265706332e-01
7.3131411822e+00   6.2680210910e-01
7.3180263801e+00   6.2083165974e-01
7.3229115779e+00   6.1471759395e-01
7.3277967758e+00   6.0842944960e-01
7.3326819736e+00   6.0193348924e-01
7.3375671715e+00   5.9519177942e-01
7.3424523693e+00   5.8816124103e-01
7.3473375672e+00   5.8079263059e-01
7.3522227650e+00   5.7302941369e-01
7.3571079629e+00   5.6480649087e-01
7.3619931607e+00   5.5604873334e-01
7.3668783586e+00   5.4666928186e-01
7.3717635564e+00   5.3671074023e-01
7.3766487543e+00   5.2567209142e-01
7.3815339521e+00   5.1375750315e-01
7.3864191500e+00   5.0071082253e-01
7.3913043478e+00   4.8634855525e-01
7.3961895457e+00   4.7045674762e-01
7.4010747435e+00   4.5278564243e-01
7.4059599414e+00   4.3304339562e-01
7.4108451392e+00   4.1088871110e-01
7.4157303371e+00   3.8574022108e-01
7.4206155349e+00   3.5750207083e-01
7.4255007328e+00   3.2544136548e-01
7.4303859306e+00   2.8891953703e-01
7.4352711285e+00   2.4719070447e-01
7.4401563263e+00   1.9937066940e-01
7.4450415242e+00   1.4448766563e-01
7.4499267220e+00   8.1343561351e-02
7.4548119199e+00   8.5608741824e-03
7.4596971177e+00   7.5439943772e-02
7.4645823156e+00   1.7246077075e-01
7.4694675134e+00   2.8514012018e-01
7.4743527113e+00   4.1507523557e-01
7.4792379091e+00   5.6551274713e-01
7.4841231070e+00   7.3999678614e-01
7.4890083048e+00   9.4118916288e-01
7.4938935027e+00   1.1778563220e+00
7.4987787005e+00   1.4570530548e+00
7.5036638984e+00   1.7915764803e+00
7.5085490962e+00   2.2010425795e+00
7.5134342941e+00   2.7270565480e+00
7.5183194919e+00   3.4453786022e+00
7.5232046898e+00   4.5360979257e+00
7.5280898876e+00   6.5040921179e+00
7.5329750855e+00   1.1635431344e+01
7.5378602833e+00   7.7144643321e+01
7.5427454812e+00   1.4169525034e+01
7.5476306790e+00   5.8163578950e+00
7.5525158769e+00   3.3135860968e+00
7.5574010747e+00   2.0933165745e+00
7.5622862726e+00   1.3675637183e+00
7.5671714704e+00   8.8789991777e-01
7.5720566683e+00   5.5097112263e-01
7.5769418661e+00   3.0783489925e-01
7.5818270640e+00   1.2571442011e-01
7.5867122618e+00   1.1452998193e-02
7.5915974597e+00   1.1490637346e-01
7.5964826575e+00   1.9216270409e-01
7.6013678554e+00   2.4939038966e-01
7.6062530532e+00   2.8989301960e-01
7.6111382511e+00   3.1680095936e-01
7.6160234489e+00   3.3254590749e-01
7.6209086468e+00   3.3863760223e-01
7.6257938447e+00   3.3639794147e-01
7.6306790425e+00   3.2687773957e-01
7.6355642404e+00   3.1118276528e-01
7.6404494382e+00   2.8953272070e-01
7.6453346361e+00   2.6282462333e-01
7.6502198339e+00   2.3163923580e-01
7.6551050318e+00   1.9652587591e-01
7.6599902296e+00   1.5801845783e-01
7.6648754275e+00   1.1664506641e-01
7.6697606253e+00   7.2932142113e-02
7.6746458232e+00   2.7404272039e-02
7.6795310210e+00   1.9419444468e-02
7.6844162189e+00   6.7031494137e-02
7.6893014167e+00   1.1494356530e-01
7.6941866146e+00   1.6269477622e-01
7.6990718124e+00   2.0985969346e-01
7.7039570103e+00   2.5605544093e-01
7.7088422081e+00   3.0094735986e-01
7.7137274060e+00   3.4425286229e-01
7.7186126038e+00   3.8574331040e-01
7.7234978017e+00   4.2524393199e-01
7.7283829995e+00   4.6263193412e-01
7.7332681974e+00   4.9792531252e-01
7.7381533952e+00   5.3093332909e-01
7.7430385931e+00   5.6172911528e-01
7.7479237909e+00   5.9035401270e-01
7.7528089888e+00   6.1687628934e-01
7.7576941866e+00   6.4138539293e-01
7.7625793845e+00   6.6398660571e-01
7.7674645823e+00   6.8479624872e-01
7.7723497802e+00   7.0395233183e-01
7.7772349780e+00   7.2134811636e-01
7.7821201759e+00   7.3753022728e-01
7.7870053737e+00   7.5242433502e-01
7.7918905716e+00   7.6615249827e-01
7.7967757694e+00   7.7883238606e-01
7.8016609673e+00   7.9057656175e-01
7.8065461651e+00   8.0149211660e-01
7.8114313630e+00   8.1168058340e-01
7.8163165608e+00   8.2123806486e-01
7.8212017587e+00   8.3025551628e-01
7.8260869565e+00   8.3881912621e-01
7.8309721544e+00   8.4701074140e-01
7.8358573522e+00   8.5482342421e-01
7.8407425501e+00   8.6250328844e-01
7.8456277479e+00   8.7003460915e-01
7.8505129458e+00   8.7748515040e-01
7.8553981436e+00   8.8491923281e-01
7.8602833415e+00   8.9239725885e-01
7.8651685393e+00   8.9997488676e-01
7.8700537372e+00   9.0770181690e-01
7.8749389350e+00   9.1562018542e-01
7.8798241329e+00   9.2376260945e-01
7.8847093307e+00   9.3214999520e-01
7.8895945286e+00   9.4078930235e-01
7.8944797264e+00   9.4967154303e-01
7.8993649243e+00   9.5877036218e-01
7.9042501221e+00   9.6804157220e-01
7.9091353200e+00   9.7742397305e-01
7.9140205178e+00   9.8684166226e-01
7.9189057157e+00   9.9620783371e-01
7.9237909135e+00   1.0054298113e+00
7.9286761114e+00   1.0144148219e+00
7.9335613092e+00   1.0230758458e+00
7.9384465071e+00   1.0313368467e+00
7.9433317049e+00   1.0391367855e+00
7.9482169028e+00   1.0464320449e+00
7.9531021006e+00   1.0531971645e+00
7.9579872985e+00   1.0594240421e+00
7.9628724963e+00   1.0651199483e+00
7.9677576942e+00   1.0703047855e+00
7.9726428920e+00   1.0750080242e+00
7.9775280899e+00   1.0792656768e+00
7.9824132877e+00   1.0831175691e+00
7.9872984856e+00   1.0866050584e+00
7.9921836834e+00   1.0897692553e+00
7.9970688813e+00   1.0926497406e+00
8.0019540791e+00   1.0952837209e+00
8.0068392770e+00   1.0976917458e+00
8.0117244748e+00   1.0999044043e+00
8.0166096727e+00   1.1019561518e+00
8.0214948705e+00   1.1038641904e+00
8.0263800684e+00   1.1056633387e+00
8.0312652662e+00   1.1073658396e+00
8.0361504641e+00   1.1089884402e+00
8.0410356619e+00   1.1105461300e+00
8.0459208598e+00   1.1120524916e+00
8.0508060576e+00   1.1135200441e+00
8.0556912555e+00   1.1149605772e+00
8.0605764533e+00   1.1163854792e+00
8.0654616512e+00   1.1178060620e+00
8.0703468490e+00   1.1192338906e+00
8.0752320469e+00   1.1206811237e+00
8.0801172447e+00   1.1221608769e+00
8.0850024426e+00   1.1236876198e+00
8.0898876404e+00   1.1252776201e+00
8.0947728383e+00   1.1269494538e+00
8.0996580362e+00   1.1287246002e+00
8.1045432340e+00   1.1306281487e+00
8.1094284319e+00   1.1326896500e+00
8.1143136297e+00   1.1349441520e+00
8.1191988276e+00   1.1374334748e+00
8.1240840254e+00   1.1402077935e+00
8.1289692233e+00   1.1433276213e+00
8.1338544211e+00   1.1468663147e+00
8.1387396190e+00   1.1509132656e+00
8.1436248168e+00   1.1555780036e+00
8.1485100147e+00   1.1609955161e+00
8.1533952125e+00   1.1673332118e+00
8.1582804104e+00   1.1748001241e+00
8.1631656082e+00   1.1836592008e+00
8.1680508061e+00   1.1942438974e+00
8.1729360039e+00   1.2068775567e+00
8.1778212018e+00   1.2223110759e+00
8.1827063996e+00   1.2411664873e+00
8.1875915975e+00   1.2643946349e+00
8.1924767953e+00   1.2932689430e+00
8.1973619932e+00   1.3295208991e+00
8.2022471910e+00   1.3755463819e+00
8.2071323889e+00   1.4345899206e+00
8.2120175867e+00   1.5119678805e+00
8.2169027846e+00   1.6145802260e+00
8.2217879824e+00   1.7539035043e+00
8.2266731803e+00   1.9484060108e+00
8.2315583781e+00   2.2305594233e+00
8.2364435760e+00   2.6606328926e+00
8.2413287738e+00   3.3705081973e+00
8.2462139717e+00   4.7064609749e+00
8.2510991695e+00   7.9717259120e+00
8.2559843674e+00   2.6198913082e+01
8.2608695652e+00   2.1354840183e+01
8.2657547631e+00   7.8419253753e+00
8.2706399609e+00   4.9347330785e+00
8.2755251588e+00   3.6732143118e+00
8.2804103566e+00   2.9649444079e+00
8.2852955545e+00   2.5053975025e+00
8.2901807523e+00   2.1637749987e+00
8.2950659502e+00   1.8881159647e+00
8.2999511480e+00   1.6428204790e+00
8.3048363459e+00   1.4071785025e+00
8.3097215437e+00   1.1805020841e+00
8.3146067416e+00   9.5356991192e-01
8.3194919394e+00   7.1701772443e-01
8.3243771373e+00   4.8160374693e-01
8.3292623351e+00   2.4191854372e-01
8.3341475330e+00   5.0511382774e-03
8.3390327308e+00   2.2740102357e-01
8.3439179287e+00   4.5208327907e-01
8.3488031265e+00   6.6624849580e-01
8.3536883244e+00   8.6972123999e-01
8.3585735222e+00   1.0605573572e+00
8.3634587201e+00   1.2410617934e+00
8.3683439179e+00   1.4104495541e+00
8.3732291158e+00   1.5722652263e+00
8.3781143136e+00   1.7263548629e+00
8.3829995115e+00   1.8766004040e+00
8.3878847093e+00   2.0240313453e+00
8.3927699072e+00   2.1688126863e+00
8.3976551050e+00   2.3154531159e+00
8.4025403029e+00   2.4624721680e+00
8.4074255007e+00   2.6113944075e+00
8.4123106986e+00   2.7638220584e+00
8.4171958964e+00   2.9173610803e+00
8.4220810943e+00   3.0719352235e+00
8.4269662921e+00   3.2261586038e+00
8.4318514900e+00   3.3780890999e+00
8.4367366878e+00   3.5252434100e+00
8.4416218857e+00   3.6646337759e+00
8.4465070835e+00   3.7928269977e+00
8.4513922814e+00   3.9060239312e+00
8.4562774792e+00   4.0001551428e+00
8.4611626771e+00   4.0722014375e+00
8.4660478749e+00   4.1149287866e+00
8.4709330728e+00   4.1260994679e+00
8.4758182706e+00   4.1012901860e+00
8.4807034685e+00   4.0366214207e+00
8.4855886663e+00   3.9288633547e+00
8.4904738642e+00   3.7745417291e+00
8.4953590620e+00   3.5707430794e+00
8.5002442599e+00   3.3151668112e+00
8.5051294577e+00   3.0069634873e+00
8.5100146556e+00   2.6437589959e+00
8.5148998534e+00   2.2263679498e+00
8.5197850513e+00   1.7561706664e+00
8.5246702491e+00   1.2350254378e+00
8.5295554470e+00   6.6960392915e-01
8.5344406448e+00   6.5552293530e-02
8.5393258427e+00   5.6848087403e-01
8.5442110405e+00   1.2218958512e+00
8.5490962384e+00   1.8853308068e+00
8.5539814362e+00   2.5393981960e+00
8.5588666341e+00   3.1734147865e+00
8.5637518319e+00   3.7740778185e+00
8.5686370298e+00   4.3294069804e+00
8.5735222277e+00   4.8295037596e+00
8.5784074255e+00   5.2670963988e+00
8.5832926234e+00   5.6378041506e+00
8.5881778212e+00   5.9402566748e+00
8.5930630191e+00   6.1748352578e+00
8.5979482169e+00   6.3457727739e+00
8.6028334148e+00   6.4572735577e+00
8.6077186126e+00   6.5150836576e+00
8.6126038105e+00   6.5254409352e+00
8.6174890083e+00   6.4946537848e+00
8.6223742062e+00   6.4287843374e+00
8.6272594040e+00   6.3334337120e+00
8.6321446019e+00   6.2136161933e+00
8.6370297997e+00   6.0737043302e+00
8.6419149976e+00   5.9174262802e+00
8.6468001954e+00   5.7482856996e+00
8.6516853933e+00   5.5680295944e+00
8.6565705911e+00   5.3791430349e+00
8.6614557890e+00   5.1832744759e+00
8.6663409868e+00   4.9817203539e+00
8.6712261847e+00   4.7754906324e+00
8.6761113825e+00   4.5653691818e+00
8.6809965804e+00   4.3519684158e+00
8.6858817782e+00   4.1357781644e+00
8.6907669761e+00   3.9172090625e+00
8.6956521739e+00   3.6966037122e+00
8.7005373718e+00   3.4743794984e+00
8.7054225696e+00   3.2508930304e+00
8.7103077675e+00   3.0265743936e+00
8.7151929653e+00   2.8019196369e+00
8.7200781632e+00   2.5775056838e+00
8.7249633610e+00   2.3539998244e+00
8.7298485589e+00   2.1321632579e+00
8.7347337567e+00   1.9128481805e+00
8.7396189546e+00   1.6969880618e+00
8.7445041524e+00   1.4855810284e+00
8.7493893503e+00   1.2802632047e+00
8.7542745481e+00   1.0808601121e+00
8.7591597460e+00   8.8902366241e-01
8.7640449438e+00   7.0573040262e-01
8.7689301417e+00   5.3186446155e-01
8.7738153395e+00   3.6818367721e-01
8.7787005374e+00   2.1529052857e-01
8.7835857352e+00   7.3610086379e-02
8.7884709331e+00   5.6623368394e-02
8.7933561309e+00   1.7537017962e-01
8.7982413288e+00   2.8269786906e-01
8.8031265266e+00   3.7916488637e-01
8.8080117245e+00   4.6504330361e-01
8.8128969223e+00   5.4098328809e-01
8.8177821202e+00   6.0768510360e-01
8.8226673180e+00   6.6591616923e-01
8.8275525159e+00   7.1639214199e-01
8.8324377137e+00   7.6010410085e-01
8.8373229116e+00   7.9778890092e-01
8.8422081094e+00   8.3023663556e-01
8.8470933073e+00   8.5820571362e-01
8.8519785051e+00   8.8238698777e-01
8.8568637030e+00   9.0353639871e-01
8.8617489008e+00   9.2228851018e-01
8.8666340987e+00   9.3930671603e-01
8.8715192965e+00   9.5528097960e-01
8.8764044944e+00   9.7097787655e-01
8.8812896922e+00   9.8732439892e-01
8.8861748901e+00   1.0056004305e+00
8.8910600879e+00   1.0275481781e+00
8.8959452858e+00   1.0562296350e+00
8.9008304836e+00   1.0972678111e+00
8.9057156815e+00   1.1628395818e+00
8.9106008793e+00   1.2857563399e+00
8.9154860772e+00   1.5967427266e+00
8.9203712750e+00   3.7796426946e+00
8.9252564729e+00   6.3251192591e-01
8.9301416707e+00   2.5265983248e-01
8.9350268686e+00   4.6784425522e-01
8.9399120664e+00   5.6114545414e-01
8.9447972643e+00   6.1047161670e-01
8.9496824621e+00   6.3868094704e-01
8.9545676600e+00   6.5485336895e-01
8.9594528578e+00   6.6326381271e-01
8.9643380557e+00   6.6613796740e-01
8.9692232535e+00   6.6469465638e-01
8.9741084514e+00   6.5959897694e-01
8.9789936492e+00   6.5117912080e-01
8.9838788471e+00   6.3953664704e-01
8.9887640449e+00   6.2460378220e-01
8.9936492428e+00   6.0617184944e-01
8.9985344406e+00   5.8390233760e-01
9.0034196385e+00   5.5732626291e-01
9.0083048363e+00   5.2586100853e-01
9.0131900342e+00   4.8853825473e-01
9.0180752320e+00   4.4472229852e-01
9.0229604299e+00   3.9310559304e-01
9.0278456277e+00   3.3225887523e-01
9.0327308256e+00   2.6043466906e-01
9.0376160234e+00   1.7549550380e-01
9.0425012213e+00   7.4822581048e-02
9.0473864191e+00   4.4801120804e-02
9.0522716170e+00   1.8746651705e-01
9.0571568149e+00   3.5783235108e-01
9.0620420127e+00   5.6214553803e-01
9.0669272106e+00   8.0809684940e-01
9.0718124084e+00   1.1054476390e+00
9.0766976063e+00   1.4667246609e+00
9.0815828041e+00   1.9084157984e+00
9.0864680020e+00   2.4524685653e+00
9.0913531998e+00   3.1291291242e+00
9.0962383977e+00   3.9815538217e+00
9.1011235955e+00   5.0756439827e+00
9.1060087934e+00   6.5112267752e+00
9.1108939912e+00   8.4629379983e+00
9.1157791891e+00   1.1256340344e+01
9.1206643869e+00   1.5587887654e+01
9.1255495848e+00   2.3287127610e+01
9.1304347826e+00   4.1076629471e+01
9.1353199805e+00   1.3273691700e+02
9.1402051783e+00   1.2260470732e+02
9.1450903762e+00   4.2791482645e+01
9.1499755740e+00   2.5839887318e+01
9.1548607719e+00   1.8248936798e+01
9.1597459697e+00   1.3816231004e+01
9.1646311676e+00   1.0835239023e+01
9.1695163654e+00   8.6529107966e+00
9.1744015633e+00   6.9654186469e+00
9.1792867611e+00   5.6148413383e+00
9.1841719590e+00   4.5102261640e+00
9.1890571568e+00   3.5948454351e+00
9.1939423547e+00   2.8350527666e+00
9.1988275525e+00   2.2003751700e+00
9.2037127504e+00   1.6757441304e+00
9.2085979482e+00   1.2427080815e+00
9.2134831461e+00   8.8587269809e-01
9.2183683439e+00   5.9841077253e-01
9.2232535418e+00   3.6714948627e-01
9.2281387396e+00   1.8446528899e-01
9.2330239375e+00   4.3926455017e-02
9.2379091353e+00   6.3317413764e-02
9.2427943332e+00   1.4169093081e-01
9.2476795310e+00   1.9608294706e-01
9.2525647289e+00   2.3057435173e-01
9.2574499267e+00   2.4897482789e-01
9.2623351246e+00   2.5417901449e-01
9.2672203224e+00   2.4873986888e-01
9.2721055203e+00   2.3480115199e-01
9.2769907181e+00   2.1415647739e-01
9.2818759160e+00   1.8840516756e-01
9.2867611138e+00   1.5857345366e-01
9.2916463117e+00   1.2581744799e-01
9.2965315095e+00   9.0998322003e-02
9.3014167074e+00   5.4833280765e-02
9.3063019052e+00   1.7921342499e-02
9.3111871031e+00   1.9234879933e-02
9.3160723009e+00   5.6210889384e-02
9.3209574988e+00   9.2645029068e-02
9.3258426966e+00   1.2822577799e-01
9.3307278945e+00   1.6268120760e-01
9.3356130923e+00   1.9577022098e-01
9.3404982902e+00   2.2712535988e-01
9.3453834880e+00   2.5684573774e-01
9.3502686859e+00   2.8459374146e-01
9.3551538837e+00   3.1018764209e-01
9.3600390816e+00   3.3344742308e-01
9.3649242794e+00   3.5418952033e-01
9.3698094773e+00   3.7222082883e-01
9.3746946751e+00   3.8733144957e-01
9.3795798730e+00   3.9928550622e-01
9.3844650708e+00   4.0780912947e-01
9.3893502687e+00   4.1257433508e-01
9.3942354665e+00   4.1317691380e-01
9.3991206644e+00   4.0910544291e-01
9.4040058622e+00   3.9969682068e-01
9.4088910601e+00   3.8407075239e-01
9.4137762579e+00   3.6103027718e-01
9.4186614558e+00   3.2890544989e-01
9.4235466536e+00   2.8529776124e-01
9.4284318515e+00   2.2664242722e-01
9.4333170493e+00   1.4741603863e-01
9.4382022472e+00   3.8601356951e-02
9.4430874450e+00   1.1555427760e-01
9.4479726429e+00   3.4520316008e-01
9.4528578407e+00   7.1609569907e-01
9.4577430386e+00   1.4038143111e+00
9.4626282364e+00   3.0874670767e+00
9.4675134343e+00   1.3271842682e+01
9.4723986321e+00   1.0378086961e+01
9.4772838300e+00   4.5162069683e+00
9.4821690278e+00   3.1633005319e+00
9.4870542257e+00   2.5642768986e+00
9.4919394235e+00   2.2277391572e+00
9.4968246214e+00   2.0132005939e+00
9.5017098192e+00   1.8653344139e+00
9.5065950171e+00   1.7579607041e+00
9.5114802149e+00   1.6771016267e+00
9.5163654128e+00   1.6146248642e+00
9.5212506106e+00   1.5654848284e+00
9.5261358085e+00   1.5263911552e+00
9.5310210064e+00   1.4951117935e+00
9.5359062042e+00   1.4701590639e+00
9.5407914021e+00   1.4502582330e+00
9.5456765999e+00   1.4346681571e+00
9.5505617978e+00   1.4227811314e+00
9.5554469956e+00   1.4141441317e+00
9.5603321935e+00   1.4084201936e+00
9.5652173913e+00   1.4053621803e+00
9.5701025892e+00   1.4047947507e+00
9.5749877870e+00   1.4066019012e+00
9.5798729849e+00   1.4107183922e+00
9.5847581827e+00   1.4171239529e+00
9.5896433806e+00   1.4258395253e+00
9.5945285784e+00   1.4369250431e+00
9.5994137763e+00   1.4504783958e+00
9.6042989741e+00   1.4666353233e+00
9.6091841720e+00   1.4855700475e+00
9.6140693698e+00   1.5074964788e+00
9.6189545677e+00   1.5326698432e+00
9.6238397655e+00   1.5613885686e+00
9.6287249634e+00   1.5939962360e+00
9.6336101612e+00   1.6308833565e+00
9.6384953591e+00   1.6724886627e+00
9.6433805569e+00   1.7192995131e+00
9.6482657548e+00   1.7718508869e+00
9.6531509526e+00   1.8306921713e+00
9.6580361505e+00   1.8965009979e+00
9.6629213483e+00   1.9698950038e+00
9.6678065462e+00   2.0515346741e+00
9.6726917440e+00   2.1420725216e+00
9.6775769419e+00   2.2421233721e+00
9.6824621397e+00   2.3522249289e+00
9.6873473376e+00   2.4727295338e+00
9.6922325354e+00   2.6040155007e+00
9.6971177333e+00   2.7459472572e+00
9.7020029311e+00   2.8981247610e+00
9.7068881290e+00   3.0596954695e+00
9.7117733268e+00   3.2292516685e+00
9.7166585247e+00   3.4050568361e+00
9.7215437225e+00   3.5833326994e+00
9.7264289204e+00   3.7614417176e+00
9.7313141182e+00   3.9346613293e+00
9.7361993161e+00   4.0978318504e+00
9.7410845139e+00   4.2451763102e+00
9.7459697118e+00   4.3705278429e+00
9.7508549096e+00   4.4676501301e+00
9.7557401075e+00   4.5289227295e+00
9.7606253053e+00   4.5525992231e+00
9.7655105032e+00   4.5331998054e+00
9.7703957010e+00   4.4684994451e+00
9.7752808989e+00   4.3582190608e+00
9.7801660967e+00   4.2041682814e+00
9.7850512946e+00   4.0101049179e+00
9.7899364924e+00   3.7819291731e+00
9.7948216903e+00   3.5265555164e+00
9.7997068881e+00   3.2519286042e+00
9.8045920860e+00   2.9663275644e+00
9.8094772838e+00   2.6775863441e+00
9.8143624817e+00   2.3932547694e+00
9.8192476795e+00   2.1187837270e+00
9.8241328774e+00   1.8608646323e+00
9.8290180752e+00   1.6223494370e+00
9.8339032731e+00   1.4056972355e+00
9.8387884709e+00   1.2131599906e+00
9.8436736688e+00   1.0427960995e+00
9.8485588666e+00   8.9508328808e-01
9.8534440645e+00   7.6915377599e-01
9.8583292623e+00   6.6275752033e-01
9.8632144602e+00   5.7441351465e-01
9.8680996580e+00   5.0218020589e-01
9.8729848559e+00   4.4398821637e-01
9.8778700537e+00   3.9820517116e-01
9.8827552516e+00   3.6291962229e-01
9.8876404494e+00   3.3650302594e-01
9.8925256473e+00   3.1748631803e-01
9.8974108451e+00   3.0456337504e-01
9.9022960430e+00   2.9649003864e-01
9.9071812408e+00   2.9248673368e-01
9.9120664387e+00   2.9156176762e-01
9.9169516365e+00   2.9297303067e-01
9.9218368344e+00   2.9608411295e-01
9.9267220322e+00   3.0034932899e-01
9.9316072301e+00   3.0529942623e-01
9.9364924279e+00   3.1052823333e-01
9.9413776258e+00   3.1568035402e-01
9.9462628236e+00   3.2044292697e-01
9.9511480215e+00   3.2451748325e-01
9.9560332193e+00   3.2765227842e-01
9.9609184172e+00   3.2958565420e-01
9.9658036150e+00   3.3006438427e-01
9.9706888129e+00   3.2882994838e-01
9.9755740107e+00   3.2561053561e-01
9.9804592086e+00   3.2011278595e-01
9.9853444064e+00   3.1201293178e-01
9.9902296043e+00   3.0094691976e-01
9.9951148021e+00   2.8649897061e-01
1.0000000000e+01   2.6810859836e-01
1.0000000000e+01   2.6810859836e-01
