X    Y
0.0000000000e+00   0.0000000000e+00
1.0000000000e-04   -4.0000608228e-05
1.1000000000e-03   -4.4007346774e-04
1.1100000000e-02   -4.4473512796e-03
8.9301368524e-02   -3.6132529862e-02
1.6750273705e-01   -6.8236491549e-02
2.4570410557e-01   -1.0049916546e-01
3.2390547410e-01   -1.3268001077e-01
4.0210684262e-01   -1.6455293336e-01
4.8030821114e-01   -1.9590216470e-01
5.5850957967e-01   -2.2651936021e-01
6.3671094819e-01   -2.5620189112e-01
7.1491231672e-01   -2.8475213842e-01
7.9311368524e-01   -3.1197754156e-01
8.7131505376e-01   -3.3769115489e-01
9.4951642229e-01   -3.6171251677e-01
9.4961642229e-01   -3.6174207599e-01
9.5061642229e-01   -3.6203750029e-01
9.6061642229e-01   -3.6497488261e-01
1.0388177908e+00   -3.8685277842e-01
1.1170191593e+00   -4.0667863308e-01
1.1952205279e+00   -4.2429939843e-01
1.2734218964e+00   -4.3957306770e-01
1.3516232649e+00   -4.5236974126e-01
1.4298246334e+00   -4.6257263601e-01
1.5080260020e+00   -4.7007902906e-01
1.5862273705e+00   -4.7480112803e-01
1.6644287390e+00   -4.7666686160e-01
1.7426301075e+00   -4.7562058442e-01
1.8208314761e+00   -4.7162369112e-01
1.8990328446e+00   -4.6465513444e-01
1.9772342131e+00   -4.5471184339e-01
2.0554355816e+00   -4.4180903735e-01
2.1336369501e+00   -4.2598043319e-01
2.2118383187e+00   -4.0727834266e-01
2.2900396872e+00   -3.8577365825e-01
2.3682410557e+00   -3.6155572645e-01
2.4464424242e+00   -3.3473210790e-01
2.5246437928e+00   -3.0542822516e-01
2.6028451613e+00   -2.7378689936e-01
2.6810465298e+00   -2.3996777820e-01
2.7592478983e+00   -2.0414665871e-01
2.7593478983e+00   -2.0409965084e-01
2.7603478983e+00   -2.0362940933e-01
2.7703478983e+00   -1.9891079128e-01
2.8485492669e+00   -1.6103815440e-01
2.9267506354e+00   -1.2159066973e-01
3.0049520039e+00   -8.0789386267e-02
3.0831533724e+00   -3.8867705535e-02
3.0832533724e+00   -3.8813484271e-02
3.0842533724e+00   -3.8271192900e-02
3.0942533724e+00   -3.2840513504e-02
3.1724547410e+00   1.0060799184e-02
3.2506561095e+00   5.3546225186e-02
3.3288574780e+00   9.7350961988e-02
3.4070588465e+00   1.4120265885e-01
3.4852602151e+00   1.8482256825e-01
3.5634615836e+00   2.2792662005e-01
3.6416629521e+00   2.7022636137e-01
3.7198643206e+00   3.1142968705e-01
3.7980656891e+00   3.5124126070e-01
3.8762670577e+00   3.8936249583e-01
3.9544684262e+00   4.2549092362e-01
4.0326697947e+00   4.5931873058e-01
4.0327697947e+00   4.5936038129e-01
4.0337697947e+00   4.5977665304e-01
4.0437697947e+00   4.6391569742e-01
4.1219711632e+00   4.9472957888e-01
4.2001725318e+00   5.2255174342e-01
4.2783739003e+00   5.4703408549e-01
4.3565752688e+00   5.6780243520e-01
4.4347766373e+00   5.8444748765e-01
4.5129780059e+00   5.9651558398e-01
4.5911793744e+00   6.0350228147e-01
4.6693807429e+00   6.0485424750e-01
4.7475821114e+00   5.9998843183e-01
4.8257834800e+00   5.8834058075e-01
4.9039848485e+00   5.6945510404e-01
4.9821862170e+00   5.4312022434e-01
5.0603875855e+00   5.0953154450e-01
5.1385889541e+00   4.6943549851e-01
5.2167903226e+00   4.2417793480e-01
5.2949916911e+00   3.7559139732e-01
5.3731930596e+00   3.2571554152e-01
5.3732930596e+00   3.2565178102e-01
5.3742930596e+00   3.2501423388e-01
5.3842930596e+00   3.1864527087e-01
5.4624944282e+00   2.6957601164e-01
5.5406957967e+00   2.2266771071e-01
5.6188971652e+00   1.7862630121e-01
5.6970985337e+00   1.3758435403e-01
5.7752999022e+00   9.9266559247e-02
5.8535012708e+00   6.3185068514e-02
5.9317026393e+00   2.8803791137e-02
6.0099040078e+00   -4.3531747862e-03
6.0881053763e+00   -3.6647317319e-02
6.1663067449e+00   -6.8311690846e-02
6.2445081134e+00   -9.9461124977e-02
6.3227094819e+00   -1.3011371465e-01
6.4009108504e+00   -1.6021496355e-01
6.4010108504e+00   -1.6025306185e-01
6.4020108504e+00   -1.6063398595e-01
6.4120108504e+00   -1.6443728690e-01
6.4902122190e+00   -1.9377828390e-01
6.5684135875e+00   -2.2230349804e-01
6.6466149560e+00   -2.4985373852e-01
6.7248163245e+00   -2.7626095319e-01
6.8030176931e+00   -3.0135436656e-01
6.8812190616e+00   -3.2496463374e-01
6.9594204301e+00   -3.4692670733e-01
7.0376217986e+00   -3.6708191342e-01
7.1158231672e+00   -3.8527955806e-01
7.1940245357e+00   -4.0137825746e-01
7.2722259042e+00   -4.1524710007e-01
7.3504272727e+00   -4.2676669555e-01
7.4286286413e+00   -4.3583013610e-01
7.5068300098e+00   -4.4234387963e-01
7.5850313783e+00   -4.4622855632e-01
7.6632327468e+00   -4.4741969640e-01
7.7414341153e+00   -4.4586837532e-01
7.8196354839e+00   -4.4154177215e-01
7.8978368524e+00   -4.3442363702e-01
7.9760382209e+00   -4.2451466366e-01
8.0542395894e+00   -4.1183276376e-01
8.1324409580e+00   -3.9641324010e-01
8.2106423265e+00   -3.7830885634e-01
8.2888436950e+00   -3.5758980174e-01
8.3670450635e+00   -3.3434354982e-01
8.4452464321e+00   -3.0867461094e-01
8.5234478006e+00   -2.8070417914e-01
8.6016491691e+00   -2.5056967487e-01
8.6017491691e+00   -2.5052981870e-01
8.6027491691e+00   -2.5013107608e-01
8.6127491691e+00   -2.4612562866e-01
8.6909505376e+00   -2.1370798217e-01
8.7691519062e+00   -1.7947248195e-01
8.8473532747e+00   -1.4360344027e-01
8.9255546432e+00   -1.0629846031e-01
8.9256546432e+00   -1.0624992570e-01
8.9266546432e+00   -1.0576446939e-01
8.9366546432e+00   -1.0089897372e-01
9.0148560117e+00   -6.2211685882e-02
9.0930573803e+00   -2.2552007845e-02
9.1712587488e+00   1.7847087538e-02
9.2494601173e+00   5.8743613835e-02
9.3276614858e+00   9.9887718357e-02
9.4058628543e+00   1.4102283747e-01
9.4840642229e+00   1.8188683397e-01
9.5622655914e+00   2.2221308424e-01
9.6404669599e+00   2.6173147407e-01
9.7186683284e+00   3.0016925211e-01
9.7968696970e+00   3.3725167464e-01
9.8750710655e+00   3.7270236176e-01
9.9532724340e+00   4.0624327135e-01
9.9533724340e+00   4.0628481979e-01
9.9543724340e+00   4.0670010712e-01
9.9643724340e+00   4.1083315368e-01
1.0042573803e+01   4.4185030611e-01
1.0120775171e+01   4.7035321294e-01
1.0198976540e+01   4.9605212855e-01
1.0277177908e+01   5.1864900399e-01
1.0355379277e+01   5.3783408579e-01
1.0433580645e+01   5.5328230164e-01
1.0511782014e+01   5.6465040615e-01
1.0589983382e+01   5.7157669646e-01
1.0668184751e+01   5.7368625650e-01
1.0746386119e+01   5.7060595524e-01
1.0824587488e+01   5.6199424382e-01
1.0902788856e+01   5.4759004245e-01
1.0980990225e+01   5.2728109755e-01
1.1059191593e+01   5.0118389713e-01
1.1137392962e+01   4.6971548503e-01
1.1215594330e+01   4.3362738397e-01
1.1293795699e+01   3.9397216913e-01
1.1371997067e+01   3.5199107976e-01
1.1450198436e+01   3.0894296314e-01
1.1528399804e+01   2.6592392106e-01
1.1528499804e+01   2.6586930746e-01
1.1529499804e+01   2.6532324891e-01
1.1539499804e+01   2.5987067720e-01
1.1617701173e+01   2.1784282337e-01
1.1695902542e+01   1.7713243374e-01
1.1774103910e+01   1.3783458833e-01
1.1852305279e+01   9.9826195163e-02
1.1930506647e+01   6.2869473932e-02
1.2008708016e+01   2.6701664710e-02
1.2086909384e+01   -8.9023357880e-03
1.2165110753e+01   -4.4095996826e-02
1.2243312121e+01   -7.8950413217e-02
1.2321513490e+01   -1.1345904203e-01
1.2399714858e+01   -1.4755062100e-01
1.2399814858e+01   -1.4759390147e-01
1.2400814858e+01   -1.4802665805e-01
1.2410814858e+01   -1.5234934812e-01
1.2489016227e+01   -1.8581527471e-01
1.2567217595e+01   -2.1856504677e-01
1.2645418964e+01   -2.5041984365e-01
1.2723620332e+01   -2.8118962507e-01
1.2801821701e+01   -3.1067974044e-01
1.2880023069e+01   -3.3869558945e-01
1.2958224438e+01   -3.6504592442e-01
1.3036425806e+01   -3.8954527268e-01
1.3114627175e+01   -4.1201581938e-01
1.3192828543e+01   -4.3228896889e-01
1.3271029912e+01   -4.5020671110e-01
1.3349231281e+01   -4.6562286022e-01
1.3427432649e+01   -4.7840419787e-01
1.3505634018e+01   -4.8843153338e-01
1.3583835386e+01   -4.9560068349e-01
1.3662036755e+01   -4.9982336946e-01
1.3740238123e+01   -5.0102802707e-01
1.3818439492e+01   -4.9916052470e-01
1.3896640860e+01   -4.9418478393e-01
1.3974842229e+01   -4.8608329848e-01
1.4053043597e+01   -4.7485754710e-01
1.4131244966e+01   -4.6052829609e-01
1.4209446334e+01   -4.4313578852e-01
1.4287647703e+01   -4.2273981783e-01
1.4365849071e+01   -3.9941968376e-01
1.4365949071e+01   -3.9938803119e-01
1.4366949071e+01   -3.9907125130e-01
1.4376949071e+01   -3.9587807780e-01
1.4455150440e+01   -3.6934046804e-01
1.4533351808e+01   -3.4011327536e-01
1.4611553177e+01   -3.0833548036e-01
1.4689754545e+01   -2.7416413034e-01
1.4689854545e+01   -2.7411897409e-01
1.4690854545e+01   -2.7366721196e-01
1.4700854545e+01   -2.6912970716e-01
1.4779055914e+01   -2.3243940778e-01
1.4857257283e+01   -1.9374960025e-01
1.4935458651e+01   -1.5326941503e-01
1.5013660020e+01   -1.1122270950e-01
1.5091861388e+01   -6.7847022454e-02
1.5170062757e+01   -2.3392457001e-02
1.5248264125e+01   2.1879492346e-02
1.5326465494e+01   6.7697148285e-02
1.5404666862e+01   1.1377986917e-01
1.5482868231e+01   1.5983924335e-01
1.5561069599e+01   2.0558021473e-01
1.5639270968e+01   2.5070207827e-01
1.5717472336e+01   2.9489926424e-01
1.5717572336e+01   2.9495505752e-01
1.5718572336e+01   2.9551287924e-01
1.5728572336e+01   3.0107984806e-01
1.5806773705e+01   3.4384175419e-01
1.5884975073e+01   3.8500952161e-01
1.5963176442e+01   4.2426271619e-01
1.6041377810e+01   4.6127368813e-01
1.6119579179e+01   4.9570425668e-01
1.6197780547e+01   5.2720044925e-01
1.6275981916e+01   5.5538470614e-01
1.6354183284e+01   5.7984497441e-01
1.6432384653e+01   6.0012039103e-01
1.6510586022e+01   6.1568408448e-01
1.6588787390e+01   6.2592549929e-01
1.6666988759e+01   6.3013822984e-01
1.6667088759e+01   6.3013942501e-01
1.6668088759e+01   6.3015076286e-01
1.6678088759e+01   6.3020239956e-01
1.6756290127e+01   6.2655214185e-01
1.6834491496e+01   6.1511134272e-01
1.6912692864e+01   5.9511074104e-01
1.6990894233e+01   5.6605840254e-01
1.7069095601e+01   5.2801303423e-01
1.7147296970e+01   4.8185566042e-01
1.7225498338e+01   4.2941874410e-01
1.7303699707e+01   3.7332874284e-01
1.7303799707e+01   3.7325594410e-01
1.7304799707e+01   3.7252789721e-01
1.7314799707e+01   3.6524272428e-01
1.7393001075e+01   3.0857815562e-01
1.7471202444e+01   2.5417943598e-01
1.7549403812e+01   2.0375819965e-01
1.7627605181e+01   1.5803767596e-01
1.7705806549e+01   1.1691300669e-01
1.7784007918e+01   7.9761549188e-02
1.7862209286e+01   4.5750993176e-02
1.7940410655e+01   1.4062469990e-02
1.7940510655e+01   1.4023124761e-02
1.7941510655e+01   1.3629818260e-02
1.7951510655e+01   9.7110816453e-03
1.8029712023e+01   -2.0149970930e-02
1.8107913392e+01   -4.8929064288e-02
1.8186114761e+01   -7.6927397234e-02
1.8264316129e+01   -1.0430142903e-01
1.8342517498e+01   -1.3109755717e-01
1.8420718866e+01   -1.5728413353e-01
1.8498920235e+01   -1.8277752486e-01
1.8577121603e+01   -2.0746167471e-01
1.8655322972e+01   -2.3120196446e-01
1.8733524340e+01   -2.5385462626e-01
1.8811725709e+01   -2.7527298708e-01
1.8889927077e+01   -2.9531158766e-01
1.8968128446e+01   -3.1382895510e-01
1.9046329814e+01   -3.3068955869e-01
1.9124531183e+01   -3.4576528451e-01
1.9202732551e+01   -3.5893662477e-01
1.9280933920e+01   -3.7009370033e-01
1.9359135288e+01   -3.7913716858e-01
1.9437336657e+01   -3.8597904552e-01
1.9515538025e+01   -3.9054345359e-01
1.9593739394e+01   -3.9276729818e-01
1.9671940762e+01   -3.9260087176e-01
1.9750142131e+01   -3.9000838295e-01
1.9828343500e+01   -3.8496840725e-01
1.9906544868e+01   -3.7747425583e-01
1.9984746237e+01   -3.6753425951e-01
2.0062947605e+01   -3.5517196480e-01
2.0141148974e+01   -3.4042624008e-01
2.0219350342e+01   -3.2335128973e-01
2.0297551711e+01   -3.0401657547e-01
2.0375753079e+01   -2.8250664390e-01
2.0453954448e+01   -2.5892086069e-01
2.0532155816e+01   -2.3337305188e-01
2.0610357185e+01   -2.0599105394e-01
2.0688558553e+01   -1.7691617471e-01
2.0766759922e+01   -1.4630256829e-01
2.0844961290e+01   -1.1431652757e-01
2.0923162659e+01   -8.1135699386e-02
2.1001364027e+01   -4.6948227791e-02
2.1079565396e+01   -1.1951832429e-02
2.1157766764e+01   2.3647170067e-02
2.1235968133e+01   5.9634892212e-02
2.1236068133e+01   5.9681066868e-02
2.1237068133e+01   6.0142828504e-02
2.1247068133e+01   6.4761857350e-02
2.1325269501e+01   1.0092360656e-01
2.1403470870e+01   1.3699543399e-01
2.1481672239e+01   1.7274667153e-01
2.1559873607e+01   2.0794356629e-01
2.1638074976e+01   2.4235033631e-01
2.1638174976e+01   2.4239372705e-01
2.1639174976e+01   2.4282754199e-01
2.1649174976e+01   2.4715634382e-01
2.1727376344e+01   2.8037120987e-01
2.1805577713e+01   3.1228865600e-01
2.1883779081e+01   3.4267267629e-01
2.1961980450e+01   3.7128879560e-01
2.2040181818e+01   3.9790462199e-01
2.2118383187e+01   4.2229026568e-01
2.2196584555e+01   4.4421865917e-01
2.2274785924e+01   4.6346586496e-01
2.2352987292e+01   4.7981153773e-01
2.2431188661e+01   4.9303982341e-01
2.2509390029e+01   5.0294112959e-01
2.2587591398e+01   5.0931537589e-01
2.2665792766e+01   5.1197748964e-01
2.2743994135e+01   5.1076596932e-01
2.2822195503e+01   5.0555516648e-01
2.2900396872e+01   4.9627137481e-01
2.2978598240e+01   4.8291173485e-01
2.3056799609e+01   4.6556339350e-01
2.3135000978e+01   4.4441863680e-01
2.3213202346e+01   4.1978057389e-01
2.3291403715e+01   3.9205434657e-01
2.3369605083e+01   3.6172144708e-01
2.3447806452e+01   3.2929929062e-01
2.3526007820e+01   2.9529320104e-01
2.3604209189e+01   2.6015119029e-01
2.3604309189e+01   2.6010568912e-01
2.3605309189e+01   2.5965060850e-01
2.3615309189e+01   2.5509303173e-01
2.3693510557e+01   2.1908621062e-01
2.3771711926e+01   1.8258550383e-01
2.3849913294e+01   1.4573803844e-01
2.3928114663e+01   1.0862030374e-01
2.3928214663e+01   1.0857268407e-01
2.3929214663e+01   1.0809646640e-01
2.3939214663e+01   1.0333219968e-01
2.4017416031e+01   6.5948630123e-02
2.4095617400e+01   2.8359017822e-02
2.4173818768e+01   -9.3969853076e-03
2.4252020137e+01   -4.7251044922e-02
2.4330221505e+01   -8.5100352840e-02
2.4408422874e+01   -1.2280820404e-01
2.4486624242e+01   -1.6020861295e-01
2.4564825611e+01   -1.9711281008e-01
2.4643026979e+01   -2.3331601436e-01
2.4721228348e+01   -2.6860353657e-01
2.4799429717e+01   -3.0275582789e-01
2.4877631085e+01   -3.3555246276e-01
2.4955832454e+01   -3.6677525290e-01
2.4955932454e+01   -3.6681407970e-01
2.4956932454e+01   -3.6720218681e-01
2.4966932454e+01   -3.7106707834e-01
2.5045133822e+01   -4.0023187883e-01
2.5123335191e+01   -4.2737380411e-01
2.5201536559e+01   -4.5229586474e-01
2.5279737928e+01   -4.7481128248e-01
2.5357939296e+01   -4.9474491457e-01
2.5436140665e+01   -5.1193458352e-01
2.5514342033e+01   -5.2623232397e-01
2.5592543402e+01   -5.3750554873e-01
2.5670744770e+01   -5.4563813110e-01
2.5748946139e+01   -5.5053139842e-01
2.5827147507e+01   -5.5210503113e-01
2.5905348876e+01   -5.5029786102e-01
2.5983550244e+01   -5.4506856318e-01
2.6061751613e+01   -5.3639623602e-01
2.6139952981e+01   -5.2428086458e-01
2.6218154350e+01   -5.0874366292e-01
2.6296355718e+01   -4.8982729202e-01
2.6374557087e+01   -4.6759595031e-01
2.6452758456e+01   -4.4213533508e-01
2.6530959824e+01   -4.1355247351e-01
2.6531059824e+01   -4.1351397681e-01
2.6532059824e+01   -4.1312874042e-01
2.6542059824e+01   -4.0924949812e-01
2.6620261193e+01   -3.7725902576e-01
2.6698462561e+01   -3.4244576407e-01
2.6776663930e+01   -3.0498121088e-01
2.6776763930e+01   -3.0493168521e-01
2.6777763930e+01   -3.0443620715e-01
2.6787763930e+01   -2.9945937834e-01
2.6865965298e+01   -2.5920157721e-01
2.6944166667e+01   -2.1672357854e-01
2.7022368035e+01   -1.7225450441e-01
2.7100569404e+01   -1.2603981048e-01
2.7178770772e+01   -7.8340154455e-02
2.7256972141e+01   -2.9430191759e-02
2.7335173509e+01   2.0402680884e-02
2.7413374878e+01   7.0859606569e-02
2.7491576246e+01   1.2163153707e-01
2.7569777615e+01   1.7240043889e-01
2.7647978983e+01   2.2284036607e-01
2.7726180352e+01   2.7261830155e-01
2.7726280352e+01   2.7268138696e-01
2.7727280352e+01   2.7331215089e-01
2.7737280352e+01   2.7961062485e-01
2.7815481720e+01   3.2821685584e-01
2.7893683089e+01   3.7542528087e-01
2.7971884457e+01   4.2088046249e-01
2.8050085826e+01   4.6421630009e-01
2.8128287195e+01   5.0505124672e-01
2.8206488563e+01   5.4298035444e-01
2.8284689932e+01   5.7756271060e-01
2.8362891300e+01   6.0830236227e-01
2.8441092669e+01   6.3462047376e-01
2.8519294037e+01   6.5581670035e-01
2.8519394037e+01   6.5584017568e-01
2.8520394037e+01   6.5607439126e-01
2.8530394037e+01   6.5836235452e-01
2.8608595406e+01   6.7263159186e-01
2.8686796774e+01   6.7963356042e-01
2.8764998143e+01   6.7796527798e-01
2.8843199511e+01   6.6598235663e-01
2.8921400880e+01   6.4197289033e-01
2.8999602248e+01   6.0457323774e-01
2.9077803617e+01   5.5345828996e-01
2.9077903617e+01   5.5338455051e-01
2.9078903617e+01   5.5264604088e-01
2.9088903617e+01   5.4515057839e-01
2.9167104985e+01   4.8033816366e-01
2.9167204985e+01   4.8024922073e-01
2.9168204985e+01   4.7935908056e-01
2.9178204985e+01   4.7038880777e-01
2.9256406354e+01   3.9711817170e-01
2.9256506354e+01   3.9702234641e-01
2.9257506354e+01   3.9606397757e-01
2.9267506354e+01   3.8647126816e-01
2.9345707722e+01   3.1214591648e-01
2.9345807722e+01   3.1205299405e-01
2.9346807722e+01   3.1112422347e-01
2.9356807722e+01   3.0188385285e-01
2.9435009091e+01   2.3344047603e-01
2.9513210459e+01   1.7366743045e-01
2.9513310459e+01   1.7359715390e-01
2.9514310459e+01   1.7289526327e-01
2.9524310459e+01   1.6596375815e-01
2.9596937758e+01   1.2028185679e-01
2.9675139127e+01   7.9456937396e-02
2.9753340495e+01   4.5667248518e-02
2.9831541864e+01   1.7122356884e-02
2.9909743232e+01   -7.7269782566e-03
2.9987944601e+01   -3.0062550557e-02
3.0066145969e+01   -5.0707549195e-02
3.0144347338e+01   -7.0190802516e-02
3.0222548706e+01   -8.8821795251e-02
3.0300750075e+01   -1.0675675392e-01
3.0378951443e+01   -1.2404996342e-01
3.0457152812e+01   -1.4069078342e-01
3.0535354180e+01   -1.5662905728e-01
3.0535454180e+01   -1.5664895908e-01
3.0536454180e+01   -1.5684790732e-01
3.0546454180e+01   -1.5883038684e-01
3.0624655549e+01   -1.7387652769e-01
3.0702856917e+01   -1.8805008438e-01
3.0781058286e+01   -2.0126111877e-01
3.0859259654e+01   -2.1341958436e-01
3.0937461023e+01   -2.2443794380e-01
3.1015662391e+01   -2.3423290634e-01
3.1093863760e+01   -2.4272664456e-01
3.1172065128e+01   -2.4984770386e-01
3.1250266497e+01   -2.5553172666e-01
3.1328467866e+01   -2.5972205856e-01
3.1406669234e+01   -2.6237027157e-01
3.1484870603e+01   -2.6343662184e-01
3.1563071971e+01   -2.6289044935e-01
3.1641273340e+01   -2.6071052199e-01
3.1719474708e+01   -2.5688532425e-01
3.1797676077e+01   -2.5141328912e-01
3.1875877445e+01   -2.4430297185e-01
3.1954078814e+01   -2.3557316402e-01
3.2032280182e+01   -2.2525294636e-01
3.2110481551e+01   -2.1338167940e-01
3.2188682919e+01   -2.0000893105e-01
3.2266884288e+01   -1.8519434079e-01
3.2345085656e+01   -1.6900742037e-01
3.2423287025e+01   -1.5152729143e-01
3.2501488393e+01   -1.3284236081e-01
3.2579689762e+01   -1.1304993467e-01
3.2657891130e+01   -9.2255773211e-02
3.2736092499e+01   -7.0573587632e-02
3.2814293867e+01   -4.8124481974e-02
3.2892495236e+01   -2.5036342427e-02
3.2970696605e+01   -1.4431771973e-03
3.3048897973e+01   2.2515589733e-02
3.3127099342e+01   4.6695867361e-02
3.3205300710e+01   7.0949685165e-02
3.3283502079e+01   9.5126015536e-02
3.3361703447e+01   1.1907162731e-01
3.3439904816e+01   1.4263196682e-01
3.3518106184e+01   1.6565206321e-01
3.3596307553e+01   1.8797745538e-01
3.3674508921e+01   2.0945513884e-01
3.3752710290e+01   2.2993453175e-01
3.3830911658e+01   2.4926846107e-01
3.3909113027e+01   2.6731417120e-01
3.3987314395e+01   2.8393435948e-01
3.4065515764e+01   2.9899824433e-01
3.4143717132e+01   3.1238267342e-01
3.4221918501e+01   3.2397327681e-01
3.4300119869e+01   3.3366567211e-01
3.4378321238e+01   3.4136672327e-01
3.4456522606e+01   3.4699584069e-01
3.4534723975e+01   3.5048630093e-01
3.4534823975e+01   3.5048937152e-01
3.4535823975e+01   3.5051988023e-01
3.4545823975e+01   3.5080523630e-01
3.4624025344e+01   3.5179134054e-01
3.4702226712e+01   3.5054838938e-01
3.4780428081e+01   3.4706115737e-01
3.4858629449e+01   3.4133267144e-01
3.4936830818e+01   3.3338450313e-01
3.5015032186e+01   3.2325653826e-01
3.5093233555e+01   3.1100615314e-01
3.5171434923e+01   2.9670678785e-01
3.5249636292e+01   2.8044598965e-01
3.5327837660e+01   2.6232308677e-01
3.5406039029e+01   2.4244672826e-01
3.5484240397e+01   2.2093256574e-01
3.5562441766e+01   1.9790134283e-01
3.5640643134e+01   1.7347759376e-01
3.5718844503e+01   1.4778904452e-01
3.5797045871e+01   1.2096668301e-01
3.5875247240e+01   9.3145347709e-02
3.5953448608e+01   6.4464605435e-02
3.6031649977e+01   3.5069662790e-02
3.6109851345e+01   5.1120836087e-03
3.6188052714e+01   -2.5249848200e-02
3.6266254083e+01   -5.5851196320e-02
3.6344455451e+01   -8.6520866138e-02
3.6422656820e+01   -1.1708246255e-01
3.6500858188e+01   -1.4735541841e-01
3.6500958188e+01   -1.4739386707e-01
3.6501958188e+01   -1.4777831119e-01
3.6511958188e+01   -1.5161842013e-01
3.6590159557e+01   -1.8133730543e-01
3.6668360925e+01   -2.1037285607e-01
3.6746562294e+01   -2.3854019972e-01
3.6824763662e+01   -2.6565599564e-01
3.6902965031e+01   -2.9153980084e-01
3.6981166399e+01   -3.1601539182e-01
3.7059367768e+01   -3.3891203995e-01
3.7137569136e+01   -3.6006574108e-01
3.7215770505e+01   -3.7932039938e-01
3.7293971873e+01   -3.9652896388e-01
3.7372173242e+01   -4.1155451520e-01
3.7450374610e+01   -4.2427129868e-01
3.7528575979e+01   -4.3456569895e-01
3.7606777347e+01   -4.4233715101e-01
3.7684978716e+01   -4.4749898213e-01
3.7763180084e+01   -4.4997917940e-01
3.7841381453e+01   -4.4972107755e-01
3.7919582822e+01   -4.4668396194e-01
3.7997784190e+01   -4.4084358239e-01
3.8075985559e+01   -4.3219257329e-01
3.8154186927e+01   -4.2074077651e-01
3.8232388296e+01   -4.0651546384e-01
3.8310589664e+01   -3.8956145639e-01
3.8388791033e+01   -3.6994113897e-01
3.8466992401e+01   -3.4773436819e-01
3.8545193770e+01   -3.2303827372e-01
3.8623395138e+01   -2.9596695291e-01
3.8701596507e+01   -2.6665105981e-01
3.8701696507e+01   -2.6661219613e-01
3.8702696507e+01   -2.6622337060e-01
3.8712696507e+01   -2.6231630941e-01
3.8790897875e+01   -2.3061755488e-01
3.8869099244e+01   -1.9700726888e-01
3.8947300612e+01   -1.6166431371e-01
3.9025501981e+01   -1.2478134032e-01
3.9025601981e+01   -1.2473327678e-01
3.9026601981e+01   -1.2425252132e-01
3.9036601981e+01   -1.1943305608e-01
3.9114803349e+01   -8.1043544815e-02
3.9193004718e+01   -4.1568772898e-02
3.9271206086e+01   -1.2385097103e-03
3.9349407455e+01   3.9707866103e-02
3.9427608823e+01   8.1022507343e-02
3.9505810192e+01   1.2245025628e-01
3.9584011561e+01   1.6372979602e-01
3.9662212929e+01   2.0459476512e-01
3.9740414298e+01   2.4477479759e-01
3.9818615666e+01   2.8399644012e-01
3.9896817035e+01   3.2198388602e-01
3.9975018403e+01   3.5845944572e-01
4.0053219772e+01   3.9314366349e-01
4.0131421140e+01   4.2575497073e-01
4.0131521140e+01   4.2579522426e-01
4.0132521140e+01   4.2619754741e-01
4.0142521140e+01   4.3019944399e-01
4.0220722509e+01   4.6009524294e-01
4.0298923877e+01   4.8730245538e-01
4.0377125246e+01   5.1152314505e-01
4.0455326614e+01   5.3244827293e-01
4.0533527983e+01   5.4975372871e-01
4.0611729351e+01   5.6309653025e-01
4.0689930720e+01   5.7211264323e-01
4.0768132088e+01   5.7641896644e-01
4.0846333457e+01   5.7562340731e-01
4.0924534825e+01   5.6934823922e-01
4.1002736194e+01   5.5727215773e-01
4.1080937562e+01   5.3919405978e-01
4.1159138931e+01   5.1511480446e-01
4.1237340300e+01   4.8532166350e-01
4.1315541668e+01   4.5044717015e-01
4.1393743037e+01   4.1146799794e-01
4.1471944405e+01   3.6962030402e-01
4.1550145774e+01   3.2623796826e-01
4.1628347142e+01   2.8255628899e-01
4.1706548511e+01   2.3954307389e-01
4.1706648511e+01   2.3948879879e-01
4.1707648511e+01   2.3894616563e-01
4.1717648511e+01   2.3353178944e-01
4.1795849879e+01   1.9200534729e-01
4.1874051248e+01   1.5201803384e-01
4.1952252616e+01   1.1350508918e-01
4.2030453985e+01   7.6240562925e-02
4.2108655353e+01   3.9940247529e-02
4.2186856722e+01   4.3389621298e-03
4.2265058090e+01   -3.0763234055e-02
4.2343259459e+01   -6.5481998496e-02
4.2421460827e+01   -9.9848892627e-02
4.2499662196e+01   -1.3382264855e-01
4.2577863564e+01   -1.6730497881e-01
4.2577963564e+01   -1.6734742369e-01
4.2578963564e+01   -1.6777181592e-01
4.2588963564e+01   -1.7201001112e-01
4.2667164933e+01   -2.0475906675e-01
4.2745366301e+01   -2.3668578821e-01
4.2823567670e+01   -2.6760601267e-01
4.2901769039e+01   -2.9732840954e-01
4.2979970407e+01   -3.2565992684e-01
4.3058171776e+01   -3.5240961161e-01
4.3136373144e+01   -3.7739135237e-01
4.3214574513e+01   -4.0042594848e-01
4.3292775881e+01   -4.2134277597e-01
4.3370977250e+01   -4.3998121277e-01
4.3449178618e+01   -4.5619191290e-01
4.3527379987e+01   -4.6983797460e-01
4.3605581355e+01   -4.8079602185e-01
4.3683782724e+01   -4.8895720550e-01
4.3761984092e+01   -4.9422812325e-01
4.3840185461e+01   -4.9653165500e-01
4.3918386829e+01   -4.9580770882e-01
4.3996588198e+01   -4.9201387236e-01
4.4074789566e+01   -4.8512596484e-01
4.4152990935e+01   -4.7513848556e-01
4.4231192303e+01   -4.6206495440e-01
4.4309393672e+01   -4.4593814105e-01
4.4387595040e+01   -4.2681018047e-01
4.4465796409e+01   -4.0475257226e-01
4.4543997778e+01   -3.7985606293e-01
4.4544097778e+01   -3.7982245394e-01
4.4545097778e+01   -3.7948611853e-01
4.4555097778e+01   -3.7609826210e-01
4.4633299146e+01   -3.4809521186e-01
4.4711500515e+01   -3.1751114957e-01
4.4789701883e+01   -2.8449522030e-01
4.4867903252e+01   -2.4921408657e-01
4.4868003252e+01   -2.4916759727e-01
4.4869003252e+01   -2.4870251697e-01
4.4879003252e+01   -2.4403307041e-01
4.4957204620e+01   -2.0639052852e-01
4.5035405989e+01   -1.6689528919e-01
4.5113607357e+01   -1.2576398357e-01
4.5191808726e+01   -8.3227191769e-02
4.5270010094e+01   -3.9528358620e-02
4.5348211463e+01   5.0773528019e-03
4.5426412831e+01   5.0324252053e-02
4.5504614200e+01   9.5937333798e-02
4.5582815568e+01   1.4163348230e-01
4.5661016937e+01   1.8712262914e-01
4.5739218305e+01   2.3210881238e-01
4.5817419674e+01   2.7629106734e-01
4.5895621042e+01   3.1936405483e-01
4.5895721042e+01   3.1941829258e-01
4.5896721042e+01   3.1996054237e-01
4.5906721042e+01   3.2537013653e-01
4.5984922411e+01   3.6679766222e-01
4.6063123779e+01   4.0644743390e-01
4.6141325148e+01   4.4399887291e-01
4.6219526517e+01   4.7912303422e-01
4.6297727885e+01   5.1147851841e-01
4.6375929254e+01   5.4070526481e-01
4.6454130622e+01   5.6641570259e-01
4.6532331991e+01   5.8818288672e-01
4.6610533359e+01   6.0552579157e-01
4.6688734728e+01   6.1789322753e-01
4.6766936096e+01   6.2465041632e-01
4.6845137465e+01   6.2507665506e-01
4.6923338833e+01   6.1838875028e-01
4.7001540202e+01   6.0381126709e-01
4.7079741570e+01   5.8071566888e-01
4.7157942939e+01   5.4883597155e-01
4.7158042939e+01   5.4878965154e-01
4.7159042939e+01   5.4832568730e-01
4.7169042939e+01   5.4360996610e-01
4.7247244307e+01   5.0218161966e-01
4.7325445676e+01   4.5375476379e-01
4.7325545676e+01   4.5368920058e-01
4.7326545676e+01   4.5303312948e-01
4.7336545676e+01   4.4642961145e-01
4.7414747044e+01   3.9267997918e-01
4.7492948413e+01   3.3716775689e-01
4.7571149781e+01   2.8254234150e-01
4.7649351150e+01   2.3085524482e-01
4.7727552519e+01   1.8327211061e-01
4.7805753887e+01   1.4008741240e-01
4.7883955256e+01   1.0095339886e-01
4.7962156624e+01   6.5176843654e-02
4.8040357993e+01   3.1972470074e-02
4.8040457993e+01   3.1931338016e-02
4.8041457993e+01   3.1520183181e-02
4.8051457993e+01   2.7424936807e-02
4.8129659361e+01   -3.7051674241e-03
4.8207860730e+01   -3.3600825331e-02
4.8286062098e+01   -6.2625849237e-02
4.8364263467e+01   -9.0990403044e-02
4.8442464835e+01   -1.1878163651e-01
4.8520666204e+01   -1.4599580604e-01
4.8598867572e+01   -1.7256635431e-01
4.8677068941e+01   -1.9838602700e-01
4.8755270309e+01   -2.2332309322e-01
4.8833471678e+01   -2.4723265084e-01
4.8911673046e+01   -2.6996423034e-01
4.8989874415e+01   -2.9136683416e-01
4.9068075783e+01   -3.1129229898e-01
4.9146277152e+01   -3.2959761514e-01
4.9224478520e+01   -3.4614662698e-01
4.9302679889e+01   -3.6081136878e-01
4.9380881258e+01   -3.7347318503e-01
4.9459082626e+01   -3.8402371446e-01
4.9459182626e+01   -3.8403581160e-01
4.9460182626e+01   -3.8415658423e-01
4.9470182626e+01   -3.8534439596e-01
4.9548383995e+01   -3.9336578106e-01
4.9626585363e+01   -3.9908240230e-01
4.9704786732e+01   -4.0242367470e-01
4.9782988100e+01   -4.0333248115e-01
4.9861189469e+01   -4.0176575486e-01
4.9939390837e+01   -3.9769497979e-01
5.0017592206e+01   -3.9110660722e-01
5.0095793574e+01   -3.8200238607e-01
5.0173994943e+01   -3.7039960409e-01
5.0252196311e+01   -3.5633123741e-01
5.0330397680e+01   -3.3984600691e-01
5.0408599048e+01   -3.2100833929e-01
5.0486800417e+01   -2.9989823258e-01
5.0565001785e+01   -2.7661102553e-01
5.0643203154e+01   -2.5125707156e-01
5.0721404522e+01   -2.2396131831e-01
5.0799605891e+01   -1.9486279489e-01
5.0877807259e+01   -1.6411400947e-01
5.0956008628e+01   -1.3188026096e-01
5.1034209997e+01   -9.8338869262e-02
5.1112411365e+01   -6.3678329774e-02
5.1190612734e+01   -2.8097398809e-02
5.1268814102e+01   8.1958820177e-03
5.1347015471e+01   4.4985213003e-02
5.1425216839e+01   8.2047104084e-02
5.1503418208e+01   1.1915196998e-01
5.1503518208e+01   1.1919934562e-01
5.1504518208e+01   1.1967308478e-01
5.1514518208e+01   1.2440864427e-01
5.1592719576e+01   1.6127546323e-01
5.1670920945e+01   1.9767810790e-01
5.1749122313e+01   2.3337498078e-01
5.1827323682e+01   2.6812282728e-01
5.1905525050e+01   3.0167766308e-01
5.1905625050e+01   3.0171970336e-01
5.1906625050e+01   3.0213997673e-01
5.1916625050e+01   3.0632967198e-01
5.1994826419e+01   3.3822390801e-01
5.2073027787e+01   3.6840365690e-01
5.2151229156e+01   3.9662720914e-01
5.2229430524e+01   4.2265441665e-01
5.2307631893e+01   4.4624677544e-01
5.2385833261e+01   4.6716737900e-01
5.2464034630e+01   4.8518087893e-01
5.2542235998e+01   5.0005371421e-01
5.2620437367e+01   5.1155504999e-01
5.2698638736e+01   5.1945909848e-01
5.2776840104e+01   5.2354975139e-01
5.2855041473e+01   5.2362865636e-01
5.2933242841e+01   5.1952787248e-01
5.3011444210e+01   5.1112781846e-01
5.3089645578e+01   4.9838013486e-01
5.3167846947e+01   4.8133319027e-01
5.3246048315e+01   4.6015549536e-01
5.3324249684e+01   4.3515005503e-01
5.3402451052e+01   4.0675205110e-01
5.3480652421e+01   3.7550455900e-01
5.3558853789e+01   3.4201257953e-01
5.3637055158e+01   3.0688293034e-01
5.3715256526e+01   2.7066330682e-01
5.3715356526e+01   2.7061649506e-01
5.3716356526e+01   2.7014832037e-01
5.3726356526e+01   2.6546101585e-01
5.3804557895e+01   2.2852897895e-01
5.3882759263e+01   1.9129332082e-01
5.3960960632e+01   1.5392238517e-01
5.4039162000e+01   1.1648689382e-01
5.4039262000e+01   1.1643899020e-01
5.4040262000e+01   1.1595994929e-01
5.4050262000e+01   1.1116906388e-01
5.4128463369e+01   7.3670763135e-02
5.4206664737e+01   3.6104300496e-02
5.4284866106e+01   -1.5310726501e-03
5.4363067475e+01   -3.9204892822e-02
5.4441268843e+01   -7.6846665022e-02
5.4519470212e+01   -1.1434531781e-01
5.4597671580e+01   -1.5155402563e-01
5.4675872949e+01   -1.8829765293e-01
5.4754074317e+01   -2.2438074085e-01
5.4832275686e+01   -2.5959477778e-01
5.4910477054e+01   -2.9372420959e-01
5.4988678423e+01   -3.2655112416e-01
5.4988778423e+01   -3.2659217487e-01
5.4989778423e+01   -3.2700254525e-01
5.4999778423e+01   -3.3109248098e-01
5.5077979791e+01   -3.6216718160e-01
5.5156181160e+01   -3.9148020703e-01
5.5234382528e+01   -4.1882606644e-01
5.5312583897e+01   -4.4400750622e-01
5.5390785265e+01   -4.6683709401e-01
5.5468986634e+01   -4.8713866164e-01
5.5547188002e+01   -5.0474864573e-01
5.5625389371e+01   -5.1951734252e-01
5.5703590739e+01   -5.3131008153e-01
5.5781792108e+01   -5.4000831665e-01
5.5859993476e+01   -5.4551063008e-01
5.5938194845e+01   -5.4773364350e-01
5.6016396214e+01   -5.4661283058e-01
5.6094597582e+01   -5.4210322495e-01
5.6172798951e+01   -5.3418001821e-01
5.6251000319e+01   -5.2283904308e-01
5.6329201688e+01   -5.0809713732e-01
5.6407403056e+01   -4.8999238477e-01
5.6485604425e+01   -4.6858423053e-01
5.6563805793e+01   -4.4395346831e-01
5.6642007162e+01   -4.1620209854e-01
5.6642107162e+01   -4.1616466397e-01
5.6643107162e+01   -4.1579004867e-01
5.6653107162e+01   -4.1201698353e-01
5.6731308530e+01   -3.8085360623e-01
5.6809509899e+01   -3.4685802818e-01
5.6887711267e+01   -3.1019651890e-01
5.6887811267e+01   -3.1014800851e-01
5.6888811267e+01   -3.0966268150e-01
5.6898811267e+01   -3.0478718202e-01
5.6977012636e+01   -2.6530930948e-01
5.7055214004e+01   -2.2358542551e-01
5.7133415373e+01   -1.7983950865e-01
5.7211616741e+01   -1.3431195495e-01
5.7289818110e+01   -8.7258470570e-02
5.7368019478e+01   -3.8948888239e-02
5.7446220847e+01   1.0334073467e-02
5.7524422215e+01   6.0296082696e-02
5.7602623584e+01   1.1063246506e-01
5.7680824953e+01   1.6102942664e-01
5.7759026321e+01   2.1116516594e-01
5.7837227690e+01   2.6071078689e-01
5.7837327690e+01   2.6077362302e-01
5.7838327690e+01   2.6140190098e-01
5.7848327690e+01   2.6767620145e-01
5.7926529058e+01   3.1613736750e-01
5.8004730427e+01   3.6328202020e-01
5.8082931795e+01   4.0875996175e-01
5.8161133164e+01   4.5221150419e-01
5.8239334532e+01   4.9326347673e-01
5.8317535901e+01   5.3152247786e-01
5.8395737269e+01   5.6656412884e-01
5.8473938638e+01   5.9791667180e-01
5.8552140006e+01   6.2503690925e-01
5.8630341375e+01   6.4727656362e-01
5.8630441375e+01   6.4730155670e-01
5.8631441375e+01   6.4755097788e-01
5.8641441375e+01   6.4999385565e-01
5.8719642743e+01   6.6567435250e-01
5.8797844112e+01   6.7452051062e-01
5.8876045480e+01   6.7525803929e-01
5.8954246849e+01   6.6637448282e-01
5.9032448217e+01   6.4624025069e-01
5.9110649586e+01   6.1343044230e-01
5.9188850954e+01   5.6730201922e-01
5.9267052323e+01   5.0872875134e-01
5.9267152323e+01   5.0864690441e-01
5.9268152323e+01   5.0782756559e-01
5.9278152323e+01   4.9954896528e-01
5.9356353692e+01   4.3045668019e-01
5.9434555060e+01   3.5740814614e-01
5.9434655060e+01   3.5731460872e-01
5.9435655060e+01   3.5637938643e-01
5.9445655060e+01   3.4704463387e-01
5.9523856429e+01   2.7619699938e-01
5.9602057797e+01   2.1193384682e-01
5.9680259166e+01   1.5645792700e-01
5.9758460534e+01   1.0997388535e-01
5.9836661903e+01   7.1371921738e-02
5.9836761903e+01   7.1326915448e-02
5.9837761903e+01   7.0877411419e-02
5.9847761903e+01   6.6437511937e-02
5.9925963271e+01   3.4806839598e-02
6.0004164640e+01   7.5309848762e-03
6.0082366008e+01   -1.6722094846e-02
6.0160567377e+01   -3.8930790776e-02
6.0238768745e+01   -5.9754268160e-02
6.0316970114e+01   -7.9599654177e-02
6.0395171482e+01   -9.8690640417e-02
6.0473372851e+01   -1.1712491597e-01
6.0551574219e+01   -1.3491760948e-01
6.0629775588e+01   -1.5203212322e-01
6.0707976956e+01   -1.6840106550e-01
6.0786178325e+01   -1.8394000264e-01
6.0864379693e+01   -1.9855628618e-01
6.0942581062e+01   -2.1215465617e-01
6.1020782431e+01   -2.2464080530e-01
6.1098983799e+01   -2.3592369390e-01
6.1177185168e+01   -2.4591711807e-01
6.1255386536e+01   -2.5454083740e-01
6.1333587905e+01   -2.6172144215e-01
6.1411789273e+01   -2.6739306127e-01
6.1489990642e+01   -2.7149796591e-01
6.1568192010e+01   -2.7398709649e-01
6.1646393379e+01   -2.7482052639e-01
6.1724594747e+01   -2.7396786757e-01
6.1802796116e+01   -2.7140861925e-01
6.1880997484e+01   -2.6713245905e-01
6.1959198853e+01   -2.6113947501e-01
6.2037400221e+01   -2.5344033672e-01
6.2115601590e+01   -2.4405640399e-01
6.2193802958e+01   -2.3301977152e-01
6.2272004327e+01   -2.2037324855e-01
6.2350205695e+01   -2.0617027270e-01
6.2428407064e+01   -1.9047475766e-01
6.2506608432e+01   -1.7336087477e-01
6.2584809801e+01   -1.5491276909e-01
6.2663011170e+01   -1.3522421067e-01
6.2741212538e+01   -1.1439818258e-01
6.2819413907e+01   -9.2546407364e-02
6.2897615275e+01   -6.9788814080e-02
6.2975816644e+01   -4.6252948575e-02
6.3054018012e+01   -2.2073329961e-02
6.3132219381e+01   2.6092434003e-03
6.3210420749e+01   2.7648434721e-02
6.3288622118e+01   5.2893152531e-02
6.3366823486e+01   7.8188373221e-02
6.3445024855e+01   1.0337599821e-01
6.3523226223e+01   1.2829574158e-01
6.3601427592e+01   1.5278604434e-01
6.3679628960e+01   1.7668501178e-01
6.3757830329e+01   1.9983137129e-01
6.3836031697e+01   2.2206544907e-01
6.3914233066e+01   2.4323016560e-01
6.3992434434e+01   2.6317205182e-01
6.3992534434e+01   2.6319670554e-01
6.3993534434e+01   2.6344311926e-01
6.4003534434e+01   2.6589484728e-01
6.4081735803e+01   2.8425865050e-01
6.4159937171e+01   3.0108793583e-01
6.4238138540e+01   3.1624751422e-01
6.4316339909e+01   3.2961037215e-01
6.4394541277e+01   3.4105891305e-01
6.4472742646e+01   3.5048627574e-01
6.4550944014e+01   3.5779773399e-01
6.4629145383e+01   3.6291217009e-01
6.4707346751e+01   3.6576359637e-01
6.4785548120e+01   3.6630267297e-01
6.4863749488e+01   3.6449813806e-01
6.4941950857e+01   3.6033803275e-01
6.5020152225e+01   3.5383057422e-01
6.5098353594e+01   3.4500451617e-01
6.5176554962e+01   3.3390884828e-01
6.5254756331e+01   3.2061173296e-01
6.5332957699e+01   3.0519866231e-01
6.5411159068e+01   2.8776993211e-01
6.5489360436e+01   2.6843765249e-01
6.5567561805e+01   2.4732261835e-01
6.5645763173e+01   2.2455141593e-01
6.5723964542e+01   2.0025412020e-01
6.5802165910e+01   1.7456284245e-01
6.5880367279e+01   1.4761123240e-01
6.5958568648e+01   1.1953486216e-01
6.6036770016e+01   9.0472264808e-02
6.6114971385e+01   6.0566303545e-02
6.6193172753e+01   2.9965527741e-02
6.6271374122e+01   -1.1747758086e-03
6.6349575490e+01   -3.2692026580e-02
6.6427776859e+01   -6.4416361568e-02
6.6505978227e+01   -9.6171182920e-02
6.6584179596e+01   -1.2777414099e-01
6.6584279596e+01   -1.2781437666e-01
6.6585279596e+01   -1.2821670280e-01
6.6595279596e+01   -1.3223683141e-01
6.6673480964e+01   -1.6343770606e-01
6.6751682333e+01   -1.9408298637e-01
6.6829883701e+01   -2.2398131112e-01
6.6908085070e+01   -2.5294161233e-01
6.6986286438e+01   -2.8077461203e-01
6.7064487807e+01   -3.0729426296e-01
6.7142689175e+01   -3.3231913010e-01
6.7220890544e+01   -3.5567371569e-01
6.7299091912e+01   -3.7718973122e-01
6.7377293281e+01   -3.9670731799e-01
6.7455494649e+01   -4.1407621636e-01
6.7533696018e+01   -4.2915688158e-01
6.7611897387e+01   -4.4182154239e-01
6.7690098755e+01   -4.5195519773e-01
6.7768300124e+01   -4.5945654630e-01
6.7846501492e+01   -4.6423884322e-01
6.7924702861e+01   -4.6623067860e-01
6.8002904229e+01   -4.6537667233e-01
6.8081105598e+01   -4.6163807993e-01
6.8159306966e+01   -4.5499330532e-01
6.8237508335e+01   -4.4543831561e-01
6.8315709703e+01   -4.3298695453e-01
6.8393911072e+01   -4.1767115117e-01
6.8472112440e+01   -3.9954102169e-01
6.8550313809e+01   -3.7866486181e-01
6.8628515177e+01   -3.5512902924e-01
6.8706716546e+01   -3.2903771549e-01
6.8784917914e+01   -3.0051260746e-01
6.8785017914e+01   -3.0047463034e-01
6.8786017914e+01   -3.0009465274e-01
6.8796017914e+01   -2.9627429308e-01
6.8874219283e+01   -2.6514056805e-01
6.8952420651e+01   -2.3189034659e-01
6.9030622020e+01   -1.9669688409e-01
6.9108823388e+01   -1.5974840187e-01
6.9108923388e+01   -1.5970011541e-01
6.9109923388e+01   -1.5921711116e-01
6.9119923388e+01   -1.5437319329e-01
6.9198124757e+01   -1.1566879642e-01
6.9276326126e+01   -7.5658781913e-02
6.9354527494e+01   -3.4572403449e-02
6.9432728863e+01   7.3501949224e-03
6.9510930231e+01   4.9859120323e-02
6.9589131600e+01   9.2695901658e-02
6.9667332968e+01   1.3559466605e-01
6.9745534337e+01   1.7828329161e-01
6.9823735705e+01   2.2048449877e-01
6.9901937074e+01   2.6191683109e-01
6.9980138442e+01   3.0229546185e-01
7.0058339811e+01   3.4133274439e-01
7.0136541179e+01   3.7873839174e-01
7.0136641179e+01   3.7878505479e-01
7.0137641179e+01   3.7925151205e-01
7.0147641179e+01   3.8389863648e-01
7.0225842548e+01   4.1908219217e-01
7.0304043916e+01   4.5200101499e-01
7.0382245285e+01   4.8235101139e-01
7.0460446653e+01   5.0981876330e-01
7.0538648022e+01   5.3407709383e-01
7.0616849390e+01   5.5477931605e-01
7.0695050759e+01   5.7155250441e-01
7.0773252128e+01   5.8399083175e-01
7.0851453496e+01   5.9165124869e-01
7.0929654865e+01   5.9405566257e-01
7.1007856233e+01   5.9070618283e-01
7.1086057602e+01   5.8112218116e-01
7.1164258970e+01   5.6490798167e-01
7.1242460339e+01   5.4185478043e-01
7.1320661707e+01   5.1206668817e-01
7.1398863076e+01   4.7607905305e-01
7.1477064444e+01   4.3491671731e-01
7.1555265813e+01   3.9003908776e-01
7.1555365813e+01   3.8998004142e-01
7.1556365813e+01   3.8938939844e-01
7.1566365813e+01   3.8346576286e-01
7.1644567181e+01   3.3643534493e-01
7.1722768550e+01   2.8929529853e-01
7.1722868550e+01   2.8923555970e-01
7.1723868550e+01   2.8863828455e-01
7.1733868550e+01   2.8267729813e-01
7.1812069918e+01   2.3699775040e-01
7.1890271287e+01   1.9343472192e-01
7.1968472655e+01   1.5225310188e-01
7.2046674024e+01   1.1333592834e-01
7.2124875392e+01   7.6339195596e-02
7.2203076761e+01   4.0836688031e-02
7.2281278129e+01   6.4258901768e-03
7.2359479498e+01   -2.7211048735e-02
7.2437680867e+01   -6.0283748132e-02
7.2515882235e+01   -9.2895210613e-02
7.2594083604e+01   -1.2505709641e-01
7.2594183604e+01   -1.2509791651e-01
7.2595183604e+01   -1.2550607212e-01
7.2605183604e+01   -1.2958304562e-01
7.2683384972e+01   -1.6115577750e-01
7.2761586341e+01   -1.9209053380e-01
7.2839787709e+01   -2.2223955390e-01
7.2917989078e+01   -2.5143606974e-01
7.2996190446e+01   -2.7950349647e-01
7.3074391815e+01   -3.0626182074e-01
7.3152593183e+01   -3.3153197790e-01
7.3230794552e+01   -3.5513889634e-01
7.3308995920e+01   -3.7691370802e-01
7.3387197289e+01   -3.9669545939e-01
7.3465398657e+01   -4.1433252873e-01
7.3543600026e+01   -4.2968386493e-01
7.3621801394e+01   -4.4262010764e-01
7.3700002763e+01   -4.5302461676e-01
7.3778204131e+01   -4.6079442176e-01
7.3856405500e+01   -4.6584109278e-01
7.3934606868e+01   -4.6809153108e-01
7.4012808237e+01   -4.6748867512e-01
7.4091009606e+01   -4.6399211710e-01
7.4169210974e+01   -4.5757862638e-01
7.4247412343e+01   -4.4824257506e-01
7.4325613711e+01   -4.3599626178e-01
7.4403815080e+01   -4.2087013080e-01
7.4482016448e+01   -4.0291288367e-01
7.4560217817e+01   -3.8219148156e-01
7.4638419185e+01   -3.5879103699e-01
7.4716620554e+01   -3.3281459453e-01
7.4716720554e+01   -3.3277977769e-01
7.4717720554e+01   -3.3243138843e-01
7.4727720554e+01   -3.2892546171e-01
7.4805921922e+01   -3.0015592946e-01
7.4884123291e+01   -2.6908977661e-01
7.4962324659e+01   -2.3588373659e-01
7.5040526028e+01   -2.0071040734e-01
7.5040626028e+01   -2.0066424861e-01
7.5041626028e+01   -2.0020250118e-01
7.5051626028e+01   -1.9556910350e-01
7.5129827396e+01   -1.5837963345e-01
7.5208028765e+01   -1.1964227872e-01
7.5286230133e+01   -7.9574087878e-02
7.5364431502e+01   -3.8404239799e-02
7.5442632870e+01   3.6270491205e-03
7.5520834239e+01   4.6269666420e-02
7.5599035607e+01   8.9264775374e-02
7.5677236976e+01   1.3234599405e-01
7.5755438345e+01   1.7524055228e-01
7.5833639713e+01   2.1767038869e-01
7.5911841082e+01   2.5935313897e-01
7.5990042450e+01   3.0000295120e-01
7.6068243819e+01   3.3933104541e-01
7.6068343819e+01   3.3938036588e-01
7.6069343819e+01   3.3987342540e-01
7.6079343819e+01   3.4478937561e-01
7.6157545187e+01   3.8225145141e-01
7.6235746556e+01   4.1776356371e-01
7.6313947924e+01   4.5102636265e-01
7.6392149293e+01   4.8173419549e-01
7.6470350661e+01   5.0957191749e-01
7.6548552030e+01   5.3421035390e-01
7.6626753398e+01   5.5530036040e-01
7.6704954767e+01   5.7246577077e-01
7.6783156135e+01   5.8529622082e-01
7.6861357504e+01   5.9334207280e-01
7.6939558872e+01   5.9611559272e-01
7.7017760241e+01   5.9310506698e-01
7.7095961609e+01   5.8381096932e-01
7.7174162978e+01   5.6781370745e-01
7.7252364346e+01   5.4487758009e-01
7.7330565715e+01   5.1508177054e-01
7.7408767084e+01   4.7894645712e-01
7.7486968452e+01   4.3749960082e-01
7.7487068452e+01   4.3744379533e-01
7.7488068452e+01   4.3688539511e-01
7.7498068452e+01   4.3126757375e-01
7.7576269821e+01   3.8559138947e-01
7.7654471189e+01   3.3809944718e-01
7.7732672558e+01   2.9050210916e-01
7.7732772558e+01   2.9044181250e-01
7.7733772558e+01   2.8983896431e-01
7.7743772558e+01   2.8382279992e-01
7.7821973926e+01   2.3775507113e-01
7.7900175295e+01   1.9390138854e-01
7.7978376663e+01   1.5253974193e-01
7.8056578032e+01   1.1354926633e-01
7.8134779400e+01   7.6571498534e-02
7.8212980769e+01   4.1161424582e-02
7.8291182137e+01   6.8977693859e-03
7.8369383506e+01   -2.6553694681e-02
7.8447584874e+01   -5.9415774962e-02
7.8525786243e+01   -9.1801570037e-02
7.8603987611e+01   -1.2373024786e-01
7.8682188980e+01   -1.5514799831e-01
7.8682288980e+01   -1.5518780573e-01
7.8683288980e+01   -1.5558582459e-01
7.8693288980e+01   -1.5956042757e-01
7.8771490348e+01   -1.9026264823e-01
7.8849691717e+01   -2.2018469336e-01
7.8927893085e+01   -2.4916219007e-01
7.9006094454e+01   -2.7702054414e-01
7.9084295823e+01   -3.0358146902e-01
7.9162497191e+01   -3.2866744915e-01
7.9240698560e+01   -3.5210483128e-01
7.9318899928e+01   -3.7372605911e-01
7.9397101297e+01   -3.9337139419e-01
7.9475302665e+01   -4.1089033391e-01
7.9553504034e+01   -4.2614284702e-01
7.9631705402e+01   -4.3900048832e-01
7.9709906771e+01   -4.4934742198e-01
7.9788108139e+01   -4.5708136463e-01
7.9866309508e+01   -4.6211445048e-01
7.9944510876e+01   -4.6437401654e-01
8.0000000000e+01   -4.6426337334e-01
