X    Y
0.0000000000e+00   9.8000000000e-01
1.0000000000e-04   9.8000089281e-01
1.1000000000e-03   9.8000982159e-01
1.1100000000e-02   9.8009918160e-01
3.0650342131e-02   9.8027426309e-01
5.0200684262e-02   9.8044984846e-01
6.9751026393e-02   9.8062593959e-01
8.9301368524e-02   9.8080253838e-01
1.0885171065e-01   9.8097964674e-01
1.2840205279e-01   9.8115726656e-01
1.4795239492e-01   9.8133539977e-01
1.6750273705e-01   9.8151404829e-01
1.8705307918e-01   9.8169321406e-01
2.0660342131e-01   9.8187289903e-01
2.2615376344e-01   9.8205310515e-01
2.4570410557e-01   9.8223383437e-01
2.6525444770e-01   9.8241508868e-01
2.8480478983e-01   9.8259687006e-01
3.0435513196e-01   9.8277918048e-01
3.2390547410e-01   9.8296202196e-01
3.4345581623e-01   9.8314539649e-01
3.6300615836e-01   9.8332930610e-01
3.8255650049e-01   9.8351375281e-01
4.0210684262e-01   9.8369873866e-01
4.2165718475e-01   9.8388426569e-01
4.4120752688e-01   9.8407033595e-01
4.6075786901e-01   9.8425695151e-01
4.8030821114e-01   9.8444411444e-01
4.9985855327e-01   9.8463182682e-01
5.1940889541e-01   9.8482009074e-01
5.3895923754e-01   9.8500890831e-01
5.5850957967e-01   9.8519828164e-01
5.7805992180e-01   9.8538821284e-01
5.9761026393e-01   9.8557870405e-01
6.1716060606e-01   9.8576975741e-01
6.3671094819e-01   9.8596137507e-01
6.5626129032e-01   9.8615355918e-01
6.7581163245e-01   9.8634631191e-01
6.9536197458e-01   9.8653963546e-01
7.1491231672e-01   9.8673353200e-01
7.3446265885e-01   9.8692800373e-01
7.5401300098e-01   9.8712305287e-01
7.7356334311e-01   9.8731868163e-01
7.9311368524e-01   9.8751489225e-01
8.1266402737e-01   9.8771168697e-01
8.3221436950e-01   9.8790906803e-01
8.5176471163e-01   9.8810703770e-01
8.7131505376e-01   9.8830559825e-01
8.9086539589e-01   9.8850475196e-01
9.1041573803e-01   9.8870450113e-01
9.2996608016e-01   9.8890484805e-01
9.4951642229e-01   9.8910579505e-01
9.6906676442e-01   9.8930734444e-01
9.8861710655e-01   9.8950949856e-01
1.0081674487e+00   9.8971225977e-01
1.0277177908e+00   9.8991563040e-01
1.0472681329e+00   9.9011961284e-01
1.0668184751e+00   9.9032420947e-01
1.0863688172e+00   9.9052942266e-01
1.1059191593e+00   9.9073525483e-01
1.1254695015e+00   9.9094170838e-01
1.1450198436e+00   9.9114878574e-01
1.1645701857e+00   9.9135648935e-01
1.1841205279e+00   9.9156482164e-01
1.2036708700e+00   9.9177378508e-01
1.2232212121e+00   9.9198338213e-01
1.2427715543e+00   9.9219361528e-01
1.2623218964e+00   9.9240448701e-01
1.2818722385e+00   9.9261599983e-01
1.3014225806e+00   9.9282815626e-01
1.3209729228e+00   9.9304095882e-01
1.3405232649e+00   9.9325441005e-01
1.3600736070e+00   9.9346851250e-01
1.3796239492e+00   9.9368326872e-01
1.3991742913e+00   9.9389868131e-01
1.4187246334e+00   9.9411475283e-01
1.4382749756e+00   9.9433148590e-01
1.4578253177e+00   9.9454888311e-01
1.4773756598e+00   9.9476694709e-01
1.4969260020e+00   9.9498568048e-01
1.5164763441e+00   9.9520508592e-01
1.5360266862e+00   9.9542516607e-01
1.5555770283e+00   9.9564592361e-01
1.5751273705e+00   9.9586736121e-01
1.5946777126e+00   9.9608948158e-01
1.6142280547e+00   9.9631228742e-01
1.6337783969e+00   9.9653578145e-01
1.6533287390e+00   9.9675996641e-01
1.6728790811e+00   9.9698484504e-01
1.6924294233e+00   9.9721042011e-01
1.7119797654e+00   9.9743669439e-01
1.7315301075e+00   9.9766367067e-01
1.7510804497e+00   9.9789135174e-01
1.7706307918e+00   9.9811974041e-01
1.7901811339e+00   9.9834883951e-01
1.8097314761e+00   9.9857865188e-01
1.8292818182e+00   9.9880918038e-01
1.8488321603e+00   9.9904042785e-01
1.8683825024e+00   9.9927239720e-01
1.8879328446e+00   9.9950509129e-01
1.9074831867e+00   9.9973851305e-01
1.9270335288e+00   9.9997266539e-01
1.9465838710e+00   1.0002075512e+00
1.9661342131e+00   1.0004431736e+00
1.9856845552e+00   1.0006795353e+00
2.0052348974e+00   1.0009166394e+00
2.0247852395e+00   1.0011544889e+00
2.0443355816e+00   1.0013930868e+00
2.0638859238e+00   1.0016324361e+00
2.0834362659e+00   1.0018725398e+00
2.1029866080e+00   1.0021134010e+00
2.1225369501e+00   1.0023550227e+00
2.1420872923e+00   1.0025974081e+00
2.1616376344e+00   1.0028405601e+00
2.1811879765e+00   1.0030844819e+00
2.2007383187e+00   1.0033291767e+00
2.2202886608e+00   1.0035746475e+00
2.2398390029e+00   1.0038208974e+00
2.2593893451e+00   1.0040679297e+00
2.2789396872e+00   1.0043157476e+00
2.2984900293e+00   1.0045643542e+00
2.3180403715e+00   1.0048137526e+00
2.3375907136e+00   1.0050639463e+00
2.3571410557e+00   1.0053149383e+00
2.3766913978e+00   1.0055667319e+00
2.3962417400e+00   1.0058193304e+00
2.4157920821e+00   1.0060727371e+00
2.4353424242e+00   1.0063269553e+00
2.4548927664e+00   1.0065819882e+00
2.4744431085e+00   1.0068378392e+00
2.4939934506e+00   1.0070945117e+00
2.5135437928e+00   1.0073520091e+00
2.5330941349e+00   1.0076103346e+00
2.5526444770e+00   1.0078694916e+00
2.5721948192e+00   1.0081294837e+00
2.5917451613e+00   1.0083903142e+00
2.6112955034e+00   1.0086519865e+00
2.6308458456e+00   1.0089145041e+00
2.6503961877e+00   1.0091778704e+00
2.6699465298e+00   1.0094420890e+00
2.6894968719e+00   1.0097071634e+00
2.7090472141e+00   1.0099730971e+00
2.7285975562e+00   1.0102398935e+00
2.7481478983e+00   1.0105075564e+00
2.7676982405e+00   1.0107760891e+00
2.7872485826e+00   1.0110454954e+00
2.8067989247e+00   1.0113157788e+00
2.8263492669e+00   1.0115869429e+00
2.8458996090e+00   1.0118589914e+00
2.8654499511e+00   1.0121319280e+00
2.8850002933e+00   1.0124057562e+00
2.9045506354e+00   1.0126804798e+00
2.9241009775e+00   1.0129561026e+00
2.9436513196e+00   1.0132326281e+00
2.9632016618e+00   1.0135100602e+00
2.9827520039e+00   1.0137884026e+00
3.0023023460e+00   1.0140676591e+00
3.0218526882e+00   1.0143478334e+00
3.0414030303e+00   1.0146289295e+00
3.0609533724e+00   1.0149109510e+00
3.0805037146e+00   1.0151939019e+00
3.1000540567e+00   1.0154777860e+00
3.1196043988e+00   1.0157626073e+00
3.1391547410e+00   1.0160483695e+00
3.1587050831e+00   1.0163350767e+00
3.1782554252e+00   1.0166227327e+00
3.1978057674e+00   1.0169113415e+00
3.2173561095e+00   1.0172009071e+00
3.2369064516e+00   1.0174914334e+00
3.2564567937e+00   1.0177829245e+00
3.2760071359e+00   1.0180753845e+00
3.2955574780e+00   1.0183688173e+00
3.3151078201e+00   1.0186632270e+00
3.3346581623e+00   1.0189586177e+00
3.3542085044e+00   1.0192549935e+00
3.3737588465e+00   1.0195523585e+00
3.3933091887e+00   1.0198507169e+00
3.4128595308e+00   1.0201500728e+00
3.4324098729e+00   1.0204504304e+00
3.4519602151e+00   1.0207517939e+00
3.4715105572e+00   1.0210541676e+00
3.4910608993e+00   1.0213575556e+00
3.5106112414e+00   1.0216619622e+00
3.5301615836e+00   1.0219673916e+00
3.5497119257e+00   1.0222738483e+00
3.5692622678e+00   1.0225813365e+00
3.5888126100e+00   1.0228898605e+00
3.6083629521e+00   1.0231994247e+00
3.6279132942e+00   1.0235100334e+00
3.6474636364e+00   1.0238216911e+00
3.6670139785e+00   1.0241344022e+00
3.6865643206e+00   1.0244481711e+00
3.7061146628e+00   1.0247630023e+00
3.7256650049e+00   1.0250789002e+00
3.7452153470e+00   1.0253958693e+00
3.7647656891e+00   1.0257139142e+00
3.7843160313e+00   1.0260330394e+00
3.8038663734e+00   1.0263532494e+00
3.8234167155e+00   1.0266745489e+00
3.8429670577e+00   1.0269969423e+00
3.8625173998e+00   1.0273204345e+00
3.8820677419e+00   1.0276450299e+00
3.9016180841e+00   1.0279707333e+00
3.9211684262e+00   1.0282975493e+00
3.9407187683e+00   1.0286254826e+00
3.9602691105e+00   1.0289545380e+00
3.9798194526e+00   1.0292847202e+00
3.9993697947e+00   1.0296160340e+00
4.0189201369e+00   1.0299484841e+00
4.0384704790e+00   1.0302820755e+00
4.0580208211e+00   1.0306168128e+00
4.0775711632e+00   1.0309527010e+00
4.0971215054e+00   1.0312897450e+00
4.1166718475e+00   1.0316279495e+00
4.1362221896e+00   1.0319673197e+00
4.1557725318e+00   1.0323078603e+00
4.1753228739e+00   1.0326495764e+00
4.1948732160e+00   1.0329924730e+00
4.2144235582e+00   1.0333365550e+00
4.2339739003e+00   1.0336818275e+00
4.2535242424e+00   1.0340282956e+00
4.2730745846e+00   1.0343759642e+00
4.2926249267e+00   1.0347248386e+00
4.3121752688e+00   1.0350749238e+00
4.3317256109e+00   1.0354262249e+00
4.3512759531e+00   1.0357787472e+00
4.3708262952e+00   1.0361324958e+00
4.3903766373e+00   1.0364874760e+00
4.4099269795e+00   1.0368436929e+00
4.4294773216e+00   1.0372011518e+00
4.4490276637e+00   1.0375598580e+00
4.4685780059e+00   1.0379198168e+00
4.4881283480e+00   1.0382810336e+00
4.5076786901e+00   1.0386435136e+00
4.5272290323e+00   1.0390072622e+00
4.5467793744e+00   1.0393722849e+00
4.5663297165e+00   1.0397385870e+00
4.5664297165e+00   1.0397404639e+00
4.5674297165e+00   1.0397592351e+00
4.5774297165e+00   1.0399471320e+00
4.5969800587e+00   1.0403154509e+00
4.6165304008e+00   1.0406850633e+00
4.6360807429e+00   1.0410559746e+00
4.6556310850e+00   1.0414281905e+00
4.6751814272e+00   1.0418017163e+00
4.6947317693e+00   1.0421765578e+00
4.7142821114e+00   1.0425527204e+00
4.7338324536e+00   1.0429302098e+00
4.7533827957e+00   1.0433090317e+00
4.7729331378e+00   1.0436891917e+00
4.7924834800e+00   1.0440706955e+00
4.8120338221e+00   1.0444535488e+00
4.8315841642e+00   1.0448377574e+00
4.8511345064e+00   1.0452233269e+00
4.8706848485e+00   1.0456102632e+00
4.8902351906e+00   1.0459985722e+00
4.9097855327e+00   1.0463882595e+00
4.9293358749e+00   1.0467793312e+00
4.9488862170e+00   1.0471717930e+00
4.9684365591e+00   1.0475656508e+00
4.9879869013e+00   1.0479609107e+00
5.0075372434e+00   1.0483575784e+00
5.0270875855e+00   1.0487556602e+00
5.0466379277e+00   1.0491551618e+00
5.0661882698e+00   1.0495560893e+00
5.0857386119e+00   1.0499584489e+00
5.1052889541e+00   1.0503622465e+00
5.1248392962e+00   1.0507674882e+00
5.1443896383e+00   1.0511741803e+00
5.1639399804e+00   1.0515823287e+00
5.1834903226e+00   1.0519919398e+00
5.2030406647e+00   1.0524030196e+00
5.2225910068e+00   1.0528155744e+00
5.2421413490e+00   1.0532296105e+00
5.2616916911e+00   1.0536451341e+00
5.2812420332e+00   1.0540621515e+00
5.3007923754e+00   1.0544806690e+00
5.3203427175e+00   1.0549006929e+00
5.3398930596e+00   1.0553222297e+00
5.3594434018e+00   1.0557452857e+00
5.3789937439e+00   1.0561698673e+00
5.3985440860e+00   1.0565959809e+00
5.4180944282e+00   1.0570236331e+00
5.4376447703e+00   1.0574528303e+00
5.4571951124e+00   1.0578835789e+00
5.4767454545e+00   1.0583158857e+00
5.4962957967e+00   1.0587497570e+00
5.5158461388e+00   1.0591851995e+00
5.5353964809e+00   1.0596222198e+00
5.5549468231e+00   1.0600608245e+00
5.5744971652e+00   1.0605010202e+00
5.5940475073e+00   1.0609428137e+00
5.6135978495e+00   1.0613862117e+00
5.6331481916e+00   1.0618312208e+00
5.6526985337e+00   1.0622778479e+00
5.6722488759e+00   1.0627260997e+00
5.6917992180e+00   1.0631759829e+00
5.7113495601e+00   1.0636275045e+00
5.7308999022e+00   1.0640806712e+00
5.7504502444e+00   1.0645354900e+00
5.7700005865e+00   1.0649919677e+00
5.7895509286e+00   1.0654501112e+00
5.8091012708e+00   1.0659099275e+00
5.8286516129e+00   1.0663714236e+00
5.8482019550e+00   1.0668346063e+00
5.8677522972e+00   1.0672994828e+00
5.8873026393e+00   1.0677660600e+00
5.9068529814e+00   1.0682343451e+00
5.9264033236e+00   1.0687043451e+00
5.9459536657e+00   1.0691760670e+00
5.9655040078e+00   1.0696495181e+00
5.9850543500e+00   1.0701247054e+00
6.0046046921e+00   1.0706016362e+00
6.0241550342e+00   1.0710803175e+00
6.0437053763e+00   1.0715607567e+00
6.0632557185e+00   1.0720429610e+00
6.0828060606e+00   1.0725269376e+00
6.1023564027e+00   1.0730126938e+00
6.1219067449e+00   1.0735002369e+00
6.1414570870e+00   1.0739895742e+00
6.1610074291e+00   1.0744807131e+00
6.1805577713e+00   1.0749736609e+00
6.2001081134e+00   1.0754684250e+00
6.2196584555e+00   1.0759650129e+00
6.2392087977e+00   1.0764634319e+00
6.2587591398e+00   1.0769636895e+00
6.2783094819e+00   1.0774657932e+00
6.2978598240e+00   1.0779697504e+00
6.3174101662e+00   1.0784755687e+00
6.3369605083e+00   1.0789832556e+00
6.3565108504e+00   1.0794928186e+00
6.3760611926e+00   1.0800042653e+00
6.3956115347e+00   1.0805176033e+00
6.4151618768e+00   1.0810328403e+00
6.4347122190e+00   1.0815499837e+00
6.4542625611e+00   1.0820690413e+00
6.4738129032e+00   1.0825900208e+00
6.4933632454e+00   1.0831129298e+00
6.5129135875e+00   1.0836377760e+00
6.5324639296e+00   1.0841645671e+00
6.5520142717e+00   1.0846933108e+00
6.5715646139e+00   1.0852240150e+00
6.5911149560e+00   1.0857566874e+00
6.6106652981e+00   1.0862913357e+00
6.6302156403e+00   1.0868279678e+00
6.6497659824e+00   1.0873665915e+00
6.6693163245e+00   1.0879072145e+00
6.6888666667e+00   1.0884498449e+00
6.7084170088e+00   1.0889944903e+00
6.7279673509e+00   1.0895411588e+00
6.7475176931e+00   1.0900898581e+00
6.7670680352e+00   1.0906405963e+00
6.7866183773e+00   1.0911933811e+00
6.8061687195e+00   1.0917482207e+00
6.8257190616e+00   1.0923051228e+00
6.8452694037e+00   1.0928640954e+00
6.8648197458e+00   1.0934251466e+00
6.8843700880e+00   1.0939882843e+00
6.9039204301e+00   1.0945535165e+00
6.9234707722e+00   1.0951208512e+00
6.9430211144e+00   1.0956902964e+00
6.9625714565e+00   1.0962618601e+00
6.9821217986e+00   1.0968355505e+00
7.0016721408e+00   1.0974113755e+00
7.0212224829e+00   1.0979893432e+00
7.0407728250e+00   1.0985694616e+00
7.0603231672e+00   1.0991517388e+00
7.0798735093e+00   1.0997361830e+00
7.0994238514e+00   1.1003228021e+00
7.1189741935e+00   1.1009116044e+00
7.1385245357e+00   1.1015025978e+00
7.1580748778e+00   1.1020957904e+00
7.1776252199e+00   1.1026911905e+00
7.1971755621e+00   1.1032888061e+00
7.2167259042e+00   1.1038886453e+00
7.2362762463e+00   1.1044907163e+00
7.2558265885e+00   1.1050950272e+00
7.2753769306e+00   1.1057015860e+00
7.2949272727e+00   1.1063104010e+00
7.3144776149e+00   1.1069214802e+00
7.3340279570e+00   1.1075348318e+00
7.3535782991e+00   1.1081504640e+00
7.3731286413e+00   1.1087683847e+00
7.3926789834e+00   1.1093886023e+00
7.4122293255e+00   1.1100111248e+00
7.4317796676e+00   1.1106359603e+00
7.4513300098e+00   1.1112631169e+00
7.4708803519e+00   1.1118926028e+00
7.4904306940e+00   1.1125244260e+00
7.5099810362e+00   1.1131585948e+00
7.5295313783e+00   1.1137951171e+00
7.5490817204e+00   1.1144340011e+00
7.5686320626e+00   1.1150752548e+00
7.5881824047e+00   1.1157188864e+00
7.6077327468e+00   1.1163649038e+00
7.6272830890e+00   1.1170133152e+00
7.6468334311e+00   1.1176641286e+00
7.6663837732e+00   1.1183173520e+00
7.6859341153e+00   1.1189729935e+00
7.7054844575e+00   1.1196310610e+00
7.7250347996e+00   1.1202915626e+00
7.7445851417e+00   1.1209545061e+00
7.7641354839e+00   1.1216198997e+00
7.7836858260e+00   1.1222877512e+00
7.8032361681e+00   1.1229580686e+00
7.8227865103e+00   1.1236308597e+00
7.8423368524e+00   1.1243061325e+00
7.8618871945e+00   1.1249838948e+00
7.8814375367e+00   1.1256641545e+00
7.9009878788e+00   1.1263469193e+00
7.9205382209e+00   1.1270321972e+00
7.9400885630e+00   1.1277199958e+00
7.9596389052e+00   1.1284103229e+00
7.9791892473e+00   1.1291031862e+00
7.9987395894e+00   1.1297985935e+00
8.0182899316e+00   1.1304965523e+00
8.0378402737e+00   1.1311970704e+00
8.0573906158e+00   1.1319001553e+00
8.0769409580e+00   1.1326058146e+00
8.0964913001e+00   1.1333140558e+00
8.1160416422e+00   1.1340248864e+00
8.1355919844e+00   1.1347383139e+00
8.1551423265e+00   1.1354543457e+00
8.1746926686e+00   1.1361729892e+00
8.1942430108e+00   1.1368942518e+00
8.2137933529e+00   1.1376181408e+00
8.2333436950e+00   1.1383446633e+00
8.2528940371e+00   1.1390738267e+00
8.2724443793e+00   1.1398056382e+00
8.2919947214e+00   1.1405401047e+00
8.3115450635e+00   1.1412772336e+00
8.3310954057e+00   1.1420170317e+00
8.3506457478e+00   1.1427595060e+00
8.3701960899e+00   1.1435046635e+00
8.3897464321e+00   1.1442525111e+00
8.4092967742e+00   1.1450030555e+00
8.4288471163e+00   1.1457563036e+00
8.4483974585e+00   1.1465122621e+00
8.4679478006e+00   1.1472709375e+00
8.4874981427e+00   1.1480323366e+00
8.5070484848e+00   1.1487964658e+00
8.5265988270e+00   1.1495633315e+00
8.5461491691e+00   1.1503329402e+00
8.5656995112e+00   1.1511052982e+00
8.5852498534e+00   1.1518804118e+00
8.6048001955e+00   1.1526582871e+00
8.6243505376e+00   1.1534389303e+00
8.6439008798e+00   1.1542223474e+00
8.6440008798e+00   1.1542263617e+00
8.6450008798e+00   1.1542665089e+00
8.6550008798e+00   1.1546683810e+00
8.6745512219e+00   1.1554561589e+00
8.6941015640e+00   1.1562467259e+00
8.7136519062e+00   1.1570400877e+00
8.7332022483e+00   1.1578362501e+00
8.7527525904e+00   1.1586352185e+00
8.7723029326e+00   1.1594369987e+00
8.7918532747e+00   1.1602415958e+00
8.8114036168e+00   1.1610490154e+00
8.8309539589e+00   1.1618592626e+00
8.8505043011e+00   1.1626723427e+00
8.8700546432e+00   1.1634882606e+00
8.8896049853e+00   1.1643070213e+00
8.9091553275e+00   1.1651286297e+00
8.9287056696e+00   1.1659530905e+00
8.9482560117e+00   1.1667804085e+00
8.9678063539e+00   1.1676105881e+00
8.9873566960e+00   1.1684436338e+00
9.0069070381e+00   1.1692795500e+00
9.0264573803e+00   1.1701183409e+00
9.0460077224e+00   1.1709600105e+00
9.0655580645e+00   1.1718045629e+00
9.0851084066e+00   1.1726520020e+00
9.1046587488e+00   1.1735023315e+00
9.1242090909e+00   1.1743555551e+00
9.1437594330e+00   1.1752116763e+00
9.1633097752e+00   1.1760706984e+00
9.1828601173e+00   1.1769326248e+00
9.2024104594e+00   1.1777974585e+00
9.2219608016e+00   1.1786652026e+00
9.2415111437e+00   1.1795358599e+00
9.2610614858e+00   1.1804094331e+00
9.2806118280e+00   1.1812859249e+00
9.3001621701e+00   1.1821653376e+00
9.3197125122e+00   1.1830476736e+00
9.3392628543e+00   1.1839329349e+00
9.3588131965e+00   1.1848211237e+00
9.3783635386e+00   1.1857122418e+00
9.3979138807e+00   1.1866062908e+00
9.4174642229e+00   1.1875032723e+00
9.4370145650e+00   1.1884031876e+00
9.4565649071e+00   1.1893060380e+00
9.4761152493e+00   1.1902118245e+00
9.4956655914e+00   1.1911205480e+00
9.5152159335e+00   1.1920322092e+00
9.5347662757e+00   1.1929468087e+00
9.5543166178e+00   1.1938643468e+00
9.5738669599e+00   1.1947848237e+00
9.5934173021e+00   1.1957082394e+00
9.6129676442e+00   1.1966345938e+00
9.6325179863e+00   1.1975638864e+00
9.6520683284e+00   1.1984961168e+00
9.6716186706e+00   1.1994312841e+00
9.6911690127e+00   1.2003693875e+00
9.7107193548e+00   1.2013104259e+00
9.7302696970e+00   1.2022543978e+00
9.7498200391e+00   1.2032013019e+00
9.7693703812e+00   1.2041511363e+00
9.7889207234e+00   1.2051038991e+00
9.8084710655e+00   1.2060595881e+00
9.8280214076e+00   1.2070182011e+00
9.8475717498e+00   1.2079797354e+00
9.8671220919e+00   1.2089441883e+00
9.8866724340e+00   1.2099115567e+00
9.9062227761e+00   1.2108818374e+00
9.9257731183e+00   1.2118550269e+00
9.9453234604e+00   1.2128311216e+00
9.9648738025e+00   1.2138101175e+00
9.9844241447e+00   1.2147920104e+00
1.0003974487e+01   1.2157767961e+00
1.0023524829e+01   1.2167644698e+00
1.0043075171e+01   1.2177550266e+00
1.0062625513e+01   1.2187484616e+00
1.0082175855e+01   1.2197447692e+00
1.0101726197e+01   1.2207439439e+00
1.0121276540e+01   1.2217459797e+00
1.0140826882e+01   1.2227508707e+00
1.0160377224e+01   1.2237586103e+00
1.0179927566e+01   1.2247691920e+00
1.0199477908e+01   1.2257826088e+00
1.0219028250e+01   1.2267988535e+00
1.0238578592e+01   1.2278179187e+00
1.0258128935e+01   1.2288397967e+00
1.0277679277e+01   1.2298644795e+00
1.0297229619e+01   1.2308919587e+00
1.0316779961e+01   1.2319222259e+00
1.0336330303e+01   1.2329552722e+00
1.0355880645e+01   1.2339910884e+00
1.0375430987e+01   1.2350296652e+00
1.0394981329e+01   1.2360709928e+00
1.0414531672e+01   1.2371150613e+00
1.0434082014e+01   1.2381618603e+00
1.0453632356e+01   1.2392113792e+00
1.0473182698e+01   1.2402636072e+00
1.0492733040e+01   1.2413185331e+00
1.0512283382e+01   1.2423761452e+00
1.0531833724e+01   1.2434364319e+00
1.0551384066e+01   1.2444993810e+00
1.0570934409e+01   1.2455649800e+00
1.0590484751e+01   1.2466332162e+00
1.0610035093e+01   1.2477040765e+00
1.0629585435e+01   1.2487775476e+00
1.0649135777e+01   1.2498536156e+00
1.0668686119e+01   1.2509322665e+00
1.0688236461e+01   1.2520134860e+00
1.0707786804e+01   1.2530972594e+00
1.0727337146e+01   1.2541835716e+00
1.0746887488e+01   1.2552724072e+00
1.0766437830e+01   1.2563637506e+00
1.0785988172e+01   1.2574575857e+00
1.0805538514e+01   1.2585538961e+00
1.0825088856e+01   1.2596526651e+00
1.0844639198e+01   1.2607538757e+00
1.0864189541e+01   1.2618575103e+00
1.0883739883e+01   1.2629635513e+00
1.0903290225e+01   1.2640719806e+00
1.0922840567e+01   1.2651827796e+00
1.0942390909e+01   1.2662959296e+00
1.0961941251e+01   1.2674114114e+00
1.0981491593e+01   1.2685292055e+00
1.1001041935e+01   1.2696492920e+00
1.1020592278e+01   1.2707716507e+00
1.1040142620e+01   1.2718962609e+00
1.1059692962e+01   1.2730231018e+00
1.1079243304e+01   1.2741521520e+00
1.1098793646e+01   1.2752833899e+00
1.1118343988e+01   1.2764167933e+00
1.1137894330e+01   1.2775523400e+00
1.1157444673e+01   1.2786900071e+00
1.1176995015e+01   1.2798297715e+00
1.1196545357e+01   1.2809716097e+00
1.1216095699e+01   1.2821154978e+00
1.1235646041e+01   1.2832614116e+00
1.1255196383e+01   1.2844093265e+00
1.1274746725e+01   1.2855592175e+00
1.1274846725e+01   1.2855651043e+00
1.1275846725e+01   1.2856239744e+00
1.1285846725e+01   1.2862129553e+00
1.1305397067e+01   1.2873658933e+00
1.1324947410e+01   1.2885207416e+00
1.1344497752e+01   1.2896774739e+00
1.1364048094e+01   1.2908360636e+00
1.1383598436e+01   1.2919964837e+00
1.1403148778e+01   1.2931587067e+00
1.1422699120e+01   1.2943227050e+00
1.1442249462e+01   1.2954884503e+00
1.1461799804e+01   1.2966559142e+00
1.1481350147e+01   1.2978250679e+00
1.1500900489e+01   1.2989958820e+00
1.1520450831e+01   1.3001683271e+00
1.1540001173e+01   1.3013423731e+00
1.1559551515e+01   1.3025179897e+00
1.1579101857e+01   1.3036951463e+00
1.1598652199e+01   1.3048738119e+00
1.1618202542e+01   1.3060539549e+00
1.1637752884e+01   1.3072355437e+00
1.1657303226e+01   1.3084185462e+00
1.1676853568e+01   1.3096029299e+00
1.1696403910e+01   1.3107886619e+00
1.1715954252e+01   1.3119757091e+00
1.1735504594e+01   1.3131640380e+00
1.1755054936e+01   1.3143536147e+00
1.1774605279e+01   1.3155444050e+00
1.1794155621e+01   1.3167363744e+00
1.1813705963e+01   1.3179294880e+00
1.1833256305e+01   1.3191237104e+00
1.1852806647e+01   1.3203190063e+00
1.1872356989e+01   1.3215153396e+00
1.1891907331e+01   1.3227126743e+00
1.1911457674e+01   1.3239109736e+00
1.1931008016e+01   1.3251102008e+00
1.1950558358e+01   1.3263103186e+00
1.1970108700e+01   1.3275112897e+00
1.1989659042e+01   1.3287130761e+00
1.2009209384e+01   1.3299156397e+00
1.2028759726e+01   1.3311189422e+00
1.2048310068e+01   1.3323229448e+00
1.2067860411e+01   1.3335276084e+00
1.2087410753e+01   1.3347328938e+00
1.2106961095e+01   1.3359387614e+00
1.2126511437e+01   1.3371451713e+00
1.2146061779e+01   1.3383520834e+00
1.2165612121e+01   1.3395594571e+00
1.2185162463e+01   1.3407672519e+00
1.2204712805e+01   1.3419754267e+00
1.2224263148e+01   1.3431839404e+00
1.2243813490e+01   1.3443927514e+00
1.2263363832e+01   1.3456018180e+00
1.2282914174e+01   1.3468110983e+00
1.2302464516e+01   1.3480205501e+00
1.2322014858e+01   1.3492301309e+00
1.2341565200e+01   1.3504397980e+00
1.2361115543e+01   1.3516495087e+00
1.2380665885e+01   1.3528592198e+00
1.2400216227e+01   1.3540688879e+00
1.2419766569e+01   1.3552784697e+00
1.2439316911e+01   1.3564879213e+00
1.2458867253e+01   1.3576971990e+00
1.2478417595e+01   1.3589062586e+00
1.2497967937e+01   1.3601150559e+00
1.2517518280e+01   1.3613235465e+00
1.2537068622e+01   1.3625316857e+00
1.2556618964e+01   1.3637394290e+00
1.2576169306e+01   1.3649467314e+00
1.2595719648e+01   1.3661535479e+00
1.2615269990e+01   1.3673598333e+00
1.2634820332e+01   1.3685655424e+00
1.2654370674e+01   1.3697706297e+00
1.2673921017e+01   1.3709750498e+00
1.2693471359e+01   1.3721787570e+00
1.2713021701e+01   1.3733817056e+00
1.2732572043e+01   1.3745838500e+00
1.2752122385e+01   1.3757851440e+00
1.2771672727e+01   1.3769855419e+00
1.2791223069e+01   1.3781849976e+00
1.2810773412e+01   1.3793834650e+00
1.2830323754e+01   1.3805808981e+00
1.2849874096e+01   1.3817772506e+00
1.2869424438e+01   1.3829724764e+00
1.2888974780e+01   1.3841665293e+00
1.2908525122e+01   1.3853593630e+00
1.2928075464e+01   1.3865509313e+00
1.2947625806e+01   1.3877411880e+00
1.2967176149e+01   1.3889300868e+00
1.2986726491e+01   1.3901175816e+00
1.3006276833e+01   1.3913036262e+00
1.3025827175e+01   1.3924881744e+00
1.3045377517e+01   1.3936711802e+00
1.3064927859e+01   1.3948525974e+00
1.3084478201e+01   1.3960323802e+00
1.3104028543e+01   1.3972104826e+00
1.3123578886e+01   1.3983868588e+00
1.3143129228e+01   1.3995614630e+00
1.3162679570e+01   1.4007342496e+00
1.3182229912e+01   1.4019051732e+00
1.3201780254e+01   1.4030741881e+00
1.3221330596e+01   1.4042412492e+00
1.3240880938e+01   1.4054063113e+00
1.3260431281e+01   1.4065693293e+00
1.3279981623e+01   1.4077302584e+00
1.3299531965e+01   1.4088890539e+00
1.3319082307e+01   1.4100456712e+00
1.3338632649e+01   1.4112000659e+00
1.3358182991e+01   1.4123521938e+00
1.3377733333e+01   1.4135020110e+00
1.3397283675e+01   1.4146494737e+00
1.3416834018e+01   1.4157945382e+00
1.3436384360e+01   1.4169371612e+00
1.3436484360e+01   1.4169429993e+00
1.3437484360e+01   1.4170013774e+00
1.3447484360e+01   1.4175847994e+00
1.3467034702e+01   1.4187235080e+00
1.3486585044e+01   1.4198596647e+00
1.3506135386e+01   1.4209932271e+00
1.3525685728e+01   1.4221241529e+00
1.3545236070e+01   1.4232524002e+00
1.3564786413e+01   1.4243779271e+00
1.3584336755e+01   1.4255006923e+00
1.3603887097e+01   1.4266206546e+00
1.3623437439e+01   1.4277377732e+00
1.3642987781e+01   1.4288520074e+00
1.3662538123e+01   1.4299633171e+00
1.3682088465e+01   1.4310716623e+00
1.3701638807e+01   1.4321770035e+00
1.3721189150e+01   1.4332793013e+00
1.3740739492e+01   1.4343785170e+00
1.3760289834e+01   1.4354746118e+00
1.3779840176e+01   1.4365675477e+00
1.3799390518e+01   1.4376572867e+00
1.3818940860e+01   1.4387437914e+00
1.3838491202e+01   1.4398270248e+00
1.3858041544e+01   1.4409069500e+00
1.3877591887e+01   1.4419835309e+00
1.3897142229e+01   1.4430567313e+00
1.3916692571e+01   1.4441265160e+00
1.3936242913e+01   1.4451928497e+00
1.3955793255e+01   1.4462556977e+00
1.3975343597e+01   1.4473150258e+00
1.3994893939e+01   1.4483708002e+00
1.4014444282e+01   1.4494229874e+00
1.4033994624e+01   1.4504715545e+00
1.4053544966e+01   1.4515164689e+00
1.4073095308e+01   1.4525576986e+00
1.4092645650e+01   1.4535952120e+00
1.4112195992e+01   1.4546289779e+00
1.4131746334e+01   1.4556589656e+00
1.4151296676e+01   1.4566851450e+00
1.4170847019e+01   1.4577074861e+00
1.4190397361e+01   1.4587259598e+00
1.4209947703e+01   1.4597405373e+00
1.4229498045e+01   1.4607511903e+00
1.4249048387e+01   1.4617578909e+00
1.4268598729e+01   1.4627606119e+00
1.4288149071e+01   1.4637593264e+00
1.4307699413e+01   1.4647540081e+00
1.4327249756e+01   1.4657446312e+00
1.4346800098e+01   1.4667311703e+00
1.4366350440e+01   1.4677136007e+00
1.4385900782e+01   1.4686918981e+00
1.4405451124e+01   1.4696660386e+00
1.4425001466e+01   1.4706359992e+00
1.4444551808e+01   1.4716017569e+00
1.4464102151e+01   1.4725632896e+00
1.4483652493e+01   1.4735205756e+00
1.4503202835e+01   1.4744735938e+00
1.4522753177e+01   1.4754223234e+00
1.4542303519e+01   1.4763667445e+00
1.4542403519e+01   1.4763715641e+00
1.4543403519e+01   1.4764197539e+00
1.4553403519e+01   1.4769010286e+00
1.4572953861e+01   1.4778386555e+00
1.4592504203e+01   1.4787719246e+00
1.4612054545e+01   1.4797008177e+00
1.4631604888e+01   1.4806253170e+00
1.4651155230e+01   1.4815454055e+00
1.4670705572e+01   1.4824610665e+00
1.4690255914e+01   1.4833722839e+00
1.4709806256e+01   1.4842790421e+00
1.4729356598e+01   1.4851813262e+00
1.4748906940e+01   1.4860791218e+00
1.4768457283e+01   1.4869724147e+00
1.4788007625e+01   1.4878611916e+00
1.4807557967e+01   1.4887454397e+00
1.4827108309e+01   1.4896251465e+00
1.4846658651e+01   1.4905003003e+00
1.4866208993e+01   1.4913708898e+00
1.4885759335e+01   1.4922369041e+00
1.4905309677e+01   1.4930983330e+00
1.4924860020e+01   1.4939551669e+00
1.4944410362e+01   1.4948073965e+00
1.4963960704e+01   1.4956550132e+00
1.4983511046e+01   1.4964980087e+00
1.5003061388e+01   1.4973363754e+00
1.5022611730e+01   1.4981701063e+00
1.5042162072e+01   1.4989991947e+00
1.5061712414e+01   1.4998236345e+00
1.5081262757e+01   1.5006434201e+00
1.5100813099e+01   1.5014585463e+00
1.5120363441e+01   1.5022690087e+00
1.5139913783e+01   1.5030748030e+00
1.5159464125e+01   1.5038759257e+00
1.5179014467e+01   1.5046723737e+00
1.5198564809e+01   1.5054641444e+00
1.5218115152e+01   1.5062512355e+00
1.5237665494e+01   1.5070336455e+00
1.5257215836e+01   1.5078113732e+00
1.5276766178e+01   1.5085844178e+00
1.5296316520e+01   1.5093527791e+00
1.5315866862e+01   1.5101164573e+00
1.5335417204e+01   1.5108754531e+00
1.5354967546e+01   1.5116297677e+00
1.5374517889e+01   1.5123794026e+00
1.5394068231e+01   1.5131243599e+00
1.5413618573e+01   1.5138646421e+00
1.5433168915e+01   1.5146002520e+00
1.5452719257e+01   1.5153311932e+00
1.5472269599e+01   1.5160574692e+00
1.5491819941e+01   1.5167790845e+00
1.5511370283e+01   1.5174960435e+00
1.5530920626e+01   1.5182083514e+00
1.5550470968e+01   1.5189160137e+00
1.5570021310e+01   1.5196190361e+00
1.5589571652e+01   1.5203174250e+00
1.5609121994e+01   1.5210111871e+00
1.5628672336e+01   1.5217003294e+00
1.5648222678e+01   1.5223848593e+00
1.5667773021e+01   1.5230647846e+00
1.5687323363e+01   1.5237401137e+00
1.5706873705e+01   1.5244108550e+00
1.5726424047e+01   1.5250770176e+00
1.5745974389e+01   1.5257386106e+00
1.5765524731e+01   1.5263956437e+00
1.5785075073e+01   1.5270481270e+00
1.5804625415e+01   1.5276960708e+00
1.5824175758e+01   1.5283394858e+00
1.5843726100e+01   1.5289783829e+00
1.5863276442e+01   1.5296127736e+00
1.5882826784e+01   1.5302426695e+00
1.5902377126e+01   1.5308680826e+00
1.5921927468e+01   1.5314890251e+00
1.5941477810e+01   1.5321055096e+00
1.5961028152e+01   1.5327175492e+00
1.5980578495e+01   1.5333251568e+00
1.6000128837e+01   1.5339283461e+00
1.6019679179e+01   1.5345271307e+00
1.6039229521e+01   1.5351215248e+00
1.6058779863e+01   1.5357115425e+00
1.6078330205e+01   1.5362971986e+00
1.6097880547e+01   1.5368785077e+00
1.6117430890e+01   1.5374554851e+00
1.6136981232e+01   1.5380281460e+00
1.6156531574e+01   1.5385965060e+00
1.6176081916e+01   1.5391605809e+00
1.6195632258e+01   1.5397203869e+00
1.6215182600e+01   1.5402759401e+00
1.6234732942e+01   1.5408272570e+00
1.6254283284e+01   1.5413743544e+00
1.6273833627e+01   1.5419172493e+00
1.6293383969e+01   1.5424559586e+00
1.6312934311e+01   1.5429904998e+00
1.6332484653e+01   1.5435208904e+00
1.6352034995e+01   1.5440471481e+00
1.6371585337e+01   1.5445692908e+00
1.6391135679e+01   1.5450873366e+00
1.6410686022e+01   1.5456013038e+00
1.6430236364e+01   1.5461112107e+00
1.6449786706e+01   1.5466170759e+00
1.6469337048e+01   1.5471189182e+00
1.6488887390e+01   1.5476167565e+00
1.6508437732e+01   1.5481106098e+00
1.6527988074e+01   1.5486004973e+00
1.6547538416e+01   1.5490864384e+00
1.6567088759e+01   1.5495684525e+00
1.6586639101e+01   1.5500465591e+00
1.6606189443e+01   1.5505207781e+00
1.6625739785e+01   1.5509911291e+00
1.6645290127e+01   1.5514576323e+00
1.6664840469e+01   1.5519203076e+00
1.6684390811e+01   1.5523791752e+00
1.6703941153e+01   1.5528342553e+00
1.6723491496e+01   1.5532855683e+00
1.6743041838e+01   1.5537331347e+00
1.6762592180e+01   1.5541769750e+00
1.6782142522e+01   1.5546171098e+00
1.6801692864e+01   1.5550535598e+00
1.6821243206e+01   1.5554863458e+00
1.6840793548e+01   1.5559154886e+00
1.6860343891e+01   1.5563410091e+00
1.6879894233e+01   1.5567629283e+00
1.6899444575e+01   1.5571812672e+00
1.6918994917e+01   1.5575960470e+00
1.6938545259e+01   1.5580072887e+00
1.6958095601e+01   1.5584150134e+00
1.6977645943e+01   1.5588192425e+00
1.6997196285e+01   1.5592199972e+00
1.7016746628e+01   1.5596172987e+00
1.7036296970e+01   1.5600111685e+00
1.7055847312e+01   1.5604016277e+00
1.7075397654e+01   1.5607886979e+00
1.7094947996e+01   1.5611724004e+00
1.7114498338e+01   1.5615527566e+00
1.7134048680e+01   1.5619297879e+00
1.7153599022e+01   1.5623035158e+00
1.7173149365e+01   1.5626739617e+00
1.7192699707e+01   1.5630411470e+00
1.7212250049e+01   1.5634050932e+00
1.7231800391e+01   1.5637658218e+00
1.7251350733e+01   1.5641233541e+00
1.7270901075e+01   1.5644777116e+00
1.7290451417e+01   1.5648289157e+00
1.7310001760e+01   1.5651769878e+00
1.7329552102e+01   1.5655219493e+00
1.7349102444e+01   1.5658638215e+00
1.7368652786e+01   1.5662026258e+00
1.7388203128e+01   1.5665383835e+00
1.7407753470e+01   1.5668711158e+00
1.7427303812e+01   1.5672008441e+00
1.7446854154e+01   1.5675275896e+00
1.7466404497e+01   1.5678513734e+00
1.7485954839e+01   1.5681722166e+00
1.7505505181e+01   1.5684901405e+00
1.7525055523e+01   1.5688051659e+00
1.7544605865e+01   1.5691173141e+00
1.7564156207e+01   1.5694266059e+00
1.7583706549e+01   1.5697330622e+00
1.7603256891e+01   1.5700367040e+00
1.7622807234e+01   1.5703375520e+00
1.7642357576e+01   1.5706356270e+00
1.7661907918e+01   1.5709309496e+00
1.7681458260e+01   1.5712235407e+00
1.7701008602e+01   1.5715134206e+00
1.7720558944e+01   1.5718006100e+00
1.7740109286e+01   1.5720851292e+00
1.7759659629e+01   1.5723669988e+00
1.7779209971e+01   1.5726462389e+00
1.7798760313e+01   1.5729228699e+00
1.7818310655e+01   1.5731969118e+00
1.7837860997e+01   1.5734683849e+00
1.7857411339e+01   1.5737373092e+00
1.7876961681e+01   1.5740037045e+00
1.7896512023e+01   1.5742675908e+00
1.7916062366e+01   1.5745289878e+00
1.7935612708e+01   1.5747879153e+00
1.7955163050e+01   1.5750443930e+00
1.7974713392e+01   1.5752984403e+00
1.7994263734e+01   1.5755500767e+00
1.8013814076e+01   1.5757993216e+00
1.8033364418e+01   1.5760461943e+00
1.8052914761e+01   1.5762907140e+00
1.8072465103e+01   1.5765328999e+00
1.8092015445e+01   1.5767727709e+00
1.8111565787e+01   1.5770103460e+00
1.8131116129e+01   1.5772456440e+00
1.8150666471e+01   1.5774786838e+00
1.8170216813e+01   1.5777094839e+00
1.8189767155e+01   1.5779380629e+00
1.8209317498e+01   1.5781644394e+00
1.8228867840e+01   1.5783886316e+00
1.8248418182e+01   1.5786106579e+00
1.8267968524e+01   1.5788305364e+00
1.8287518866e+01   1.5790482853e+00
1.8307069208e+01   1.5792639225e+00
1.8326619550e+01   1.5794774659e+00
1.8346169892e+01   1.5796889334e+00
1.8365720235e+01   1.5798983425e+00
1.8385270577e+01   1.5801057109e+00
1.8404820919e+01   1.5803110561e+00
1.8424371261e+01   1.5805143954e+00
1.8443921603e+01   1.5807157463e+00
1.8463471945e+01   1.5809151257e+00
1.8483022287e+01   1.5811125509e+00
1.8502572630e+01   1.5813080387e+00
1.8522122972e+01   1.5815016061e+00
1.8541673314e+01   1.5816932699e+00
1.8561223656e+01   1.5818830466e+00
1.8580773998e+01   1.5820709530e+00
1.8600324340e+01   1.5822570053e+00
1.8619874682e+01   1.5824412201e+00
1.8639425024e+01   1.5826236134e+00
1.8658975367e+01   1.5828042016e+00
1.8678525709e+01   1.5829830005e+00
1.8698076051e+01   1.5831600262e+00
1.8717626393e+01   1.5833352945e+00
1.8737176735e+01   1.5835088211e+00
1.8756727077e+01   1.5836806216e+00
1.8776277419e+01   1.5838507115e+00
1.8795827761e+01   1.5840191062e+00
1.8795927761e+01   1.5840199632e+00
1.8796927761e+01   1.5840285309e+00
1.8806927761e+01   1.5841139662e+00
1.8826478104e+01   1.5842797341e+00
1.8846028446e+01   1.5844438459e+00
1.8865578788e+01   1.5846063166e+00
1.8885129130e+01   1.5847671612e+00
1.8904679472e+01   1.5849263945e+00
1.8924229814e+01   1.5850840311e+00
1.8943780156e+01   1.5852400858e+00
1.8963330499e+01   1.5853945730e+00
1.8982880841e+01   1.5855475071e+00
1.9002431183e+01   1.5856989024e+00
1.9021981525e+01   1.5858487731e+00
1.9041531867e+01   1.5859971333e+00
1.9061082209e+01   1.5861439969e+00
1.9080632551e+01   1.5862893779e+00
1.9100182893e+01   1.5864332900e+00
1.9119733236e+01   1.5865757469e+00
1.9139283578e+01   1.5867167622e+00
1.9158833920e+01   1.5868563493e+00
1.9178384262e+01   1.5869945215e+00
1.9197934604e+01   1.5871312922e+00
1.9217484946e+01   1.5872666746e+00
1.9237035288e+01   1.5874006815e+00
1.9256585630e+01   1.5875333261e+00
1.9276135973e+01   1.5876646212e+00
1.9295686315e+01   1.5877945795e+00
1.9315236657e+01   1.5879232137e+00
1.9334786999e+01   1.5880505363e+00
1.9354337341e+01   1.5881765598e+00
1.9373887683e+01   1.5883012966e+00
1.9393438025e+01   1.5884247588e+00
1.9412988368e+01   1.5885469587e+00
1.9432538710e+01   1.5886679084e+00
1.9452089052e+01   1.5887876197e+00
1.9471639394e+01   1.5889061045e+00
1.9491189736e+01   1.5890233747e+00
1.9510740078e+01   1.5891394419e+00
1.9530290420e+01   1.5892543176e+00
1.9549840762e+01   1.5893680134e+00
1.9569391105e+01   1.5894805406e+00
1.9588941447e+01   1.5895919105e+00
1.9608491789e+01   1.5897021343e+00
1.9628042131e+01   1.5898112232e+00
1.9647592473e+01   1.5899191881e+00
1.9667142815e+01   1.5900260399e+00
1.9686693157e+01   1.5901317895e+00
1.9706243500e+01   1.5902364476e+00
1.9725793842e+01   1.5903400249e+00
1.9745344184e+01   1.5904425319e+00
1.9764894526e+01   1.5905439790e+00
1.9784444868e+01   1.5906443767e+00
1.9803995210e+01   1.5907437351e+00
1.9823545552e+01   1.5908420646e+00
1.9843095894e+01   1.5909393753e+00
1.9862646237e+01   1.5910356770e+00
1.9882196579e+01   1.5911309798e+00
1.9901746921e+01   1.5912252936e+00
1.9921297263e+01   1.5913186280e+00
1.9940847605e+01   1.5914109927e+00
1.9960397947e+01   1.5915023974e+00
1.9979948289e+01   1.5915928515e+00
1.9999498631e+01   1.5916823644e+00
2.0000000000e+01   1.5916846477e+00
