X    Y
0.0000000000e+00   0.0000000000e+00
7.8201368524e-02   7.9146178803e-03
1.5640273705e-01   1.6029506568e-02
2.3460410557e-01   2.4362320142e-02
3.1280547410e-01   3.2931602102e-02
3.9100684262e-01   4.1756722474e-02
4.6920821114e-01   5.0857782241e-02
5.4740957967e-01   6.0255478872e-02
6.2561094819e-01   6.9970926499e-02
7.0381231672e-01   8.0025424328e-02
7.8201368524e-01   9.0440167408e-02
8.6021505376e-01   1.0123589492e-01
9.3841642229e-01   1.1243247295e-01
1.0166177908e+00   1.2404841132e-01
1.0948191593e+00   1.3610031743e-01
1.1730205279e+00   1.4860229459e-01
1.2512218964e+00   1.6156529704e-01
1.3294232649e+00   1.7499645983e-01
1.4076246334e+00   1.8889842676e-01
1.4858260020e+00   2.0326870522e-01
1.5640273705e+00   2.1809908011e-01
1.6422287390e+00   2.3337512168e-01
1.7204301075e+00   2.4907582129e-01
1.7986314761e+00   2.6517338637e-01
1.8768328446e+00   2.8163321944e-01
1.9550342131e+00   2.9841409758e-01
2.0332355816e+00   3.1546855774e-01
2.1114369501e+00   3.3274348145e-01
2.1896383187e+00   3.5018086077e-01
2.2678396872e+00   3.6771871647e-01
2.3460410557e+00   3.8529213137e-01
2.4242424242e+00   4.0283435603e-01
2.5024437928e+00   4.2027794231e-01
2.5806451613e+00   4.3755586108e-01
2.6588465298e+00   4.5460256467e-01
2.7370478983e+00   4.7135496060e-01
2.8152492669e+00   4.8775327088e-01
2.8934506354e+00   5.0374175890e-01
2.9716520039e+00   5.1926931434e-01
3.0498533724e+00   5.3428989334e-01
3.1280547410e+00   5.4876281774e-01
3.2062561095e+00   5.6265294180e-01
3.2844574780e+00   5.7593069866e-01
3.3626588465e+00   5.8857204101e-01
3.4408602151e+00   6.0055829173e-01
3.5190615836e+00   6.1187592057e-01
3.5972629521e+00   6.2251626256e-01
3.6754643206e+00   6.3247519288e-01
3.7536656891e+00   6.4175277153e-01
3.8318670577e+00   6.5035286987e-01
3.9100684262e+00   6.5828278907e-01
3.9882697947e+00   6.6555287939e-01
4.0664711632e+00   6.7217616712e-01
4.1446725318e+00   6.7816799506e-01
4.2228739003e+00   6.8354568069e-01
4.3010752688e+00   6.8832819520e-01
4.3792766373e+00   6.9253586561e-01
4.4574780059e+00   6.9619010113e-01
4.5356793744e+00   6.9931314444e-01
4.6138807429e+00   7.0192784774e-01
4.6920821114e+00   7.0405747324e-01
4.7702834800e+00   7.0572551715e-01
4.8484848485e+00   7.0695555608e-01
4.9266862170e+00   7.0777111472e-01
5.0048875855e+00   7.0819555323e-01
5.0830889541e+00   7.0825197302e-01
5.1612903226e+00   7.0796313949e-01
5.2394916911e+00   7.0735142018e-01
5.3176930596e+00   7.0643873710e-01
5.3958944282e+00   7.0524653181e-01
5.4740957967e+00   7.0379574215e-01
5.5522971652e+00   7.0210678937e-01
5.6304985337e+00   7.0019957476e-01
5.7086999022e+00   6.9809348484e-01
5.7869012708e+00   6.9580740423e-01
5.8651026393e+00   6.9335973571e-01
5.9433040078e+00   6.9076842670e-01
6.0215053763e+00   6.8805100182e-01
6.0997067449e+00   6.8522460115e-01
6.1779081134e+00   6.8230602391e-01
6.2561094819e+00   6.7931177749e-01
6.3343108504e+00   6.7625813167e-01
6.4125122190e+00   6.7316117818e-01
6.4907135875e+00   6.7003689571e-01
6.5689149560e+00   6.6690122047e-01
6.6471163245e+00   6.6377012286e-01
6.7253176931e+00   6.6065969027e-01
6.8035190616e+00   6.5758621671e-01
6.8817204301e+00   6.5456629950e-01
6.9599217986e+00   6.5161694360e-01
7.0381231672e+00   6.4875567385e-01
7.1163245357e+00   6.4600065543e-01
7.1945259042e+00   6.4337082267e-01
7.2727272727e+00   6.4088601603e-01
7.3509286413e+00   6.3856712654e-01
7.4291300098e+00   6.3643624662e-01
7.5073313783e+00   6.3451682510e-01
7.5855327468e+00   6.3283382335e-01
7.6637341153e+00   6.3141386784e-01
7.7419354839e+00   6.3028539253e-01
7.8201368524e+00   6.2947876221e-01
7.8983382209e+00   6.2902636488e-01
7.9765395894e+00   6.2896265804e-01
8.0547409580e+00   6.2932414955e-01
8.1329423265e+00   6.3014928995e-01
8.2111436950e+00   6.3147824893e-01
8.2893450635e+00   6.3335254517e-01
8.3675464321e+00   6.3581449712e-01
8.4457478006e+00   6.3890646277e-01
8.5239491691e+00   6.4266984120e-01
8.6021505376e+00   6.4714381844e-01
8.6803519062e+00   6.5236385676e-01
8.7585532747e+00   6.5835994977e-01
8.8367546432e+00   6.6515469609e-01
8.9149560117e+00   6.7276127838e-01
8.9931573803e+00   6.8118147002e-01
9.0713587488e+00   6.9040382055e-01
9.1495601173e+00   7.0040218868e-01
9.2277614858e+00   7.1113478971e-01
9.3059628543e+00   7.2254390001e-01
9.3841642229e+00   7.3455631375e-01
9.4623655914e+00   7.4708458113e-01
9.5405669599e+00   7.6002898280e-01
9.6187683284e+00   7.7328012254e-01
9.6969696970e+00   7.8672196312e-01
9.7751710655e+00   8.0023509521e-01
9.8533724340e+00   8.1370002163e-01
9.9315738025e+00   8.2700025715e-01
1.0009775171e+01   8.4002508103e-01
1.0087976540e+01   8.5267182834e-01
1.0166177908e+01   8.6484765776e-01
1.0244379277e+01   8.7647078103e-01
1.0322580645e+01   8.8747117813e-01
1.0400782014e+01   8.9779085079e-01
1.0478983382e+01   9.0738368339e-01
1.0557184751e+01   9.1621498850e-01
1.0635386119e+01   9.2426081413e-01
1.0713587488e+01   9.3150708419e-01
1.0791788856e+01   9.3794863568e-01
1.0869990225e+01   9.4358820552e-01
1.0948191593e+01   9.4843540978e-01
1.1026392962e+01   9.5250574827e-01
1.1104594330e+01   9.5581965829e-01
1.1182795699e+01   9.5840163409e-01
1.1260997067e+01   9.6027942214e-01
1.1339198436e+01   9.6148329742e-01
1.1417399804e+01   9.6204542194e-01
1.1495601173e+01   9.6199928422e-01
1.1573802542e+01   9.6137921596e-01
1.1652003910e+01   9.6021998126e-01
1.1730205279e+01   9.5855643261e-01
1.1808406647e+01   9.5642322766e-01
1.1886608016e+01   9.5385460059e-01
1.1964809384e+01   9.5088418218e-01
1.2043010753e+01   9.4754486282e-01
1.2121212121e+01   9.4386869311e-01
1.2199413490e+01   9.3988681734e-01
1.2277614858e+01   9.3562943542e-01
1.2355816227e+01   9.3112578935e-01
1.2434017595e+01   9.2640417096e-01
1.2512218964e+01   9.2149194799e-01
1.2590420332e+01   9.1641560603e-01
1.2668621701e+01   9.1120080424e-01
1.2746823069e+01   9.0587244333e-01
1.2825024438e+01   9.0045474430e-01
1.2903225806e+01   8.9497133710e-01
1.2981427175e+01   8.8944535828e-01
1.3059628543e+01   8.8389955743e-01
1.3137829912e+01   8.7835641180e-01
1.3216031281e+01   8.7283824922e-01
1.3294232649e+01   8.6736737914e-01
1.3372434018e+01   8.6196623190e-01
1.3450635386e+01   8.5665750609e-01
1.3528836755e+01   8.5146432405e-01
1.3607038123e+01   8.4641039493e-01
1.3685239492e+01   8.4152018451e-01
1.3763440860e+01   8.3681909049e-01
1.3841642229e+01   8.3233362079e-01
1.3919843597e+01   8.2809157133e-01
1.3998044966e+01   8.2412219836e-01
1.4076246334e+01   8.2045637791e-01
1.4154447703e+01   8.1712674287e-01
1.4232649071e+01   8.1416778447e-01
1.4310850440e+01   8.1161590190e-01
1.4389051808e+01   8.0950937882e-01
1.4467253177e+01   8.0788826186e-01
1.4545454545e+01   8.0679411144e-01
1.4623655914e+01   8.0626959209e-01
1.4701857283e+01   8.0635786784e-01
1.4780058651e+01   8.0710176977e-01
1.4858260020e+01   8.0854270872e-01
1.4936461388e+01   8.1071931866e-01
1.5014662757e+01   8.1366583531e-01
1.5092864125e+01   8.1741024204e-01
1.5171065494e+01   8.2197224917e-01
1.5249266862e+01   8.2736121023e-01
1.5327468231e+01   8.3357411609e-01
1.5405669599e+01   8.4059383569e-01
1.5483870968e+01   8.4838778552e-01
1.5562072336e+01   8.5690719992e-01
1.5640273705e+01   8.6608713921e-01
1.5718475073e+01   8.7584731280e-01
1.5796676442e+01   8.8609371780e-01
1.5874877810e+01   8.9672101156e-01
1.5953079179e+01   9.0761546247e-01
1.6031280547e+01   9.1865827006e-01
1.6109481916e+01   9.2972901977e-01
1.6187683284e+01   9.4070904279e-01
1.6265884653e+01   9.5148448146e-01
1.6344086022e+01   9.6194890975e-01
1.6422287390e+01   9.7200541443e-01
1.6500488759e+01   9.8156809890e-01
1.6578690127e+01   9.9056301942e-01
1.6656891496e+01   9.9892860061e-01
1.6735092864e+01   1.0066156009e+00
1.6813294233e+01   1.0135867115e+00
1.6891495601e+01   1.0198158746e+00
1.6969696970e+01   1.0252874031e+00
1.7047898338e+01   1.0299949745e+00
1.7126099707e+01   1.0339405605e+00
1.7204301075e+01   1.0371333434e+00
1.7282502444e+01   1.0395886561e+00
1.7360703812e+01   1.0413269752e+00
1.7438905181e+01   1.0423729853e+00
1.7517106549e+01   1.0427547264e+00
1.7595307918e+01   1.0425028308e+00
1.7673509286e+01   1.0416498499e+00
1.7751710655e+01   1.0402296700e+00
1.7829912023e+01   1.0382770125e+00
1.7908113392e+01   1.0358270127e+00
1.7986314761e+01   1.0329148705e+00
1.8064516129e+01   1.0295755676e+00
1.8142717498e+01   1.0258436416e+00
1.8220918866e+01   1.0217530135e+00
1.8299120235e+01   1.0173368590e+00
1.8377321603e+01   1.0126275211e+00
1.8455522972e+01   1.0076564559e+00
1.8533724340e+01   1.0024542086e+00
1.8611925709e+01   9.9705041519e-01
1.8690127077e+01   9.9147382621e-01
1.8768328446e+01   9.8575234936e-01
1.8846529814e+01   9.7991310894e-01
1.8924731183e+01   9.7398251955e-01
1.9002932551e+01   9.6798637258e-01
1.9081133920e+01   9.6194993411e-01
1.9159335288e+01   9.5589805305e-01
1.9237536657e+01   9.4985527872e-01
1.9315738025e+01   9.4384598718e-01
1.9393939394e+01   9.3789451564e-01
1.9472140762e+01   9.3202530436e-01
1.9550342131e+01   9.2626304520e-01
1.9628543500e+01   9.2063283597e-01
1.9706744868e+01   9.1516033886e-01
1.9784946237e+01   9.0987194123e-01
1.9863147605e+01   9.0479491549e-01
1.9941348974e+01   8.9995757424e-01
2.0019550342e+01   8.9538941482e-01
2.0097751711e+01   8.9112124591e-01
2.0175953079e+01   8.8718528622e-01
2.0254154448e+01   8.8361522266e-01
2.0332355816e+01   8.8044621224e-01
2.0410557185e+01   8.7771480861e-01
2.0488758553e+01   8.7545879086e-01
2.0566959922e+01   8.7371686921e-01
2.0645161290e+01   8.7252824075e-01
2.0723362659e+01   8.7193196837e-01
2.0801564027e+01   8.7196615921e-01
2.0879765396e+01   8.7266692637e-01
2.0957966764e+01   8.7406712998e-01
2.1036168133e+01   8.7619491172e-01
2.1114369501e+01   8.7907206098e-01
2.1192570870e+01   8.8271227883e-01
2.1270772239e+01   8.8711943534e-01
2.1348973607e+01   8.9228594309e-01
2.1427174976e+01   8.9819138744e-01
2.1505376344e+01   9.0480155944e-01
2.1583577713e+01   9.1206802332e-01
2.1661779081e+01   9.1992831762e-01
2.1739980450e+01   9.2830683797e-01
2.1818181818e+01   9.3711638811e-01
2.1896383187e+01   9.4626032083e-01
2.1974584555e+01   9.5563513503e-01
2.2052785924e+01   9.6513335500e-01
2.2130987292e+01   9.7464650055e-01
2.2209188661e+01   9.8406796228e-01
2.2287390029e+01   9.9329562106e-01
2.2365591398e+01   1.0022340896e+00
2.2443792766e+01   1.0107964990e+00
2.2521994135e+01   1.0189057985e+00
2.2600195503e+01   1.0264955740e+00
2.2678396872e+01   1.0335104228e+00
2.2756598240e+01   1.0399059420e+00
2.2834799609e+01   1.0456483976e+00
2.2913000978e+01   1.0507141480e+00
2.2991202346e+01   1.0550888883e+00
2.3069403715e+01   1.0587667796e+00
2.3147605083e+01   1.0617495157e+00
2.3225806452e+01   1.0640453724e+00
2.3304007820e+01   1.0656682712e+00
2.3382209189e+01   1.0666368858e+00
2.3460410557e+01   1.0669738069e+00
2.3538611926e+01   1.0667047779e+00
2.3616813294e+01   1.0658580072e+00
2.3695014663e+01   1.0644635594e+00
2.3773216031e+01   1.0625528240e+00
2.3851417400e+01   1.0601580595e+00
2.3929618768e+01   1.0573120076e+00
2.4007820137e+01   1.0540475721e+00
2.4086021505e+01   1.0503975578e+00
2.4164222874e+01   1.0463944618e+00
2.4242424242e+01   1.0420703129e+00
2.4320625611e+01   1.0374565528e+00
2.4398826979e+01   1.0325839540e+00
2.4477028348e+01   1.0274825705e+00
2.4555229717e+01   1.0221817154e+00
2.4633431085e+01   1.0167099645e+00
2.4711632454e+01   1.0110951793e+00
2.4789833822e+01   1.0053645493e+00
2.4868035191e+01   9.9954465027e-01
2.4946236559e+01   9.9366151610e-01
2.5024437928e+01   9.8774072295e-01
2.5102639296e+01   9.8180748434e-01
2.5180840665e+01   9.7588675557e-01
2.5259042033e+01   9.7000334656e-01
2.5337243402e+01   9.6418204179e-01
2.5415444770e+01   9.5844772621e-01
2.5493646139e+01   9.5282551571e-01
2.5571847507e+01   9.4734089029e-01
2.5650048876e+01   9.4201982776e-01
2.5728250244e+01   9.3688893494e-01
2.5806451613e+01   9.3197557246e-01
2.5884652981e+01   9.2730796806e-01
2.5962854350e+01   9.2291531185e-01
2.6041055718e+01   9.1882782508e-01
2.6119257087e+01   9.1507679216e-01
2.6197458456e+01   9.1169454316e-01
2.6275659824e+01   9.0871437189e-01
2.6353861193e+01   9.0617037235e-01
2.6432062561e+01   9.0409717451e-01
2.6510263930e+01   9.0252955964e-01
2.6588465298e+01   9.0150193581e-01
2.6666666667e+01   9.0104765729e-01
2.6744868035e+01   9.0119817688e-01
2.6823069404e+01   9.0198202958e-01
2.6901270772e+01   9.0342365949e-01
2.6979472141e+01   9.0554211810e-01
2.7057673509e+01   9.0834968293e-01
2.7135874878e+01   9.1185046572e-01
2.7214076246e+01   9.1603909914e-01
2.7292277615e+01   9.2089960526e-01
2.7370478983e+01   9.2640455387e-01
2.7448680352e+01   9.3251461265e-01
2.7526881720e+01   9.3917857074e-01
2.7605083089e+01   9.4633388435e-01
2.7683284457e+01   9.5390775100e-01
2.7761485826e+01   9.6181867217e-01
2.7839687195e+01   9.6997842089e-01
2.7917888563e+01   9.7829429575e-01
2.7996089932e+01   9.8667152221e-01
2.8074291300e+01   9.9501565684e-01
2.8152492669e+01   1.0032348610e+00
2.8230694037e+01   1.0112419324e+00
2.8308895406e+01   1.0189560140e+00
2.8387096774e+01   1.0263039322e+00
2.8465298143e+01   1.0332211489e+00
2.8543499511e+01   1.0396523374e+00
2.8621700880e+01   1.0455516160e+00
2.8699902248e+01   1.0508824819e+00
2.8778103617e+01   1.0556175015e+00
2.8856304985e+01   1.0597378097e+00
2.8934506354e+01   1.0632324717e+00
2.9012707722e+01   1.0660977554e+00
2.9090909091e+01   1.0683363552e+00
2.9169110459e+01   1.0699566010e+00
2.9247311828e+01   1.0709716798e+00
2.9325513196e+01   1.0713988907e+00
2.9403714565e+01   1.0712589459e+00
2.9481915934e+01   1.0705753295e+00
2.9560117302e+01   1.0693737173e+00
2.9638318671e+01   1.0676814616e+00
2.9716520039e+01   1.0655271394e+00
2.9794721408e+01   1.0629401625e+00
2.9872922776e+01   1.0599504465e+00
2.9951124145e+01   1.0565881343e+00
3.0029325513e+01   1.0528833689e+00
3.0107526882e+01   1.0488661125e+00
3.0185728250e+01   1.0445660061e+00
3.0263929619e+01   1.0400122652e+00
3.0342130987e+01   1.0352336079e+00
3.0420332356e+01   1.0302582112e+00
3.0498533724e+01   1.0251136925e+00
3.0576735093e+01   1.0198271118e+00
3.0654936461e+01   1.0144249945e+00
3.0733137830e+01   1.0089333693e+00
3.0811339198e+01   1.0033778207e+00
3.0889540567e+01   9.9778355477e-01
3.0967741935e+01   9.9217547463e-01
3.1045943304e+01   9.8657826572e-01
3.1124144673e+01   9.8101648853e-01
3.1202346041e+01   9.7551467747e-01
3.1280547410e+01   9.7009744426e-01
3.1358748778e+01   9.6478958393e-01
3.1436950147e+01   9.5961618122e-01
3.1515151515e+01   9.5460271468e-01
3.1593352884e+01   9.4977515508e-01
3.1671554252e+01   9.4516005387e-01
3.1749755621e+01   9.4078461649e-01
3.1827956989e+01   9.3667675402e-01
3.1906158358e+01   9.3286510513e-01
3.1984359726e+01   9.2937901911e-01
3.2062561095e+01   9.2624848877e-01
3.2140762463e+01   9.2350402069e-01
3.2218963832e+01   9.2117642933e-01
3.2297165200e+01   9.1929654043e-01
3.2375366569e+01   9.1789479010e-01
3.2453567937e+01   9.1700070732e-01
3.2531769306e+01   9.1664227144e-01
3.2609970674e+01   9.1684514213e-01
3.2688172043e+01   9.1763176789e-01
3.2766373412e+01   9.1902038999e-01
3.2844574780e+01   9.2102397244e-01
3.2922776149e+01   9.2364910273e-01
3.3000977517e+01   9.2689492254e-01
3.3079178886e+01   9.3075215924e-01
3.3157380254e+01   9.3520233624e-01
3.3235581623e+01   9.4021724015e-01
3.3313782991e+01   9.4575871421e-01
3.3391984360e+01   9.5177882980e-01
3.3470185728e+01   9.5822046226e-01
3.3548387097e+01   9.6501826611e-01
3.3626588465e+01   9.7210001232e-01
3.3704789834e+01   9.7938822044e-01
3.3782991202e+01   9.8680199512e-01
3.3861192571e+01   9.9425896350e-01
3.3939393939e+01   1.0016772071e+00
3.4017595308e+01   1.0089770894e+00
3.4095796676e+01   1.0160828975e+00
3.4173998045e+01   1.0229242348e+00
3.4252199413e+01   1.0294371294e+00
3.4330400782e+01   1.0355648415e+00
3.4408602151e+01   1.0412583762e+00
3.4486803519e+01   1.0464767224e+00
3.4565004888e+01   1.0511868499e+00
3.4643206256e+01   1.0553635033e+00
3.4721407625e+01   1.0589888335e+00
3.4799608993e+01   1.0620519088e+00
3.4877810362e+01   1.0645481416e+00
3.4956011730e+01   1.0664786641e+00
3.5034213099e+01   1.0678496834e+00
3.5112414467e+01   1.0686718357e+00
3.5190615836e+01   1.0689595609e+00
3.5268817204e+01   1.0687305083e+00
3.5347018573e+01   1.0680049846e+00
3.5425219941e+01   1.0668054491e+00
3.5503421310e+01   1.0651560589e+00
3.5581622678e+01   1.0630822672e+00
3.5659824047e+01   1.0606104709e+00
3.5738025415e+01   1.0577677085e+00
3.5816226784e+01   1.0545814038e+00
3.5894428152e+01   1.0510791526e+00
3.5972629521e+01   1.0472885501e+00
3.6050830890e+01   1.0432370528e+00
3.6129032258e+01   1.0389518742e+00
3.6207233627e+01   1.0344599095e+00
3.6285434995e+01   1.0297876849e+00
3.6363636364e+01   1.0249613318e+00
3.6441837732e+01   1.0200065791e+00
3.6520039101e+01   1.0149487647e+00
3.6598240469e+01   1.0098128612e+00
3.6676441838e+01   1.0046235158e+00
3.6754643206e+01   9.9940510077e-01
3.6832844575e+01   9.9418177424e-01
3.6911045943e+01   9.8897754813e-01
3.6989247312e+01   9.8381636275e-01
3.7067448680e+01   9.7872216547e-01
3.7145650049e+01   9.7371899174e-01
3.7223851417e+01   9.6883104617e-01
3.7302052786e+01   9.6408278103e-01
3.7380254154e+01   9.5949896903e-01
3.7458455523e+01   9.5510476652e-01
3.7536656891e+01   9.5092576270e-01
3.7614858260e+01   9.4698800923e-01
3.7693059629e+01   9.4331802398e-01
3.7771260997e+01   9.3994276115e-01
3.7849462366e+01   9.3688953957e-01
3.7927663734e+01   9.3418591934e-01
3.8005865103e+01   9.3185951700e-01
3.8084066471e+01   9.2993774874e-01
3.8162267840e+01   9.2844749197e-01
3.8240469208e+01   9.2741465713e-01
3.8318670577e+01   9.2686366437e-01
3.8396871945e+01   9.2681682421e-01
3.8475073314e+01   9.2729362758e-01
3.8553274682e+01   9.2830995819e-01
3.8631476051e+01   9.2987724992e-01
3.8709677419e+01   9.3200162152e-01
3.8787878788e+01   9.3468303133e-01
3.8866080156e+01   9.3791450269e-01
3.8944281525e+01   9.4168147673e-01
3.9022482893e+01   9.4596134959e-01
3.9100684262e+01   9.5072324716e-01
3.9178885630e+01   9.5592807914e-01
3.9257086999e+01   9.6152889821e-01
3.9335288368e+01   9.6747156925e-01
3.9413489736e+01   9.7369573050e-01
3.9491691105e+01   9.8013600672e-01
3.9569892473e+01   9.8672341505e-01
3.9648093842e+01   9.9338689164e-01
3.9726295210e+01   1.0000548603e+00
3.9804496579e+01   1.0066567662e+00
3.9882697947e+01   1.0131245051e+00
3.9960899316e+01   1.0193936913e+00
4.0039100684e+01   1.0254047239e+00
4.0117302053e+01   1.0311036264e+00
4.0195503421e+01   1.0364426539e+00
4.0273704790e+01   1.0413806703e+00
4.0351906158e+01   1.0458833165e+00
4.0430107527e+01   1.0499229904e+00
4.0508308895e+01   1.0534786711e+00
4.0586510264e+01   1.0565356149e+00
4.0664711632e+01   1.0590849573e+00
4.0742913001e+01   1.0611232462e+00
4.0821114370e+01   1.0626519348e+00
4.0899315738e+01   1.0636768533e+00
4.0977517107e+01   1.0642076808e+00
4.1055718475e+01   1.0642574282e+00
4.1133919844e+01   1.0638419463e+00
4.1212121212e+01   1.0629794649e+00
4.1290322581e+01   1.0616901687e+00
4.1368523949e+01   1.0599958136e+00
4.1446725318e+01   1.0579193841e+00
4.1524926686e+01   1.0554847915e+00
4.1603128055e+01   1.0527166129e+00
4.1681329423e+01   1.0496398682e+00
4.1759530792e+01   1.0462798327e+00
4.1837732160e+01   1.0426618837e+00
4.1915933529e+01   1.0388113775e+00
4.1994134897e+01   1.0347535538e+00
4.2072336266e+01   1.0305134659e+00
4.2150537634e+01   1.0261159327e+00
4.2228739003e+01   1.0215855110e+00
4.2306940371e+01   1.0169464850e+00
4.2385141740e+01   1.0122228718e+00
4.2463343109e+01   1.0074384394e+00
4.2541544477e+01   1.0026167368e+00
4.2619745846e+01   9.9778113301e-01
4.2697947214e+01   9.9295486440e-01
4.2776148583e+01   9.8816108729e-01
4.2854349951e+01   9.8342293486e-01
4.2932551320e+01   9.7876357584e-01
4.3010752688e+01   9.7420627276e-01
4.3088954057e+01   9.6977443738e-01
4.3167155425e+01   9.6549167998e-01
4.3245356794e+01   9.6138184935e-01
4.3323558162e+01   9.5746905929e-01
4.3401759531e+01   9.5377769684e-01
4.3479960899e+01   9.5033240705e-01
4.3558162268e+01   9.4715804800e-01
4.3636363636e+01   9.4427960939e-01
4.3714565005e+01   9.4172208738e-01
4.3792766373e+01   9.3951030828e-01
4.3870967742e+01   9.3766869350e-01
4.3949169110e+01   9.3622095941e-01
4.4027370479e+01   9.3518974681e-01
4.4105571848e+01   9.3459617740e-01
4.4183773216e+01   9.3445933832e-01
4.4261974585e+01   9.3479570028e-01
4.4340175953e+01   9.3561848076e-01
4.4418377322e+01   9.3693697076e-01
4.4496578690e+01   9.3875585018e-01
4.4574780059e+01   9.4107452422e-01
4.4652981427e+01   9.4388651880e-01
4.4731182796e+01   9.4717897655e-01
4.4809384164e+01   9.5093229551e-01
4.4887585533e+01   9.5511994956e-01
4.4965786901e+01   9.5970852195e-01
4.5043988270e+01   9.6465797241e-01
4.5122189638e+01   9.6992214342e-01
4.5200391007e+01   9.7544949561e-01
4.5278592375e+01   9.8118404598e-01
4.5356793744e+01   9.8706646838e-01
4.5434995112e+01   9.9303530507e-01
4.5513196481e+01   9.9902823212e-01
4.5591397849e+01   1.0049833199e+00
4.5669599218e+01   1.0108402344e+00
4.5747800587e+01   1.0165413314e+00
4.5826001955e+01   1.0220326077e+00
4.5904203324e+01   1.0272644850e+00
4.5982404692e+01   1.0321924113e+00
4.6060606061e+01   1.0367772821e+00
4.6138807429e+01   1.0409856846e+00
4.6217008798e+01   1.0447899830e+00
4.6295210166e+01   1.0481682635e+00
4.6373411535e+01   1.0511041605e+00
4.6451612903e+01   1.0535865891e+00
4.6529814272e+01   1.0556094062e+00
4.6608015640e+01   1.0571710214e+00
4.6686217009e+01   1.0582739776e+00
4.6764418377e+01   1.0589245170e+00
4.6842619746e+01   1.0591321466e+00
4.6920821114e+01   1.0589092151e+00
4.6999022483e+01   1.0582705078e+00
4.7077223851e+01   1.0572328672e+00
4.7155425220e+01   1.0558148433e+00
4.7233626588e+01   1.0540363750e+00
4.7311827957e+01   1.0519185055e+00
4.7390029326e+01   1.0494831307e+00
4.7468230694e+01   1.0467527797e+00
4.7546432063e+01   1.0437504273e+00
4.7624633431e+01   1.0404993355e+00
4.7702834800e+01   1.0370229227e+00
4.7781036168e+01   1.0333446584e+00
4.7859237537e+01   1.0294879809e+00
4.7937438905e+01   1.0254762363e+00
4.8015640274e+01   1.0213326361e+00
4.8093841642e+01   1.0170802311e+00
4.8172043011e+01   1.0127419011e+00
4.8250244379e+01   1.0083403562e+00
4.8328445748e+01   1.0038981494e+00
4.8406647116e+01   9.9943769861e-01
4.8484848485e+01   9.9498131519e-01
4.8563049853e+01   9.9055123838e-01
4.8641251222e+01   9.8616967293e-01
4.8719452590e+01   9.8185882810e-01
4.8797653959e+01   9.7764095587e-01
4.8875855327e+01   9.7353838565e-01
4.8954056696e+01   9.6957355288e-01
4.9032258065e+01   9.6576901825e-01
4.9110459433e+01   9.6214747383e-01
4.9188660802e+01   9.5873173219e-01
4.9266862170e+01   9.5554469385e-01
4.9345063539e+01   9.5260928806e-01
4.9423264907e+01   9.4994838163e-01
4.9501466276e+01   9.4758465015e-01
4.9579667644e+01   9.4554040606e-01
4.9657869013e+01   9.4383737861e-01
4.9736070381e+01   9.4249644124e-01
4.9814271750e+01   9.4153728380e-01
4.9892473118e+01   9.4097802887e-01
4.9970674487e+01   9.4083479471e-01
5.0048875855e+01   9.4112121082e-01
5.0127077224e+01   9.4184789681e-01
5.0205278592e+01   9.4302192004e-01
5.0283479961e+01   9.4464625261e-01
5.0361681329e+01   9.4671925297e-01
5.0439882698e+01   9.4923420130e-01
5.0518084066e+01   9.5217891969e-01
5.0596285435e+01   9.5553550829e-01
5.0674486804e+01   9.5928022582e-01
5.0752688172e+01   9.6338353716e-01
5.0830889541e+01   9.6781034258e-01
5.0909090909e+01   9.7252039278e-01
5.0987292278e+01   9.7746888242e-01
5.1065493646e+01   9.8260720326e-01
5.1143695015e+01   9.8788382753e-01
5.1221896383e+01   9.9324528416e-01
5.1300097752e+01   9.9863718541e-01
5.1378299120e+01   1.0040052598e+00
5.1456500489e+01   1.0092963491e+00
5.1534701857e+01   1.0144593317e+00
5.1612903226e+01   1.0194459426e+00
5.1691104594e+01   1.0242114667e+00
5.1769305963e+01   1.0287152932e+00
5.1847507331e+01   1.0329213259e+00
5.1925708700e+01   1.0367982510e+00
5.2003910068e+01   1.0403196728e+00
5.2082111437e+01   1.0434641285e+00
5.2160312805e+01   1.0462149995e+00
5.2238514174e+01   1.0485603361e+00
5.2316715543e+01   1.0504926143e+00
5.2394916911e+01   1.0520084410e+00
5.2473118280e+01   1.0531082241e+00
5.2551319648e+01   1.0537958223e+00
5.2629521017e+01   1.0540781863e+00
5.2707722385e+01   1.0539650007e+00
5.2785923754e+01   1.0534683374e+00
5.2864125122e+01   1.0526023235e+00
5.2942326491e+01   1.0513828313e+00
5.3020527859e+01   1.0498271914e+00
5.3098729228e+01   1.0479539321e+00
5.3176930596e+01   1.0457825453e+00
5.3255131965e+01   1.0433332800e+00
5.3333333333e+01   1.0406269614e+00
5.3411534702e+01   1.0376848355e+00
5.3489736070e+01   1.0345284385e+00
5.3567937439e+01   1.0311794877e+00
5.3646138807e+01   1.0276597939e+00
5.3724340176e+01   1.0239911923e+00
5.3802541544e+01   1.0201954909e+00
5.3880742913e+01   1.0162944340e+00
5.3958944282e+01   1.0123096796e+00
5.4037145650e+01   1.0082627880e+00
5.4115347019e+01   1.0041752210e+00
5.4193548387e+01   1.0000683489e+00
5.4271749756e+01   9.9596346417e-01
5.4349951124e+01   9.9188180018e-01
5.4428152493e+01   9.8784455187e-01
5.4506353861e+01   9.8387289798e-01
5.4584555230e+01   9.7998802146e-01
5.4662756598e+01   9.7621112632e-01
5.4740957967e+01   9.7256344795e-01
5.4819159335e+01   9.6906625420e-01
5.4897360704e+01   9.6574083396e-01
5.4975562072e+01   9.6260846966e-01
5.5053763441e+01   9.5969038996e-01
5.5131964809e+01   9.5700769842e-01
5.5210166178e+01   9.5458127419e-01
5.5288367546e+01   9.5243164020e-01
5.5366568915e+01   9.5057879525e-01
5.5444770283e+01   9.4904200640e-01
5.5522971652e+01   9.4783955927e-01
5.5601173021e+01   9.4698846531e-01
5.5679374389e+01   9.4650412693e-01
5.5757575758e+01   9.4639996375e-01
5.5835777126e+01   9.4668700668e-01
5.5913978495e+01   9.4737346925e-01
5.5992179863e+01   9.4846430999e-01
5.6070381232e+01   9.4996080258e-01
5.6148582600e+01   9.5186013415e-01
5.6226783969e+01   9.5415505415e-01
5.6304985337e+01   9.5683359730e-01
5.6383186706e+01   9.5987890366e-01
5.6461388074e+01   9.6326915623e-01
5.6539589443e+01   9.6697765211e-01
5.6617790811e+01   9.7097301688e-01
5.6695992180e+01   9.7521956437e-01
5.6774193548e+01   9.7967779541e-01
5.6852394917e+01   9.8430502088e-01
5.6930596285e+01   9.8905608684e-01
5.7008797654e+01   9.9388417348e-01
5.7086999022e+01   9.9874163604e-01
5.7165200391e+01   1.0035808540e+00
5.7243401760e+01   1.0083550564e+00
5.7321603128e+01   1.0130190937e+00
5.7399804497e+01   1.0175301324e+00
5.7478005865e+01   1.0218482524e+00
5.7556207234e+01   1.0259369377e+00
5.7634408602e+01   1.0297634514e+00
5.7712609971e+01   1.0332990980e+00
5.7790811339e+01   1.0365193754e+00
5.7869012708e+01   1.0394040279e+00
5.7947214076e+01   1.0419370089e+00
5.8025415445e+01   1.0441063688e+00
5.8103616813e+01   1.0459040805e+00
5.8181818182e+01   1.0473258163e+00
5.8260019550e+01   1.0483706900e+00
5.8338220919e+01   1.0490409757e+00
5.8416422287e+01   1.0493418127e+00
5.8494623656e+01   1.0492809079e+00
5.8572825024e+01   1.0488682408e+00
5.8651026393e+01   1.0481157785e+00
5.8729227761e+01   1.0470372051e+00
5.8807429130e+01   1.0456476676e+00
5.8885630499e+01   1.0439635431e+00
5.8963831867e+01   1.0420022262e+00
5.9042033236e+01   1.0397819381e+00
5.9120234604e+01   1.0373215587e+00
5.9198435973e+01   1.0346404785e+00
5.9276637341e+01   1.0317584724e+00
5.9354838710e+01   1.0286955922e+00
5.9433040078e+01   1.0254720775e+00
5.9511241447e+01   1.0221082833e+00
5.9589442815e+01   1.0186246229e+00
5.9667644184e+01   1.0150415244e+00
5.9745845552e+01   1.0113793994e+00
5.9824046921e+01   1.0076586224e+00
5.9902248289e+01   1.0038995189e+00
5.9980449658e+01   1.0001223607e+00
6.0058651026e+01   9.9634736692e-01
6.0136852395e+01   9.9259470948e-01
6.0215053763e+01   9.8888451957e-01
6.0293255132e+01   9.8523689518e-01
6.0371456500e+01   9.8167190632e-01
6.0449657869e+01   9.7820959630e-01
6.0527859238e+01   9.7486997641e-01
6.0606060606e+01   9.7167301152e-01
6.0684261975e+01   9.6863859374e-01
6.0762463343e+01   9.6578650110e-01
6.0840664712e+01   9.6313633823e-01
6.0918866080e+01   9.6070745557e-01
6.0997067449e+01   9.5851884409e-01
6.1075268817e+01   9.5658900235e-01
6.1153470186e+01   9.5493577335e-01
6.1231671554e+01   9.5357614907e-01
6.1309872923e+01   9.5252604167e-01
6.1388074291e+01   9.5180002175e-01
6.1466275660e+01   9.5141102540e-01
6.1544477028e+01   9.5137003439e-01
6.1622678397e+01   9.5168573559e-01
6.1700879765e+01   9.5236416890e-01
6.1779081134e+01   9.5340837525e-01
6.1857282502e+01   9.5481805881e-01
6.1935483871e+01   9.5658927962e-01
6.2013685239e+01   9.5871419413e-01
6.2091886608e+01   9.6118086151e-01
6.2170087977e+01   9.6397313256e-01
6.2248289345e+01   9.6707063574e-01
6.2326490714e+01   9.7044887140e-01
6.2404692082e+01   9.7407941992e-01
6.2482893451e+01   9.7793026432e-01
6.2561094819e+01   9.8196622108e-01
6.2639296188e+01   9.8614946729e-01
6.2717497556e+01   9.9044014659e-01
6.2795698925e+01   9.9479703196e-01
6.2873900293e+01   9.9917822112e-01
6.2952101662e+01   1.0035418386e+00
6.3030303030e+01   1.0078467198e+00
6.3108504399e+01   1.0120530542e+00
6.3186705767e+01   1.0161229687e+00
6.3264907136e+01   1.0200210356e+00
6.3343108504e+01   1.0237146956e+00
6.3421309873e+01   1.0271745906e+00
6.3499511241e+01   1.0303748036e+00
6.3577712610e+01   1.0332930110e+00
6.3655913978e+01   1.0359105507e+00
6.3734115347e+01   1.0382124164e+00
6.3812316716e+01   1.0401871862e+00
6.3890518084e+01   1.0418268971e+00
6.3968719453e+01   1.0431268752e+00
6.4046920821e+01   1.0440855340e+00
6.4125122190e+01   1.0447041472e+00
6.4203323558e+01   1.0449866087e+00
6.4281524927e+01   1.0449391847e+00
6.4359726295e+01   1.0445702649e+00
6.4437927664e+01   1.0438901202e+00
6.4516129032e+01   1.0429106680e+00
6.4594330401e+01   1.0416452515e+00
6.4672531769e+01   1.0401084325e+00
6.4750733138e+01   1.0383158024e+00
6.4828934506e+01   1.0362838093e+00
6.4907135875e+01   1.0340296037e+00
6.4985337243e+01   1.0315709012e+00
6.5063538612e+01   1.0289258636e+00
6.5141739980e+01   1.0261129953e+00
6.5219941349e+01   1.0231510563e+00
6.5298142717e+01   1.0200589887e+00
6.5376344086e+01   1.0168558577e+00
6.5454545455e+01   1.0135608032e+00
6.5532746823e+01   1.0101930031e+00
6.5610948192e+01   1.0067716454e+00
6.5689149560e+01   1.0033159077e+00
6.5767350929e+01   9.9984494315e-01
6.5845552297e+01   9.9637787175e-01
6.5923753666e+01   9.9293377350e-01
6.6001955034e+01   9.8953168387e-01
6.6080156403e+01   9.8619058839e-01
6.6158357771e+01   9.8292941506e-01
6.6236559140e+01   9.7976702240e-01
6.6314760508e+01   9.7672218089e-01
6.6392961877e+01   9.7381354568e-01
6.6471163245e+01   9.7105961801e-01
6.6549364614e+01   9.6847869287e-01
6.6627565982e+01   9.6608879034e-01
6.6705767351e+01   9.6390756813e-01
6.6783968719e+01   9.6195221286e-01
6.6862170088e+01   9.6023930807e-01
6.6940371457e+01   9.5878467730e-01
6.7018572825e+01   9.5760320129e-01
6.7096774194e+01   9.5670860939e-01
6.7174975562e+01   9.5611324623e-01
6.7253176931e+01   9.5582781642e-01
6.7331378299e+01   9.5586111165e-01
6.7409579668e+01   9.5621972624e-01
6.7487781036e+01   9.5690776956e-01
6.7565982405e+01   9.5792658524e-01
6.7644183773e+01   9.5927448884e-01
6.7722385142e+01   9.6094653721e-01
6.7800586510e+01   9.6293434285e-01
6.7878787879e+01   9.6522594679e-01
6.7956989247e+01   9.6780576240e-01
6.8035190616e+01   9.7065460002e-01
6.8113391984e+01   9.7374977980e-01
6.8191593353e+01   9.7706533584e-01
6.8269794721e+01   9.8057231054e-01
6.8347996090e+01   9.8423913337e-01
6.8426197458e+01   9.8803207388e-01
6.8504398827e+01   9.9191575477e-01
6.8582600196e+01   9.9585370786e-01
6.8660801564e+01   9.9980895395e-01
6.8739002933e+01   1.0037445866e+00
6.8817204301e+01   1.0076243410e+00
6.8895405670e+01   1.0114131293e+00
6.8973607038e+01   1.0150775295e+00
6.9051808407e+01   1.0185862132e+00
6.9130009775e+01   1.0219103061e+00
6.9208211144e+01   1.0250236764e+00
6.9286412512e+01   1.0279031476e+00
6.9364613881e+01   1.0305286402e+00
6.9442815249e+01   1.0328832446e+00
6.9521016618e+01   1.0349532312e+00
6.9599217986e+01   1.0367280060e+00
6.9677419355e+01   1.0382000193e+00
6.9755620723e+01   1.0393646354e+00
6.9833822092e+01   1.0402199727e+00
6.9912023460e+01   1.0407667216e+00
6.9990224829e+01   1.0410079468e+00
7.0068426197e+01   1.0409488818e+00
7.0146627566e+01   1.0405967203e+00
7.0224828935e+01   1.0399604098e+00
7.0303030303e+01   1.0390504503e+00
7.0381231672e+01   1.0378787026e+00
7.0459433040e+01   1.0364582074e+00
7.0537634409e+01   1.0348030173e+00
7.0615835777e+01   1.0329280423e+00
7.0694037146e+01   1.0308489100e+00
7.0772238514e+01   1.0285818407e+00
7.0850439883e+01   1.0261435356e+00
7.0928641251e+01   1.0235510805e+00
7.1006842620e+01   1.0208218613e+00
7.1085043988e+01   1.0179734924e+00
7.1163245357e+01   1.0150237570e+00
7.1241446725e+01   1.0119905560e+00
7.1319648094e+01   1.0088918680e+00
7.1397849462e+01   1.0057457157e+00
7.1476050831e+01   1.0025701391e+00
7.1554252199e+01   9.9938317430e-01
7.1632453568e+01   9.9620283564e-01
7.1710654936e+01   9.9304710020e-01
7.1788856305e+01   9.8993389301e-01
7.1867057674e+01   9.8688107126e-01
7.1945259042e+01   9.8390640584e-01
7.2023460411e+01   9.8102755837e-01
7.2101661779e+01   9.7826205185e-01
7.2179863148e+01   9.7562723280e-01
7.2258064516e+01   9.7314022309e-01
7.2336265885e+01   9.7081785919e-01
7.2414467253e+01   9.6867661696e-01
7.2492668622e+01   9.6673252008e-01
7.2570869990e+01   9.6500103042e-01
7.2649071359e+01   9.6349691908e-01
7.2727272727e+01   9.6223411735e-01
7.2805474096e+01   9.6122554738e-01
7.2883675464e+01   9.6048293339e-01
7.2961876833e+01   9.6001659522e-01
7.3040078201e+01   9.5983522726e-01
7.3118279570e+01   9.5994566717e-01
7.3196480938e+01   9.6035266020e-01
7.3274682307e+01   9.6105862650e-01
7.3352883675e+01   9.6206343993e-01
7.3431085044e+01   9.6336422810e-01
7.3509286413e+01   9.6495520386e-01
7.3587487781e+01   9.6682753887e-01
7.3665689150e+01   9.6896928912e-01
7.3743890518e+01   9.7136538120e-01
7.3822091887e+01   9.7399766632e-01
7.3900293255e+01   9.7684504633e-01
7.3978494624e+01   9.7988367312e-01
7.4056695992e+01   9.8308721922e-01
7.4134897361e+01   9.8642721419e-01
7.4213098729e+01   9.8987343790e-01
7.4291300098e+01   9.9339435916e-01
7.4369501466e+01   9.9695760601e-01
7.4447702835e+01   1.0005304526e+00
7.4525904203e+01   1.0040803071e+00
7.4604105572e+01   1.0075751863e+00
7.4682306940e+01   1.0109841625e+00
7.4760508309e+01   1.0142777714e+00
7.4838709677e+01   1.0174283718e+00
7.4916911046e+01   1.0204104504e+00
7.4995112414e+01   1.0232008676e+00
7.5073313783e+01   1.0257790434e+00
7.5151515152e+01   1.0281270836e+00
7.5229716520e+01   1.0302298505e+00
7.5307917889e+01   1.0320749808e+00
7.5386119257e+01   1.0336528583e+00
7.5464320626e+01   1.0349565463e+00
7.5542521994e+01   1.0359816858e+00
7.5620723363e+01   1.0367263690e+00
7.5698924731e+01   1.0371909904e+00
7.5777126100e+01   1.0373780849e+00
7.5855327468e+01   1.0372921568e+00
7.5933528837e+01   1.0369395043e+00
7.6011730205e+01   1.0363280442e+00
7.6089931574e+01   1.0354671397e+00
7.6168132942e+01   1.0343674349e+00
7.6246334311e+01   1.0330406966e+00
7.6324535679e+01   1.0314996666e+00
7.6402737048e+01   1.0297579245e+00
7.6480938416e+01   1.0278297624e+00
7.6559139785e+01   1.0257300709e+00
7.6637341153e+01   1.0234742369e+00
7.6715542522e+01   1.0210780539e+00
7.6793743891e+01   1.0185576417e+00
7.6871945259e+01   1.0159293776e+00
7.6950146628e+01   1.0132098367e+00
7.7028347996e+01   1.0104157409e+00
7.7106549365e+01   1.0075639155e+00
7.7184750733e+01   1.0046712523e+00
7.7262952102e+01   1.0017546778e+00
7.7341153470e+01   9.9883112639e-01
7.7419354839e+01   9.9591751495e-01
7.7497556207e+01   9.9303072041e-01
7.7575757576e+01   9.9018755651e-01
7.7653958944e+01   9.8740474940e-01
7.7732160313e+01   9.8469891033e-01
7.7810361681e+01   9.8208650377e-01
7.7888563050e+01   9.7958380932e-01
7.7966764418e+01   9.7720687581e-01
7.8044965787e+01   9.7497146579e-01
7.8123167155e+01   9.7289298897e-01
7.8201368524e+01   9.7098642297e-01
7.8279569892e+01   9.6926622007e-01
7.8357771261e+01   9.6774619898e-01
7.8435972630e+01   9.6643942090e-01
7.8514173998e+01   9.6535804974e-01
7.8592375367e+01   9.6451319705e-01
7.8670576735e+01   9.6391475283e-01
7.8748778104e+01   9.6357120448e-01
7.8826979472e+01   9.6348944718e-01
7.8905180841e+01   9.6367458969e-01
7.8983382209e+01   9.6412976130e-01
7.9061583578e+01   9.6485592602e-01
7.9139784946e+01   9.6585171142e-01
7.9217986315e+01   9.6711325994e-01
7.9296187683e+01   9.6863411079e-01
7.9374389052e+01   9.7040512047e-01
7.9452590420e+01   9.7241442919e-01
7.9530791789e+01   9.7464747938e-01
7.9608993157e+01   9.7708709078e-01
7.9687194526e+01   9.7971359444e-01
7.9765395894e+01   9.8250502572e-01
7.9843597263e+01   9.8543737340e-01
7.9921798631e+01   9.8848487996e-01
8.0000000000e+01   9.9162038519e-01
8.0000000000e+01   9.9162038519e-01
