X    Y
0.0000000000e+00   5.0000000000e-01
7.8201368524e-02   5.1953187205e-01
1.5640273705e-01   5.3894860564e-01
2.3460410557e-01   5.5812315571e-01
3.1280547410e-01   5.7691559743e-01
3.9100684262e-01   5.9517359037e-01
4.6920821114e-01   6.1273329259e-01
5.4740957967e-01   6.2942080421e-01
6.2561094819e-01   6.4505421466e-01
7.0381231672e-01   6.5944631438e-01
7.8201368524e-01   6.7240800943e-01
8.6021505376e-01   6.8375244376e-01
9.3841642229e-01   6.9329978877e-01
1.0166177908e+00   7.0088260367e-01
1.0948191593e+00   7.0635160550e-01
1.1730205279e+00   7.0958161877e-01
1.2512218964e+00   7.1047740880e-01
1.3294232649e+00   7.0897904879e-01
1.4076246334e+00   7.0506643826e-01
1.4858260020e+00   6.9876259012e-01
1.5640273705e+00   6.9013534238e-01
1.6422287390e+00   6.7929723179e-01
1.7204301075e+00   6.6640338780e-01
1.7986314761e+00   6.5164745560e-01
1.8768328446e+00   6.3525572119e-01
1.9550342131e+00   6.1747976813e-01
2.0332355816e+00   5.9858812410e-01
2.1114369501e+00   5.7885743699e-01
2.1896383187e+00   5.5856374504e-01
2.2678396872e+00   5.3797436995e-01
2.3460410557e+00   5.1734087498e-01
2.4242424242e+00   4.9689340552e-01
2.5024437928e+00   4.7683658730e-01
2.5806451613e+00   4.5734701635e-01
2.6588465298e+00   4.3857225161e-01
2.7370478983e+00   4.2063112714e-01
2.8152492669e+00   4.0361514063e-01
2.8934506354e+00   3.8759064846e-01
2.9716520039e+00   3.7260159961e-01
3.0498533724e+00   3.5867256458e-01
3.1280547410e+00   3.4581185319e-01
3.2062561095e+00   3.3401455865e-01
3.2844574780e+00   3.2326541048e-01
3.3626588465e+00   3.1354135912e-01
3.4408602151e+00   3.0481385063e-01
3.5190615836e+00   2.9705077696e-01
3.5972629521e+00   2.9021810820e-01
3.6754643206e+00   2.8428122716e-01
3.7536656891e+00   2.7920599499e-01
3.8318670577e+00   2.7495958129e-01
3.9100684262e+00   2.7151109264e-01
3.9882697947e+00   2.6883203286e-01
4.0664711632e+00   2.6689662538e-01
4.1446725318e+00   2.6568202522e-01
4.2228739003e+00   2.6516844393e-01
4.3010752688e+00   2.6533920767e-01
4.3792766373e+00   2.6618076502e-01
4.4574780059e+00   2.6768265777e-01
4.5356793744e+00   2.6983746561e-01
4.6138807429e+00   2.7264073284e-01
4.6920821114e+00   2.7609088354e-01
4.7702834800e+00   2.8018912957e-01
4.8484848485e+00   2.8493937478e-01
4.9266862170e+00   2.9034811723e-01
5.0048875855e+00   2.9642435057e-01
5.0830889541e+00   3.0317946468e-01
5.1612903226e+00   3.1062714509e-01
5.2394916911e+00   3.1878327007e-01
5.3176930596e+00   3.2766580384e-01
5.3958944282e+00   3.3729468366e-01
5.4740957967e+00   3.4769169815e-01
5.5522971652e+00   3.5888035398e-01
5.6304985337e+00   3.7088572700e-01
5.7086999022e+00   3.8373429405e-01
5.7869012708e+00   3.9745374044e-01
5.8651026393e+00   4.1207273805e-01
5.9433040078e+00   4.2762068784e-01
6.0215053763e+00   4.4412742010e-01
6.0997067449e+00   4.6162284485e-01
6.1779081134e+00   4.8013654370e-01
6.2561094819e+00   4.9969729372e-01
6.3343108504e+00   5.2033251267e-01
6.4125122190e+00   5.4206761369e-01
6.4907135875e+00   5.6492525656e-01
6.5689149560e+00   5.8892448132e-01
6.6471163245e+00   6.1407970899e-01
6.7253176931e+00   6.4039959321e-01
6.8035190616e+00   6.6788570579e-01
6.8817204301e+00   6.9653103936e-01
6.9599217986e+00   7.2631831029e-01
7.0381231672e+00   7.5721804720e-01
7.1163245357e+00   7.8918645299e-01
7.1945259042e+00   8.2216303354e-01
7.2727272727e+00   8.5606799416e-01
7.3509286413e+00   8.9079941594e-01
7.4291300098e+00   9.2623024036e-01
7.5073313783e+00   9.6220511218e-01
7.5855327468e+00   9.9853715935e-01
7.6637341153e+00   1.0350048257e+00
7.7419354839e+00   1.0713489185e+00
7.8201368524e+00   1.1072700882e+00
7.8983382209e+00   1.1424270241e+00
7.9765395894e+00   1.1764357171e+00
8.0547409580e+00   1.2088702169e+00
8.1329423265e+00   1.2392653720e+00
8.2111436950e+00   1.2671220833e+00
8.2893450635e+00   1.2919156048e+00
8.3675464321e+00   1.3131073601e+00
8.4457478006e+00   1.3301605908e+00
8.5239491691e+00   1.3425598838e+00
8.6021505376e+00   1.3498342270e+00
8.6803519062e+00   1.3515827257e+00
8.7585532747e+00   1.3475015068e+00
8.8367546432e+00   1.3374097366e+00
8.9149560117e+00   1.3212721851e+00
8.9931573803e+00   1.2992155420e+00
9.0713587488e+00   1.2715358572e+00
9.1495601173e+00   1.2386951256e+00
9.2277614858e+00   1.2013061519e+00
9.3059628543e+00   1.1601062688e+00
9.3841642229e+00   1.1159219888e+00
9.4623655914e+00   1.0696279392e+00
9.5405669599e+00   1.0221041773e+00
9.6187683284e+00   9.7419604501e-01
9.6969696970e+00   9.2668011811e-01
9.7751710655e+00   8.8023868920e-01
9.8533724340e+00   8.3544388162e-01
9.9315738025e+00   7.9275119699e-01
1.0009775171e+01   7.5250128255e-01
1.0087976540e+01   7.1492807747e-01
1.0166177908e+01   6.8017126848e-01
1.0244379277e+01   6.4829108280e-01
1.0322580645e+01   6.1928375804e-01
1.0400782014e+01   5.9309644165e-01
1.0478983382e+01   5.6964069498e-01
1.0557184751e+01   5.4880414893e-01
1.0635386119e+01   5.3046015012e-01
1.0713587488e+01   5.1447544276e-01
1.0791788856e+01   5.0071605953e-01
1.0869990225e+01   4.8905166180e-01
1.0948191593e+01   4.7935859091e-01
1.1026392962e+01   4.7152188467e-01
1.1104594330e+01   4.6543648896e-01
1.1182795699e+01   4.6100786129e-01
1.1260997067e+01   4.5815212911e-01
1.1339198436e+01   4.5679593277e-01
1.1417399804e+01   4.5687605380e-01
1.1495601173e+01   4.5833890460e-01
1.1573802542e+01   4.6113993521e-01
1.1652003910e+01   4.6524299667e-01
1.1730205279e+01   4.7061968754e-01
1.1808406647e+01   4.7724870071e-01
1.1886608016e+01   4.8511517971e-01
1.1964809384e+01   4.9421008853e-01
1.2043010753e+01   5.0452959460e-01
1.2121212121e+01   5.1607446112e-01
1.2199413490e+01   5.2884944313e-01
1.2277614858e+01   5.4286267919e-01
1.2355816227e+01   5.5812506931e-01
1.2434017595e+01   5.7464962865e-01
1.2512218964e+01   5.9245080466e-01
1.2590420332e+01   6.1154374506e-01
1.2668621701e+01   6.3194350215e-01
1.2746823069e+01   6.5366415833e-01
1.2825024438e+01   6.7671785631e-01
1.2903225806e+01   7.0111371643e-01
1.2981427175e+01   7.2685662251e-01
1.3059628543e+01   7.5394585686e-01
1.3137829912e+01   7.8237356426e-01
1.3216031281e+01   8.1212302514e-01
1.3294232649e+01   8.4316671855e-01
1.3372434018e+01   8.7546415780e-01
1.3450635386e+01   9.0895948499e-01
1.3528836755e+01   9.4357881683e-01
1.3607038123e+01   9.7922734282e-01
1.3685239492e+01   1.0157861904e+00
1.3763440860e+01   1.0531090893e+00
1.3841642229e+01   1.0910188935e+00
1.3919843597e+01   1.1293040508e+00
1.3998044966e+01   1.1677151529e+00
1.4076246334e+01   1.2059617534e+00
1.4154447703e+01   1.2437097017e+00
1.4232649071e+01   1.2805793190e+00
1.4310850440e+01   1.3161448176e+00
1.4389051808e+01   1.3499354515e+00
1.4467253177e+01   1.3814389504e+00
1.4545454545e+01   1.4101078357e+00
1.4623655914e+01   1.4353692082e+00
1.4701857283e+01   1.4566385100e+00
1.4780058651e+01   1.4733375711e+00
1.4858260020e+01   1.4849169214e+00
1.4936461388e+01   1.4908818689e+00
1.5014662757e+01   1.4908212382e+00
1.5092864125e+01   1.4844369676e+00
1.5171065494e+01   1.4715720955e+00
1.5249266862e+01   1.4522341644e+00
1.5327468231e+01   1.4266109075e+00
1.5405669599e+01   1.3950754020e+00
1.5483870968e+01   1.3581787580e+00
1.5562072336e+01   1.3166297930e+00
1.5640273705e+01   1.2712628281e+00
1.5718475073e+01   1.2229964094e+00
1.5796676442e+01   1.1727870399e+00
1.5874877810e+01   1.1215826240e+00
1.5953079179e+01   1.0702801386e+00
1.6031280547e+01   1.0196911407e+00
1.6109481916e+01   9.7051733149e-01
1.6187683284e+01   9.2333686593e-01
1.6265884653e+01   8.7860072770e-01
1.6344086022e+01   8.3663749565e-01
1.6422287390e+01   7.9766430044e-01
1.6500488759e+01   7.6180166849e-01
1.6578690127e+01   7.2909017305e-01
1.6656891496e+01   6.9950722386e-01
1.6735092864e+01   6.7298280540e-01
1.6813294233e+01   6.4941342989e-01
1.6891495601e+01   6.2867395161e-01
1.6969696970e+01   6.1062717345e-01
1.7047898338e+01   5.9513136649e-01
1.7126099707e+01   5.8204593356e-01
1.7204301075e+01   5.7123549664e-01
1.7282502444e+01   5.6257269548e-01
1.7360703812e+01   5.5593996589e-01
1.7438905181e+01   5.5123053383e-01
1.7517106549e+01   5.4834882376e-01
1.7595307918e+01   5.4721044177e-01
1.7673509286e+01   5.4774186001e-01
1.7751710655e+01   5.4987989841e-01
1.7829912023e+01   5.5357107519e-01
1.7908113392e+01   5.5877087718e-01
1.7986314761e+01   5.6544298495e-01
1.8064516129e+01   5.7355847521e-01
1.8142717498e+01   5.8309501368e-01
1.8220918866e+01   5.9403604379e-01
1.8299120235e+01   6.0636997157e-01
1.8377321603e+01   6.2008934255e-01
1.8455522972e+01   6.3519000352e-01
1.8533724340e+01   6.5167023929e-01
1.8611925709e+01   6.6952987288e-01
1.8690127077e+01   6.8876931566e-01
1.8768328446e+01   7.0938855297e-01
1.8846529814e+01   7.3138604932e-01
1.8924731183e+01   7.5475755652e-01
1.9002932551e+01   7.7949480740e-01
1.9081133920e+01   8.0558407758e-01
1.9159335288e+01   8.3300459753e-01
1.9237536657e+01   8.6172679834e-01
1.9315738025e+01   8.9171037624e-01
1.9393939394e+01   9.2290216369e-01
1.9472140762e+01   9.5523380005e-01
1.9550342131e+01   9.8861920167e-01
1.9628543500e+01   1.0229518416e+00
1.9706744868e+01   1.0581018631e+00
1.9784946237e+01   1.0939130708e+00
1.9863147605e+01   1.1301998671e+00
1.9941348974e+01   1.1667442350e+00
2.0019550342e+01   1.2032929067e+00
2.0097751711e+01   1.2395549075e+00
2.0175953079e+01   1.2751997172e+00
2.0254154448e+01   1.3098563560e+00
2.0332355816e+01   1.3431137627e+00
2.0410557185e+01   1.3745228918e+00
2.0488758553e+01   1.4036009987e+00
2.0566959922e+01   1.4298385926e+00
2.0645161290e+01   1.4527094969e+00
2.0723362659e+01   1.4716843483e+00
2.0801564027e+01   1.4862476587e+00
2.0879765396e+01   1.4959182536e+00
2.0957966764e+01   1.5002724798e+00
2.1036168133e+01   1.4989690658e+00
2.1114369501e+01   1.4917739821e+00
2.1192570870e+01   1.4785831647e+00
2.1270772239e+01   1.4594406573e+00
2.1348973607e+01   1.4345497126e+00
2.1427174976e+01   1.4042747675e+00
2.1505376344e+01   1.3691329991e+00
2.1583577713e+01   1.3297753086e+00
2.1661779081e+01   1.2869578943e+00
2.1739980450e+01   1.2415068271e+00
2.1818181818e+01   1.1942789594e+00
2.1896383187e+01   1.1461229023e+00
2.1974584555e+01   1.0978436067e+00
2.2052785924e+01   1.0501733594e+00
2.2130987292e+01   1.0037509391e+00
2.2209188661e+01   9.5910949819e-01
2.2287390029e+01   9.1667268776e-01
2.2365591398e+01   8.7675776073e-01
2.2443792766e+01   8.3958395262e-01
2.2521994135e+01   8.0528432570e-01
2.2600195503e+01   7.7391939952e-01
2.2678396872e+01   7.4549118448e-01
2.2756598240e+01   7.1995659467e-01
2.2834799609e+01   6.9723957096e-01
2.2913000978e+01   6.7724155289e-01
2.2991202346e+01   6.5985017651e-01
2.3069403715e+01   6.4494624307e-01
2.3147605083e+01   6.3240910851e-01
2.3225806452e+01   6.2212069769e-01
2.3304007820e+01   6.1396836590e-01
2.3382209189e+01   6.0784682394e-01
2.3460410557e+01   6.0365932353e-01
2.3538611926e+01   6.0131827275e-01
2.3616813294e+01   6.0074542264e-01
2.3695014663e+01   6.0187173860e-01
2.3773216031e+01   6.0463704544e-01
2.3851417400e+01   6.0898951328e-01
2.3929618768e+01   6.1488503411e-01
2.4007820137e+01   6.2228652393e-01
2.4086021505e+01   6.3116317409e-01
2.4164222874e+01   6.4148966609e-01
2.4242424242e+01   6.5324535721e-01
2.4320625611e+01   6.6641343866e-01
2.4398826979e+01   6.8098006377e-01
2.4477028348e+01   6.9693344050e-01
2.4555229717e+01   7.1426287981e-01
2.4633431085e+01   7.3295778985e-01
2.4711632454e+01   7.5300660409e-01
2.4789833822e+01   7.7439563074e-01
2.4868035191e+01   7.9710781006e-01
2.4946236559e+01   8.2112136604e-01
2.5024437928e+01   8.4640833923e-01
2.5102639296e+01   8.7293298869e-01
2.5180840665e+01   9.0065005286e-01
2.5259042033e+01   9.2950286230e-01
2.5337243402e+01   9.5942130210e-01
2.5415444770e+01   9.9031962807e-01
2.5493646139e+01   1.0220941504e+00
2.5571847507e+01   1.0546208102e+00
2.5650048876e+01   1.0877526912e+00
2.5728250244e+01   1.1213175284e+00
2.5806451613e+01   1.1551153013e+00
2.5884652981e+01   1.1889160317e+00
2.5962854350e+01   1.2224579396e+00
2.6041055718e+01   1.2554461550e+00
2.6119257087e+01   1.2875522250e+00
2.6197458456e+01   1.3184147011e+00
2.6275659824e+01   1.3476411287e+00
2.6353861193e+01   1.3748117845e+00
2.6432062561e+01   1.3994855114e+00
2.6510263930e+01   1.4212079604e+00
2.6588465298e+01   1.4395224657e+00
2.6666666667e+01   1.4539836263e+00
2.6744868035e+01   1.4641734447e+00
2.6823069404e+01   1.4697195781e+00
2.6901270772e+01   1.4703149016e+00
2.6979472141e+01   1.4657372117e+00
2.7057673509e+01   1.4558675550e+00
2.7135874878e+01   1.4407054308e+00
2.7214076246e+01   1.4203790727e+00
2.7292277615e+01   1.3951492090e+00
2.7370478983e+01   1.3654051859e+00
2.7448680352e+01   1.3316530667e+00
2.7526881720e+01   1.2944962074e+00
2.7605083089e+01   1.2546097146e+00
2.7683284457e+01   1.2127109380e+00
2.7761485826e+01   1.1695286011e+00
2.7839687195e+01   1.1257732385e+00
2.7917888563e+01   1.0821112891e+00
2.7996089932e+01   1.0391445728e+00
2.8074291300e+01   9.9739609596e-01
2.8152492669e+01   9.5730233308e-01
2.8230694037e+01   9.1921146126e-01
2.8308895406e+01   8.8338654606e-01
2.8387096774e+01   8.5001243279e-01
2.8465298143e+01   8.1920505376e-01
2.8543499511e+01   7.9102197547e-01
2.8621700880e+01   7.6547321725e-01
2.8699902248e+01   7.4253161897e-01
2.8778103617e+01   7.2214227738e-01
2.8856304985e+01   7.0423078112e-01
2.8934506354e+01   6.8871014078e-01
2.9012707722e+01   6.7548642972e-01
2.9090909091e+01   6.6446322895e-01
2.9169110459e+01   6.5554501284e-01
2.9247311828e+01   6.4863962949e-01
2.9325513196e+01   6.4366003046e-01
2.9403714565e+01   6.4052539288e-01
2.9481915934e+01   6.3916176083e-01
2.9560117302e+01   6.3950231331e-01
2.9638318671e+01   6.4148734726e-01
2.9716520039e+01   6.4506404596e-01
2.9794721408e+01   6.5018608765e-01
2.9872922776e+01   6.5681313526e-01
2.9951124145e+01   6.6491023722e-01
3.0029325513e+01   6.7444715977e-01
3.0107526882e+01   6.8539766385e-01
3.0185728250e+01   6.9773873371e-01
3.0263929619e+01   7.1144975966e-01
3.0342130987e+01   7.2651167365e-01
3.0420332356e+01   7.4290603378e-01
3.0498533724e+01   7.6061405137e-01
3.0576735093e+01   7.7961555325e-01
3.0654936461e+01   7.9988787028e-01
3.0733137830e+01   8.2140464341e-01
3.0811339198e+01   8.4413453828e-01
3.0889540567e+01   8.6803986035e-01
3.0967741935e+01   8.9307506420e-01
3.1045943304e+01   9.1918515325e-01
3.1124144673e+01   9.4630396985e-01
3.1202346041e+01   9.7435238122e-01
3.1280547410e+01   1.0032363737e+00
3.1358748778e+01   1.0328450774e+00
3.1436950147e+01   1.0630487552e+00
3.1515151515e+01   1.0936968057e+00
3.1593352884e+01   1.1246158479e+00
3.1671554252e+01   1.1556079769e+00
3.1749755621e+01   1.1864493088e+00
3.1827956989e+01   1.2168889556e+00
3.1906158358e+01   1.2466486087e+00
3.1984359726e+01   1.2754229325e+00
3.2062561095e+01   1.3028810001e+00
3.2140762463e+01   1.3286690175e+00
3.2218963832e+01   1.3524145864e+00
3.2297165200e+01   1.3737327302e+00
3.2375366569e+01   1.3922338605e+00
3.2453567937e+01   1.4075337589e+00
3.2531769306e+01   1.4192655169e+00
3.2609970674e+01   1.4270931802e+00
3.2688172043e+01   1.4307266198e+00
3.2766373412e+01   1.4299368968e+00
3.2844574780e+01   1.4245711416e+00
3.2922776149e+01   1.4145657733e+00
3.3000977517e+01   1.3999567834e+00
3.3079178886e+01   1.3808858532e+00
3.3157380254e+01   1.3576012908e+00
3.3235581623e+01   1.3304531703e+00
3.3313782991e+01   1.2998825944e+00
3.3391984360e+01   1.2664056184e+00
3.3470185728e+01   1.2305929620e+00
3.3548387097e+01   1.1930471065e+00
3.3626588465e+01   1.1543786322e+00
3.3704789834e+01   1.1151836567e+00
3.3782991202e+01   1.0760240025e+00
3.3861192571e+01   1.0374112934e+00
3.3939393939e+01   9.9979565507e-01
3.4017595308e+01   9.6355916031e-01
3.4095796676e+01   9.2901369763e-01
3.4173998045e+01   8.9640260761e-01
3.4252199413e+01   8.6590523884e-01
3.4330400782e+01   8.3764352117e-01
3.4408602151e+01   8.1168970557e-01
3.4486803519e+01   7.8807454352e-01
3.4565004888e+01   7.6679533714e-01
3.4643206256e+01   7.4782345598e-01
3.4721407625e+01   7.3111106706e-01
3.4799608993e+01   7.1659694938e-01
3.4877810362e+01   7.0421136025e-01
3.4956011730e+01   6.9387998696e-01
3.5034213099e+01   6.8552706005e-01
3.5112414467e+01   6.7907772638e-01
3.5190615836e+01   6.7445978810e-01
3.5268817204e+01   6.7160491202e-01
3.5347018573e+01   6.7044940513e-01
3.5425219941e+01   6.7093464113e-01
3.5503421310e+01   6.7300720985e-01
3.5581622678e+01   6.7661884893e-01
3.5659824047e+01   6.8172620532e-01
3.5738025415e+01   6.8829046365e-01
3.5816226784e+01   6.9627686933e-01
3.5894428152e+01   7.0565416669e-01
3.5972629521e+01   7.1639396594e-01
3.6050830890e+01   7.2847004779e-01
3.6129032258e+01   7.4185760994e-01
3.6207233627e+01   7.5653245712e-01
3.6285434995e+01   7.7247013308e-01
3.6363636364e+01   7.8964499175e-01
3.6441837732e+01   8.0802920329e-01
3.6520039101e+01   8.2759169029e-01
3.6598240469e+01   8.4829698938e-01
3.6676441838e+01   8.7010403424e-01
3.6754643206e+01   8.9296485751e-01
3.6832844575e+01   9.1682321131e-01
3.6911045943e+01   9.4161310954e-01
3.6989247312e+01   9.6725729981e-01
3.7067448680e+01   9.9366567878e-01
3.7145650049e+01   1.0207336726e+00
3.7223851417e+01   1.0483406141e+00
3.7302052786e+01   1.0763481598e+00
3.7380254154e+01   1.1045988055e+00
3.7458455523e+01   1.1329145733e+00
3.7536656891e+01   1.1610959655e+00
3.7614858260e+01   1.1889212979e+00
3.7693059629e+01   1.2161465464e+00
3.7771260997e+01   1.2425058634e+00
3.7849462366e+01   1.2677129314e+00
3.7927663734e+01   1.2914633339e+00
3.8005865103e+01   1.3134381192e+00
3.8084066471e+01   1.3333087114e+00
3.8162267840e+01   1.3507432839e+00
3.8240469208e+01   1.3654146386e+00
3.8318670577e+01   1.3770095346e+00
3.8396871945e+01   1.3852392806e+00
3.8475073314e+01   1.3898512457e+00
3.8553274682e+01   1.3906407729e+00
3.8631476051e+01   1.3874628125e+00
3.8709677419e+01   1.3802424542e+00
3.8787878788e+01   1.3689834588e+00
3.8866080156e+01   1.3537739042e+00
3.8944281525e+01   1.3347881796e+00
3.9022482893e+01   1.3122848026e+00
3.9100684262e+01   1.2865998723e+00
3.9178885630e+01   1.2581363773e+00
3.9257086999e+01   1.2273499906e+00
3.9335288368e+01   1.1947323422e+00
3.9413489736e+01   1.1607930066e+00
3.9491691105e+01   1.1260415331e+00
3.9569892473e+01   1.0909707769e+00
3.9648093842e+01   1.0560425740e+00
3.9726295210e+01   1.0216764809e+00
3.9804496579e+01   9.8824194451e-01
3.9882697947e+01   9.5605391306e-01
3.9960899316e+01   9.2537160929e-01
4.0039100684e+01   8.9639998029e-01
4.0117302053e+01   8.6929322330e-01
4.0195503421e+01   8.4415975869e-01
4.0273704790e+01   8.2106805888e-01
4.0351906158e+01   8.0005282448e-01
4.0430107527e+01   7.8112110415e-01
4.0508308895e+01   7.6425806412e-01
4.0586510264e+01   7.4943221529e-01
4.0664711632e+01   7.3659999180e-01
4.0742913001e+01   7.2570964289e-01
4.0821114370e+01   7.1670444870e-01
4.0899315738e+01   7.0952530341e-01
4.0977517107e+01   7.0411272810e-01
4.1055718475e+01   7.0040838445e-01
4.1133919844e+01   6.9835616138e-01
4.1212121212e+01   6.9790290348e-01
4.1290322581e+01   6.9899884306e-01
4.1368523949e+01   7.0159779004e-01
4.1446725318e+01   7.0565712509e-01
4.1524926686e+01   7.1113763356e-01
4.1603128055e+01   7.1800320982e-01
4.1681329423e+01   7.2622045519e-01
4.1759530792e+01   7.3575818678e-01
4.1837732160e+01   7.4658686931e-01
4.1915933529e+01   7.5867797867e-01
4.1994134897e+01   7.7200330181e-01
4.2072336266e+01   7.8653417589e-01
4.2150537634e+01   8.0224066721e-01
4.2228739003e+01   8.1909068942e-01
4.2306940371e+01   8.3704905992e-01
4.2385141740e+01   8.5607649330e-01
4.2463343109e+01   8.7612853126e-01
4.2541544477e+01   8.9715441006e-01
4.2619745846e+01   9.1909586827e-01
4.2697947214e+01   9.4188590116e-01
4.2776148583e+01   9.6544747167e-01
4.2854349951e+01   9.8969219366e-01
4.2932551320e+01   1.0145190095e+00
4.3010752688e+01   1.0398128921e+00
4.3088954057e+01   1.0654436118e+00
4.3167155425e+01   1.0912646187e+00
4.3245356794e+01   1.1171121050e+00
4.3323558162e+01   1.1428043253e+00
4.3401759531e+01   1.1681412660e+00
4.3479960899e+01   1.1929047723e+00
4.3558162268e+01   1.2168592492e+00
4.3636363636e+01   1.2397530647e+00
4.3714565005e+01   1.2613207833e+00
4.3792766373e+01   1.2812863524e+00
4.3870967742e+01   1.2993673416e+00
4.3949169110e+01   1.3152803005e+00
4.4027370479e+01   1.3287472445e+00
4.4105571848e+01   1.3395032020e+00
4.4183773216e+01   1.3473046597e+00
4.4261974585e+01   1.3519386335e+00
4.4340175953e+01   1.3532319715e+00
4.4418377322e+01   1.3510603855e+00
4.4496578690e+01   1.3453566151e+00
4.4574780059e+01   1.3361170813e+00
4.4652981427e+01   1.3234063977e+00
4.4731182796e+01   1.3073591902e+00
4.4809384164e+01   1.2881788369e+00
4.4887585533e+01   1.2661329672e+00
4.4965786901e+01   1.2415458303e+00
4.5043988270e+01   1.2147879299e+00
4.5122189638e+01   1.1862635749e+00
4.5200391007e+01   1.1563971852e+00
4.5278592375e+01   1.1256192893e+00
4.5356793744e+01   1.0943531339e+00
4.5434995112e+01   1.0630027161e+00
4.5513196481e+01   1.0319428569e+00
4.5591397849e+01   1.0015116965e+00
4.5669599218e+01   9.7200574838e-01
4.5747800587e+01   9.4367742746e-01
4.5826001955e+01   9.1673479009e-01
4.5904203324e+01   8.9134311010e-01
4.5982404692e+01   8.6762785612e-01
4.6060606061e+01   8.4567863056e-01
4.6138807429e+01   8.2555366505e-01
4.6217008798e+01   8.0728452643e-01
4.6295210166e+01   7.9088075919e-01
4.6373411535e+01   7.7633426383e-01
4.6451612903e+01   7.6362327811e-01
4.6529814272e+01   7.5271588587e-01
4.6608015640e+01   7.4357302351e-01
4.6686217009e+01   7.3615098816e-01
4.6764418377e+01   7.3040347412e-01
4.6842619746e+01   7.2628317864e-01
4.6920821114e+01   7.2374302467e-01
4.6999022483e+01   7.2273705026e-01
4.7077223851e+01   7.2322101283e-01
4.7155425220e+01   7.2515275232e-01
4.7233626588e+01   7.2849235239e-01
4.7311827957e+01   7.3320213328e-01
4.7390029326e+01   7.3924650423e-01
4.7468230694e+01   7.4659169820e-01
4.7546432063e+01   7.5520540694e-01
4.7624633431e+01   7.6505633010e-01
4.7702834800e+01   7.7611364874e-01
4.7781036168e+01   7.8834643075e-01
4.7859237537e+01   8.0172297298e-01
4.7937438905e+01   8.1621008391e-01
4.8015640274e+01   8.3177230878e-01
4.8093841642e+01   8.4837109925e-01
4.8172043011e+01   8.6596392916e-01
4.8250244379e+01   8.8450335892e-01
4.8328445748e+01   9.0393605230e-01
4.8406647116e+01   9.2420175123e-01
4.8484848485e+01   9.4523221725e-01
4.8563049853e+01   9.6695015176e-01
4.8641251222e+01   9.8926811187e-01
4.8719452590e+01   1.0120874445e+00
4.8797653959e+01   1.0352972676e+00
4.8875855327e+01   1.0587735365e+00
4.8954056696e+01   1.0823782399e+00
4.9032258065e+01   1.1059587827e+00
4.9110459433e+01   1.1293476201e+00
4.9188660802e+01   1.1523622198e+00
4.9266862170e+01   1.1748054355e+00
4.9345063539e+01   1.1964663839e+00
4.9423264907e+01   1.2171219198e+00
4.9501466276e+01   1.2365387989e+00
4.9579667644e+01   1.2544766116e+00
4.9657869013e+01   1.2706915470e+00
4.9736070381e+01   1.2849410158e+00
4.9814271750e+01   1.2969891143e+00
4.9892473118e+01   1.3066128524e+00
4.9970674487e+01   1.3136089972e+00
5.0048875855e+01   1.3178013025e+00
5.0127077224e+01   1.3190478132e+00
5.0205278592e+01   1.3172478601e+00
5.0283479961e+01   1.3123483017e+00
5.0361681329e+01   1.3043485474e+00
5.0439882698e+01   1.2933039108e+00
5.0518084066e+01   1.2793269088e+00
5.0596285435e+01   1.2625862376e+00
5.0674486804e+01   1.2433033162e+00
5.0752688172e+01   1.2217464777e+00
5.0830889541e+01   1.1982230843e+00
5.0909090909e+01   1.1730700180e+00
5.0987292278e+01   1.1466431389e+00
5.1065493646e+01   1.1193063737e+00
5.1143695015e+01   1.0914211044e+00
5.1221896383e+01   1.0633364617e+00
5.1300097752e+01   1.0353810112e+00
5.1378299120e+01   1.0078561609e+00
5.1456500489e+01   9.8103145303e-01
5.1534701857e+01   9.5514174038e-01
5.1612903226e+01   9.3038611288e-01
5.1691104594e+01   9.0692834235e-01
5.1769305963e+01   8.8489855209e-01
5.1847507331e+01   8.6439579698e-01
5.1925708700e+01   8.4549124785e-01
5.2003910068e+01   8.2823170461e-01
5.2082111437e+01   8.1264320657e-01
5.2160312805e+01   7.9873455868e-01
5.2238514174e+01   7.8650064110e-01
5.2316715543e+01   7.7592541486e-01
5.2394916911e+01   7.6698457406e-01
5.2473118280e+01   7.5964782490e-01
5.2551319648e+01   7.5388079445e-01
5.2629521017e+01   7.4964658724e-01
5.2707722385e+01   7.4690701741e-01
5.2785923754e+01   7.4562354915e-01
5.2864125122e+01   7.4575797982e-01
5.2942326491e+01   7.4727289915e-01
5.3020527859e+01   7.5013195581e-01
5.3098729228e+01   7.5429995921e-01
5.3176930596e+01   7.5974284074e-01
5.3255131965e+01   7.6642749506e-01
5.3333333333e+01   7.7432151834e-01
5.3411534702e+01   7.8339285714e-01
5.3489736070e+01   7.9360937901e-01
5.3567937439e+01   8.0493837309e-01
5.3646138807e+01   8.1734598756e-01
5.3724340176e+01   8.3079660903e-01
5.3802541544e+01   8.4525218839e-01
5.3880742913e+01   8.6067151677e-01
5.3958944282e+01   8.7700945602e-01
5.4037145650e+01   8.9421612817e-01
5.4115347019e+01   9.1223606997e-01
5.4193548387e+01   9.3100736041e-01
5.4271749756e+01   9.5046073155e-01
5.4349951124e+01   9.7051867635e-01
5.4428152493e+01   9.9109457132e-01
5.4506353861e+01   1.0120918362e+00
5.4584555230e+01   1.0334031592e+00
5.4662756598e+01   1.0549098212e+00
5.4740957967e+01   1.0764811618e+00
5.4819159335e+01   1.0979742329e+00
5.4897360704e+01   1.1192336981e+00
5.4975562072e+01   1.1400920367e+00
5.5053763441e+01   1.1603701219e+00
5.5131964809e+01   1.1798782398e+00
5.5210166178e+01   1.1984176203e+00
5.5288367546e+01   1.2157825398e+00
5.5366568915e+01   1.2317630489e+00
5.5444770283e+01   1.2461483526e+00
5.5522971652e+01   1.2587308474e+00
5.5601173021e+01   1.2693107763e+00
5.5679374389e+01   1.2777014203e+00
5.5757575758e+01   1.2837346872e+00
5.5835777126e+01   1.2872669041e+00
5.5913978495e+01   1.2881845610e+00
5.5992179863e+01   1.2864097061e+00
5.6070381232e+01   1.2819046615e+00
5.6148582600e+01   1.2746757168e+00
5.6226783969e+01   1.2647754818e+00
5.6304985337e+01   1.2523036329e+00
5.6383186706e+01   1.2374058762e+00
5.6461388074e+01   1.2202710670e+00
5.6539589443e+01   1.2011265588e+00
5.6617790811e+01   1.1802319900e+00
5.6695992180e+01   1.1578718438e+00
5.6774193548e+01   1.1343472046e+00
5.6852394917e+01   1.1099671954e+00
5.6930596285e+01   1.0850405790e+00
5.7008797654e+01   1.0598679741e+00
5.7086999022e+01   1.0347350530e+00
5.7165200391e+01   1.0099069854e+00
5.7243401760e+01   9.8562427731e-01
5.7321603128e+01   9.6210003643e-01
5.7399804497e+01   9.3951859735e-01
5.7478005865e+01   9.1803536246e-01
5.7556207234e+01   8.9777766132e-01
5.7634408602e+01   8.7884640623e-01
5.7712609971e+01   8.6131831810e-01
5.7790811339e+01   8.4524851102e-01
5.7869012708e+01   8.3067324967e-01
5.7947214076e+01   8.1761272688e-01
5.8025415445e+01   8.0607374273e-01
5.8103616813e+01   7.9605220016e-01
5.8181818182e+01   7.8753536147e-01
5.8260019550e+01   7.8050383482e-01
5.8338220919e+01   7.7493327942e-01
5.8416422287e+01   7.7079583254e-01
5.8494623656e+01   7.6806127163e-01
5.8572825024e+01   7.6669793091e-01
5.8651026393e+01   7.6667339540e-01
5.8729227761e+01   7.6795499635e-01
5.8807429130e+01   7.7051013147e-01
5.8885630499e+01   7.7430643210e-01
5.8963831867e+01   7.7931179712e-01
5.9042033236e+01   7.8549431124e-01
5.9120234604e+01   7.9282206254e-01
5.9198435973e+01   8.0126287213e-01
5.9276637341e+01   8.1078394655e-01
5.9354838710e+01   8.2135146161e-01
5.9433040078e+01   8.3293008523e-01
5.9511241447e+01   8.4548244557e-01
5.9589442815e+01   8.5896855000e-01
5.9667644184e+01   8.7334516071e-01
5.9745845552e+01   8.8856513239e-01
5.9824046921e+01   9.0457671864e-01
5.9902248289e+01   9.2132285469e-01
5.9980449658e+01   9.3874042587e-01
6.0058651026e+01   9.5675953360e-01
6.0136852395e+01   9.7530277341e-01
6.0215053763e+01   9.9428454298e-01
6.0293255132e+01   1.0136104024e+00
6.0371456500e+01   1.0331765127e+00
6.0449657869e+01   1.0528691849e+00
6.0527859238e+01   1.0725645747e+00
6.0606060606e+01   1.0921285654e+00
6.0684261975e+01   1.1114168849e+00
6.0762463343e+01   1.1302755057e+00
6.0840664712e+01   1.1485413806e+00
6.0918866080e+01   1.1660435652e+00
6.0997067449e+01   1.1826047740e+00
6.1075268817e+01   1.1980434127e+00
6.1153470186e+01   1.2121761103e+00
6.1231671554e+01   1.2248207627e+00
6.1309872923e+01   1.2358000684e+00
6.1388074291e+01   1.2449455093e+00
6.1466275660e+01   1.2521016907e+00
6.1544477028e+01   1.2571309154e+00
6.1622678397e+01   1.2599178250e+00
6.1700879765e+01   1.2603739038e+00
6.1779081134e+01   1.2584416114e+00
6.1857282502e+01   1.2540978933e+00
6.1935483871e+01   1.2473568205e+00
6.2013685239e+01   1.2382711335e+00
6.2091886608e+01   1.2269325102e+00
6.2170087977e+01   1.2134704510e+00
6.2248289345e+01   1.1980497540e+00
6.2326490714e+01   1.1808666556e+00
6.2404692082e+01   1.1621438035e+00
6.2482893451e+01   1.1421243150e+00
6.2561094819e+01   1.1210652390e+00
6.2639296188e+01   1.0992307741e+00
6.2717497556e+01   1.0768856000e+00
6.2795698925e+01   1.0542886524e+00
6.2873900293e+01   1.0316876162e+00
6.2952101662e+01   1.0093143413e+00
6.3030303030e+01   9.8738130134e-01
6.3108504399e+01   9.6607913696e-01
6.3186705767e+01   9.4557524896e-01
6.3264907136e+01   9.2601335074e-01
6.3343108504e+01   9.0751384585e-01
6.3421309873e+01   8.9017487337e-01
6.3499511241e+01   8.7407385572e-01
6.3577712610e+01   8.5926938891e-01
6.3655913978e+01   8.4580333044e-01
6.3734115347e+01   8.3370296071e-01
6.3812316716e+01   8.2298311811e-01
6.3890518084e+01   8.1364823132e-01
6.3968719453e+01   8.0569419520e-01
6.4046920821e+01   7.9911005574e-01
6.4125122190e+01   7.9387948569e-01
6.4203323558e+01   7.8998204541e-01
6.4281524927e+01   7.8739423221e-01
6.4359726295e+01   7.8609032856e-01
6.4437927664e+01   7.8604306299e-01
6.4516129032e+01   7.8722410021e-01
6.4594330401e+01   7.8960437714e-01
6.4672531769e+01   7.9315430179e-01
6.4750733138e+01   7.9784383057e-01
6.4828934506e+01   8.0364243843e-01
6.4907135875e+01   8.1051899471e-01
6.4985337243e+01   8.1844155596e-01
6.5063538612e+01   8.2737708561e-01
6.5141739980e+01   8.3729110911e-01
6.5219941349e+01   8.4814731219e-01
6.5298142717e+01   8.5990708905e-01
6.5376344086e+01   8.7252904721e-01
6.5454545455e+01   8.8596847536e-01
6.5532746823e+01   9.0017678123e-01
6.5610948192e+01   9.1510090715e-01
6.5689149560e+01   9.3068273205e-01
6.5767350929e+01   9.4685847037e-01
6.5845552297e+01   9.6355808037e-01
6.5923753666e+01   9.8070469682e-01
6.6001955034e+01   9.9821410572e-01
6.6080156403e+01   1.0159942823e+00
6.6158357771e+01   1.0339450169e+00
6.6236559140e+01   1.0519576561e+00
6.6314760508e+01   1.0699149926e+00
6.6392961877e+01   1.0876913367e+00
6.6471163245e+01   1.1051528086e+00
6.6549364614e+01   1.1221578903e+00
6.6627565982e+01   1.1385582751e+00
6.6705767351e+01   1.1542000527e+00
6.6783968719e+01   1.1689252599e+00
6.6862170088e+01   1.1825738202e+00
6.6940371457e+01   1.1949858819e+00
6.7018572825e+01   1.2060045469e+00
6.7096774194e+01   1.2154789620e+00
6.7174975562e+01   1.2232677167e+00
6.7253176931e+01   1.2292424668e+00
6.7331378299e+01   1.2332916679e+00
6.7409579668e+01   1.2353242802e+00
6.7487781036e+01   1.2352732776e+00
6.7565982405e+01   1.2330987788e+00
6.7644183773e+01   1.2287906111e+00
6.7722385142e+01   1.2223701287e+00
6.7800586510e+01   1.2138911267e+00
6.7878787879e+01   1.2034397355e+00
6.7956989247e+01   1.1911332329e+00
6.8035190616e+01   1.1771177758e+00
6.8113391984e+01   1.1615651234e+00
6.8191593353e+01   1.1446684911e+00
6.8269794721e+01   1.1266377317e+00
6.8347996090e+01   1.1076940866e+00
6.8426197458e+01   1.0880647674e+00
6.8504398827e+01   1.0679776338e+00
6.8582600196e+01   1.0476562103e+00
6.8660801564e+01   1.0273152470e+00
6.8739002933e+01   1.0071569762e+00
6.8817204301e+01   9.8736816181e-01
6.8895405670e+01   9.6811797698e-01
6.8973607038e+01   9.4955669383e-01
6.9051808407e+01   9.3181512576e-01
6.9130009775e+01   9.1500472950e-01
6.9208211144e+01   8.9921825440e-01
6.9286412512e+01   8.8453081799e-01
6.9364613881e+01   8.7100128754e-01
6.9442815249e+01   8.5867385598e-01
6.9521016618e+01   8.4757971396e-01
6.9599217986e+01   8.3773873604e-01
6.9677419355e+01   8.2916111606e-01
6.9755620723e+01   8.2184890325e-01
6.9833822092e+01   8.1579740549e-01
6.9912023460e+01   8.1099643900e-01
6.9990224829e+01   8.0743141414e-01
7.0068426197e+01   8.0508425516e-01
7.0146627566e+01   8.0393415757e-01
7.0224828935e+01   8.0395819112e-01
7.0303030303e+01   8.0513175875e-01
7.0381231672e+01   8.0742892336e-01
7.0459433040e+01   8.1082261468e-01
7.0537634409e+01   8.1528472831e-01
7.0615835777e+01   8.2078612857e-01
7.0694037146e+01   8.2729656559e-01
7.0772238514e+01   8.3478451675e-01
7.0850439883e+01   8.4321696113e-01
7.0928641251e+01   8.5255909519e-01
7.1006842620e+01   8.6277399721e-01
7.1085043988e+01   8.7382224757e-01
7.1163245357e+01   8.8566151196e-01
7.1241446725e+01   8.9824609461e-01
7.1319648094e+01   9.1152646916e-01
7.1397849462e+01   9.2544879569e-01
7.1476050831e+01   9.3995443328e-01
7.1554252199e+01   9.5497945916e-01
7.1632453568e+01   9.7045420713e-01
7.1710654936e+01   9.8630284013e-01
7.1788856305e+01   1.0024429739e+00
7.1867057674e+01   1.0187853718e+00
7.1945259042e+01   1.0352337323e+00
7.2023460411e+01   1.0516845949e+00
7.2101661779e+01   1.0680273905e+00
7.2179863148e+01   1.0841446664e+00
7.2258064516e+01   1.0999125150e+00
7.2336265885e+01   1.1152012353e+00
7.2414467253e+01   1.1298762579e+00
7.2492668622e+01   1.1437993539e+00
7.2570869990e+01   1.1568301500e+00
7.2649071359e+01   1.1688279557e+00
7.2727272727e+01   1.1796539012e+00
7.2805474096e+01   1.1891733683e+00
7.2883675464e+01   1.1972586772e+00
7.2961876833e+01   1.2037919734e+00
7.3040078201e+01   1.2086682365e+00
7.3118279570e+01   1.2117983120e+00
7.3196480938e+01   1.2131118472e+00
7.3274682307e+01   1.2125599972e+00
7.3352883675e+01   1.2101177623e+00
7.3431085044e+01   1.2057858125e+00
7.3509286413e+01   1.1995916743e+00
7.3587487781e+01   1.1915901697e+00
7.3665689150e+01   1.1818630380e+00
7.3743890518e+01   1.1705177075e+00
7.3822091887e+01   1.1576852374e+00
7.3900293255e+01   1.1435174988e+00
7.3978494624e+01   1.1281837099e+00
7.4056695992e+01   1.1118664842e+00
7.4134897361e+01   1.0947575735e+00
7.4213098729e+01   1.0770535062e+00
7.4291300098e+01   1.0589513161e+00
7.4369501466e+01   1.0406445427e+00
7.4447702835e+01   1.0223196537e+00
7.4525904203e+01   1.0041530041e+00
7.4604105572e+01   9.8630840403e-01
7.4682306940e+01   9.6893532599e-01
7.4760508309e+01   9.5216774212e-01
7.4838709677e+01   9.3612355151e-01
7.4916911046e+01   9.2090453183e-01
7.4995112414e+01   9.0659673401e-01
7.5073313783e+01   8.9327123060e-01
7.5151515152e+01   8.8098512757e-01
7.5229716520e+01   8.6978275390e-01
7.5307917889e+01   8.5969695199e-01
7.5386119257e+01   8.5075040294e-01
7.5464320626e+01   8.4295693284e-01
7.5542521994e+01   8.3632275831e-01
7.5620723363e+01   8.3084764067e-01
7.5698924731e+01   8.2652592839e-01
7.5777126100e+01   8.2334747546e-01
7.5855327468e+01   8.2129843040e-01
7.5933528837e+01   8.2036189576e-01
7.6011730205e+01   8.2051846180e-01
7.6089931574e+01   8.2174662060e-01
7.6168132942e+01   8.2402306857e-01
7.6246334311e+01   8.2732290623e-01
7.6324535679e+01   8.3161974433e-01
7.6402737048e+01   8.3688572558e-01
7.6480938416e+01   8.4309147053e-01
7.6559139785e+01   8.5020595626e-01
7.6637341153e+01   8.5819633549e-01
7.6715542522e+01   8.6702770391e-01
7.6793743891e+01   8.7666282277e-01
7.6871945259e+01   8.8706180396e-01
7.6950146628e+01   8.9818176463e-01
7.7028347996e+01   9.0997645898e-01
7.7106549365e+01   9.2239589514e-01
7.7184750733e+01   9.3538594587e-01
7.7262952102e+01   9.4888796294e-01
7.7341153470e+01   9.6283840621e-01
7.7419354839e+01   9.7716850007e-01
7.7497556207e+01   9.9180393130e-01
7.7575757576e+01   1.0066646045e+00
7.7653958944e+01   1.0216644730e+00
7.7732160313e+01   1.0367114649e+00
7.7810361681e+01   1.0517075258e+00
7.7888563050e+01   1.0665488001e+00
7.7966764418e+01   1.0811259753e+00
7.8044965787e+01   1.0953248111e+00
7.8123167155e+01   1.1090268755e+00
7.8201368524e+01   1.1221105072e+00
7.8279569892e+01   1.1344520181e+00
7.8357771261e+01   1.1459271438e+00
7.8435972630e+01   1.1564127424e+00
7.8514173998e+01   1.1657887283e+00
7.8592375367e+01   1.1739402184e+00
7.8670576735e+01   1.1807598493e+00
7.8748778104e+01   1.1861502125e+00
7.8826979472e+01   1.1900263351e+00
7.8905180841e+01   1.1923181205e+00
7.8983382209e+01   1.1929726524e+00
7.9061583578e+01   1.1919562543e+00
7.9139784946e+01   1.1892561978e+00
7.9217986315e+01   1.1848819564e+00
7.9296187683e+01   1.1788659129e+00
7.9374389052e+01   1.1712634521e+00
7.9452590420e+01   1.1621523960e+00
7.9530791789e+01   1.1516317726e+00
7.9608993157e+01   1.1398199469e+00
7.9687194526e+01   1.1268521777e+00
7.9765395894e+01   1.1128776991e+00
7.9843597263e+01   1.0980564509e+00
7.9921798631e+01   1.0825556005e+00
8.0000000000e+01   1.0665460076e+00
8.0000000000e+01   1.0665460076e+00
