X    Y
0.0000000000e+00   5.0000000000e-01
7.8201368524e-02   5.2017465905e-01
1.5640273705e-01   5.4164902027e-01
2.3460410557e-01   5.6449901271e-01
3.1280547410e-01   5.8879835303e-01
3.9100684262e-01   6.1461658268e-01
4.6920821114e-01   6.4201668797e-01
5.4740957967e-01   6.7105227344e-01
6.2561094819e-01   7.0176427456e-01
7.0381231672e-01   7.3417722042e-01
7.8201368524e-01   7.6829508927e-01
8.6021505376e-01   8.0409684207e-01
9.3841642229e-01   8.4153177000e-01
1.0166177908e+00   8.8051484872e-01
1.0948191593e+00   9.2092235248e-01
1.1730205279e+00   9.6258803718e-01
1.2512218964e+00   1.0053002463e+00
1.3294232649e+00   1.0488003173e+00
1.4076246334e+00   1.0927826584e+00
1.4858260020e+00   1.1368968182e+00
1.5640273705e+00   1.1807517812e+00
1.6422287390e+00   1.2239225842e+00
1.7204301075e+00   1.2659591809e+00
1.7986314761e+00   1.3063972905e+00
1.8768328446e+00   1.3447707751e+00
1.9550342131e+00   1.3806249297e+00
2.0332355816e+00   1.4135299535e+00
2.1114369501e+00   1.4430938235e+00
2.1896383187e+00   1.4689738249e+00
2.2678396872e+00   1.4908860914e+00
2.3460410557e+00   1.5086126733e+00
2.4242424242e+00   1.5220058518e+00
2.5024437928e+00   1.5309896267e+00
2.5806451613e+00   1.5355585065e+00
2.6588465298e+00   1.5357738936e+00
2.7370478983e+00   1.5317584772e+00
2.8152492669e+00   1.5236891154e+00
2.8934506354e+00   1.5117887084e+00
2.9716520039e+00   1.4963175451e+00
3.0498533724e+00   1.4775645509e+00
3.1280547410e+00   1.4558387996e+00
3.2062561095e+00   1.4314615686e+00
3.2844574780e+00   1.4047591386e+00
3.3626588465e+00   1.3760564671e+00
3.4408602151e+00   1.3456717974e+00
3.5190615836e+00   1.3139122155e+00
3.5972629521e+00   1.2810701254e+00
3.6754643206e+00   1.2474205836e+00
3.7536656891e+00   1.2132194136e+00
3.8318670577e+00   1.1787020131e+00
3.9100684262e+00   1.1440827573e+00
3.9882697947e+00   1.1095549054e+00
4.0664711632e+00   1.0752909209e+00
4.1446725318e+00   1.0414431213e+00
4.2228739003e+00   1.0081445837e+00
4.3010752688e+00   9.7551023668e-01
4.3792766373e+00   9.4363808452e-01
4.4574780059e+00   9.1261051157e-01
4.5356793744e+00   8.8249562813e-01
4.6138807429e+00   8.5334862393e-01
4.6920821114e+00   8.2521310316e-01
4.7702834800e+00   7.9812238084e-01
4.8484848485e+00   7.7210072560e-01
4.9266862170e+00   7.4716453837e-01
5.0048875855e+00   7.2332346029e-01
5.0830889541e+00   7.0058140626e-01
5.1612903226e+00   6.7893752304e-01
5.2394916911e+00   6.5838707302e-01
5.3176930596e+00   6.3892224613e-01
5.3958944282e+00   6.2053290381e-01
5.4740957967e+00   6.0320725971e-01
5.5522971652e+00   5.8693250263e-01
5.6304985337e+00   5.7169536754e-01
5.7086999022e+00   5.5748266091e-01
5.7869012708e+00   5.4428174659e-01
5.8651026393e+00   5.3208099901e-01
5.9433040078e+00   5.2087022980e-01
6.0215053763e+00   5.1064109468e-01
6.0997067449e+00   5.0138748679e-01
6.1779081134e+00   4.9310592289e-01
6.2561094819e+00   4.8579592868e-01
6.3343108504e+00   4.7946042934e-01
6.4125122190e+00   4.7410615117e-01
6.4907135875e+00   4.6974404004e-01
6.5689149560e+00   4.6638970196e-01
6.6471163245e+00   4.6406387051e-01
6.7253176931e+00   4.6279290522e-01
6.8035190616e+00   4.6260932370e-01
6.8817204301e+00   4.6355236878e-01
6.9599217986e+00   4.6566860984e-01
7.0381231672e+00   4.6901257383e-01
7.1163245357e+00   4.7364739768e-01
7.1945259042e+00   4.7964548741e-01
7.2727272727e+00   4.8708916135e-01
7.3509286413e+00   4.9607124466e-01
7.4291300098e+00   5.0669556815e-01
7.5073313783e+00   5.1907730761e-01
7.5855327468e+00   5.3334307783e-01
7.6637341153e+00   5.4963066935e-01
7.7419354839e+00   5.6808828513e-01
7.8201368524e+00   5.8887309939e-01
7.8983382209e+00   6.1214892429e-01
7.9765395894e+00   6.3808273453e-01
8.0547409580e+00   6.6683977247e-01
8.1329423265e+00   6.9857694467e-01
8.2111436950e+00   7.3343423852e-01
8.2893450635e+00   7.7152394976e-01
8.3675464321e+00   8.1291763710e-01
8.4457478006e+00   8.5763092621e-01
8.5239491691e+00   9.0560658420e-01
8.6021505376e+00   9.5669667709e-01
8.6803519062e+00   1.0106450825e+00
8.7585532747e+00   1.0670721058e+00
8.8367546432e+00   1.1254633489e+00
8.9149560117e+00   1.1851651910e+00
8.9931573803e+00   1.2453891302e+00
9.0713587488e+00   1.3052267002e+00
9.1495601173e+00   1.3636756918e+00
9.2277614858e+00   1.4196770399e+00
9.3059628543e+00   1.4721601995e+00
9.3841642229e+00   1.5200934083e+00
9.4623655914e+00   1.5625342516e+00
9.5405669599e+00   1.5986756531e+00
9.6187683284e+00   1.6278829074e+00
9.6969696970e+00   1.6497185580e+00
9.7751710655e+00   1.6639535487e+00
9.8533724340e+00   1.6705647911e+00
9.9315738025e+00   1.6697207893e+00
1.0009775171e+01   1.6617579965e+00
1.0087976540e+01   1.6471510824e+00
1.0166177908e+01   1.6264802852e+00
1.0244379277e+01   1.6003986343e+00
1.0322580645e+01   1.5696012236e+00
1.0400782014e+01   1.5347980259e+00
1.0478983382e+01   1.4966910896e+00
1.0557184751e+01   1.4559564124e+00
1.0635386119e+01   1.4132303793e+00
1.0713587488e+01   1.3691003720e+00
1.0791788856e+01   1.3240990039e+00
1.0869990225e+01   1.2787013665e+00
1.0948191593e+01   1.2333246749e+00
1.1026392962e+01   1.1883297426e+00
1.1104594330e+01   1.1440237826e+00
1.1182795699e+01   1.1006641097e+00
1.1260997067e+01   1.0584623951e+00
1.1339198436e+01   1.0175891988e+00
1.1417399804e+01   9.7817856994e-01
1.1495601173e+01   9.4033255878e-01
1.1573802542e+01   9.0412553292e-01
1.1652003910e+01   8.6960822490e-01
1.1730205279e+01   8.3681146899e-01
1.1808406647e+01   8.0574960676e-01
1.1886608016e+01   7.7642355785e-01
1.1964809384e+01   7.4882356445e-01
1.2043010753e+01   7.2293162631e-01
1.2121212121e+01   6.9872364882e-01
1.2199413490e+01   6.7617132967e-01
1.2277614858e+01   6.5524381150e-01
1.2355816227e+01   6.3590912829e-01
1.2434017595e+01   6.1813547282e-01
1.2512218964e+01   6.0189231151e-01
1.2590420332e+01   5.8715137156e-01
1.2668621701e+01   5.7388752386e-01
1.2746823069e+01   5.6207958302e-01
1.2825024438e+01   5.5171104446e-01
1.2903225806e+01   5.4277077612e-01
1.2981427175e+01   5.3525368090e-01
1.3059628543e+01   5.2916134305e-01
1.3137829912e+01   5.2450267003e-01
1.3216031281e+01   5.2129453798e-01
1.3294232649e+01   5.1956244567e-01
1.3372434018e+01   5.1934117759e-01
1.3450635386e+01   5.2067547116e-01
1.3528836755e+01   5.2362067586e-01
1.3607038123e+01   5.2824338302e-01
1.3685239492e+01   5.3462199285e-01
1.3763440860e+01   5.4284716987e-01
1.3841642229e+01   5.5302211896e-01
1.3919843597e+01   5.6526258944e-01
1.3998044966e+01   5.7969648646e-01
1.4076246334e+01   5.9646293408e-01
1.4154447703e+01   6.1571059684e-01
1.4232649071e+01   6.3759502638e-01
1.4310850440e+01   6.6227476225e-01
1.4389051808e+01   6.8990588755e-01
1.4467253177e+01   7.2063473188e-01
1.4545454545e+01   7.5458843985e-01
1.4623655914e+01   7.9186320184e-01
1.4701857283e+01   8.3251009576e-01
1.4780058651e+01   8.7651873181e-01
1.4858260020e+01   9.2379924080e-01
1.4936461388e+01   9.7416359256e-01
1.5014662757e+01   1.0273077437e+00
1.5092864125e+01   1.0827966235e+00
1.5171065494e+01   1.1400543638e+00
1.5249266862e+01   1.1983623251e+00
1.5327468231e+01   1.2568672260e+00
1.5405669599e+01   1.3146009466e+00
1.5483870968e+01   1.3705123488e+00
1.5562072336e+01   1.4235098580e+00
1.5640273705e+01   1.4725118584e+00
1.5718475073e+01   1.5165005172e+00
1.5796676442e+01   1.5545738162e+00
1.5874877810e+01   1.5859905750e+00
1.5953079179e+01   1.6102041253e+00
1.6031280547e+01   1.6268818504e+00
1.6109481916e+01   1.6359097076e+00
1.6187683284e+01   1.6373826998e+00
1.6265884653e+01   1.6315837233e+00
1.6344086022e+01   1.6189541071e+00
1.6422287390e+01   1.6000594311e+00
1.6500488759e+01   1.5755539680e+00
1.6578690127e+01   1.5461465030e+00
1.6656891496e+01   1.5125695243e+00
1.6735092864e+01   1.4755530083e+00
1.6813294233e+01   1.4358033423e+00
1.6891495601e+01   1.3939873943e+00
1.6969696970e+01   1.3507213700e+00
1.7047898338e+01   1.3065638703e+00
1.7126099707e+01   1.2620124575e+00
1.7204301075e+01   1.2175030233e+00
1.7282502444e+01   1.1734112902e+00
1.7360703812e+01   1.1300558538e+00
1.7438905181e+01   1.0877022644e+00
1.7517106549e+01   1.0465677365e+00
1.7595307918e+01   1.0068261662e+00
1.7673509286e+01   9.6861321074e-01
1.7751710655e+01   9.3203125401e-01
1.7829912023e+01   8.9715413491e-01
1.7908113392e+01   8.6403156005e-01
1.7986314761e+01   8.3269315642e-01
1.8064516129e+01   8.0315214534e-01
1.8142717498e+01   7.7540863777e-01
1.8220918866e+01   7.4945256477e-01
1.8299120235e+01   7.2526626555e-01
1.8377321603e+01   7.0282676129e-01
1.8455522972e+01   6.8210774591e-01
1.8533724340e+01   6.6308132629e-01
1.8611925709e+01   6.4571954397e-01
1.8690127077e+01   6.2999570953e-01
1.8768328446e+01   6.1588557895e-01
1.8846529814e+01   6.0336839892e-01
1.8924731183e+01   5.9242784567e-01
1.9002932551e+01   5.8305287890e-01
1.9081133920e+01   5.7523852952e-01
1.9159335288e+01   5.6898663624e-01
1.9237536657e+01   5.6430654242e-01
1.9315738025e+01   5.6121576012e-01
1.9393939394e+01   5.5974060282e-01
1.9472140762e+01   5.5991678236e-01
1.9550342131e+01   5.6178995711e-01
1.9628543500e+01   5.6541620937e-01
1.9706744868e+01   5.7086241720e-01
1.9784946237e+01   5.7820647148e-01
1.9863147605e+01   5.8753727036e-01
1.9941348974e+01   5.9895440182e-01
2.0019550342e+01   6.1256739946e-01
2.0097751711e+01   6.2849442863e-01
2.0175953079e+01   6.4686022989e-01
2.0254154448e+01   6.6779311815e-01
2.0332355816e+01   6.9142081275e-01
2.0410557185e+01   7.1786486265e-01
2.0488758553e+01   7.4723344241e-01
2.0566959922e+01   7.7961233914e-01
2.0645161290e+01   8.1505404428e-01
2.0723362659e+01   8.5356501949e-01
2.0801564027e+01   8.9509143507e-01
2.0879765396e+01   9.3950398432e-01
2.0957966764e+01   9.8658274400e-01
2.1036168133e+01   1.0360034442e+00
2.1114369501e+01   1.0873268669e+00
2.1192570870e+01   1.1399933229e+00
2.1270772239e+01   1.1933241562e+00
2.1348973607e+01   1.2465319049e+00
2.1427174976e+01   1.2987400549e+00
2.1505376344e+01   1.3490122814e+00
2.1583577713e+01   1.3963898185e+00
2.1661779081e+01   1.4399343279e+00
2.1739980450e+01   1.4787726277e+00
2.1818181818e+01   1.5121391289e+00
2.1896383187e+01   1.5394119442e+00
2.1974584555e+01   1.5601393970e+00
2.2052785924e+01   1.5740548923e+00
2.2130987292e+01   1.5810795861e+00
2.2209188661e+01   1.5813136919e+00
2.2287390029e+01   1.5750183813e+00
2.2365591398e+01   1.5625909127e+00
2.2443792766e+01   1.5445358446e+00
2.2521994135e+01   1.5214350166e+00
2.2600195503e+01   1.4939185392e+00
2.2678396872e+01   1.4626384484e+00
2.2756598240e+01   1.4282460787e+00
2.2834799609e+01   1.3913736618e+00
2.2913000978e+01   1.3526202205e+00
2.2991202346e+01   1.3125415111e+00
2.3069403715e+01   1.2716435684e+00
2.3147605083e+01   1.2303793022e+00
2.3225806452e+01   1.1891475670e+00
2.3304007820e+01   1.1482941464e+00
2.3382209189e+01   1.1081141503e+00
2.3460410557e+01   1.0688553878e+00
2.3538611926e+01   1.0307223576e+00
2.3616813294e+01   9.9388056772e-01
2.3695014663e+01   9.5846096293e-01
2.3773216031e+01   9.2456429560e-01
2.3851417400e+01   8.9226532419e-01
2.3929618768e+01   8.6161676190e-01
2.4007820137e+01   8.3265292961e-01
2.4086021505e+01   8.0539309053e-01
2.4164222874e+01   7.7984446170e-01
2.4242424242e+01   7.5600491038e-01
2.4320625611e+01   7.3386535194e-01
2.4398826979e+01   7.1341187152e-01
2.4477028348e+01   6.9462759510e-01
2.4555229717e+01   6.7749433685e-01
2.4633431085e+01   6.6199404987e-01
2.4711632454e+01   6.4811010641e-01
2.4789833822e+01   6.3582843194e-01
2.4868035191e+01   6.2513851526e-01
2.4946236559e+01   6.1603431395e-01
2.5024437928e+01   6.0851507144e-01
2.5102639296e+01   6.0258605795e-01
2.5180840665e+01   5.9825924359e-01
2.5259042033e+01   5.9555390673e-01
2.5337243402e+01   5.9449717477e-01
2.5415444770e+01   5.9512448760e-01
2.5493646139e+01   5.9747996522e-01
2.5571847507e+01   6.0161665125e-01
2.5650048876e+01   6.0759659138e-01
2.5728250244e+01   6.1549069199e-01
2.5806451613e+01   6.2537828709e-01
2.5884652981e+01   6.3734632340e-01
2.5962854350e+01   6.5148805326e-01
2.6041055718e+01   6.6790110470e-01
2.6119257087e+01   6.8668478019e-01
2.6197458456e+01   7.0793642249e-01
2.6275659824e+01   7.3174668420e-01
2.6353861193e+01   7.5819355201e-01
2.6432062561e+01   7.8733501626e-01
2.6510263930e+01   8.1920035053e-01
2.6588465298e+01   8.5378008209e-01
2.6666666667e+01   8.9101489941e-01
2.6744868035e+01   9.3078395699e-01
2.6823069404e+01   9.7289329037e-01
2.6901270772e+01   1.0170653217e+00
2.6979472141e+01   1.0629306782e+00
2.7057673509e+01   1.1100237049e+00
2.7135874878e+01   1.1577830669e+00
2.7214076246e+01   1.2055586419e+00
2.7292277615e+01   1.2526254680e+00
2.7370478983e+01   1.2982048381e+00
2.7448680352e+01   1.3414917954e+00
2.7526881720e+01   1.3816873921e+00
2.7605083089e+01   1.4180333091e+00
2.7683284457e+01   1.4498459385e+00
2.7761485826e+01   1.4765469360e+00
2.7839687195e+01   1.4976875937e+00
2.7917888563e+01   1.5129650979e+00
2.7996089932e+01   1.5222297018e+00
2.8074291300e+01   1.5254828634e+00
2.8152492669e+01   1.5228673124e+00
2.8230694037e+01   1.5146506792e+00
2.8308895406e+01   1.5012046851e+00
2.8387096774e+01   1.4829819612e+00
2.8465298143e+01   1.4604923857e+00
2.8543499511e+01   1.4342804904e+00
2.8621700880e+01   1.4049050705e+00
2.8699902248e+01   1.3729217110e+00
2.8778103617e+01   1.3388685644e+00
2.8856304985e+01   1.3032554138e+00
2.8934506354e+01   1.2665558328e+00
2.9012707722e+01   1.2292021117e+00
2.9090909091e+01   1.1915825460e+00
2.9169110459e+01   1.1540406557e+00
2.9247311828e+01   1.1168759197e+00
2.9325513196e+01   1.0803456436e+00
2.9403714565e+01   1.0446676278e+00
2.9481915934e+01   1.0100233570e+00
2.9560117302e+01   9.7656148447e-01
2.9638318671e+01   9.4440143323e-01
2.9716520039e+01   9.1363698101e-01
2.9794721408e+01   8.8433973122e-01
2.9872922776e+01   8.5656240395e-01
2.9951124145e+01   8.3034190506e-01
3.0029325513e+01   8.0570215088e-01
3.0107526882e+01   7.8265664021e-01
3.0185728250e+01   7.6121077672e-01
3.0263929619e+01   7.4136395160e-01
3.0342130987e+01   7.2311140209e-01
3.0420332356e+01   7.0644586379e-01
3.0498533724e+01   6.9135903672e-01
3.0576735093e+01   6.7784288479e-01
3.0654936461e+01   6.6589078769e-01
3.0733137830e+01   6.5549856292e-01
3.0811339198e+01   6.4666537292e-01
3.0889540567e+01   6.3939452985e-01
3.0967741935e+01   6.3369420699e-01
3.1045943304e+01   6.2957806154e-01
3.1124144673e+01   6.2706576894e-01
3.1202346041e+01   6.2618346311e-01
3.1280547410e+01   6.2696407027e-01
3.1358748778e+01   6.2944751624e-01
3.1436950147e+01   6.3368077813e-01
3.1515151515e+01   6.3971774055e-01
3.1593352884e+01   6.4761880506e-01
3.1671554252e+01   6.5745018822e-01
3.1749755621e+01   6.6928283036e-01
3.1827956989e+01   6.8319082369e-01
3.1906158358e+01   6.9924925685e-01
3.1984359726e+01   7.1753136550e-01
3.2062561095e+01   7.3810487810e-01
3.2140762463e+01   7.6102745678e-01
3.2218963832e+01   7.8634115989e-01
3.2297165200e+01   8.1406590154e-01
3.2375366569e+01   8.4419195836e-01
3.2453567937e+01   8.7667168017e-01
3.2531769306e+01   9.1141069807e-01
3.2609970674e+01   9.4825908751e-01
3.2688172043e+01   9.8700312105e-01
3.2766373412e+01   1.0273584147e+00
3.2844574780e+01   1.0689654002e+00
3.2922776149e+01   1.1113881068e+00
3.3000977517e+01   1.1541171664e+00
3.3079178886e+01   1.1965777429e+00
3.3157380254e+01   1.2381427126e+00
3.3235581623e+01   1.2781509116e+00
3.3313782991e+01   1.3159296817e+00
3.3391984360e+01   1.3508203617e+00
3.3470185728e+01   1.3822049058e+00
3.3548387097e+01   1.4095315439e+00
3.3626588465e+01   1.4323374066e+00
3.3704789834e+01   1.4502663175e+00
3.3782991202e+01   1.4630804760e+00
3.3861192571e+01   1.4706654104e+00
3.3939393939e+01   1.4730282741e+00
3.4017595308e+01   1.4702901745e+00
3.4095796676e+01   1.4626736783e+00
3.4173998045e+01   1.4504869049e+00
3.4252199413e+01   1.4341056795e+00
3.4330400782e+01   1.4139551221e+00
3.4408602151e+01   1.3904918311e+00
3.4486803519e+01   1.3641875432e+00
3.4565004888e+01   1.3355148601e+00
3.4643206256e+01   1.3049353620e+00
3.4721407625e+01   1.2728901998e+00
3.4799608993e+01   1.2397930868e+00
3.4877810362e+01   1.2060254864e+00
3.4956011730e+01   1.1719337250e+00
3.5034213099e+01   1.1378277227e+00
3.5112414467e+01   1.1039810311e+00
3.5190615836e+01   1.0706318870e+00
3.5268817204e+01   1.0379850155e+00
3.5347018573e+01   1.0062139563e+00
3.5425219941e+01   9.7546372119e-01
3.5503421310e+01   9.4585362878e-01
3.5581622678e+01   9.1748019578e-01
3.5659824047e+01   8.9041999398e-01
3.5738025415e+01   8.6473240669e-01
3.5816226784e+01   8.4046223981e-01
3.5894428152e+01   8.1764215916e-01
3.5972629521e+01   7.9629493911e-01
3.6050830890e+01   7.7643551732e-01
3.6129032258e+01   7.5807285799e-01
3.6207233627e+01   7.4121163097e-01
3.6285434995e+01   7.2585371743e-01
3.6363636364e+01   7.1199955472e-01
3.6441837732e+01   6.9964933364e-01
3.6520039101e+01   6.8880406078e-01
3.6598240469e+01   6.7946649790e-01
3.6676441838e+01   6.7164198780e-01
3.6754643206e+01   6.6533917418e-01
3.6832844575e+01   6.6057061922e-01
3.6911045943e+01   6.5735331924e-01
3.6989247312e+01   6.5570911374e-01
3.7067448680e+01   6.5566497818e-01
3.7145650049e+01   6.5725318433e-01
3.7223851417e+01   6.6051130526e-01
3.7302052786e+01   6.6548203391e-01
3.7380254154e+01   6.7221277566e-01
3.7458455523e+01   6.8075496626e-01
3.7536656891e+01   6.9116305719e-01
3.7614858260e+01   7.0349310223e-01
3.7693059629e+01   7.1780087257e-01
3.7771260997e+01   7.3413942479e-01
3.7849462366e+01   7.5255604879e-01
3.7927663734e+01   7.7308853421e-01
3.8005865103e+01   7.9576071634e-01
3.8084066471e+01   8.2057730069e-01
3.8162267840e+01   8.4751802099e-01
3.8240469208e+01   8.7653126103e-01
3.8318670577e+01   9.0752736597e-01
3.8396871945e+01   9.4037198001e-01
3.8475073314e+01   9.7487986511e-01
3.8553274682e+01   1.0108097672e+00
3.8631476051e+01   1.0478609809e+00
3.8709677419e+01   1.0856722981e+00
3.8787878788e+01   1.1238239856e+00
3.8866080156e+01   1.1618433050e+00
3.8944281525e+01   1.1992138510e+00
3.9022482893e+01   1.2353886592e+00
3.9100684262e+01   1.2698066490e+00
3.9178885630e+01   1.3019115659e+00
3.9257086999e+01   1.3311722407e+00
3.9335288368e+01   1.3571027524e+00
3.9413489736e+01   1.3792810021e+00
3.9491691105e+01   1.3973643180e+00
3.9569892473e+01   1.4111009868e+00
3.9648093842e+01   1.4203370102e+00
3.9726295210e+01   1.4250178526e+00
3.9804496579e+01   1.4251853993e+00
3.9882697947e+01   1.4209707363e+00
3.9960899316e+01   1.4125836314e+00
4.0039100684e+01   1.4002997418e+00
4.0117302053e+01   1.3844465941e+00
4.0195503421e+01   1.3653892931e+00
4.0273704790e+01   1.3435167668e+00
4.0351906158e+01   1.3192291584e+00
4.0430107527e+01   1.2929267815e+00
4.0508308895e+01   1.2650008639e+00
4.0586510264e+01   1.2358261536e+00
4.0664711632e+01   1.2057553348e+00
4.0742913001e+01   1.1751151171e+00
4.0821114370e+01   1.1442038058e+00
4.0899315738e+01   1.1132901347e+00
4.0977517107e+01   1.0826131350e+00
4.1055718475e+01   1.0523828245e+00
4.1133919844e+01   1.0227815182e+00
4.1212121212e+01   9.9396558449e-01
4.1290322581e+01   9.6606749973e-01
4.1368523949e+01   9.3919807791e-01
4.1446725318e+01   9.1344877708e-01
4.1524926686e+01   8.8889400698e-01
4.1603128055e+01   8.6559338105e-01
4.1681329423e+01   8.4359387216e-01
4.1759530792e+01   8.2293184513e-01
4.1837732160e+01   8.0363494929e-01
4.1915933529e+01   7.8572386309e-01
4.1994134897e+01   7.6921388856e-01
4.2072336266e+01   7.5411639806e-01
4.2150537634e+01   7.4044013872e-01
4.2228739003e+01   7.2819240143e-01
4.2306940371e+01   7.1738006216e-01
4.2385141740e+01   7.0801050271e-01
4.2463343109e+01   7.0009241734e-01
4.2541544477e+01   6.9363650967e-01
4.2619745846e+01   6.8865608189e-01
4.2697947214e+01   6.8516751546e-01
4.2776148583e+01   6.8319063853e-01
4.2854349951e+01   6.8274897135e-01
4.2932551320e+01   6.8386983588e-01
4.3010752688e+01   6.8658431038e-01
4.3088954057e+01   6.9092700410e-01
4.3167155425e+01   6.9693562041e-01
4.3245356794e+01   7.0465027114e-01
4.3323558162e+01   7.1411249834e-01
4.3401759531e+01   7.2536395538e-01
4.3479960899e+01   7.3844469645e-01
4.3558162268e+01   7.5339102380e-01
4.3636363636e+01   7.7023284781e-01
4.3714565005e+01   7.8899052699e-01
4.3792766373e+01   8.0967117554e-01
4.3870967742e+01   8.3226445840e-01
4.3949169110e+01   8.5673793686e-01
4.4027370479e+01   8.8303208551e-01
4.4105571848e+01   9.1105516920e-01
4.4183773216e+01   9.4067824669e-01
4.4261974585e+01   9.7173064614e-01
4.4340175953e+01   1.0039963295e+00
4.4418377322e+01   1.0372116129e+00
4.4496578690e+01   1.0710647244e+00
4.4574780059e+01   1.1051976454e+00
4.4652981427e+01   1.1392105829e+00
4.4731182796e+01   1.1726692582e+00
4.4809384164e+01   1.2051149723e+00
4.4887585533e+01   1.2360771505e+00
4.4965786901e+01   1.2650877936e+00
4.5043988270e+01   1.2916970230e+00
4.5122189638e+01   1.3154887365e+00
4.5200391007e+01   1.3360953136e+00
4.5278592375e+01   1.3532103620e+00
4.5356793744e+01   1.3665986497e+00
4.5434995112e+01   1.3761026254e+00
4.5513196481e+01   1.3816452350e+00
4.5591397849e+01   1.3832290663e+00
4.5669599218e+01   1.3809321393e+00
4.5747800587e+01   1.3749008919e+00
4.5826001955e+01   1.3653410511e+00
4.5904203324e+01   1.3525071427e+00
4.5982404692e+01   1.3366913720e+00
4.6060606061e+01   1.3182125312e+00
4.6138807429e+01   1.2974054700e+00
4.6217008798e+01   1.2746115332e+00
4.6295210166e+01   1.2501702280e+00
4.6373411535e+01   1.2244122638e+00
4.6451612903e+01   1.1976539969e+00
4.6529814272e+01   1.1701932360e+00
4.6608015640e+01   1.1423063025e+00
4.6686217009e+01   1.1142462054e+00
4.6764418377e+01   1.0862417697e+00
4.6842619746e+01   1.0584975549e+00
4.6920821114e+01   1.0311944036e+00
4.6999022483e+01   1.0044904742e+00
4.7077223851e+01   9.7852262673e-01
4.7155425220e+01   9.5340805071e-01
4.7233626588e+01   9.2924604036e-01
4.7311827957e+01   9.0611984234e-01
4.7390029326e+01   8.8409851563e-01
4.7468230694e+01   8.6323875785e-01
4.7546432063e+01   8.4358666478e-01
4.7624633431e+01   8.2517939936e-01
4.7702834800e+01   8.0804675497e-01
4.7781036168e+01   7.9221260400e-01
4.7859237537e+01   7.7769622764e-01
4.7937438905e+01   7.6451352606e-01
4.8015640274e+01   7.5267811087e-01
4.8093841642e+01   7.4220228234e-01
4.8172043011e+01   7.3309789476e-01
4.8250244379e+01   7.2537711275e-01
4.8328445748e+01   7.1905305996e-01
4.8406647116e+01   7.1414036028e-01
4.8484848485e+01   7.1065556917e-01
4.8563049853e+01   7.0861748984e-01
4.8641251222e+01   7.0804736595e-01
4.8719452590e+01   7.0896893849e-01
4.8797653959e+01   7.1140835069e-01
4.8875855327e+01   7.1539388019e-01
4.8954056696e+01   7.2095547371e-01
4.9032258065e+01   7.2812405513e-01
4.9110459433e+01   7.3693057473e-01
4.9188660802e+01   7.4740476502e-01
4.9266862170e+01   7.5957356892e-01
4.9345063539e+01   7.7345920865e-01
4.9423264907e+01   7.8907687113e-01
4.9501466276e+01   8.0643199796e-01
4.9579667644e+01   8.2551718753e-01
4.9657869013e+01   8.4630874347e-01
4.9736070381e+01   8.6876293942e-01
4.9814271750e+01   8.9281211307e-01
4.9892473118e+01   9.1836075344e-01
4.9970674487e+01   9.4528179840e-01
5.0048875855e+01   9.7341341261e-01
5.0127077224e+01   1.0025565592e+00
5.0205278592e+01   1.0324737053e+00
5.0283479961e+01   1.0628889998e+00
5.0361681329e+01   1.0934902268e+00
5.0439882698e+01   1.1239327587e+00
5.0518084066e+01   1.1538456104e+00
5.0596285435e+01   1.1828395417e+00
5.0674486804e+01   1.2105169679e+00
5.0752688172e+01   1.2364832565e+00
5.0830889541e+01   1.2603588227e+00
5.0909090909e+01   1.2817913163e+00
5.0987292278e+01   1.3004671424e+00
5.1065493646e+01   1.3161215810e+00
5.1143695015e+01   1.3285468760e+00
5.1221896383e+01   1.3375978255e+00
5.1300097752e+01   1.3431946187e+00
5.1378299120e+01   1.3453228843e+00
5.1456500489e+01   1.3440311264e+00
5.1534701857e+01   1.3394258948e+00
5.1612903226e+01   1.3316651630e+00
5.1691104594e+01   1.3209504451e+00
5.1769305963e+01   1.3075181988e+00
5.1847507331e+01   1.2916310197e+00
5.1925708700e+01   1.2735690653e+00
5.2003910068e+01   1.2536220572e+00
5.2082111437e+01   1.2320821127e+00
5.2160312805e+01   1.2092375628e+00
5.2238514174e+01   1.1853678333e+00
5.2316715543e+01   1.1607393925e+00
5.2394916911e+01   1.1356027199e+00
5.2473118280e+01   1.1101902112e+00
5.2551319648e+01   1.0847149119e+00
5.2629521017e+01   1.0593699599e+00
5.2707722385e+01   1.0343286172e+00
5.2785923754e+01   1.0097447730e+00
5.2864125122e+01   9.8575381018e-01
5.2942326491e+01   9.6247373993e-01
5.3020527859e+01   9.4000652101e-01
5.3098729228e+01   9.1843949359e-01
5.3176930596e+01   8.9784687052e-01
5.3255131965e+01   8.7829124029e-01
5.3333333333e+01   8.5982504609e-01
5.3411534702e+01   8.4249201429e-01
5.3489736070e+01   8.2632851312e-01
5.3567937439e+01   8.1136482810e-01
5.3646138807e+01   7.9762634577e-01
5.3724340176e+01   7.8513464047e-01
5.3802541544e+01   7.7390846166e-01
5.3880742913e+01   7.6396462069e-01
5.3958944282e+01   7.5531877686e-01
5.4037145650e+01   7.4798612228e-01
5.4115347019e+01   7.4198196492e-01
5.4193548387e+01   7.3732220775e-01
5.4271749756e+01   7.3402372020e-01
5.4349951124e+01   7.3210459647e-01
5.4428152493e+01   7.3158429216e-01
5.4506353861e+01   7.3248362849e-01
5.4584555230e+01   7.3482465011e-01
5.4662756598e+01   7.3863031972e-01
5.4740957967e+01   7.4392402986e-01
5.4819159335e+01   7.5072891003e-01
5.4897360704e+01   7.5906690585e-01
5.4975562072e+01   7.6895760672e-01
5.5053763441e+01   7.8041680087e-01
5.5131964809e+01   7.9345474055e-01
5.5210166178e+01   8.0807410889e-01
5.5288367546e+01   8.2426769187e-01
5.5366568915e+01   8.4201577645e-01
5.5444770283e+01   8.6128331887e-01
5.5522971652e+01   8.8201695530e-01
5.5601173021e+01   9.0414196057e-01
5.5679374389e+01   9.2755929719e-01
5.5757575758e+01   9.5214293366e-01
5.5835777126e+01   9.7773764493e-01
5.5913978495e+01   1.0041575322e+00
5.5992179863e+01   1.0311855097e+00
5.6070381232e+01   1.0585739945e+00
5.6148582600e+01   1.0860470008e+00
5.6226783969e+01   1.1133037711e+00
5.6304985337e+01   1.1400239894e+00
5.6383186706e+01   1.1658744991e+00
5.6461388074e+01   1.1905173261e+00
5.6539589443e+01   1.2136186734e+00
5.6617790811e+01   1.2348584498e+00
5.6695992180e+01   1.2539398105e+00
5.6774193548e+01   1.2705981599e+00
5.6852394917e+01   1.2846090848e+00
5.6930596285e+01   1.2957947568e+00
5.7008797654e+01   1.3040284589e+00
5.7086999022e+01   1.3092370360e+00
5.7165200391e+01   1.3114012224e+00
5.7243401760e+01   1.3105539528e+00
5.7321603128e+01   1.3067768881e+00
5.7399804497e+01   1.3001954830e+00
5.7478005865e+01   1.2909729777e+00
5.7556207234e+01   1.2793037155e+00
5.7634408602e+01   1.2654061704e+00
5.7712609971e+01   1.2495160292e+00
5.7790811339e+01   1.2318796126e+00
5.7869012708e+01   1.2127478531e+00
5.7947214076e+01   1.1923709803e+00
5.8025415445e+01   1.1709939987e+00
5.8103616813e+01   1.1488529903e+00
5.8181818182e+01   1.1261722289e+00
5.8260019550e+01   1.1031620592e+00
5.8338220919e+01   1.0800174716e+00
5.8416422287e+01   1.0569172890e+00
5.8494623656e+01   1.0340238760e+00
5.8572825024e+01   1.0114832803e+00
5.8651026393e+01   9.8942572087e-01
5.8729227761e+01   9.6796634297e-01
5.8807429130e+01   9.4720616974e-01
5.8885630499e+01   9.2723318933e-01
5.8963831867e+01   9.0812352541e-01
5.9042033236e+01   8.8994264837e-01
5.9120234604e+01   8.7274659274e-01
5.9198435973e+01   8.5658315357e-01
5.9276637341e+01   8.4149304083e-01
5.9354838710e+01   8.2751097645e-01
5.9433040078e+01   8.1466672235e-01
5.9511241447e+01   8.0298603175e-01
5.9589442815e+01   7.9249151808e-01
5.9667644184e+01   7.8320343756e-01
5.9745845552e+01   7.7514038263e-01
5.9824046921e+01   7.6831988352e-01
5.9902248289e+01   7.6275891525e-01
5.9980449658e+01   7.5847430642e-01
6.0058651026e+01   7.5548304521e-01
6.0136852395e+01   7.5380247639e-01
6.0215053763e+01   7.5345038166e-01
6.0293255132e+01   7.5444493331e-01
6.0371456500e+01   7.5680450980e-01
6.0449657869e+01   7.6054735958e-01
6.0527859238e+01   7.6569109822e-01
6.0606060606e+01   7.7225202316e-01
6.0684261975e+01   7.8024423001e-01
6.0762463343e+01   7.8967851629e-01
6.0840664712e+01   8.0056106127e-01
6.0918866080e+01   8.1289187634e-01
6.0997067449e+01   8.2666302870e-01
6.1075268817e+01   8.4185665272e-01
6.1153470186e+01   8.5844277916e-01
6.1231671554e+01   8.7637703085e-01
6.1309872923e+01   8.9559825676e-01
6.1388074291e+01   9.1602620068e-01
6.1466275660e+01   9.3755932736e-01
6.1544477028e+01   9.6007295289e-01
6.1622678397e+01   9.8341784669e-01
6.1700879765e+01   1.0074194836e+00
6.1779081134e+01   1.0318781246e+00
6.1857282502e+01   1.0565698879e+00
6.1935483871e+01   1.0812489364e+00
6.2013685239e+01   1.1056508553e+00
6.2091886608e+01   1.1294972173e+00
6.2170087977e+01   1.1525012520e+00
6.2248289345e+01   1.1743744386e+00
6.2326490714e+01   1.1948337608e+00
6.2404692082e+01   1.2136092798e+00
6.2482893451e+01   1.2304516422e+00
6.2561094819e+01   1.2451391136e+00
6.2639296188e+01   1.2574837546e+00
6.2717497556e+01   1.2673364036e+00
6.2795698925e+01   1.2745902189e+00
6.2873900293e+01   1.2791826305e+00
6.2952101662e+01   1.2810956662e+00
6.3030303030e+01   1.2803547221e+00
6.3108504399e+01   1.2770259391e+00
6.3186705767e+01   1.2712124209e+00
6.3264907136e+01   1.2630495697e+00
6.3343108504e+01   1.2526998373e+00
6.3421309873e+01   1.2403471816e+00
6.3499511241e+01   1.2261914944e+00
6.3577712610e+01   1.2104432268e+00
6.3655913978e+01   1.1933183917e+00
6.3734115347e+01   1.1750340763e+00
6.3812316716e+01   1.1558045447e+00
6.3890518084e+01   1.1358379762e+00
6.3968719453e+01   1.1153338403e+00
6.4046920821e+01   1.0944808882e+00
6.4125122190e+01   1.0734557172e+00
6.4203323558e+01   1.0524218486e+00
6.4281524927e+01   1.0315292564e+00
6.4359726295e+01   1.0109142773e+00
6.4437927664e+01   9.9069983516e-01
6.4516129032e+01   9.7099591595e-01
6.4594330401e+01   9.5190023591e-01
6.4672531769e+01   9.3349904971e-01
6.4750733138e+01   9.1586805428e-01
6.4828934506e+01   8.9907334979e-01
6.4907135875e+01   8.8317242581e-01
6.4985337243e+01   8.6821514678e-01
6.5063538612e+01   8.5424471587e-01
6.5141739980e+01   8.4129860095e-01
6.5219941349e+01   8.2940941007e-01
6.5298142717e+01   8.1860570661e-01
6.5376344086e+01   8.0891275692e-01
6.5454545455e+01   8.0035320440e-01
6.5532746823e+01   7.9294766553e-01
6.5610948192e+01   7.8671524329e-01
6.5689149560e+01   7.8167395399e-01
6.5767350929e+01   7.7784106284e-01
6.5845552297e+01   7.7523332292e-01
6.5923753666e+01   7.7386711160e-01
6.6001955034e+01   7.7375845676e-01
6.6080156403e+01   7.7492294473e-01
6.6158357771e+01   7.7737550012e-01
6.6236559140e+01   7.8113002728e-01
6.6314760508e+01   7.8619890247e-01
6.6392961877e+01   7.9259230614e-01
6.6471163245e+01   8.0031738572e-01
6.6549364614e+01   8.0937724198e-01
6.6627565982e+01   8.1976973575e-01
6.6705767351e+01   8.3148611784e-01
6.6783968719e+01   8.4450949332e-01
6.6862170088e+01   8.5881314179e-01
6.6940371457e+01   8.7435872859e-01
6.7018572825e+01   8.9109445764e-01
6.7096774194e+01   9.0895323360e-01
6.7174975562e+01   9.2785091993e-01
6.7253176931e+01   9.4768479657e-01
6.7331378299e+01   9.6833233676e-01
6.7409579668e+01   9.8965043261e-01
6.7487781036e+01   1.0114752022e+00
6.7565982405e+01   1.0336225043e+00
6.7644183773e+01   1.0558892664e+00
6.7722385142e+01   1.0780557022e+00
6.7800586510e+01   1.0998884459e+00
6.7878787879e+01   1.1211445766e+00
6.7956989247e+01   1.1415764428e+00
6.8035190616e+01   1.1609371292e+00
6.8113391984e+01   1.1789863505e+00
6.8191593353e+01   1.1954965085e+00
6.8269794721e+01   1.2102586185e+00
6.8347996090e+01   1.2230878049e+00
6.8426197458e+01   1.2338280851e+00
6.8504398827e+01   1.2423562020e+00
6.8582600196e+01   1.2485843279e+00
6.8660801564e+01   1.2524615357e+00
6.8739002933e+01   1.2539740133e+00
6.8817204301e+01   1.2531440760e+00
6.8895405670e+01   1.2500280945e+00
6.8973607038e+01   1.2447135121e+00
6.9051808407e+01   1.2373151546e+00
6.9130009775e+01   1.2279710572e+00
6.9208211144e+01   1.2168380244e+00
6.9286412512e+01   1.2040871292e+00
6.9364613881e+01   1.1898993283e+00
6.9442815249e+01   1.1744613380e+00
6.9521016618e+01   1.1579618806e+00
6.9599217986e+01   1.1405883759e+00
6.9677419355e+01   1.1225241194e+00
6.9755620723e+01   1.1039459613e+00
6.9833822092e+01   1.0850224782e+00
6.9912023460e+01   1.0659126094e+00
6.9990224829e+01   1.0467647210e+00
7.0068426197e+01   1.0277160485e+00
7.0146627566e+01   1.0088924688e+00
7.0224828935e+01   9.9040854910e-01
7.0303030303e+01   9.7236782178e-01
7.0381231672e+01   9.5486323927e-01
7.0459433040e+01   9.3797776435e-01
7.0537634409e+01   9.2178505855e-01
7.0615835777e+01   9.0635023491e-01
7.0694037146e+01   8.9173064664e-01
7.0772238514e+01   8.7797668796e-01
7.0850439883e+01   8.6513258719e-01
7.0928641251e+01   8.5323717628e-01
7.1006842620e+01   8.4232462359e-01
7.1085043988e+01   8.3242511967e-01
7.1163245357e+01   8.2356550760e-01
7.1241446725e+01   8.1576985089e-01
7.1319648094e+01   8.0905993315e-01
7.1397849462e+01   8.0345568415e-01
7.1476050831e+01   7.9897552728e-01
7.1554252199e+01   7.9563664316e-01
7.1632453568e+01   7.9345514404e-01
7.1710654936e+01   7.9244615297e-01
7.1788856305e+01   7.9262378119e-01
7.1867057674e+01   7.9400099678e-01
7.1945259042e+01   7.9658937703e-01
7.2023460411e+01   8.0039873690e-01
7.2101661779e+01   8.0543662653e-01
7.2179863148e+01   8.1170769145e-01
7.2258064516e+01   8.1921289125e-01
7.2336265885e+01   8.2794857547e-01
7.2414467253e+01   8.3790541984e-01
7.2492668622e+01   8.4906723171e-01
7.2570869990e+01   8.6140964153e-01
7.2649071359e+01   8.7489870628e-01
7.2727272727e+01   8.8948946186e-01
7.2805474096e+01   9.0512447389e-01
7.2883675464e+01   9.2173244910e-01
7.2961876833e+01   9.3922698270e-01
7.3040078201e+01   9.5750552823e-01
7.3118279570e+01   9.7644868499e-01
7.3196480938e+01   9.9591990197e-01
7.3274682307e+01   1.0157656947e+00
7.3352883675e+01   1.0358164607e+00
7.3431085044e+01   1.0558879603e+00
7.3509286413e+01   1.0757835000e+00
7.3587487781e+01   1.0952968193e+00
7.3665689150e+01   1.1142156382e+00
7.3743890518e+01   1.1323257738e+00
7.3822091887e+01   1.1494156924e+00
7.3900293255e+01   1.1652813176e+00
7.3978494624e+01   1.1797308895e+00
7.4056695992e+01   1.1925896507e+00
7.4134897361e+01   1.2037041364e+00
7.4213098729e+01   1.2129458647e+00
7.4291300098e+01   1.2202142540e+00
7.4369501466e+01   1.2254386442e+00
7.4447702835e+01   1.2285793529e+00
7.4525904203e+01   1.2296277523e+00
7.4604105572e+01   1.2286054130e+00
7.4682306940e+01   1.2255624058e+00
7.4760508309e+01   1.2205748897e+00
7.4838709677e+01   1.2137421430e+00
7.4916911046e+01   1.2051832027e+00
7.4995112414e+01   1.1950332789e+00
7.5073313783e+01   1.1834401019e+00
7.5151515152e+01   1.1705603380e+00
7.5229716520e+01   1.1565561911e+00
7.5307917889e+01   1.1415922784e+00
7.5386119257e+01   1.1258328431e+00
7.5464320626e+01   1.1094393441e+00
7.5542521994e+01   1.0925684384e+00
7.5620723363e+01   1.0753703568e+00
7.5698924731e+01   1.0579876553e+00
7.5777126100e+01   1.0405543174e+00
7.5855327468e+01   1.0231951731e+00
7.5933528837e+01   1.0060255962e+00
7.6011730205e+01   9.8915144118e-01
7.6089931574e+01   9.7266917853e-01
7.6168132942e+01   9.5666619246e-01
7.6246334311e+01   9.4122120404e-01
7.6324535679e+01   9.2640478860e-01
7.6402737048e+01   9.1227995861e-01
7.6480938416e+01   8.9890278730e-01
7.6559139785e+01   8.8632305160e-01
7.6637341153e+01   8.7458487637e-01
7.6715542522e+01   8.6372736482e-01
7.6793743891e+01   8.5378520238e-01
7.6871945259e+01   8.4478922372e-01
7.6950146628e+01   8.3676693401e-01
7.7028347996e+01   8.2974297712e-01
7.7106549365e+01   8.2373954425e-01
7.7184750733e+01   8.1877671712e-01
7.7262952102e+01   8.1487274047e-01
7.7341153470e+01   8.1204421831e-01
7.7419354839e+01   8.1030622885e-01
7.7497556207e+01   8.0967235247e-01
7.7575757576e+01   8.1015460723e-01
7.7653958944e+01   8.1176328635e-01
7.7732160313e+01   8.1450669215e-01
7.7810361681e+01   8.1839076149e-01
7.7888563050e+01   8.2341857876e-01
7.7966764418e+01   8.2958977384e-01
7.8044965787e+01   8.3689980514e-01
7.8123167155e+01   8.4533913085e-01
7.8201368524e+01   8.5489227603e-01
7.8279569892e+01   8.6553680880e-01
7.8357771261e+01   8.7724224569e-01
7.8435972630e+01   8.8996891396e-01
7.8514173998e+01   9.0366680782e-01
7.8592375367e+01   9.1827448456e-01
7.8670576735e+01   9.3371805623e-01
7.8748778104e+01   9.4991034064e-01
7.8826979472e+01   9.6675024241e-01
7.8905180841e+01   9.8412243794e-01
7.8983382209e+01   1.0018974382e+00
7.9061583578e+01   1.0199320965e+00
7.9139784946e+01   1.0380706182e+00
7.9217986315e+01   1.0561461075e+00
7.9296187683e+01   1.0739826666e+00
7.9374389052e+01   1.0913980272e+00
7.9452590420e+01   1.1082066657e+00
7.9530791789e+01   1.1242233151e+00
7.9608993157e+01   1.1392667582e+00
7.9687194526e+01   1.1531637554e+00
7.9765395894e+01   1.1657529482e+00
7.9843597263e+01   1.1768885639e+00
7.9921798631e+01   1.1864437602e+00
8.0000000000e+01   1.1943134571e+00
8.0000000000e+01   1.1943134571e+00
