X    Y    Z
5.0000000000e-01   5.0000000000e-01   0.0000000000e+00
5.1953187205e-01   5.2017465905e-01   7.9146178803e-03
5.3894860564e-01   5.4164902027e-01   1.6029506568e-02
5.5812315571e-01   5.6449901271e-01   2.4362320142e-02
5.7691559743e-01   5.8879835303e-01   3.2931602102e-02
5.9517359037e-01   6.1461658268e-01   4.1756722474e-02
6.1273329259e-01   6.4201668797e-01   5.0857782241e-02
6.2942080421e-01   6.7105227344e-01   6.0255478872e-02
6.4505421466e-01   7.0176427456e-01   6.9970926499e-02
6.5944631438e-01   7.3417722042e-01   8.0025424328e-02
6.7240800943e-01   7.6829508927e-01   9.0440167408e-02
6.8375244376e-01   8.0409684207e-01   1.0123589492e-01
6.9329978877e-01   8.4153177000e-01   1.1243247295e-01
7.0088260367e-01   8.8051484872e-01   1.2404841132e-01
7.0635160550e-01   9.2092235248e-01   1.3610031743e-01
7.0958161877e-01   9.6258803718e-01   1.4860229459e-01
7.1047740880e-01   1.0053002463e+00   1.6156529704e-01
7.0897904879e-01   1.0488003173e+00   1.7499645983e-01
7.0506643826e-01   1.0927826584e+00   1.8889842676e-01
6.9876259012e-01   1.1368968182e+00   2.0326870522e-01
6.9013534238e-01   1.1807517812e+00   2.1809908011e-01
6.7929723179e-01   1.2239225842e+00   2.3337512168e-01
6.6640338780e-01   1.2659591809e+00   2.4907582129e-01
6.5164745560e-01   1.3063972905e+00   2.6517338637e-01
6.3525572119e-01   1.3447707751e+00   2.8163321944e-01
6.1747976813e-01   1.3806249297e+00   2.9841409758e-01
5.9858812410e-01   1.4135299535e+00   3.1546855774e-01
5.7885743699e-01   1.4430938235e+00   3.3274348145e-01
5.5856374504e-01   1.4689738249e+00   3.5018086077e-01
5.3797436995e-01   1.4908860914e+00   3.6771871647e-01
5.1734087498e-01   1.5086126733e+00   3.8529213137e-01
4.9689340552e-01   1.5220058518e+00   4.0283435603e-01
4.7683658730e-01   1.5309896267e+00   4.2027794231e-01
4.5734701635e-01   1.5355585065e+00   4.3755586108e-01
4.3857225161e-01   1.5357738936e+00   4.5460256467e-01
4.2063112714e-01   1.5317584772e+00   4.7135496060e-01
4.0361514063e-01   1.5236891154e+00   4.8775327088e-01
3.8759064846e-01   1.5117887084e+00   5.0374175890e-01
3.7260159961e-01   1.4963175451e+00   5.1926931434e-01
3.5867256458e-01   1.4775645509e+00   5.3428989334e-01
3.4581185319e-01   1.4558387996e+00   5.4876281774e-01
3.3401455865e-01   1.4314615686e+00   5.6265294180e-01
3.2326541048e-01   1.4047591386e+00   5.7593069866e-01
3.1354135912e-01   1.3760564671e+00   5.8857204101e-01
3.0481385063e-01   1.3456717974e+00   6.0055829173e-01
2.9705077696e-01   1.3139122155e+00   6.1187592057e-01
2.9021810820e-01   1.2810701254e+00   6.2251626256e-01
2.8428122716e-01   1.2474205836e+00   6.3247519288e-01
2.7920599499e-01   1.2132194136e+00   6.4175277153e-01
2.7495958129e-01   1.1787020131e+00   6.5035286987e-01
2.7151109264e-01   1.1440827573e+00   6.5828278907e-01
2.6883203286e-01   1.1095549054e+00   6.6555287939e-01
2.6689662538e-01   1.0752909209e+00   6.7217616712e-01
2.6568202522e-01   1.0414431213e+00   6.7816799506e-01
2.6516844393e-01   1.0081445837e+00   6.8354568069e-01
2.6533920767e-01   9.7551023668e-01   6.8832819520e-01
2.6618076502e-01   9.4363808452e-01   6.9253586561e-01
2.6768265777e-01   9.1261051157e-01   6.9619010113e-01
2.6983746561e-01   8.8249562813e-01   6.9931314444e-01
2.7264073284e-01   8.5334862393e-01   7.0192784774e-01
2.7609088354e-01   8.2521310316e-01   7.0405747324e-01
2.8018912957e-01   7.9812238084e-01   7.0572551715e-01
2.8493937478e-01   7.7210072560e-01   7.0695555608e-01
2.9034811723e-01   7.4716453837e-01   7.0777111472e-01
2.9642435057e-01   7.2332346029e-01   7.0819555323e-01
3.0317946468e-01   7.0058140626e-01   7.0825197302e-01
3.1062714509e-01   6.7893752304e-01   7.0796313949e-01
3.1878327007e-01   6.5838707302e-01   7.0735142018e-01
3.2766580384e-01   6.3892224613e-01   7.0643873710e-01
3.3729468366e-01   6.2053290381e-01   7.0524653181e-01
3.4769169815e-01   6.0320725971e-01   7.0379574215e-01
3.5888035398e-01   5.8693250263e-01   7.0210678937e-01
3.7088572700e-01   5.7169536754e-01   7.0019957476e-01
3.8373429405e-01   5.5748266091e-01   6.9809348484e-01
3.9745374044e-01   5.4428174659e-01   6.9580740423e-01
4.1207273805e-01   5.3208099901e-01   6.9335973571e-01
4.2762068784e-01   5.2087022980e-01   6.9076842670e-01
4.4412742010e-01   5.1064109468e-01   6.8805100182e-01
4.6162284485e-01   5.0138748679e-01   6.8522460115e-01
4.8013654370e-01   4.9310592289e-01   6.8230602391e-01
4.9969729372e-01   4.8579592868e-01   6.7931177749e-01
5.2033251267e-01   4.7946042934e-01   6.7625813167e-01
5.4206761369e-01   4.7410615117e-01   6.7316117818e-01
5.6492525656e-01   4.6974404004e-01   6.7003689571e-01
5.8892448132e-01   4.6638970196e-01   6.6690122047e-01
6.1407970899e-01   4.6406387051e-01   6.6377012286e-01
6.4039959321e-01   4.6279290522e-01   6.6065969027e-01
6.6788570579e-01   4.6260932370e-01   6.5758621671e-01
6.9653103936e-01   4.6355236878e-01   6.5456629950e-01
7.2631831029e-01   4.6566860984e-01   6.5161694360e-01
7.5721804720e-01   4.6901257383e-01   6.4875567385e-01
7.8918645299e-01   4.7364739768e-01   6.4600065543e-01
8.2216303354e-01   4.7964548741e-01   6.4337082267e-01
8.5606799416e-01   4.8708916135e-01   6.4088601603e-01
8.9079941594e-01   4.9607124466e-01   6.3856712654e-01
9.2623024036e-01   5.0669556815e-01   6.3643624662e-01
9.6220511218e-01   5.1907730761e-01   6.3451682510e-01
9.9853715935e-01   5.3334307783e-01   6.3283382335e-01
1.0350048257e+00   5.4963066935e-01   6.3141386784e-01
1.0713489185e+00   5.6808828513e-01   6.3028539253e-01
1.1072700882e+00   5.8887309939e-01   6.2947876221e-01
1.1424270241e+00   6.1214892429e-01   6.2902636488e-01
1.1764357171e+00   6.3808273453e-01   6.2896265804e-01
1.2088702169e+00   6.6683977247e-01   6.2932414955e-01
1.2392653720e+00   6.9857694467e-01   6.3014928995e-01
1.2671220833e+00   7.3343423852e-01   6.3147824893e-01
1.2919156048e+00   7.7152394976e-01   6.3335254517e-01
1.3131073601e+00   8.1291763710e-01   6.3581449712e-01
1.3301605908e+00   8.5763092621e-01   6.3890646277e-01
1.3425598838e+00   9.0560658420e-01   6.4266984120e-01
1.3498342270e+00   9.5669667709e-01   6.4714381844e-01
1.3515827257e+00   1.0106450825e+00   6.5236385676e-01
1.3475015068e+00   1.0670721058e+00   6.5835994977e-01
1.3374097366e+00   1.1254633489e+00   6.6515469609e-01
1.3212721851e+00   1.1851651910e+00   6.7276127838e-01
1.2992155420e+00   1.2453891302e+00   6.8118147002e-01
1.2715358572e+00   1.3052267002e+00   6.9040382055e-01
1.2386951256e+00   1.3636756918e+00   7.0040218868e-01
1.2013061519e+00   1.4196770399e+00   7.1113478971e-01
1.1601062688e+00   1.4721601995e+00   7.2254390001e-01
1.1159219888e+00   1.5200934083e+00   7.3455631375e-01
1.0696279392e+00   1.5625342516e+00   7.4708458113e-01
1.0221041773e+00   1.5986756531e+00   7.6002898280e-01
9.7419604501e-01   1.6278829074e+00   7.7328012254e-01
9.2668011811e-01   1.6497185580e+00   7.8672196312e-01
8.8023868920e-01   1.6639535487e+00   8.0023509521e-01
8.3544388162e-01   1.6705647911e+00   8.1370002163e-01
7.9275119699e-01   1.6697207893e+00   8.2700025715e-01
7.5250128255e-01   1.6617579965e+00   8.4002508103e-01
7.1492807747e-01   1.6471510824e+00   8.5267182834e-01
6.8017126848e-01   1.6264802852e+00   8.6484765776e-01
6.4829108280e-01   1.6003986343e+00   8.7647078103e-01
6.1928375804e-01   1.5696012236e+00   8.8747117813e-01
5.9309644165e-01   1.5347980259e+00   8.9779085079e-01
5.6964069498e-01   1.4966910896e+00   9.0738368339e-01
5.4880414893e-01   1.4559564124e+00   9.1621498850e-01
5.3046015012e-01   1.4132303793e+00   9.2426081413e-01
5.1447544276e-01   1.3691003720e+00   9.3150708419e-01
5.0071605953e-01   1.3240990039e+00   9.3794863568e-01
4.8905166180e-01   1.2787013665e+00   9.4358820552e-01
4.7935859091e-01   1.2333246749e+00   9.4843540978e-01
4.7152188467e-01   1.1883297426e+00   9.5250574827e-01
4.6543648896e-01   1.1440237826e+00   9.5581965829e-01
4.6100786129e-01   1.1006641097e+00   9.5840163409e-01
4.5815212911e-01   1.0584623951e+00   9.6027942214e-01
4.5679593277e-01   1.0175891988e+00   9.6148329742e-01
4.5687605380e-01   9.7817856994e-01   9.6204542194e-01
4.5833890460e-01   9.4033255878e-01   9.6199928422e-01
4.6113993521e-01   9.0412553292e-01   9.6137921596e-01
4.6524299667e-01   8.6960822490e-01   9.6021998126e-01
4.7061968754e-01   8.3681146899e-01   9.5855643261e-01
4.7724870071e-01   8.0574960676e-01   9.5642322766e-01
4.8511517971e-01   7.7642355785e-01   9.5385460059e-01
4.9421008853e-01   7.4882356445e-01   9.5088418218e-01
5.0452959460e-01   7.2293162631e-01   9.4754486282e-01
5.1607446112e-01   6.9872364882e-01   9.4386869311e-01
5.2884944313e-01   6.7617132967e-01   9.3988681734e-01
5.4286267919e-01   6.5524381150e-01   9.3562943542e-01
5.5812506931e-01   6.3590912829e-01   9.3112578935e-01
5.7464962865e-01   6.1813547282e-01   9.2640417096e-01
5.9245080466e-01   6.0189231151e-01   9.2149194799e-01
6.1154374506e-01   5.8715137156e-01   9.1641560603e-01
6.3194350215e-01   5.7388752386e-01   9.1120080424e-01
6.5366415833e-01   5.6207958302e-01   9.0587244333e-01
6.7671785631e-01   5.5171104446e-01   9.0045474430e-01
7.0111371643e-01   5.4277077612e-01   8.9497133710e-01
7.2685662251e-01   5.3525368090e-01   8.8944535828e-01
7.5394585686e-01   5.2916134305e-01   8.8389955743e-01
7.8237356426e-01   5.2450267003e-01   8.7835641180e-01
8.1212302514e-01   5.2129453798e-01   8.7283824922e-01
8.4316671855e-01   5.1956244567e-01   8.6736737914e-01
8.7546415780e-01   5.1934117759e-01   8.6196623190e-01
9.0895948499e-01   5.2067547116e-01   8.5665750609e-01
9.4357881683e-01   5.2362067586e-01   8.5146432405e-01
9.7922734282e-01   5.2824338302e-01   8.4641039493e-01
1.0157861904e+00   5.3462199285e-01   8.4152018451e-01
1.0531090893e+00   5.4284716987e-01   8.3681909049e-01
1.0910188935e+00   5.5302211896e-01   8.3233362079e-01
1.1293040508e+00   5.6526258944e-01   8.2809157133e-01
1.1677151529e+00   5.7969648646e-01   8.2412219836e-01
1.2059617534e+00   5.9646293408e-01   8.2045637791e-01
1.2437097017e+00   6.1571059684e-01   8.1712674287e-01
1.2805793190e+00   6.3759502638e-01   8.1416778447e-01
1.3161448176e+00   6.6227476225e-01   8.1161590190e-01
1.3499354515e+00   6.8990588755e-01   8.0950937882e-01
1.3814389504e+00   7.2063473188e-01   8.0788826186e-01
1.4101078357e+00   7.5458843985e-01   8.0679411144e-01
1.4353692082e+00   7.9186320184e-01   8.0626959209e-01
1.4566385100e+00   8.3251009576e-01   8.0635786784e-01
1.4733375711e+00   8.7651873181e-01   8.0710176977e-01
1.4849169214e+00   9.2379924080e-01   8.0854270872e-01
1.4908818689e+00   9.7416359256e-01   8.1071931866e-01
1.4908212382e+00   1.0273077437e+00   8.1366583531e-01
1.4844369676e+00   1.0827966235e+00   8.1741024204e-01
1.4715720955e+00   1.1400543638e+00   8.2197224917e-01
1.4522341644e+00   1.1983623251e+00   8.2736121023e-01
1.4266109075e+00   1.2568672260e+00   8.3357411609e-01
1.3950754020e+00   1.3146009466e+00   8.4059383569e-01
1.3581787580e+00   1.3705123488e+00   8.4838778552e-01
1.3166297930e+00   1.4235098580e+00   8.5690719992e-01
1.2712628281e+00   1.4725118584e+00   8.6608713921e-01
1.2229964094e+00   1.5165005172e+00   8.7584731280e-01
1.1727870399e+00   1.5545738162e+00   8.8609371780e-01
1.1215826240e+00   1.5859905750e+00   8.9672101156e-01
1.0702801386e+00   1.6102041253e+00   9.0761546247e-01
1.0196911407e+00   1.6268818504e+00   9.1865827006e-01
9.7051733149e-01   1.6359097076e+00   9.2972901977e-01
9.2333686593e-01   1.6373826998e+00   9.4070904279e-01
8.7860072770e-01   1.6315837233e+00   9.5148448146e-01
8.3663749565e-01   1.6189541071e+00   9.6194890975e-01
7.9766430044e-01   1.6000594311e+00   9.7200541443e-01
7.6180166849e-01   1.5755539680e+00   9.8156809890e-01
7.2909017305e-01   1.5461465030e+00   9.9056301942e-01
6.9950722386e-01   1.5125695243e+00   9.9892860061e-01
6.7298280540e-01   1.4755530083e+00   1.0066156009e+00
6.4941342989e-01   1.4358033423e+00   1.0135867115e+00
6.2867395161e-01   1.3939873943e+00   1.0198158746e+00
6.1062717345e-01   1.3507213700e+00   1.0252874031e+00
5.9513136649e-01   1.3065638703e+00   1.0299949745e+00
5.8204593356e-01   1.2620124575e+00   1.0339405605e+00
5.7123549664e-01   1.2175030233e+00   1.0371333434e+00
5.6257269548e-01   1.1734112902e+00   1.0395886561e+00
5.5593996589e-01   1.1300558538e+00   1.0413269752e+00
5.5123053383e-01   1.0877022644e+00   1.0423729853e+00
5.4834882376e-01   1.0465677365e+00   1.0427547264e+00
5.4721044177e-01   1.0068261662e+00   1.0425028308e+00
5.4774186001e-01   9.6861321074e-01   1.0416498499e+00
5.4987989841e-01   9.3203125401e-01   1.0402296700e+00
5.5357107519e-01   8.9715413491e-01   1.0382770125e+00
5.5877087718e-01   8.6403156005e-01   1.0358270127e+00
5.6544298495e-01   8.3269315642e-01   1.0329148705e+00
5.7355847521e-01   8.0315214534e-01   1.0295755676e+00
5.8309501368e-01   7.7540863777e-01   1.0258436416e+00
5.9403604379e-01   7.4945256477e-01   1.0217530135e+00
6.0636997157e-01   7.2526626555e-01   1.0173368590e+00
6.2008934255e-01   7.0282676129e-01   1.0126275211e+00
6.3519000352e-01   6.8210774591e-01   1.0076564559e+00
6.5167023929e-01   6.6308132629e-01   1.0024542086e+00
6.6952987288e-01   6.4571954397e-01   9.9705041519e-01
6.8876931566e-01   6.2999570953e-01   9.9147382621e-01
7.0938855297e-01   6.1588557895e-01   9.8575234936e-01
7.3138604932e-01   6.0336839892e-01   9.7991310894e-01
7.5475755652e-01   5.9242784567e-01   9.7398251955e-01
7.7949480740e-01   5.8305287890e-01   9.6798637258e-01
8.0558407758e-01   5.7523852952e-01   9.6194993411e-01
8.3300459753e-01   5.6898663624e-01   9.5589805305e-01
8.6172679834e-01   5.6430654242e-01   9.4985527872e-01
8.9171037624e-01   5.6121576012e-01   9.4384598718e-01
9.2290216369e-01   5.5974060282e-01   9.3789451564e-01
9.5523380005e-01   5.5991678236e-01   9.3202530436e-01
9.8861920167e-01   5.6178995711e-01   9.2626304520e-01
1.0229518416e+00   5.6541620937e-01   9.2063283597e-01
1.0581018631e+00   5.7086241720e-01   9.1516033886e-01
1.0939130708e+00   5.7820647148e-01   9.0987194123e-01
1.1301998671e+00   5.8753727036e-01   9.0479491549e-01
1.1667442350e+00   5.9895440182e-01   8.9995757424e-01
1.2032929067e+00   6.1256739946e-01   8.9538941482e-01
1.2395549075e+00   6.2849442863e-01   8.9112124591e-01
1.2751997172e+00   6.4686022989e-01   8.8718528622e-01
1.3098563560e+00   6.6779311815e-01   8.8361522266e-01
1.3431137627e+00   6.9142081275e-01   8.8044621224e-01
1.3745228918e+00   7.1786486265e-01   8.7771480861e-01
1.4036009987e+00   7.4723344241e-01   8.7545879086e-01
1.4298385926e+00   7.7961233914e-01   8.7371686921e-01
1.4527094969e+00   8.1505404428e-01   8.7252824075e-01
1.4716843483e+00   8.5356501949e-01   8.7193196837e-01
1.4862476587e+00   8.9509143507e-01   8.7196615921e-01
1.4959182536e+00   9.3950398432e-01   8.7266692637e-01
1.5002724798e+00   9.8658274400e-01   8.7406712998e-01
1.4989690658e+00   1.0360034442e+00   8.7619491172e-01
1.4917739821e+00   1.0873268669e+00   8.7907206098e-01
1.4785831647e+00   1.1399933229e+00   8.8271227883e-01
1.4594406573e+00   1.1933241562e+00   8.8711943534e-01
1.4345497126e+00   1.2465319049e+00   8.9228594309e-01
1.4042747675e+00   1.2987400549e+00   8.9819138744e-01
1.3691329991e+00   1.3490122814e+00   9.0480155944e-01
1.3297753086e+00   1.3963898185e+00   9.1206802332e-01
1.2869578943e+00   1.4399343279e+00   9.1992831762e-01
1.2415068271e+00   1.4787726277e+00   9.2830683797e-01
1.1942789594e+00   1.5121391289e+00   9.3711638811e-01
1.1461229023e+00   1.5394119442e+00   9.4626032083e-01
1.0978436067e+00   1.5601393970e+00   9.5563513503e-01
1.0501733594e+00   1.5740548923e+00   9.6513335500e-01
1.0037509391e+00   1.5810795861e+00   9.7464650055e-01
9.5910949819e-01   1.5813136919e+00   9.8406796228e-01
9.1667268776e-01   1.5750183813e+00   9.9329562106e-01
8.7675776073e-01   1.5625909127e+00   1.0022340896e+00
8.3958395262e-01   1.5445358446e+00   1.0107964990e+00
8.0528432570e-01   1.5214350166e+00   1.0189057985e+00
7.7391939952e-01   1.4939185392e+00   1.0264955740e+00
7.4549118448e-01   1.4626384484e+00   1.0335104228e+00
7.1995659467e-01   1.4282460787e+00   1.0399059420e+00
6.9723957096e-01   1.3913736618e+00   1.0456483976e+00
6.7724155289e-01   1.3526202205e+00   1.0507141480e+00
6.5985017651e-01   1.3125415111e+00   1.0550888883e+00
6.4494624307e-01   1.2716435684e+00   1.0587667796e+00
6.3240910851e-01   1.2303793022e+00   1.0617495157e+00
6.2212069769e-01   1.1891475670e+00   1.0640453724e+00
6.1396836590e-01   1.1482941464e+00   1.0656682712e+00
6.0784682394e-01   1.1081141503e+00   1.0666368858e+00
6.0365932353e-01   1.0688553878e+00   1.0669738069e+00
6.0131827275e-01   1.0307223576e+00   1.0667047779e+00
6.0074542264e-01   9.9388056772e-01   1.0658580072e+00
6.0187173860e-01   9.5846096293e-01   1.0644635594e+00
6.0463704544e-01   9.2456429560e-01   1.0625528240e+00
6.0898951328e-01   8.9226532419e-01   1.0601580595e+00
6.1488503411e-01   8.6161676190e-01   1.0573120076e+00
6.2228652393e-01   8.3265292961e-01   1.0540475721e+00
6.3116317409e-01   8.0539309053e-01   1.0503975578e+00
6.4148966609e-01   7.7984446170e-01   1.0463944618e+00
6.5324535721e-01   7.5600491038e-01   1.0420703129e+00
6.6641343866e-01   7.3386535194e-01   1.0374565528e+00
6.8098006377e-01   7.1341187152e-01   1.0325839540e+00
6.9693344050e-01   6.9462759510e-01   1.0274825705e+00
7.1426287981e-01   6.7749433685e-01   1.0221817154e+00
7.3295778985e-01   6.6199404987e-01   1.0167099645e+00
7.5300660409e-01   6.4811010641e-01   1.0110951793e+00
7.7439563074e-01   6.3582843194e-01   1.0053645493e+00
7.9710781006e-01   6.2513851526e-01   9.9954465027e-01
8.2112136604e-01   6.1603431395e-01   9.9366151610e-01
8.4640833923e-01   6.0851507144e-01   9.8774072295e-01
8.7293298869e-01   6.0258605795e-01   9.8180748434e-01
9.0065005286e-01   5.9825924359e-01   9.7588675557e-01
9.2950286230e-01   5.9555390673e-01   9.7000334656e-01
9.5942130210e-01   5.9449717477e-01   9.6418204179e-01
9.9031962807e-01   5.9512448760e-01   9.5844772621e-01
1.0220941504e+00   5.9747996522e-01   9.5282551571e-01
1.0546208102e+00   6.0161665125e-01   9.4734089029e-01
1.0877526912e+00   6.0759659138e-01   9.4201982776e-01
1.1213175284e+00   6.1549069199e-01   9.3688893494e-01
1.1551153013e+00   6.2537828709e-01   9.3197557246e-01
1.1889160317e+00   6.3734632340e-01   9.2730796806e-01
1.2224579396e+00   6.5148805326e-01   9.2291531185e-01
1.2554461550e+00   6.6790110470e-01   9.1882782508e-01
1.2875522250e+00   6.8668478019e-01   9.1507679216e-01
1.3184147011e+00   7.0793642249e-01   9.1169454316e-01
1.3476411287e+00   7.3174668420e-01   9.0871437189e-01
1.3748117845e+00   7.5819355201e-01   9.0617037235e-01
1.3994855114e+00   7.8733501626e-01   9.0409717451e-01
1.4212079604e+00   8.1920035053e-01   9.0252955964e-01
1.4395224657e+00   8.5378008209e-01   9.0150193581e-01
1.4539836263e+00   8.9101489941e-01   9.0104765729e-01
1.4641734447e+00   9.3078395699e-01   9.0119817688e-01
1.4697195781e+00   9.7289329037e-01   9.0198202958e-01
1.4703149016e+00   1.0170653217e+00   9.0342365949e-01
1.4657372117e+00   1.0629306782e+00   9.0554211810e-01
1.4558675550e+00   1.1100237049e+00   9.0834968293e-01
1.4407054308e+00   1.1577830669e+00   9.1185046572e-01
1.4203790727e+00   1.2055586419e+00   9.1603909914e-01
1.3951492090e+00   1.2526254680e+00   9.2089960526e-01
1.3654051859e+00   1.2982048381e+00   9.2640455387e-01
1.3316530667e+00   1.3414917954e+00   9.3251461265e-01
1.2944962074e+00   1.3816873921e+00   9.3917857074e-01
1.2546097146e+00   1.4180333091e+00   9.4633388435e-01
1.2127109380e+00   1.4498459385e+00   9.5390775100e-01
1.1695286011e+00   1.4765469360e+00   9.6181867217e-01
1.1257732385e+00   1.4976875937e+00   9.6997842089e-01
1.0821112891e+00   1.5129650979e+00   9.7829429575e-01
1.0391445728e+00   1.5222297018e+00   9.8667152221e-01
9.9739609596e-01   1.5254828634e+00   9.9501565684e-01
9.5730233308e-01   1.5228673124e+00   1.0032348610e+00
9.1921146126e-01   1.5146506792e+00   1.0112419324e+00
8.8338654606e-01   1.5012046851e+00   1.0189560140e+00
8.5001243279e-01   1.4829819612e+00   1.0263039322e+00
8.1920505376e-01   1.4604923857e+00   1.0332211489e+00
7.9102197547e-01   1.4342804904e+00   1.0396523374e+00
7.6547321725e-01   1.4049050705e+00   1.0455516160e+00
7.4253161897e-01   1.3729217110e+00   1.0508824819e+00
7.2214227738e-01   1.3388685644e+00   1.0556175015e+00
7.0423078112e-01   1.3032554138e+00   1.0597378097e+00
6.8871014078e-01   1.2665558328e+00   1.0632324717e+00
6.7548642972e-01   1.2292021117e+00   1.0660977554e+00
6.6446322895e-01   1.1915825460e+00   1.0683363552e+00
6.5554501284e-01   1.1540406557e+00   1.0699566010e+00
6.4863962949e-01   1.1168759197e+00   1.0709716798e+00
6.4366003046e-01   1.0803456436e+00   1.0713988907e+00
6.4052539288e-01   1.0446676278e+00   1.0712589459e+00
6.3916176083e-01   1.0100233570e+00   1.0705753295e+00
6.3950231331e-01   9.7656148447e-01   1.0693737173e+00
6.4148734726e-01   9.4440143323e-01   1.0676814616e+00
6.4506404596e-01   9.1363698101e-01   1.0655271394e+00
6.5018608765e-01   8.8433973122e-01   1.0629401625e+00
6.5681313526e-01   8.5656240395e-01   1.0599504465e+00
6.6491023722e-01   8.3034190506e-01   1.0565881343e+00
6.7444715977e-01   8.0570215088e-01   1.0528833689e+00
6.8539766385e-01   7.8265664021e-01   1.0488661125e+00
6.9773873371e-01   7.6121077672e-01   1.0445660061e+00
7.1144975966e-01   7.4136395160e-01   1.0400122652e+00
7.2651167365e-01   7.2311140209e-01   1.0352336079e+00
7.4290603378e-01   7.0644586379e-01   1.0302582112e+00
7.6061405137e-01   6.9135903672e-01   1.0251136925e+00
7.7961555325e-01   6.7784288479e-01   1.0198271118e+00
7.9988787028e-01   6.6589078769e-01   1.0144249945e+00
8.2140464341e-01   6.5549856292e-01   1.0089333693e+00
8.4413453828e-01   6.4666537292e-01   1.0033778207e+00
8.6803986035e-01   6.3939452985e-01   9.9778355477e-01
8.9307506420e-01   6.3369420699e-01   9.9217547463e-01
9.1918515325e-01   6.2957806154e-01   9.8657826572e-01
9.4630396985e-01   6.2706576894e-01   9.8101648853e-01
9.7435238122e-01   6.2618346311e-01   9.7551467747e-01
1.0032363737e+00   6.2696407027e-01   9.7009744426e-01
1.0328450774e+00   6.2944751624e-01   9.6478958393e-01
1.0630487552e+00   6.3368077813e-01   9.5961618122e-01
1.0936968057e+00   6.3971774055e-01   9.5460271468e-01
1.1246158479e+00   6.4761880506e-01   9.4977515508e-01
1.1556079769e+00   6.5745018822e-01   9.4516005387e-01
1.1864493088e+00   6.6928283036e-01   9.4078461649e-01
1.2168889556e+00   6.8319082369e-01   9.3667675402e-01
1.2466486087e+00   6.9924925685e-01   9.3286510513e-01
1.2754229325e+00   7.1753136550e-01   9.2937901911e-01
1.3028810001e+00   7.3810487810e-01   9.2624848877e-01
1.3286690175e+00   7.6102745678e-01   9.2350402069e-01
1.3524145864e+00   7.8634115989e-01   9.2117642933e-01
1.3737327302e+00   8.1406590154e-01   9.1929654043e-01
1.3922338605e+00   8.4419195836e-01   9.1789479010e-01
1.4075337589e+00   8.7667168017e-01   9.1700070732e-01
1.4192655169e+00   9.1141069807e-01   9.1664227144e-01
1.4270931802e+00   9.4825908751e-01   9.1684514213e-01
1.4307266198e+00   9.8700312105e-01   9.1763176789e-01
1.4299368968e+00   1.0273584147e+00   9.1902038999e-01
1.4245711416e+00   1.0689654002e+00   9.2102397244e-01
1.4145657733e+00   1.1113881068e+00   9.2364910273e-01
1.3999567834e+00   1.1541171664e+00   9.2689492254e-01
1.3808858532e+00   1.1965777429e+00   9.3075215924e-01
1.3576012908e+00   1.2381427126e+00   9.3520233624e-01
1.3304531703e+00   1.2781509116e+00   9.4021724015e-01
1.2998825944e+00   1.3159296817e+00   9.4575871421e-01
1.2664056184e+00   1.3508203617e+00   9.5177882980e-01
1.2305929620e+00   1.3822049058e+00   9.5822046226e-01
1.1930471065e+00   1.4095315439e+00   9.6501826611e-01
1.1543786322e+00   1.4323374066e+00   9.7210001232e-01
1.1151836567e+00   1.4502663175e+00   9.7938822044e-01
1.0760240025e+00   1.4630804760e+00   9.8680199512e-01
1.0374112934e+00   1.4706654104e+00   9.9425896350e-01
9.9979565507e-01   1.4730282741e+00   1.0016772071e+00
9.6355916031e-01   1.4702901745e+00   1.0089770894e+00
9.2901369763e-01   1.4626736783e+00   1.0160828975e+00
8.9640260761e-01   1.4504869049e+00   1.0229242348e+00
8.6590523884e-01   1.4341056795e+00   1.0294371294e+00
8.3764352117e-01   1.4139551221e+00   1.0355648415e+00
8.1168970557e-01   1.3904918311e+00   1.0412583762e+00
7.8807454352e-01   1.3641875432e+00   1.0464767224e+00
7.6679533714e-01   1.3355148601e+00   1.0511868499e+00
7.4782345598e-01   1.3049353620e+00   1.0553635033e+00
7.3111106706e-01   1.2728901998e+00   1.0589888335e+00
7.1659694938e-01   1.2397930868e+00   1.0620519088e+00
7.0421136025e-01   1.2060254864e+00   1.0645481416e+00
6.9387998696e-01   1.1719337250e+00   1.0664786641e+00
6.8552706005e-01   1.1378277227e+00   1.0678496834e+00
6.7907772638e-01   1.1039810311e+00   1.0686718357e+00
6.7445978810e-01   1.0706318870e+00   1.0689595609e+00
6.7160491202e-01   1.0379850155e+00   1.0687305083e+00
6.7044940513e-01   1.0062139563e+00   1.0680049846e+00
6.7093464113e-01   9.7546372119e-01   1.0668054491e+00
6.7300720985e-01   9.4585362878e-01   1.0651560589e+00
6.7661884893e-01   9.1748019578e-01   1.0630822672e+00
6.8172620532e-01   8.9041999398e-01   1.0606104709e+00
6.8829046365e-01   8.6473240669e-01   1.0577677085e+00
6.9627686933e-01   8.4046223981e-01   1.0545814038e+00
7.0565416669e-01   8.1764215916e-01   1.0510791526e+00
7.1639396594e-01   7.9629493911e-01   1.0472885501e+00
7.2847004779e-01   7.7643551732e-01   1.0432370528e+00
7.4185760994e-01   7.5807285799e-01   1.0389518742e+00
7.5653245712e-01   7.4121163097e-01   1.0344599095e+00
7.7247013308e-01   7.2585371743e-01   1.0297876849e+00
7.8964499175e-01   7.1199955472e-01   1.0249613318e+00
8.0802920329e-01   6.9964933364e-01   1.0200065791e+00
8.2759169029e-01   6.8880406078e-01   1.0149487647e+00
8.4829698938e-01   6.7946649790e-01   1.0098128612e+00
8.7010403424e-01   6.7164198780e-01   1.0046235158e+00
8.9296485751e-01   6.6533917418e-01   9.9940510077e-01
9.1682321131e-01   6.6057061922e-01   9.9418177424e-01
9.4161310954e-01   6.5735331924e-01   9.8897754813e-01
9.6725729981e-01   6.5570911374e-01   9.8381636275e-01
9.9366567878e-01   6.5566497818e-01   9.7872216547e-01
1.0207336726e+00   6.5725318433e-01   9.7371899174e-01
1.0483406141e+00   6.6051130526e-01   9.6883104617e-01
1.0763481598e+00   6.6548203391e-01   9.6408278103e-01
1.1045988055e+00   6.7221277566e-01   9.5949896903e-01
1.1329145733e+00   6.8075496626e-01   9.5510476652e-01
1.1610959655e+00   6.9116305719e-01   9.5092576270e-01
1.1889212979e+00   7.0349310223e-01   9.4698800923e-01
1.2161465464e+00   7.1780087257e-01   9.4331802398e-01
1.2425058634e+00   7.3413942479e-01   9.3994276115e-01
1.2677129314e+00   7.5255604879e-01   9.3688953957e-01
1.2914633339e+00   7.7308853421e-01   9.3418591934e-01
1.3134381192e+00   7.9576071634e-01   9.3185951700e-01
1.3333087114e+00   8.2057730069e-01   9.2993774874e-01
1.3507432839e+00   8.4751802099e-01   9.2844749197e-01
1.3654146386e+00   8.7653126103e-01   9.2741465713e-01
1.3770095346e+00   9.0752736597e-01   9.2686366437e-01
1.3852392806e+00   9.4037198001e-01   9.2681682421e-01
1.3898512457e+00   9.7487986511e-01   9.2729362758e-01
1.3906407729e+00   1.0108097672e+00   9.2830995819e-01
1.3874628125e+00   1.0478609809e+00   9.2987724992e-01
1.3802424542e+00   1.0856722981e+00   9.3200162152e-01
1.3689834588e+00   1.1238239856e+00   9.3468303133e-01
1.3537739042e+00   1.1618433050e+00   9.3791450269e-01
1.3347881796e+00   1.1992138510e+00   9.4168147673e-01
1.3122848026e+00   1.2353886592e+00   9.4596134959e-01
1.2865998723e+00   1.2698066490e+00   9.5072324716e-01
1.2581363773e+00   1.3019115659e+00   9.5592807914e-01
1.2273499906e+00   1.3311722407e+00   9.6152889821e-01
1.1947323422e+00   1.3571027524e+00   9.6747156925e-01
1.1607930066e+00   1.3792810021e+00   9.7369573050e-01
1.1260415331e+00   1.3973643180e+00   9.8013600672e-01
1.0909707769e+00   1.4111009868e+00   9.8672341505e-01
1.0560425740e+00   1.4203370102e+00   9.9338689164e-01
1.0216764809e+00   1.4250178526e+00   1.0000548603e+00
9.8824194451e-01   1.4251853993e+00   1.0066567662e+00
9.5605391306e-01   1.4209707363e+00   1.0131245051e+00
9.2537160929e-01   1.4125836314e+00   1.0193936913e+00
8.9639998029e-01   1.4002997418e+00   1.0254047239e+00
8.6929322330e-01   1.3844465941e+00   1.0311036264e+00
8.4415975869e-01   1.3653892931e+00   1.0364426539e+00
8.2106805888e-01   1.3435167668e+00   1.0413806703e+00
8.0005282448e-01   1.3192291584e+00   1.0458833165e+00
7.8112110415e-01   1.2929267815e+00   1.0499229904e+00
7.6425806412e-01   1.2650008639e+00   1.0534786711e+00
7.4943221529e-01   1.2358261536e+00   1.0565356149e+00
7.3659999180e-01   1.2057553348e+00   1.0590849573e+00
7.2570964289e-01   1.1751151171e+00   1.0611232462e+00
7.1670444870e-01   1.1442038058e+00   1.0626519348e+00
7.0952530341e-01   1.1132901347e+00   1.0636768533e+00
7.0411272810e-01   1.0826131350e+00   1.0642076808e+00
7.0040838445e-01   1.0523828245e+00   1.0642574282e+00
6.9835616138e-01   1.0227815182e+00   1.0638419463e+00
6.9790290348e-01   9.9396558449e-01   1.0629794649e+00
6.9899884306e-01   9.6606749973e-01   1.0616901687e+00
7.0159779004e-01   9.3919807791e-01   1.0599958136e+00
7.0565712509e-01   9.1344877708e-01   1.0579193841e+00
7.1113763356e-01   8.8889400698e-01   1.0554847915e+00
7.1800320982e-01   8.6559338105e-01   1.0527166129e+00
7.2622045519e-01   8.4359387216e-01   1.0496398682e+00
7.3575818678e-01   8.2293184513e-01   1.0462798327e+00
7.4658686931e-01   8.0363494929e-01   1.0426618837e+00
7.5867797867e-01   7.8572386309e-01   1.0388113775e+00
7.7200330181e-01   7.6921388856e-01   1.0347535538e+00
7.8653417589e-01   7.5411639806e-01   1.0305134659e+00
8.0224066721e-01   7.4044013872e-01   1.0261159327e+00
8.1909068942e-01   7.2819240143e-01   1.0215855110e+00
8.3704905992e-01   7.1738006216e-01   1.0169464850e+00
8.5607649330e-01   7.0801050271e-01   1.0122228718e+00
8.7612853126e-01   7.0009241734e-01   1.0074384394e+00
8.9715441006e-01   6.9363650967e-01   1.0026167368e+00
9.1909586827e-01   6.8865608189e-01   9.9778113301e-01
9.4188590116e-01   6.8516751546e-01   9.9295486440e-01
9.6544747167e-01   6.8319063853e-01   9.8816108729e-01
9.8969219366e-01   6.8274897135e-01   9.8342293486e-01
1.0145190095e+00   6.8386983588e-01   9.7876357584e-01
1.0398128921e+00   6.8658431038e-01   9.7420627276e-01
1.0654436118e+00   6.9092700410e-01   9.6977443738e-01
1.0912646187e+00   6.9693562041e-01   9.6549167998e-01
1.1171121050e+00   7.0465027114e-01   9.6138184935e-01
1.1428043253e+00   7.1411249834e-01   9.5746905929e-01
1.1681412660e+00   7.2536395538e-01   9.5377769684e-01
1.1929047723e+00   7.3844469645e-01   9.5033240705e-01
1.2168592492e+00   7.5339102380e-01   9.4715804800e-01
1.2397530647e+00   7.7023284781e-01   9.4427960939e-01
1.2613207833e+00   7.8899052699e-01   9.4172208738e-01
1.2812863524e+00   8.0967117554e-01   9.3951030828e-01
1.2993673416e+00   8.3226445840e-01   9.3766869350e-01
1.3152803005e+00   8.5673793686e-01   9.3622095941e-01
1.3287472445e+00   8.8303208551e-01   9.3518974681e-01
1.3395032020e+00   9.1105516920e-01   9.3459617740e-01
1.3473046597e+00   9.4067824669e-01   9.3445933832e-01
1.3519386335e+00   9.7173064614e-01   9.3479570028e-01
1.3532319715e+00   1.0039963295e+00   9.3561848076e-01
1.3510603855e+00   1.0372116129e+00   9.3693697076e-01
1.3453566151e+00   1.0710647244e+00   9.3875585018e-01
1.3361170813e+00   1.1051976454e+00   9.4107452422e-01
1.3234063977e+00   1.1392105829e+00   9.4388651880e-01
1.3073591902e+00   1.1726692582e+00   9.4717897655e-01
1.2881788369e+00   1.2051149723e+00   9.5093229551e-01
1.2661329672e+00   1.2360771505e+00   9.5511994956e-01
1.2415458303e+00   1.2650877936e+00   9.5970852195e-01
1.2147879299e+00   1.2916970230e+00   9.6465797241e-01
1.1862635749e+00   1.3154887365e+00   9.6992214342e-01
1.1563971852e+00   1.3360953136e+00   9.7544949561e-01
1.1256192893e+00   1.3532103620e+00   9.8118404598e-01
1.0943531339e+00   1.3665986497e+00   9.8706646838e-01
1.0630027161e+00   1.3761026254e+00   9.9303530507e-01
1.0319428569e+00   1.3816452350e+00   9.9902823212e-01
1.0015116965e+00   1.3832290663e+00   1.0049833199e+00
9.7200574838e-01   1.3809321393e+00   1.0108402344e+00
9.4367742746e-01   1.3749008919e+00   1.0165413314e+00
9.1673479009e-01   1.3653410511e+00   1.0220326077e+00
8.9134311010e-01   1.3525071427e+00   1.0272644850e+00
8.6762785612e-01   1.3366913720e+00   1.0321924113e+00
8.4567863056e-01   1.3182125312e+00   1.0367772821e+00
8.2555366505e-01   1.2974054700e+00   1.0409856846e+00
8.0728452643e-01   1.2746115332e+00   1.0447899830e+00
7.9088075919e-01   1.2501702280e+00   1.0481682635e+00
7.7633426383e-01   1.2244122638e+00   1.0511041605e+00
7.6362327811e-01   1.1976539969e+00   1.0535865891e+00
7.5271588587e-01   1.1701932360e+00   1.0556094062e+00
7.4357302351e-01   1.1423063025e+00   1.0571710214e+00
7.3615098816e-01   1.1142462054e+00   1.0582739776e+00
7.3040347412e-01   1.0862417697e+00   1.0589245170e+00
7.2628317864e-01   1.0584975549e+00   1.0591321466e+00
7.2374302467e-01   1.0311944036e+00   1.0589092151e+00
7.2273705026e-01   1.0044904742e+00   1.0582705078e+00
7.2322101283e-01   9.7852262673e-01   1.0572328672e+00
7.2515275232e-01   9.5340805071e-01   1.0558148433e+00
7.2849235239e-01   9.2924604036e-01   1.0540363750e+00
7.3320213328e-01   9.0611984234e-01   1.0519185055e+00
7.3924650423e-01   8.8409851563e-01   1.0494831307e+00
7.4659169820e-01   8.6323875785e-01   1.0467527797e+00
7.5520540694e-01   8.4358666478e-01   1.0437504273e+00
7.6505633010e-01   8.2517939936e-01   1.0404993355e+00
7.7611364874e-01   8.0804675497e-01   1.0370229227e+00
7.8834643075e-01   7.9221260400e-01   1.0333446584e+00
8.0172297298e-01   7.7769622764e-01   1.0294879809e+00
8.1621008391e-01   7.6451352606e-01   1.0254762363e+00
8.3177230878e-01   7.5267811087e-01   1.0213326361e+00
8.4837109925e-01   7.4220228234e-01   1.0170802311e+00
8.6596392916e-01   7.3309789476e-01   1.0127419011e+00
8.8450335892e-01   7.2537711275e-01   1.0083403562e+00
9.0393605230e-01   7.1905305996e-01   1.0038981494e+00
9.2420175123e-01   7.1414036028e-01   9.9943769861e-01
9.4523221725e-01   7.1065556917e-01   9.9498131519e-01
9.6695015176e-01   7.0861748984e-01   9.9055123838e-01
9.8926811187e-01   7.0804736595e-01   9.8616967293e-01
1.0120874445e+00   7.0896893849e-01   9.8185882810e-01
1.0352972676e+00   7.1140835069e-01   9.7764095587e-01
1.0587735365e+00   7.1539388019e-01   9.7353838565e-01
1.0823782399e+00   7.2095547371e-01   9.6957355288e-01
1.1059587827e+00   7.2812405513e-01   9.6576901825e-01
1.1293476201e+00   7.3693057473e-01   9.6214747383e-01
1.1523622198e+00   7.4740476502e-01   9.5873173219e-01
1.1748054355e+00   7.5957356892e-01   9.5554469385e-01
1.1964663839e+00   7.7345920865e-01   9.5260928806e-01
1.2171219198e+00   7.8907687113e-01   9.4994838163e-01
1.2365387989e+00   8.0643199796e-01   9.4758465015e-01
1.2544766116e+00   8.2551718753e-01   9.4554040606e-01
1.2706915470e+00   8.4630874347e-01   9.4383737861e-01
1.2849410158e+00   8.6876293942e-01   9.4249644124e-01
1.2969891143e+00   8.9281211307e-01   9.4153728380e-01
1.3066128524e+00   9.1836075344e-01   9.4097802887e-01
1.3136089972e+00   9.4528179840e-01   9.4083479471e-01
1.3178013025e+00   9.7341341261e-01   9.4112121082e-01
1.3190478132e+00   1.0025565592e+00   9.4184789681e-01
1.3172478601e+00   1.0324737053e+00   9.4302192004e-01
1.3123483017e+00   1.0628889998e+00   9.4464625261e-01
1.3043485474e+00   1.0934902268e+00   9.4671925297e-01
1.2933039108e+00   1.1239327587e+00   9.4923420130e-01
1.2793269088e+00   1.1538456104e+00   9.5217891969e-01
1.2625862376e+00   1.1828395417e+00   9.5553550829e-01
1.2433033162e+00   1.2105169679e+00   9.5928022582e-01
1.2217464777e+00   1.2364832565e+00   9.6338353716e-01
1.1982230843e+00   1.2603588227e+00   9.6781034258e-01
1.1730700180e+00   1.2817913163e+00   9.7252039278e-01
1.1466431389e+00   1.3004671424e+00   9.7746888242e-01
1.1193063737e+00   1.3161215810e+00   9.8260720326e-01
1.0914211044e+00   1.3285468760e+00   9.8788382753e-01
1.0633364617e+00   1.3375978255e+00   9.9324528416e-01
1.0353810112e+00   1.3431946187e+00   9.9863718541e-01
1.0078561609e+00   1.3453228843e+00   1.0040052598e+00
9.8103145303e-01   1.3440311264e+00   1.0092963491e+00
9.5514174038e-01   1.3394258948e+00   1.0144593317e+00
9.3038611288e-01   1.3316651630e+00   1.0194459426e+00
9.0692834235e-01   1.3209504451e+00   1.0242114667e+00
8.8489855209e-01   1.3075181988e+00   1.0287152932e+00
8.6439579698e-01   1.2916310197e+00   1.0329213259e+00
8.4549124785e-01   1.2735690653e+00   1.0367982510e+00
8.2823170461e-01   1.2536220572e+00   1.0403196728e+00
8.1264320657e-01   1.2320821127e+00   1.0434641285e+00
7.9873455868e-01   1.2092375628e+00   1.0462149995e+00
7.8650064110e-01   1.1853678333e+00   1.0485603361e+00
7.7592541486e-01   1.1607393925e+00   1.0504926143e+00
7.6698457406e-01   1.1356027199e+00   1.0520084410e+00
7.5964782490e-01   1.1101902112e+00   1.0531082241e+00
7.5388079445e-01   1.0847149119e+00   1.0537958223e+00
7.4964658724e-01   1.0593699599e+00   1.0540781863e+00
7.4690701741e-01   1.0343286172e+00   1.0539650007e+00
7.4562354915e-01   1.0097447730e+00   1.0534683374e+00
7.4575797982e-01   9.8575381018e-01   1.0526023235e+00
7.4727289915e-01   9.6247373993e-01   1.0513828313e+00
7.5013195581e-01   9.4000652101e-01   1.0498271914e+00
7.5429995921e-01   9.1843949359e-01   1.0479539321e+00
7.5974284074e-01   8.9784687052e-01   1.0457825453e+00
7.6642749506e-01   8.7829124029e-01   1.0433332800e+00
7.7432151834e-01   8.5982504609e-01   1.0406269614e+00
7.8339285714e-01   8.4249201429e-01   1.0376848355e+00
7.9360937901e-01   8.2632851312e-01   1.0345284385e+00
8.0493837309e-01   8.1136482810e-01   1.0311794877e+00
8.1734598756e-01   7.9762634577e-01   1.0276597939e+00
8.3079660903e-01   7.8513464047e-01   1.0239911923e+00
8.4525218839e-01   7.7390846166e-01   1.0201954909e+00
8.6067151677e-01   7.6396462069e-01   1.0162944340e+00
8.7700945602e-01   7.5531877686e-01   1.0123096796e+00
8.9421612817e-01   7.4798612228e-01   1.0082627880e+00
9.1223606997e-01   7.4198196492e-01   1.0041752210e+00
9.3100736041e-01   7.3732220775e-01   1.0000683489e+00
9.5046073155e-01   7.3402372020e-01   9.9596346417e-01
9.7051867635e-01   7.3210459647e-01   9.9188180018e-01
9.9109457132e-01   7.3158429216e-01   9.8784455187e-01
1.0120918362e+00   7.3248362849e-01   9.8387289798e-01
1.0334031592e+00   7.3482465011e-01   9.7998802146e-01
1.0549098212e+00   7.3863031972e-01   9.7621112632e-01
1.0764811618e+00   7.4392402986e-01   9.7256344795e-01
1.0979742329e+00   7.5072891003e-01   9.6906625420e-01
1.1192336981e+00   7.5906690585e-01   9.6574083396e-01
1.1400920367e+00   7.6895760672e-01   9.6260846966e-01
1.1603701219e+00   7.8041680087e-01   9.5969038996e-01
1.1798782398e+00   7.9345474055e-01   9.5700769842e-01
1.1984176203e+00   8.0807410889e-01   9.5458127419e-01
1.2157825398e+00   8.2426769187e-01   9.5243164020e-01
1.2317630489e+00   8.4201577645e-01   9.5057879525e-01
1.2461483526e+00   8.6128331887e-01   9.4904200640e-01
1.2587308474e+00   8.8201695530e-01   9.4783955927e-01
1.2693107763e+00   9.0414196057e-01   9.4698846531e-01
1.2777014203e+00   9.2755929719e-01   9.4650412693e-01
1.2837346872e+00   9.5214293366e-01   9.4639996375e-01
1.2872669041e+00   9.7773764493e-01   9.4668700668e-01
1.2881845610e+00   1.0041575322e+00   9.4737346925e-01
1.2864097061e+00   1.0311855097e+00   9.4846430999e-01
1.2819046615e+00   1.0585739945e+00   9.4996080258e-01
1.2746757168e+00   1.0860470008e+00   9.5186013415e-01
1.2647754818e+00   1.1133037711e+00   9.5415505415e-01
1.2523036329e+00   1.1400239894e+00   9.5683359730e-01
1.2374058762e+00   1.1658744991e+00   9.5987890366e-01
1.2202710670e+00   1.1905173261e+00   9.6326915623e-01
1.2011265588e+00   1.2136186734e+00   9.6697765211e-01
1.1802319900e+00   1.2348584498e+00   9.7097301688e-01
1.1578718438e+00   1.2539398105e+00   9.7521956437e-01
1.1343472046e+00   1.2705981599e+00   9.7967779541e-01
1.1099671954e+00   1.2846090848e+00   9.8430502088e-01
1.0850405790e+00   1.2957947568e+00   9.8905608684e-01
1.0598679741e+00   1.3040284589e+00   9.9388417348e-01
1.0347350530e+00   1.3092370360e+00   9.9874163604e-01
1.0099069854e+00   1.3114012224e+00   1.0035808540e+00
9.8562427731e-01   1.3105539528e+00   1.0083550564e+00
9.6210003643e-01   1.3067768881e+00   1.0130190937e+00
9.3951859735e-01   1.3001954830e+00   1.0175301324e+00
9.1803536246e-01   1.2909729777e+00   1.0218482524e+00
8.9777766132e-01   1.2793037155e+00   1.0259369377e+00
8.7884640623e-01   1.2654061704e+00   1.0297634514e+00
8.6131831810e-01   1.2495160292e+00   1.0332990980e+00
8.4524851102e-01   1.2318796126e+00   1.0365193754e+00
8.3067324967e-01   1.2127478531e+00   1.0394040279e+00
8.1761272688e-01   1.1923709803e+00   1.0419370089e+00
8.0607374273e-01   1.1709939987e+00   1.0441063688e+00
7.9605220016e-01   1.1488529903e+00   1.0459040805e+00
7.8753536147e-01   1.1261722289e+00   1.0473258163e+00
7.8050383482e-01   1.1031620592e+00   1.0483706900e+00
7.7493327942e-01   1.0800174716e+00   1.0490409757e+00
7.7079583254e-01   1.0569172890e+00   1.0493418127e+00
7.6806127163e-01   1.0340238760e+00   1.0492809079e+00
7.6669793091e-01   1.0114832803e+00   1.0488682408e+00
7.6667339540e-01   9.8942572087e-01   1.0481157785e+00
7.6795499635e-01   9.6796634297e-01   1.0470372051e+00
7.7051013147e-01   9.4720616974e-01   1.0456476676e+00
7.7430643210e-01   9.2723318933e-01   1.0439635431e+00
7.7931179712e-01   9.0812352541e-01   1.0420022262e+00
7.8549431124e-01   8.8994264837e-01   1.0397819381e+00
7.9282206254e-01   8.7274659274e-01   1.0373215587e+00
8.0126287213e-01   8.5658315357e-01   1.0346404785e+00
8.1078394655e-01   8.4149304083e-01   1.0317584724e+00
8.2135146161e-01   8.2751097645e-01   1.0286955922e+00
8.3293008523e-01   8.1466672235e-01   1.0254720775e+00
8.4548244557e-01   8.0298603175e-01   1.0221082833e+00
8.5896855000e-01   7.9249151808e-01   1.0186246229e+00
8.7334516071e-01   7.8320343756e-01   1.0150415244e+00
8.8856513239e-01   7.7514038263e-01   1.0113793994e+00
9.0457671864e-01   7.6831988352e-01   1.0076586224e+00
9.2132285469e-01   7.6275891525e-01   1.0038995189e+00
9.3874042587e-01   7.5847430642e-01   1.0001223607e+00
9.5675953360e-01   7.5548304521e-01   9.9634736692e-01
9.7530277341e-01   7.5380247639e-01   9.9259470948e-01
9.9428454298e-01   7.5345038166e-01   9.8888451957e-01
1.0136104024e+00   7.5444493331e-01   9.8523689518e-01
1.0331765127e+00   7.5680450980e-01   9.8167190632e-01
1.0528691849e+00   7.6054735958e-01   9.7820959630e-01
1.0725645747e+00   7.6569109822e-01   9.7486997641e-01
1.0921285654e+00   7.7225202316e-01   9.7167301152e-01
1.1114168849e+00   7.8024423001e-01   9.6863859374e-01
1.1302755057e+00   7.8967851629e-01   9.6578650110e-01
1.1485413806e+00   8.0056106127e-01   9.6313633823e-01
1.1660435652e+00   8.1289187634e-01   9.6070745557e-01
1.1826047740e+00   8.2666302870e-01   9.5851884409e-01
1.1980434127e+00   8.4185665272e-01   9.5658900235e-01
1.2121761103e+00   8.5844277916e-01   9.5493577335e-01
1.2248207627e+00   8.7637703085e-01   9.5357614907e-01
1.2358000684e+00   8.9559825676e-01   9.5252604167e-01
1.2449455093e+00   9.1602620068e-01   9.5180002175e-01
1.2521016907e+00   9.3755932736e-01   9.5141102540e-01
1.2571309154e+00   9.6007295289e-01   9.5137003439e-01
1.2599178250e+00   9.8341784669e-01   9.5168573559e-01
1.2603739038e+00   1.0074194836e+00   9.5236416890e-01
1.2584416114e+00   1.0318781246e+00   9.5340837525e-01
1.2540978933e+00   1.0565698879e+00   9.5481805881e-01
1.2473568205e+00   1.0812489364e+00   9.5658927962e-01
1.2382711335e+00   1.1056508553e+00   9.5871419413e-01
1.2269325102e+00   1.1294972173e+00   9.6118086151e-01
1.2134704510e+00   1.1525012520e+00   9.6397313256e-01
1.1980497540e+00   1.1743744386e+00   9.6707063574e-01
1.1808666556e+00   1.1948337608e+00   9.7044887140e-01
1.1621438035e+00   1.2136092798e+00   9.7407941992e-01
1.1421243150e+00   1.2304516422e+00   9.7793026432e-01
1.1210652390e+00   1.2451391136e+00   9.8196622108e-01
1.0992307741e+00   1.2574837546e+00   9.8614946729e-01
1.0768856000e+00   1.2673364036e+00   9.9044014659e-01
1.0542886524e+00   1.2745902189e+00   9.9479703196e-01
1.0316876162e+00   1.2791826305e+00   9.9917822112e-01
1.0093143413e+00   1.2810956662e+00   1.0035418386e+00
9.8738130134e-01   1.2803547221e+00   1.0078467198e+00
9.6607913696e-01   1.2770259391e+00   1.0120530542e+00
9.4557524896e-01   1.2712124209e+00   1.0161229687e+00
9.2601335074e-01   1.2630495697e+00   1.0200210356e+00
9.0751384585e-01   1.2526998373e+00   1.0237146956e+00
8.9017487337e-01   1.2403471816e+00   1.0271745906e+00
8.7407385572e-01   1.2261914944e+00   1.0303748036e+00
8.5926938891e-01   1.2104432268e+00   1.0332930110e+00
8.4580333044e-01   1.1933183917e+00   1.0359105507e+00
8.3370296071e-01   1.1750340763e+00   1.0382124164e+00
8.2298311811e-01   1.1558045447e+00   1.0401871862e+00
8.1364823132e-01   1.1358379762e+00   1.0418268971e+00
8.0569419520e-01   1.1153338403e+00   1.0431268752e+00
7.9911005574e-01   1.0944808882e+00   1.0440855340e+00
7.9387948569e-01   1.0734557172e+00   1.0447041472e+00
7.8998204541e-01   1.0524218486e+00   1.0449866087e+00
7.8739423221e-01   1.0315292564e+00   1.0449391847e+00
7.8609032856e-01   1.0109142773e+00   1.0445702649e+00
7.8604306299e-01   9.9069983516e-01   1.0438901202e+00
7.8722410021e-01   9.7099591595e-01   1.0429106680e+00
7.8960437714e-01   9.5190023591e-01   1.0416452515e+00
7.9315430179e-01   9.3349904971e-01   1.0401084325e+00
7.9784383057e-01   9.1586805428e-01   1.0383158024e+00
8.0364243843e-01   8.9907334979e-01   1.0362838093e+00
8.1051899471e-01   8.8317242581e-01   1.0340296037e+00
8.1844155596e-01   8.6821514678e-01   1.0315709012e+00
8.2737708561e-01   8.5424471587e-01   1.0289258636e+00
8.3729110911e-01   8.4129860095e-01   1.0261129953e+00
8.4814731219e-01   8.2940941007e-01   1.0231510563e+00
8.5990708905e-01   8.1860570661e-01   1.0200589887e+00
8.7252904721e-01   8.0891275692e-01   1.0168558577e+00
8.8596847536e-01   8.0035320440e-01   1.0135608032e+00
9.0017678123e-01   7.9294766553e-01   1.0101930031e+00
9.1510090715e-01   7.8671524329e-01   1.0067716454e+00
9.3068273205e-01   7.8167395399e-01   1.0033159077e+00
9.4685847037e-01   7.7784106284e-01   9.9984494315e-01
9.6355808037e-01   7.7523332292e-01   9.9637787175e-01
9.8070469682e-01   7.7386711160e-01   9.9293377350e-01
9.9821410572e-01   7.7375845676e-01   9.8953168387e-01
1.0159942823e+00   7.7492294473e-01   9.8619058839e-01
1.0339450169e+00   7.7737550012e-01   9.8292941506e-01
1.0519576561e+00   7.8113002728e-01   9.7976702240e-01
1.0699149926e+00   7.8619890247e-01   9.7672218089e-01
1.0876913367e+00   7.9259230614e-01   9.7381354568e-01
1.1051528086e+00   8.0031738572e-01   9.7105961801e-01
1.1221578903e+00   8.0937724198e-01   9.6847869287e-01
1.1385582751e+00   8.1976973575e-01   9.6608879034e-01
1.1542000527e+00   8.3148611784e-01   9.6390756813e-01
1.1689252599e+00   8.4450949332e-01   9.6195221286e-01
1.1825738202e+00   8.5881314179e-01   9.6023930807e-01
1.1949858819e+00   8.7435872859e-01   9.5878467730e-01
1.2060045469e+00   8.9109445764e-01   9.5760320129e-01
1.2154789620e+00   9.0895323360e-01   9.5670860939e-01
1.2232677167e+00   9.2785091993e-01   9.5611324623e-01
1.2292424668e+00   9.4768479657e-01   9.5582781642e-01
1.2332916679e+00   9.6833233676e-01   9.5586111165e-01
1.2353242802e+00   9.8965043261e-01   9.5621972624e-01
1.2352732776e+00   1.0114752022e+00   9.5690776956e-01
1.2330987788e+00   1.0336225043e+00   9.5792658524e-01
1.2287906111e+00   1.0558892664e+00   9.5927448884e-01
1.2223701287e+00   1.0780557022e+00   9.6094653721e-01
1.2138911267e+00   1.0998884459e+00   9.6293434285e-01
1.2034397355e+00   1.1211445766e+00   9.6522594679e-01
1.1911332329e+00   1.1415764428e+00   9.6780576240e-01
1.1771177758e+00   1.1609371292e+00   9.7065460002e-01
1.1615651234e+00   1.1789863505e+00   9.7374977980e-01
1.1446684911e+00   1.1954965085e+00   9.7706533584e-01
1.1266377317e+00   1.2102586185e+00   9.8057231054e-01
1.1076940866e+00   1.2230878049e+00   9.8423913337e-01
1.0880647674e+00   1.2338280851e+00   9.8803207388e-01
1.0679776338e+00   1.2423562020e+00   9.9191575477e-01
1.0476562103e+00   1.2485843279e+00   9.9585370786e-01
1.0273152470e+00   1.2524615357e+00   9.9980895395e-01
1.0071569762e+00   1.2539740133e+00   1.0037445866e+00
9.8736816181e-01   1.2531440760e+00   1.0076243410e+00
9.6811797698e-01   1.2500280945e+00   1.0114131293e+00
9.4955669383e-01   1.2447135121e+00   1.0150775295e+00
9.3181512576e-01   1.2373151546e+00   1.0185862132e+00
9.1500472950e-01   1.2279710572e+00   1.0219103061e+00
8.9921825440e-01   1.2168380244e+00   1.0250236764e+00
8.8453081799e-01   1.2040871292e+00   1.0279031476e+00
8.7100128754e-01   1.1898993283e+00   1.0305286402e+00
8.5867385598e-01   1.1744613380e+00   1.0328832446e+00
8.4757971396e-01   1.1579618806e+00   1.0349532312e+00
8.3773873604e-01   1.1405883759e+00   1.0367280060e+00
8.2916111606e-01   1.1225241194e+00   1.0382000193e+00
8.2184890325e-01   1.1039459613e+00   1.0393646354e+00
8.1579740549e-01   1.0850224782e+00   1.0402199727e+00
8.1099643900e-01   1.0659126094e+00   1.0407667216e+00
8.0743141414e-01   1.0467647210e+00   1.0410079468e+00
8.0508425516e-01   1.0277160485e+00   1.0409488818e+00
8.0393415757e-01   1.0088924688e+00   1.0405967203e+00
8.0395819112e-01   9.9040854910e-01   1.0399604098e+00
8.0513175875e-01   9.7236782178e-01   1.0390504503e+00
8.0742892336e-01   9.5486323927e-01   1.0378787026e+00
8.1082261468e-01   9.3797776435e-01   1.0364582074e+00
8.1528472831e-01   9.2178505855e-01   1.0348030173e+00
8.2078612857e-01   9.0635023491e-01   1.0329280423e+00
8.2729656559e-01   8.9173064664e-01   1.0308489100e+00
8.3478451675e-01   8.7797668796e-01   1.0285818407e+00
8.4321696113e-01   8.6513258719e-01   1.0261435356e+00
8.5255909519e-01   8.5323717628e-01   1.0235510805e+00
8.6277399721e-01   8.4232462359e-01   1.0208218613e+00
8.7382224757e-01   8.3242511967e-01   1.0179734924e+00
8.8566151196e-01   8.2356550760e-01   1.0150237570e+00
8.9824609461e-01   8.1576985089e-01   1.0119905560e+00
9.1152646916e-01   8.0905993315e-01   1.0088918680e+00
9.2544879569e-01   8.0345568415e-01   1.0057457157e+00
9.3995443328e-01   7.9897552728e-01   1.0025701391e+00
9.5497945916e-01   7.9563664316e-01   9.9938317430e-01
9.7045420713e-01   7.9345514404e-01   9.9620283564e-01
9.8630284013e-01   7.9244615297e-01   9.9304710020e-01
1.0024429739e+00   7.9262378119e-01   9.8993389301e-01
1.0187853718e+00   7.9400099678e-01   9.8688107126e-01
1.0352337323e+00   7.9658937703e-01   9.8390640584e-01
1.0516845949e+00   8.0039873690e-01   9.8102755837e-01
1.0680273905e+00   8.0543662653e-01   9.7826205185e-01
1.0841446664e+00   8.1170769145e-01   9.7562723280e-01
1.0999125150e+00   8.1921289125e-01   9.7314022309e-01
1.1152012353e+00   8.2794857547e-01   9.7081785919e-01
1.1298762579e+00   8.3790541984e-01   9.6867661696e-01
1.1437993539e+00   8.4906723171e-01   9.6673252008e-01
1.1568301500e+00   8.6140964153e-01   9.6500103042e-01
1.1688279557e+00   8.7489870628e-01   9.6349691908e-01
1.1796539012e+00   8.8948946186e-01   9.6223411735e-01
1.1891733683e+00   9.0512447389e-01   9.6122554738e-01
1.1972586772e+00   9.2173244910e-01   9.6048293339e-01
1.2037919734e+00   9.3922698270e-01   9.6001659522e-01
1.2086682365e+00   9.5750552823e-01   9.5983522726e-01
1.2117983120e+00   9.7644868499e-01   9.5994566717e-01
1.2131118472e+00   9.9591990197e-01   9.6035266020e-01
1.2125599972e+00   1.0157656947e+00   9.6105862650e-01
1.2101177623e+00   1.0358164607e+00   9.6206343993e-01
1.2057858125e+00   1.0558879603e+00   9.6336422810e-01
1.1995916743e+00   1.0757835000e+00   9.6495520386e-01
1.1915901697e+00   1.0952968193e+00   9.6682753887e-01
1.1818630380e+00   1.1142156382e+00   9.6896928912e-01
1.1705177075e+00   1.1323257738e+00   9.7136538120e-01
1.1576852374e+00   1.1494156924e+00   9.7399766632e-01
1.1435174988e+00   1.1652813176e+00   9.7684504633e-01
1.1281837099e+00   1.1797308895e+00   9.7988367312e-01
1.1118664842e+00   1.1925896507e+00   9.8308721922e-01
1.0947575735e+00   1.2037041364e+00   9.8642721419e-01
1.0770535062e+00   1.2129458647e+00   9.8987343790e-01
1.0589513161e+00   1.2202142540e+00   9.9339435916e-01
1.0406445427e+00   1.2254386442e+00   9.9695760601e-01
1.0223196537e+00   1.2285793529e+00   1.0005304526e+00
1.0041530041e+00   1.2296277523e+00   1.0040803071e+00
9.8630840403e-01   1.2286054130e+00   1.0075751863e+00
9.6893532599e-01   1.2255624058e+00   1.0109841625e+00
9.5216774212e-01   1.2205748897e+00   1.0142777714e+00
9.3612355151e-01   1.2137421430e+00   1.0174283718e+00
9.2090453183e-01   1.2051832027e+00   1.0204104504e+00
9.0659673401e-01   1.1950332789e+00   1.0232008676e+00
8.9327123060e-01   1.1834401019e+00   1.0257790434e+00
8.8098512757e-01   1.1705603380e+00   1.0281270836e+00
8.6978275390e-01   1.1565561911e+00   1.0302298505e+00
8.5969695199e-01   1.1415922784e+00   1.0320749808e+00
8.5075040294e-01   1.1258328431e+00   1.0336528583e+00
8.4295693284e-01   1.1094393441e+00   1.0349565463e+00
8.3632275831e-01   1.0925684384e+00   1.0359816858e+00
8.3084764067e-01   1.0753703568e+00   1.0367263690e+00
8.2652592839e-01   1.0579876553e+00   1.0371909904e+00
8.2334747546e-01   1.0405543174e+00   1.0373780849e+00
8.2129843040e-01   1.0231951731e+00   1.0372921568e+00
8.2036189576e-01   1.0060255962e+00   1.0369395043e+00
8.2051846180e-01   9.8915144118e-01   1.0363280442e+00
8.2174662060e-01   9.7266917853e-01   1.0354671397e+00
8.2402306857e-01   9.5666619246e-01   1.0343674349e+00
8.2732290623e-01   9.4122120404e-01   1.0330406966e+00
8.3161974433e-01   9.2640478860e-01   1.0314996666e+00
8.3688572558e-01   9.1227995861e-01   1.0297579245e+00
8.4309147053e-01   8.9890278730e-01   1.0278297624e+00
8.5020595626e-01   8.8632305160e-01   1.0257300709e+00
8.5819633549e-01   8.7458487637e-01   1.0234742369e+00
8.6702770391e-01   8.6372736482e-01   1.0210780539e+00
8.7666282277e-01   8.5378520238e-01   1.0185576417e+00
8.8706180396e-01   8.4478922372e-01   1.0159293776e+00
8.9818176463e-01   8.3676693401e-01   1.0132098367e+00
9.0997645898e-01   8.2974297712e-01   1.0104157409e+00
9.2239589514e-01   8.2373954425e-01   1.0075639155e+00
9.3538594587e-01   8.1877671712e-01   1.0046712523e+00
9.4888796294e-01   8.1487274047e-01   1.0017546778e+00
9.6283840621e-01   8.1204421831e-01   9.9883112639e-01
9.7716850007e-01   8.1030622885e-01   9.9591751495e-01
9.9180393130e-01   8.0967235247e-01   9.9303072041e-01
1.0066646045e+00   8.1015460723e-01   9.9018755651e-01
1.0216644730e+00   8.1176328635e-01   9.8740474940e-01
1.0367114649e+00   8.1450669215e-01   9.8469891033e-01
1.0517075258e+00   8.1839076149e-01   9.8208650377e-01
1.0665488001e+00   8.2341857876e-01   9.7958380932e-01
1.0811259753e+00   8.2958977384e-01   9.7720687581e-01
1.0953248111e+00   8.3689980514e-01   9.7497146579e-01
1.1090268755e+00   8.4533913085e-01   9.7289298897e-01
1.1221105072e+00   8.5489227603e-01   9.7098642297e-01
1.1344520181e+00   8.6553680880e-01   9.6926622007e-01
1.1459271438e+00   8.7724224569e-01   9.6774619898e-01
1.1564127424e+00   8.8996891396e-01   9.6643942090e-01
1.1657887283e+00   9.0366680782e-01   9.6535804974e-01
1.1739402184e+00   9.1827448456e-01   9.6451319705e-01
1.1807598493e+00   9.3371805623e-01   9.6391475283e-01
1.1861502125e+00   9.4991034064e-01   9.6357120448e-01
1.1900263351e+00   9.6675024241e-01   9.6348944718e-01
1.1923181205e+00   9.8412243794e-01   9.6367458969e-01
1.1929726524e+00   1.0018974382e+00   9.6412976130e-01
1.1919562543e+00   1.0199320965e+00   9.6485592602e-01
1.1892561978e+00   1.0380706182e+00   9.6585171142e-01
1.1848819564e+00   1.0561461075e+00   9.6711325994e-01
1.1788659129e+00   1.0739826666e+00   9.6863411079e-01
1.1712634521e+00   1.0913980272e+00   9.7040512047e-01
1.1621523960e+00   1.1082066657e+00   9.7241442919e-01
1.1516317726e+00   1.1242233151e+00   9.7464747938e-01
1.1398199469e+00   1.1392667582e+00   9.7708709078e-01
1.1268521777e+00   1.1531637554e+00   9.7971359444e-01
1.1128776991e+00   1.1657529482e+00   9.8250502572e-01
1.0980564509e+00   1.1768885639e+00   9.8543737340e-01
1.0825556005e+00   1.1864437602e+00   9.8848487996e-01
1.0665460076e+00   1.1943134571e+00   9.9162038519e-01
1.0665460076e+00   1.1943134571e+00   9.9162038519e-01
