X    Y    Z
0.0000000000e+00   4.0000000000e-01   0.0000000000e+00
-3.1603285728e-02   4.0506703347e-01   2.5719128803e-03
-6.3664165282e-02   4.0770329809e-01   4.0546451701e-03
-9.5919353847e-02   4.0784491119e-01   4.8067149425e-03
-1.2812586564e-01   4.0544690052e-01   5.0981851986e-03
-1.6005583464e-01   4.0048211021e-01   5.1197986661e-03
-1.9149223356e-01   3.9294046550e-01   4.9978659026e-03
-2.2222579444e-01   3.8282851695e-01   4.8106625636e-03
-2.5205314003e-01   3.7016917196e-01   4.6033347819e-03
-2.8077595217e-01   3.5500152700e-01   4.3997957048e-03
-3.0820092799e-01   3.3738073010e-01   4.2112987096e-03
-3.3414027744e-01   3.1737782193e-01   4.0420996176e-03
-3.5841255798e-01   2.9507952059e-01   3.8929121347e-03
-3.8084369692e-01   2.7058792915e-01   3.7628629134e-03
-4.0126810069e-01   2.4402015405e-01   3.6505151246e-03
-4.1952978774e-01   2.1550782874e-01   3.5543589730e-03
-4.3548350655e-01   1.8519654102e-01   3.4730201231e-03
-4.4899581531e-01   1.5324516450e-01   3.4053306668e-03
-4.5994610846e-01   1.1982509656e-01   3.3503395675e-03
-4.6822757990e-01   8.5119405701e-02   3.3073004530e-03
-4.7374811480e-01   4.9321892379e-02   3.2756539233e-03
-4.7643110342e-01   1.2636067755e-02   3.2550114046e-03
-4.7621617093e-01   -2.4725944552e-02   3.2451430199e-03
-4.7305981765e-01   -6.2544578042e-02   3.2459701059e-03
-4.6693596498e-01   -1.0059405814e-01   3.2575624010e-03
-4.5783640225e-01   -1.3864369563e-01   3.2801398474e-03
-4.4577113076e-01   -1.7645923167e-01   3.3140790752e-03
-4.3076860157e-01   -2.1380422696e-01   3.3599248481e-03
-4.1287584422e-01   -2.5044148733e-01   3.4184070106e-03
-3.9215848443e-01   -2.8613451750e-01   3.4904637770e-03
-3.6870064936e-01   -3.2064899486e-01   3.5772725756e-03
-3.4260475991e-01   -3.5375425446e-01   3.6802901156e-03
-3.1399121029e-01   -3.8522477665e-01   3.8013039381e-03
-2.8299793594e-01   -4.1484166854e-01   3.9424984827e-03
-2.4977987213e-01   -4.4239413042e-01   4.1065397316e-03
-2.1450830616e-01   -4.6768089841e-01   4.2966838767e-03
-1.7737012766e-01   -4.9051165474e-01   4.5169173348e-03
-1.3856698264e-01   -5.1070839743e-01   4.7721380052e-03
-9.8314338479e-02   -5.2810676121e-01   5.0683911999e-03
-5.6840468906e-02   -5.4255728247e-01   5.4131785604e-03
-1.4385370332e-02   -5.5392660130e-01   5.8158650601e-03
2.8800376461e-02   -5.6209859482e-01   6.2882186291e-03
7.2456781519e-02   -5.6697543711e-01   6.8451300992e-03
1.1631563538e-01   -5.6847858250e-01   7.5055795042e-03
1.6010168451e-01   -5.6654967086e-01   8.2939402446e-03
2.0353375534e-01   -5.6115135635e-01   9.2417477950e-03
2.4632577828e-01   -5.5226806416e-01   1.0390107615e-02
2.8818764752e-01   -5.3990668446e-01   1.1792981175e-02
3.2882583162e-01   -5.2409721865e-01   1.3521672386e-02
3.6794362229e-01   -5.0489340112e-01   1.5670939341e-02
4.0524087308e-01   -4.8237333003e-01   1.8367270927e-02
4.4041303681e-01   -4.5664015489e-01   2.1779970376e-02
4.7314926228e-01   -4.2782288603e-01   2.6135719767e-02
5.0312926890e-01   -3.9607741295e-01   3.1737136900e-02
5.3001870474e-01   -3.6158784279e-01   3.8985240153e-02
5.5346275920e-01   -3.2456829338e-01   4.8404285453e-02
5.7307803643e-01   -2.8526528765e-01   6.0664457513e-02
5.8844325338e-01   -2.4396087910e-01   7.6592462033e-02
5.9909043221e-01   -2.0097655624e-01   9.7151276048e-02
6.0450017519e-01   -1.5667777430e-01   1.2335822621e-01
6.0410749341e-01   -1.1147856970e-01   1.5609838039e-01
5.9732816227e-01   -6.5845057631e-02   1.9578804755e-01
5.8361816136e-01   -2.0295691969e-02   2.4187157572e-01
5.6257693880e-01   2.4604830206e-02   2.9222122998e-01
5.3409381963e-01   6.8261664100e-02   3.4266513369e-01
4.9851222009e-01   1.1007867787e-01   3.8703296793e-01
4.5675380265e-01   1.4949961415e-01   4.1811322142e-01
4.1032537194e-01   1.8605557440e-01   4.2955978335e-01
3.6115442211e-01   2.1940722351e-01   4.1811165380e-01
3.1127301964e-01   2.4936830119e-01   3.8498825443e-01
2.6245497040e-01   2.7590186074e-01   3.3559494908e-01
2.1594269166e-01   2.9909055693e-01   2.7767399245e-01
1.7235013605e-01   3.1909158374e-01   2.1893580087e-01
1.3173721326e-01   3.3609030029e-01   1.6528056649e-01
9.3784982397e-02   3.5026351938e-01   1.2010257365e-01
5.7989280728e-02   3.6175722875e-01   8.4508325516e-02
2.3817509376e-02   3.7067801533e-01   5.7992572882e-02
-9.1915319141e-03   3.7709450689e-01   3.9173443251e-02
-4.1380407094e-02   3.8104455972e-01   2.6372732287e-02
-7.2963586704e-02   3.8254468960e-01   1.7984470543e-02
-1.0404004475e-01   3.8159943521e-01   1.2659539733e-02
-1.3461558327e-01   3.7820942751e-01   9.3619147624e-03
-1.6462687974e-01   3.7237771977e-01   7.3500188022e-03
-1.9396294250e-01   3.6411440551e-01   6.1236696853e-03
-2.2248226831e-01   3.5343978221e-01   5.3627435971e-03
-2.5002557575e-01   3.4038638908e-01   4.8717835021e-03
-2.7642477447e-01   3.2500022686e-01   4.5363584761e-03
-3.0150908546e-01   3.0734140811e-01   4.2918456234e-03
-3.2510918346e-01   2.8748441826e-01   4.1027564592e-03
-3.4706005679e-01   2.6551810859e-01   3.9499158504e-03
-3.6720307879e-01   2.4154549740e-01   3.8229552429e-03
-3.8538761189e-01   2.1568342466e-01   3.7161350402e-03
-4.0147233659e-01   1.8806208661e-01   3.6261203124e-03
-4.1532641264e-01   1.5882446542e-01   3.5508394227e-03
-4.2683052738e-01   1.2812566290e-01   3.4889143451e-03
-4.3587785653e-01   9.6132144710e-02   3.4393807026e-03
-4.4237494686e-01   6.3020900029e-02   3.4015501802e-03
-4.4624252227e-01   2.8978521370e-02   3.3749417848e-03
-4.4741621103e-01   -5.7997905277e-03   3.3592466589e-03
-4.4584719046e-01   -4.1111291610e-02   3.3543100272e-03
-4.4150274468e-01   -7.6746823623e-02   3.3601228327e-03
-4.3436673150e-01   -1.1249200144e-01   3.3768197881e-03
-4.2443995433e-01   -1.4812845219e-01   3.4046825065e-03
-4.1174043585e-01   -1.8343509943e-01   3.4441473175e-03
-3.9630359053e-01   -2.1818948507e-01   3.4958178966e-03
-3.7818229374e-01   -2.5216912184e-01   3.5604832011e-03
-3.5744684575e-01   -2.8515286821e-01   3.6391415310e-03
-3.3418482978e-01   -3.1692231816e-01   3.7330318877e-03
-3.0850086384e-01   -3.4726319740e-01   3.8436742285e-03
-2.8051624693e-01   -3.7596675788e-01   3.9729207517e-03
-2.5036850111e-01   -4.0283116231e-01   4.1230210381e-03
-2.1821081167e-01   -4.2766285043e-01   4.2967047896e-03
-1.8421136877e-01   -4.5027787870e-01   4.4972871100e-03
-1.4855261493e-01   -4.7050322559e-01   4.7288028884e-03
-1.1143040396e-01   -4.8817805451e-01   4.9961790077e-03
-7.3053078373e-02   -5.0315492721e-01   5.3054560150e-03
-3.3640473788e-02   -5.1530096057e-01   5.6640748239e-03
6.5771390631e-03   -5.2449892070e-01   6.0812493267e-03
4.7360161875e-02   -5.3064824877e-01   6.5684529658e-03
8.8460810026e-02   -5.3366601439e-01   7.1400569456e-03
1.2962426801e-01   -5.3348779324e-01   7.8141706453e-03
1.7058983471e-01   -5.3006846784e-01   8.6137518065e-03
2.1109202816e-01   -5.2338295191e-01   9.5680761636e-03
2.5086161124e-01   -5.1342684196e-01   1.0714684082e-02
2.8962649014e-01   -5.0021700296e-01   1.2101955440e-02
3.2711242435e-01   -4.8379209938e-01   1.3792501479e-02
3.6304347222e-01   -4.6421308849e-01   1.5867597745e-02
3.9714207902e-01   -4.4156369965e-01   1.8432901671e-02
4.2912869830e-01   -4.1595093191e-01   2.1625673896e-02
4.5872082667e-01   -3.8750561141e-01   2.5623601389e-02
4.8563133896e-01   -3.5638306061e-01   3.0655011774e-02
5.0956605350e-01   -3.2276393927e-01   3.7009624595e-02
5.3022057154e-01   -2.8685532001e-01   4.5047792210e-02
5.4727667169e-01   -2.4889205040e-01   5.5204174444e-02
5.6039897234e-01   -2.0913841679e-01   6.7978741031e-02
5.6923328181e-01   -1.6789004341e-01   8.3903972047e-02
5.7340908123e-01   -1.2547580903e-01   1.0347301809e-01
5.7254984448e-01   -8.2259318610e-02   1.2701194789e-01
5.6629600900e-01   -3.8639121443e-02   1.5448515383e-01
5.5434549207e-01   4.9535390722e-03   1.8524390576e-01
5.3651426054e-01   4.8060991638e-02   2.1776991151e-01
5.1281306947e-01   9.0210967551e-02   2.4952345407e-01
4.8352584096e-01   1.3093486659e-01   2.7704991300e-01
4.4926342896e-01   1.6979172411e-01   2.9647376591e-01
4.1096130954e-01   2.0639478550e-01   3.0436723959e-01
3.6979986232e-01   2.4043534244e-01   2.9875002690e-01
3.2705326914e-01   2.7169770332e-01   2.7980130072e-01
2.8390595021e-01   3.0006086976e-01   2.4991988449e-01
2.4129336719e-01   3.2548635446e-01   2.1307462991e-01
1.9981389523e-01   3.4799583525e-01   1.7374331435e-01
1.5972685665e-01   3.6764491802e-01   1.3589258361e-01
1.2101900104e-01   3.8449921856e-01   1.0233472627e-01
8.3504526985e-02   3.9861686930e-01   7.4549607683e-02
4.6925101210e-02   4.1003882050e-01   5.2861809753e-02
1.1028541258e-02   4.1878612532e-01   3.6791249165e-02
-2.4381468799e-02   4.2486225677e-01   2.5422797372e-02
-5.9422481282e-02   4.2825829014e-01   1.7705245658e-02
-9.4130309611e-02   4.2895913691e-01   1.2648851449e-02
-1.2846816060e-01   4.2694958665e-01   9.4280502197e-03
-1.6234127907e-01   4.2221947068e-01   7.4129686982e-03
-1.9561252042e-01   4.1476769316e-01   6.1567369421e-03
-2.2811624329e-01   4.0460515302e-01   5.3615684100e-03
-2.5966945755e-01   3.9175672174e-01   4.8396897546e-03
-2.9008015918e-01   3.7626248599e-01   4.4783059878e-03
-3.1915329479e-01   3.5817844986e-01   4.2123804567e-03
-3.4669496007e-01   3.3757685146e-01   4.0055593138e-03
-3.7251539614e-01   3.1454620421e-01   3.8378641151e-03
-3.9643122214e-01   2.8919113501e-01   3.6982859120e-03
-4.1826720479e-01   2.6163206371e-01   3.5805875487e-03
-4.3785775176e-01   2.3200474979e-01   3.4810419602e-03
-4.5504823513e-01   2.0045972138e-01   3.3972621046e-03
-4.6969619949e-01   1.6716159580e-01   3.3276123887e-03
-4.8167247980e-01   1.3228829770e-01   3.2709159480e-03
-4.9086223783e-01   9.6030180149e-02   3.2263076295e-03
-4.9716591770e-01   5.8589053189e-02   3.1931577619e-03
-5.0050011767e-01   2.0177125166e-02   3.1710308460e-03
-5.0079837337e-01   -1.8984137980e-02   3.1596625040e-03
-4.9801184755e-01   -5.8665229452e-02   3.1589470886e-03
-4.9210992114e-01   -9.8629888050e-02   3.1689325463e-03
-4.8308068112e-01   -1.3863644745e-01   3.1898210775e-03
-4.7093130085e-01   -1.7843924100e-01   3.2219751071e-03
-4.5568830937e-01   -2.1779005434e-01   3.2659286397e-03
-4.3739774651e-01   -2.5643961757e-01   3.3224044865e-03
-4.1612520175e-01   -2.9413912872e-01   3.3923382322e-03
-3.9195573508e-01   -3.3064179962e-01   3.4769102415e-03
-3.6499367938e-01   -3.6570441524e-01   3.5775875198e-03
-3.3536232425e-01   -3.9908889736e-01   3.6961779152e-03
-3.0320348257e-01   -4.3056386337e-01   3.8349000254e-03
-2.6867694187e-01   -4.5990617097e-01   3.9964733624e-03
-2.3195980382e-01   -4.8690243946e-01   4.1842349345e-03
-1.9324571631e-01   -5.1135053879e-01   4.4022906306e-03
-1.5274400426e-01   -5.3306103746e-01   4.6557128596e-03
-1.1067870680e-01   -5.5185860109e-01   4.9508002005e-03
-6.7287530691e-02   -5.6758333366e-01   5.2954208586e-03
-2.2820732439e-02   -5.8009205464e-01   5.6994702690e-03
2.2460055189e-02   -5.8925950573e-01   6.1754853379e-03
6.8283032071e-02   -5.9497948271e-01   6.7394751431e-03
1.1436744902e-01   -5.9716588914e-01   7.4120527129e-03
1.6042480133e-01   -5.9575371152e-01   8.2199879912e-03
2.0615995237e-01   -5.9069991803e-01   9.1983527982e-03
2.5127212605e-01   -5.8198428767e-01   1.0393500629e-02
2.9545568540e-01   -5.6961018192e-01   1.1867225373e-02
3.3840058329e-01   -5.5360527933e-01   1.3702582689e-02
3.7979232879e-01   -5.3402230389e-01   1.6012044483e-02
4.1931125403e-01   -5.1093979346e-01   1.8948893324e-02
4.5663078961e-01   -4.8446297485e-01   2.2723033714e-02
4.9141436076e-01   -4.5472483990e-01   2.7622639301e-02
5.2331040995e-01   -4.2188755322e-01   3.4043108253e-02
5.5194496255e-01   -3.8614436702e-01   4.2524304300e-02
5.7691114849e-01   -3.4772226813e-01   5.3795298895e-02
5.9775532071e-01   -3.0688562569e-01   6.8821494285e-02
6.1396014599e-01   -2.6394111584e-01   8.8840009933e-02
6.2492674975e-01   -2.1924411624e-01   1.1535287946e-01
6.2996131925e-01   -1.7320648419e-01   1.5002219869e-01
6.2827710756e-01   -1.2630500274e-01   1.9438081458e-01
6.1903028185e-01   -7.9088618978e-02   2.4925602170e-01
6.0141467912e-01   -3.2180830716e-02   3.1385034230e-01
5.7483847273e-01   1.3728468798e-02   3.8460780380e-01
5.3918208865e-01   5.7908538766e-02   4.5435520629e-01
4.9508195375e-01   9.9635685191e-02   5.1258988454e-01
4.4411429384e-01   1.3826136327e-01   5.4770995639e-01
3.8872518800e-01   1.7328676328e-01   5.5095325591e-01
3.3183627997e-01   2.0442023797e-01   5.2019871902e-01
2.7623823855e-01   2.3159484552e-01   4.6116964398e-01
2.2403072277e-01   2.5493833527e-01   3.8511838359e-01
1.7634030698e-01   2.7470841016e-01   3.0454512380e-01
1.3337109245e-01   2.9121811765e-01   2.2949558600e-01
9.4674015233e-02   3.0477372354e-01   1.6590711381e-01
5.9470457363e-02   3.1563595780e-01   1.1584955503e-01
2.6915567843e-02   3.2400428054e-01   7.8711013496e-02
-3.7386179614e-03   3.3001777029e-01   5.2481779973e-02
-3.3069856760e-02   3.3376519151e-01   3.4719627541e-02
-6.1473183451e-02   3.3529840792e-01   2.3121044384e-02
-8.9181188124e-02   3.3464554424e-01   1.5780554756e-02
-1.1629710360e-01   3.3182215161e-01   1.1252659021e-02
-1.4282895954e-01   3.2683984502e-01   8.5103350476e-03
-1.6871915191e-01   3.1971254316e-01   6.8623657288e-03
-1.9386757345e-01   3.1046072522e-01   5.8650618739e-03
-2.1814849496e-01   2.9911418277e-01   5.2455183919e-03
-2.4142228231e-01   2.8571369578e-01   4.8422552716e-03
-2.6354325478e-01   2.7031197171e-01   4.5629771918e-03
-2.8436486906e-01   2.5297409213e-01   4.3564656037e-03
-3.0374315872e-01   2.3377763162e-01   4.1949230380e-03
-3.2153909085e-01   2.1281255350e-01   4.0634369169e-03
-3.3762027551e-01   1.9018094589e-01   3.9539756631e-03
-3.5186229598e-01   1.6599663508e-01   3.8621066395e-03
-3.6414981467e-01   1.4038469755e-01   3.7852666890e-03
-3.7437753860e-01   1.1348088305e-01   3.7218787850e-03
-3.8245108671e-01   8.5430956462e-02   3.6709116704e-03
-3.8828777813e-01   5.6389964222e-02   3.6316637145e-03
-3.9181734808e-01   2.6521429824e-02   3.6036573916e-03
-3.9298259248e-01   -4.0035169400e-03   3.5865876403e-03
-3.9173993907e-01   -3.5007072419e-02   3.5802966997e-03
-3.8805994199e-01   -6.6305748258e-02   3.5847625742e-03
-3.8192769638e-01   -9.7711412011e-02   3.6000952760e-03
-3.7334316973e-01   -1.2903237358e-01   3.6265382940e-03
-3.6232144692e-01   -1.6007451154e-01   3.6644742912e-03
-3.4889288641e-01   -1.9064243299e-01   3.7144347985e-03
-3.3310318562e-01   -2.2054066055e-01   3.7771140956e-03
-3.1501335382e-01   -2.4957483948e-01   3.8533877615e-03
-2.9469959176e-01   -2.7755295811e-01   3.9443366302e-03
-2.7225307773e-01   -3.0428657430e-01   4.0512771624e-03
-2.4777966032e-01   -3.2959204072e-01   4.1757995569e-03
-2.2139945898e-01   -3.5329172158e-01   4.3198153199e-03
-1.9324637420e-01   -3.7521519350e-01   4.4856164932e-03
-1.6346750983e-01   -3.9520042325e-01   4.6759493656e-03
-1.3222251080e-01   -4.1309491512e-01   4.8941062683e-03
-9.9682820672e-02   -4.2875682105e-01   5.1440400569e-03
-6.6030863965e-02   -4.4205600674e-01   5.4305071397e-03
-3.1459159684e-02   -4.5287506734e-01   5.7592465052e-03
3.8306267788e-03   -4.6111028682e-01   6.1372041904e-03
3.9628684645e-02   -4.6667253565e-01   6.5728150867e-03
7.5718101634e-02   -4.6948810188e-01   7.0763569417e-03
1.1187593901e-01   -4.6949945182e-01   7.6603948922e-03
1.4787432427e-01   -4.6666591715e-01   8.3403387169e-03
1.8348154572e-01   -4.6096430658e-01   9.1351389175e-03
2.1846313123e-01   -4.5238944135e-01   1.0068150988e-02
2.5258289059e-01   -4.4095461546e-01   1.1168198442e-02
2.8560389930e-01   -4.2669198317e-01   1.2470861849e-02
3.1728939971e-01   -4.0965287805e-01   1.4020009143e-02
3.4740359573e-01   -3.8990807024e-01   1.5869555010e-02
3.7571232098e-01   -3.6754796986e-01   1.8085384047e-02
4.0198356888e-01   -3.4268278638e-01   2.0747278716e-02
4.2598789245e-01   -3.1544265407e-01   2.3950539549e-02
4.4749871513e-01   -2.8597773171e-01   2.7806749063e-02
4.6629264976e-01   -2.5445828005e-01   3.2442793596e-02
4.8215000877e-01   -2.2107470931e-01   3.7996817925e-02
4.9485581019e-01   -1.8603757024e-01   4.4609291060e-02
5.0420174097e-01   -1.4957743171e-01   5.2406942895e-02
5.0998971422e-01   -1.1194454378e-01   6.1477270674e-02
5.1203780434e-01   -7.3408126977e-02   7.1832078597e-02
5.1018937391e-01   -3.4255062226e-02   8.3360724241e-02
5.0432598317e-01   5.2123055141e-03   9.5777963256e-02
4.9438403332e-01   4.4679565995e-02   1.0857751155e-01
4.8037392800e-01   8.3825119638e-02   1.2100935981e-01
4.6239890993e-01   1.2232665233e-01   1.3210317648e-01
4.4066904571e-01   1.5986904056e-01   1.4075687295e-01
4.1550487462e-01   1.9615311335e-01   1.4589431603e-01
3.8732596026e-01   2.3090427071e-01   1.4666992340e-01
3.5662255591e-01   2.6387966949e-01   1.4266958602e-01
3.2391336222e-01   2.9487270578e-01   1.3404285184e-01
2.8969723225e-01   3.2371393625e-01   1.2151393828e-01
2.5440941827e-01   3.5026831480e-01   1.0625839798e-01
2.1839205097e-01   3.7442944372e-01   8.9680547202e-02
1.8188425827e-01   3.9611216273e-01   7.3159735836e-02
1.4503157327e-01   4.1524502102e-01   5.7836381479e-02
1.0790943093e-01   4.3176397142e-01   4.4484542082e-02
7.0553175480e-02   4.4560812456e-01   3.3482551445e-02
3.2987295193e-02   4.5671781324e-01   2.4863524847e-02
-4.7512732801e-03   4.6503472211e-01   1.8412220480e-02
-4.2598161039e-02   4.7050353604e-01   1.3773892066e-02
-8.0454854168e-02   4.7307446362e-01   1.0549389087e-02
-1.1818860915e-01   4.7270605494e-01   8.3628790032e-03
-1.5563669735e-01   4.6936788480e-01   6.8996015014e-03
-1.9261276966e-01   4.6304284730e-01   5.9185447564e-03
-2.2891365803e-01   4.5372895886e-01   5.2482943119e-03
-2.6432559009e-01   4.4144067200e-01   4.7743139604e-03
-2.9862937339e-01   4.2620975920e-01   4.4239657232e-03
-3.3160450517e-01   4.0808584494e-01   4.1530328047e-03
-3.6303237410e-01   3.8713665929e-01   3.9353151795e-03
-3.9269878648e-01   3.6344807130e-01   3.7554244757e-03
-4.2039603181e-01   3.3712394308e-01   3.6042004024e-03
-4.4592464995e-01   3.0828583153e-01   3.4759874706e-03
-4.6909500688e-01   2.7707255395e-01   3.3671017194e-03
-4.8972874175e-01   2.4363962819e-01   3.2749998327e-03
-5.0766011715e-01   2.0815859366e-01   3.1978376090e-03
-5.2273728631e-01   1.7081621863e-01   3.1342346126e-03
-5.3482348018e-01   1.3181359836e-01   3.0831452461e-03
-5.4379811213e-01   9.1365148499e-02   3.0437847842e-03
-5.4955779560e-01   4.9697499103e-02   3.0155847997e-03
-5.5201726861e-01   7.0482945291e-03   2.9981655113e-03
-5.5111021941e-01   -3.6335094566e-02   2.9913189828e-03
-5.4679000703e-01   -8.0196940520e-02   2.9950001991e-03
-5.3903027147e-01   -1.2427460204e-01   3.0093245929e-03
-5.2782542836e-01   -1.6830003389e-01   3.0345714451e-03
-5.1319104376e-01   -2.1200135471e-01   3.0711931315e-03
-4.9516408530e-01   -2.5510446423e-01   3.1198306266e-03
-4.7380304668e-01   -2.9733470081e-01   3.1813360990e-03
-4.4918794343e-01   -3.3841852988e-01   3.2568039104e-03
-4.2142017848e-01   -3.7808525356e-01   3.3476119124e-03
-3.9062227730e-01   -4.1606873145e-01   3.4554756844e-03
-3.5693749317e-01   -4.5210910265e-01   3.5825193630e-03
-3.2052928450e-01   -4.8595449872e-01   3.7313680735e-03
-2.8158066704e-01   -5.1736273743e-01   3.9052688690e-03
-2.4029344574e-01   -5.4610298755e-01   4.1082497332e-03
-1.9688733206e-01   -5.7195739467e-01   4.3453299584e-03
-1.5159895515e-01   -5.9472265884e-01   4.6228005879e-03
-1.0468077724e-01   -6.1421155542e-01   4.9486013802e-03
-5.6399927035e-02   -6.3025439093e-01   5.3328320655e-03
-7.0369690051e-03   -6.4270038738e-01   5.7884522984e-03
4.3115368078e-02   -6.5141898958e-01   6.3322493372e-03
9.3753471910e-02   -6.5630109225e-01   6.9861892159e-03
1.4456409424e-01   -6.5726018654e-01   7.7793223078e-03
1.9522550642e-01   -6.5423342940e-01   8.7504973065e-03
2.4540848021e-01   -6.4718264498e-01   9.9522633483e-03
2.9477697527e-01   -6.3609527516e-01   1.1456530044e-02
3.4298836195e-01   -6.2098530771e-01   1.3362841362e-02
3.8969292784e-01   -6.0189422776e-01   1.5810545904e-02
4.3453229818e-01   -5.7889206288e-01   1.8996769776e-02
4.7713622535e-01   -5.5207862897e-01   2.3202978381e-02
5.1711695120e-01   -5.2158513797e-01   2.8834077207e-02
5.5406000045e-01   -4.8757640667e-01   3.6475346547e-02
5.8750982601e-01   -4.5025401645e-01   4.6973563930e-02
6.1694826732e-01   -4.0986092187e-01   6.1548091558e-02
6.4176354206e-01   -3.6668818741e-01   8.1932238569e-02
6.6120809232e-01   -3.2108470660e-01   1.1052795319e-01
6.7434641653e-01   -2.7347081498e-01   1.5051526295e-01
6.8000160625e-01   -2.2435637762e-01   2.0577404793e-01
6.7672546801e-01   -1.7436268865e-01   2.8033945095e-01
6.6284473632e-01   -1.2424453691e-01   3.7696769410e-01
6.3666905477e-01   -7.4903269837e-02   4.9443634455e-01
5.9695415391e-01   -2.7374137532e-02   6.2388136165e-01
5.4362869638e-01   1.7233964777e-02   7.4616240630e-01
4.7855742479e-01   5.7860950374e-02   8.3408154099e-01
4.0582782890e-01   9.3665281864e-02   8.6209282521e-01
3.3107047472e-01   1.2418290992e-01   8.1960776158e-01
2.5991865987e-01   1.4939783384e-01   7.1768489094e-01
1.9644391629e-01   1.6968462553e-01   5.8286169453e-01
1.4243703572e-01   1.8565611538e-01   4.4365063431e-01
9.7692950670e-02   1.9799314148e-01   3.2017481347e-01
6.0818143012e-02   2.0731865809e-01   2.2152147912e-01
3.0016872017e-02   2.1413543542e-01   1.4841616006e-01
3.5983832961e-03   2.1881444875e-01   9.7192347424e-02
-1.9797066350e-02   2.2161152057e-01   6.2811822711e-02
-4.1155515794e-02   2.2269412866e-01   4.0512253172e-02
-6.1135031906e-02   2.2216800891e-01   2.6447829568e-02
-8.0139362770e-02   2.2009919234e-01   1.7780294080e-02
-9.8389577472e-02   2.1653054238e-01   1.2537103782e-02
-1.1598253440e-01   2.1149339017e-01   9.4072847419e-03
-1.3293436887e-01   2.0501533916e-01   7.5505142054e-03
-1.4921098452e-01   1.9712529444e-01   6.4447031506e-03
-1.6474856101e-01   1.8785658059e-01   5.7744484410e-03
-1.7946693329e-01   1.7724878968e-01   5.3540463126e-03
-1.9327813886e-01   1.6534880684e-01   5.0767108427e-03
-2.0609182225e-01   1.5221131107e-01   4.8823329596e-03
-2.1781866442e-01   1.3789894190e-01   4.7376953245e-03
-2.2837260638e-01   1.2248224968e-01   4.6247038048e-03
-2.3767235287e-01   1.0603950072e-01   4.5335873776e-03
-2.4564245144e-01   8.8656378853e-02   4.4590737030e-03
-2.5221411962e-01   7.0425608134e-02   4.3982916231e-03
-2.5732591778e-01   5.1446510843e-02   4.3496471556e-03
-2.6092432029e-01   3.1824509753e-02   4.3122337821e-03
-2.6296421209e-01   1.1670580594e-02   4.2855289485e-03
-2.6340932334e-01   -8.8993407772e-03   4.2692406446e-03
-2.6223260753e-01   -2.9764992554e-02   4.2632313148e-03
-2.5941656411e-01   -5.0802458788e-02   4.2674811565e-03
-2.5495350544e-01   -7.1884875021e-02   4.2820714577e-03
-2.4884576632e-01   -9.2883163843e-02   4.3071783123e-03
-2.4110585482e-01   -1.1366679626e-01   4.3430719973e-03
-2.3175654278e-01   -1.3410457458e-01   4.3901197704e-03
-2.2083089466e-01   -1.5406543237e-01   4.4487910720e-03
-2.0837223389e-01   -1.7341924685e-01   4.5196647165e-03
-1.9443404587e-01   -1.9203765893e-01   4.6034379536e-03
-1.7907981762e-01   -2.0979489604e-01   4.7009374286e-03
-1.6238281395e-01   -2.2656859286e-01   4.8131321430e-03
-1.4442579089e-01   -2.4224060475e-01   4.9411485529e-03
-1.2530064714e-01   -2.5669780912e-01   5.0862879484e-03
-1.0510801500e-01   -2.6983288943e-01   5.2500462448e-03
-8.3956792468e-02   -2.8154509711e-01   5.4341362695e-03
-6.1963618575e-02   -2.9174098625e-01   5.6405125462e-03
-3.9252294581e-02   -3.0033511646e-01   5.8713984423e-03
-1.5953153766e-02   -3.0725071912e-01   6.1293153309e-03
7.7976169445e-03   -3.1242032255e-01   6.4171131021e-03
3.1858700095e-02   -3.1578633173e-01   6.7380008948e-03
5.6084411891e-02   -3.1730155866e-01   7.0955762700e-03
8.0325503655e-02   -3.1692969921e-01   7.4938501369e-03
1.0442999672e-01   -3.1464575307e-01   7.9372635195e-03
1.2824404699e-01   -3.1043638331e-01   8.4306906232e-03
1.5161283572e-01   -3.0430021238e-01   8.9794205697e-03
1.7438148339e-01   -2.9624805172e-01   9.5891075495e-03
1.9639598451e-01   -2.8630306202e-01   1.0265676011e-02
2.1750416174e-01   -2.7450084167e-01   1.1015163949e-02
2.3755663948e-01   -2.6088944053e-01   1.1843483679e-02
2.5640783815e-01   -2.4552929653e-01   1.2756076181e-02
2.7391699253e-01   -2.2849309183e-01   1.3757433175e-02
2.8994919882e-01   -2.0986552547e-01   1.4850461897e-02
3.0437649720e-01   -1.8974299852e-01   1.6035673172e-02
3.1707899675e-01   -1.6823320733e-01   1.7310186337e-02
3.2794604939e-01   -1.4545463981e-01   1.8666567719e-02
3.3687747620e-01   -1.2153596922e-01   2.0091555266e-02
3.4378484324e-01   -9.6615339712e-02   2.1564771509e-02
3.4859277304e-01   -7.0839538533e-02   2.3057588421e-02
3.5124026235e-01   -4.4363051351e-02   2.4532373611e-02
3.5168195633e-01   -1.7347000077e-02   2.5942403834e-02
3.4988930564e-01   1.0042032399e-02   2.7232757634e-02
3.4585151004e-01   3.7633279525e-02   2.8342467826e-02
3.3957613517e-01   6.5253150830e-02   2.9208101445e-02
3.3108928529e-01   9.2726645009e-02   2.9768726410e-02
3.2043523187e-01   1.1987877806e-01   2.9971931906e-02
3.0767543993e-01   1.4653598117e-01   2.9780239181e-02
2.9288700143e-01   1.7252742028e-01   2.9176952212e-02
2.7616057008e-01   1.9768619244e-01   2.8170354477e-02
2.5759797857e-01   2.2185036434e-01   2.6795247983e-02
2.3730978766e-01   2.4486383494e-01   2.5111192008e-02
2.1541304542e-01   2.6657702496e-01   2.3197387482e-02
1.9202951134e-01   2.8684741744e-01   2.1144838523e-02
1.6728452363e-01   3.0553999127e-01   1.9047020976e-02
1.4130657258e-01   3.2252760010e-01   1.6990620958e-02
1.1422751552e-01   3.3769134956e-01   1.5047868924e-02
8.6183259494e-02   3.5092101725e-01   1.3271595234e-02
5.7314670403e-02   3.6211554373e-01   1.1693493271e-02
2.7768455711e-02   3.7118360339e-01   1.0325385731e-02
-2.3021934962e-03   3.7804424571e-01   9.1627380008e-03
-3.2737341522e-02   3.8262758289e-01   8.1893752354e-03
-6.3370483186e-02   3.8487549174e-01   7.3823650104e-03
-9.4029134371e-02   3.8474229628e-01   6.7162628132e-03
-1.2453576531e-01   3.8219540044e-01   6.1662673952e-03
-1.5470898022e-01   3.7721584684e-01   5.7101777064e-03
-1.8436484760e-01   3.6979878489e-01   5.3292983786e-03
-2.1331830179e-01   3.5995383822e-01   5.0085737874e-03
-2.4138455957e-01   3.4770536645e-01   4.7362540152e-03
-2.6838051709e-01   3.3309262015e-01   4.5033472960e-03
-2.9412610960e-01   3.1616978949e-01   4.3030346317e-03
-3.1844562706e-01   2.9700594817e-01   4.1301449941e-03
-3.4116898404e-01   2.7568489461e-01   3.9807306455e-03
-3.6213294424e-01   2.5230489232e-01   3.8517456155e-03
-3.8118229912e-01   2.2697831148e-01   3.7408126186e-03
-3.9817099941e-01   1.9983117378e-01   3.6460583773e-03
-4.1296323642e-01   1.7100260286e-01   3.5659986098e-03
-4.2543446925e-01   1.4064418299e-01   3.4994577790e-03
-4.3547239305e-01   1.0891922896e-01   3.4455128088e-03
-4.4297784314e-01   7.6001970573e-02   3.4034534025e-03
-4.4786562947e-01   4.2076655803e-02   3.3727541156e-03
-4.5006529619e-01   7.3365769137e-03   3.3530550655e-03
-4.4952180081e-01   -2.8016975507e-02   3.3441493097e-03
-4.4619610829e-01   -6.3775825213e-02   3.3459756760e-03
-4.4006569527e-01   -9.9726083830e-02   3.3586163488e-03
-4.3112496032e-01   -1.3564937895e-01   3.3822988792e-03
-4.1938553661e-01   -1.7132413012e-01   3.4174025814e-03
-4.0487650379e-01   -2.0652686562e-01   3.4644695359e-03
-3.8764449660e-01   -2.4103357270e-01   3.5242206688e-03
-3.6775370837e-01   -2.7462107346e-01   3.5975776580e-03
-3.4528578804e-01   -3.0706841861e-01   3.6856917314e-03
-3.2033963043e-01   -3.3815829082e-01   3.7899808216e-03
-2.9303105991e-01   -3.6767840949e-01   3.9121770336e-03
-2.6349240859e-01   -3.9542292857e-01   4.0543870275e-03
-2.3187199117e-01   -4.2119381911e-01   4.2191687621e-03
-1.9833347922e-01   -4.4480222819e-01   4.4096291603e-03
-1.6305517910e-01   -4.6606980622e-01   4.6295487484e-03
-1.2622921863e-01   -4.8482999454e-01   4.8835413244e-03
-8.8060649016e-02   -5.0092926585e-01   5.1772594071e-03
-4.8766470209e-02   -5.1422831041e-01   5.5176598659e-03
-8.5745895519e-03   -5.2460316137e-01   5.9133490741e-03
3.2277274073e-02   -5.3194625349e-01   6.3750336202e-03
7.3542725657e-02   -5.3616741062e-01   6.9161116575e-03
1.1496785055e-01   -5.3719475824e-01   7.5534521464e-03
1.5629236901e-01   -5.3497555909e-01   8.3084254818e-03
1.9725075999e-01   -5.2947697210e-01   9.2082703636e-03
2.3757331776e-01   -5.2068673693e-01   1.0287909277e-02
2.7698709514e-01   -5.0861379028e-01   1.1592359124e-02
3.1521667485e-01   -4.9328882378e-01   1.3179923578e-02
3.5198469523e-01   -4.7476479909e-01   1.5126395629e-02
3.8701203850e-01   -4.5311744221e-01   1.7530532269e-02
4.2001757139e-01   -4.2844574761e-01   2.0521065832e-02
4.5071731163e-01   -4.0087253238e-01   2.4265444337e-02
4.7882289012e-01   -3.7054509178e-01   2.8980266756e-02
5.0403920338e-01   -3.3763601754e-01   3.4942864681e-02
5.2606123404e-01   -3.0234424712e-01   4.2502473143e-02
5.4457020802e-01   -2.6489640828e-01   5.2087650184e-02
5.5922962636e-01   -2.2554849785e-01   6.4203748961e-02
5.6968234614e-01   -1.8458786898e-01   7.9410193476e-02
5.7555086503e-01   -1.4233537198e-01   9.8262562107e-02
5.7644427201e-01   -9.9147271937e-02   1.2120099671e-01
5.7197670061e-01   -5.5416232193e-02   1.4836871989e-01
5.6180282495e-01   -1.1570224505e-02   1.7935999056e-01
5.4567459329e-01   3.1932194159e-02   2.1293396492e-01
5.2351819411e-01   7.4611980024e-02   2.4679049206e-01
4.9552011250e-01   1.1598639918e-01   2.7756457158e-01
4.6219792792e-01   1.5559247334e-01   3.0120446836e-01
4.2442205157e-01   1.9301467696e-01   3.1378918283e-01
3.8335911159e-01   2.2791184031e-01   3.1260657766e-01
3.4033210106e-01   2.6003665892e-01   2.9707478348e-01
2.9662887741e-01   2.8924213497e-01   2.6905304860e-01
2.5331778151e-01   3.1547288485e-01   2.3235423434e-01
2.1112770230e-01   3.3874400658e-01   1.9168219185e-01
1.7042021308e-01   3.5911372892e-01   1.5147427464e-01
1.3124341637e-01   3.7665681889e-01   1.1507699336e-01
9.3432575392e-02   3.9144391756e-01   8.4426519302e-02
5.6719222867e-02   4.0352903965e-01   6.0157729387e-02
2.0821815081e-02   4.1294487591e-01   4.1950114285e-02
-1.4493683342e-02   4.1970401494e-01   2.8928599718e-02
-4.9382981421e-02   4.2380376009e-01   2.0004758170e-02
-8.3915771143e-02   4.2523248854e-01   1.4112620547e-02
-1.1808277964e-01   4.2397608317e-01   1.0339502770e-02
-1.5181013646e-01   4.2002357999e-01   7.9747816278e-03
-1.8497568959e-01   4.1337166771e-01   6.5055099100e-03
-2.1742406293e-01   4.0402800712e-01   5.5845590374e-03
-2.4897900041e-01   3.9201351767e-01   4.9899759084e-03
-2.7945272156e-01   3.7736384556e-01   4.5867869348e-03
-3.0865265866e-01   3.6013022406e-01   4.2963814883e-03
-3.3638618843e-01   3.4037989954e-01   4.0745231311e-03
-3.6246396930e-01   3.1819624964e-01   3.8968628376e-03
-3.8670237787e-01   2.9367867861e-01   3.7500595977e-03
-4.0892539401e-01   2.6694234239e-01   3.6266651354e-03
-4.2896615745e-01   2.3811773477e-01   3.5223294205e-03
-4.4666832586e-01   2.0735015288e-01   3.4343394104e-03
-4.6188730376e-01   1.7479905250e-01   3.3608793850e-03
-4.7449137526e-01   1.4063730032e-01   3.3006631004e-03
-4.8436275382e-01   1.0505032846e-01   3.2527505377e-03
-4.9139855175e-01   6.8235196000e-02   3.2164544057e-03
-4.9551166754e-01   3.0399562590e-02   3.1912904488e-03
-4.9663158670e-01   -8.2394207223e-03   3.1769500441e-03
-4.9470509116e-01   -4.7456297704e-02   3.1732852373e-03
-4.8969687228e-01   -8.7018564000e-02   3.1803017823e-03
-4.8159004275e-01   -1.2668798839e-01   3.1981582518e-03
-4.7038654295e-01   -1.6622199106e-01   3.2271704889e-03
-4.5610743811e-01   -2.0537507145e-01   3.2678213256e-03
-4.3879310320e-01   -2.4390027751e-01   3.3207759313e-03
-4.1850329285e-01   -2.8155070826e-01   3.3869035346e-03
-3.9531709491e-01   -3.1808104102e-01   3.4673066653e-03
-3.6933276637e-01   -3.5324907432e-01   3.5633595397e-03
-3.4066745188e-01   -3.8681727767e-01   3.6767578179e-03
-3.0945678537e-01   -4.1855433893e-01   3.8095827518e-03
-2.7585437696e-01   -4.4823670021e-01   3.9643838016e-03
-2.4003118768e-01   -4.7565007300e-01   4.1442852265e-03
-2.0217479645e-01   -5.0059092375e-01   4.3531241147e-03
-1.6248856458e-01   -5.2286792092e-01   4.5956300198e-03
-1.2119070508e-01   -5.4230333530e-01   4.8776601273e-03
-7.8513265660e-02   -5.5873438550e-01   5.2065091352e-03
-3.4701036917e-02   -5.7201452153e-01   5.5913204329e-03
9.9895999717e-03   -5.8201464006e-01   6.0436356361e-03
5.5291867704e-02   -5.8862422616e-01   6.5781344036e-03
1.0092980603e-01   -5.9175241815e-01   7.2136376281e-03
1.4661947310e-01   -5.9132899363e-01   7.9744772517e-03
1.9207009492e-01   -5.8730527832e-01   8.8923788375e-03
2.3698510909e-01   -5.7965498221e-01   1.0009063707e-02
2.8106303076e-01   -5.6837497320e-01   1.1379862434e-02
3.2399804205e-01   -5.5348600466e-01   1.3078748472e-02
3.6548017045e-01   -5.3503342330e-01   1.5205357044e-02
4.0519487234e-01   -5.1308789595e-01   1.7894753290e-02
4.4282177284e-01   -4.8774621201e-01   2.1330944190e-02
4.7803223190e-01   -4.5913224150e-01   2.5765345995e-02
5.1048531443e-01   -4.2739815972e-01   3.1541503161e-02
5.3982165944e-01   -3.9272608787e-01   3.9127037540e-02
5.6565472055e-01   -3.5533034278e-01   4.9152546081e-02
5.8755899709e-01   -3.1546052944e-01   6.2453968834e-02
6.0505540010e-01   -2.7340572627e-01   8.0108196607e-02
6.1759515980e-01   -2.2949996286e-01   1.0343918925e-01
6.2454620142e-01   -1.8412899280e-01   1.3395179729e-01
6.2519024815e-01   -1.3773789831e-01   1.7312445425e-01
6.1874511691e-01   -9.0838170584e-02   2.2197208827e-01
6.0443309873e-01   -4.4011485905e-02   2.8031036543e-01
5.8161765474e-01   2.0944069338e-03   3.4577059515e-01
5.5001689194e-01   4.6783694469e-02   4.1288290675e-01
5.0996300491e-01   8.9349810778e-02   4.7289957773e-01
4.6261617116e-01   1.2913279929e-01   5.1515247634e-01
4.0999677273e-01   1.6558820948e-01   5.3015113764e-01
3.5473380343e-01   1.9834879018e-01   5.1330294476e-01
2.9956385456e-01   2.2725671618e-01   4.6710541654e-01
2.4677340895e-01   2.5235299160e-01   4.0027846367e-01
1.9782055417e-01   2.7382845230e-01   3.2437466185e-01
1.5325763723e-01   2.9195579389e-01   2.4998019397e-01
1.1290799495e-01   3.0702517294e-01   1.8435294513e-01
7.6156329214e-02   3.1929817777e-01   1.3094913944e-01
4.2223871289e-02   3.2898402031e-01   9.0207662469e-02
1.0362600127e-02   3.3623407255e-01   6.0739505035e-02
-2.0040136850e-02   3.4114802929e-01   4.0368548819e-02
-4.9426017716e-02   3.4378552526e-01   2.6827424873e-02
-7.8072277019e-02   3.4417891801e-01   1.8127090646e-02
-1.0611837588e-01   3.4234484657e-01   1.2694930984e-02
-1.3359843123e-01   3.3829357330e-01   9.3771322777e-03
-1.6047156608e-01   3.3203596455e-01   7.3763296575e-03
-1.8664684063e-01   3.2358839087e-01   6.1690447384e-03
-2.1200208847e-01   3.1297598046e-01   5.4269755088e-03
-2.3639732468e-01   3.0023465922e-01   4.9525851497e-03
-2.5968389504e-01   2.8541234191e-01   4.6313707845e-03
-2.8171056474e-01   2.6856954859e-01   4.3990792029e-03
-3.0232755412e-01   2.4977963734e-01   4.2205736080e-03
-3.2138927242e-01   2.2912877791e-01   4.0769469534e-03
-3.3875626173e-01   2.0671574316e-01   3.9580447734e-03
-3.5429667561e-01   1.8265156394e-01   3.8583161098e-03
-3.6788748478e-01   1.5705907365e-01   3.7746006815e-03
-3.7941551642e-01   1.3007235763e-01   3.7049882595e-03
-3.8877838254e-01   1.0183611660e-01   3.6482465363e-03
-3.9588532330e-01   7.2504950281e-02   3.6035394137e-03
-4.0065797561e-01   4.2242566266e-02   3.5702893515e-03
-4.0303106943e-01   1.1220918702e-02   3.5481098974e-03
-4.0295305033e-01   -2.0380718642e-02   3.5367724314e-03
-4.0038662525e-01   -5.2376739964e-02   3.5361901532e-03
-3.9530922808e-01   -8.4576250487e-02   3.5464115285e-03
-3.8771340130e-01   -1.1678415937e-01   3.5676197459e-03
-3.7760709064e-01   -1.4880231651e-01   3.6001367641e-03
-3.6501384978e-01   -1.8043068702e-01   3.6444315113e-03
-3.4997295269e-01   -2.1146855668e-01   3.7011323098e-03
-3.3253941194e-01   -2.4171576161e-01   3.7710439364e-03
-3.1278390163e-01   -2.7097393494e-01   3.8551699968e-03
-2.9079258440e-01   -2.9904776343e-01   3.9547415775e-03
-2.6666684257e-01   -3.2574624635e-01   4.0712534547e-03
-2.4052291408e-01   -3.5088394937e-01   4.2065095379e-03
-2.1249143493e-01   -3.7428224575e-01   4.3626797194e-03
-1.8271689019e-01   -3.9577053748e-01   4.5423709310e-03
-1.5135697676e-01   -4.1518744890e-01   4.7487160158e-03
-1.1858188196e-01   -4.3238198555e-01   4.9854850648e-03
-8.4573482837e-02   -4.4721465129e-01   5.2572251984e-03
-4.9524472174e-02   -4.5955851699e-01   5.5694364919e-03
-1.3637418627e-02   -4.6930023456e-01   5.9287939329e-03
2.2876230626e-02   -4.7634099053e-01   6.3434280777e-03
5.9797194504e-02   -4.8059739418e-01   6.8232805556e-03
9.6899437998e-02   -4.8200229581e-01   7.3805548519e-03
1.3395127352e-01   -4.8050553187e-01   8.0302879153e-03
1.7071646717e-01   -4.7607459472e-01   8.7910739727e-03
2.0695533056e-01   -4.6869522620e-01   9.6859780824e-03
2.4242577601e-01   -4.5837193575e-01   1.0743682453e-02
2.7688430897e-01   -4.4512844589e-01   1.1999911433e-02
3.1008692895e-01   -4.2900806978e-01   1.3499177753e-02
3.4178990747e-01   -4.1007402847e-01   1.5296876791e-02
3.7175041151e-01   -3.8840971764e-01   1.7461717015e-02
3.9972694567e-01   -3.6411893640e-01   2.0078397318e-02
4.2547959897e-01   -3.3732609251e-01   2.3250302202e-02
4.4877010982e-01   -3.0817639873e-01   2.7101752479e-02
4.6936181328e-01   -2.7683607245e-01   3.1778986409e-02
4.8701961884e-01   -2.4349254277e-01   3.7448524426e-02
5.0151029819e-01   -2.0835465270e-01   4.4290892961e-02
5.1260354765e-01   -1.7165281535e-01   5.2486934684e-02
5.2007452692e-01   -1.3363903613e-01   6.2193359979e-02
5.2370883052e-01   -9.4586646698e-02   7.3504299083e-02
5.2331103711e-01   -5.4789510112e-02   8.6397209502e-02
5.1871794703e-01   -1.4560361651e-02   1.0066559417e-01
5.0981713152e-01   2.5772127382e-02   1.1584833169e-01
4.9657023532e-01   6.5867990208e-02   1.3117546602e-01
4.7903849774e-01   1.0538262666e-01   1.4555987056e-01
4.5740546875e-01   1.4397551268e-01   1.5766678203e-01
4.3198977743e-01   1.8132049759e-01   1.6608073967e-01
4.0324045518e-01   2.1711662898e-01   1.6955798245e-01
3.7171001735e-01   2.5109792082e-01   1.6730934979e-01
3.3800639063e-01   2.8304029137e-01   1.5922545819e-01
3.0273203301e-01   3.1276424129e-01   1.4595736391e-01
2.6642394523e-01   3.4013271208e-01   1.2881128886e-01
2.2950881242e-01   3.6504469392e-01   1.0948624811e-01
1.9228271500e-01   3.8742612522e-01   8.9741114588e-02
1.5491700445e-01   4.0722009425e-01   7.1093447441e-02
1.1748464182e-01   4.2437820928e-01   5.4624518998e-02
7.9997239972e-02   4.3885439836e-01   4.0915477993e-02
4.2442871249e-02   4.5060161997e-01   3.0095150190e-02
4.8173090709e-03   4.5957127989e-01   2.1955898423e-02
-3.2854955454e-02   4.6571471146e-01   1.6091154385e-02
-7.0510265978e-02   4.6898591366e-01   1.2019242711e-02
-1.0804405587e-01   4.6934479683e-01   9.2741299786e-03
-1.4531496737e-01   4.6676036715e-01   7.4583513087e-03
-1.8215201544e-01   4.6121349992e-01   6.2633784006e-03
-2.1836258705e-01   4.5269914730e-01   5.4674308113e-03
-2.5373988190e-01   4.4122796582e-01   4.9211565403e-03
-2.8806914392e-01   4.2682742836e-01   4.5294175733e-03
-3.2113256304e-01   4.0954251523e-01   4.2343109127e-03
-3.5271302142e-01   3.8943607691e-01   4.0017521499e-03
-3.8259696515e-01   3.6658894348e-01   3.8120213771e-03
-4.1057667389e-01   3.4109983480e-01   3.6536682416e-03
-4.3645214186e-01   3.1308510678e-01   3.5198565272e-03
-4.6003271435e-01   2.8267835578e-01   3.4062964357e-03
-4.8113856705e-01   2.5002989434e-01   3.3101259233e-03
-4.9960207504e-01   2.1530610666e-01   3.2293222184e-03
-5.1526909291e-01   1.7868868954e-01   3.1623945198e-03
-5.2800015361e-01   1.4037378375e-01   3.1082207750e-03
-5.3767158550e-01   1.0057100032e-01   3.0659574424e-03
-5.4417654399e-01   5.9502346846e-02   3.0349869545e-03
-5.4742595215e-01   1.7401059042e-02   3.0148858447e-03
-5.4734934459e-01   -2.5489656440e-02   3.0054053873e-03
-5.4389560845e-01   -6.8917961563e-02   3.0064608393e-03
-5.3703361626e-01   -1.1262480174e-01   3.0181274248e-03
-5.2675274517e-01   -1.5634538840e-01   3.0406422580e-03
-5.1306327844e-01   -1.9981074130e-01   3.0744120375e-03
-4.9599668491e-01   -2.4274928196e-01   3.1200268006e-03
-4.7560577360e-01   -2.8488846937e-01   3.1782804506e-03
-4.5196472093e-01   -3.2595646871e-01   3.2501992217e-03
-4.2516896903e-01   -3.6568384339e-01   3.3370797852e-03
-3.9533499456e-01   -4.0380526076e-01   3.4405393909e-03
-3.6259994850e-01   -4.4006120126e-01   3.5625813485e-03
-3.2712116824e-01   -4.7419966125e-01   3.7056803832e-03
-2.8907556479e-01   -5.0597783921e-01   3.8728941005e-03
-2.4865888911e-01   -5.3516379542e-01   4.0680091608e-03
-2.0608488318e-01   -5.6153807546e-01   4.2957341057e-03
-1.6158432316e-01   -5.8489528806e-01   4.5619555373e-03
-1.1540396466e-01   -6.0504562851e-01   4.8740811914e-03
-6.7805402370e-02   -6.2181633950e-01   5.2415033739e-03
-1.9063860732e-02   -6.3505310219e-01   5.6762307390e-03
3.0533063203e-02   -6.4462135202e-01   6.1937577802e-03
8.0686676217e-02   -6.5040751500e-01   6.8142731513e-03
1.3108844653e-01   -6.5232016355e-01   7.5643553457e-03
1.8142119018e-01   -6.5029109362e-01   8.4793753970e-03
2.3136011301e-01   -6.4427633059e-01   9.6069333154e-03
2.8057360462e-01   -6.3425707770e-01   1.1011816108e-02
3.2872363497e-01   -6.2024063134e-01   1.2783206940e-02
3.7546553668e-01   -6.0226130201e-01   1.5045234281e-02
4.2044685550e-01   -5.8038140099e-01   1.7972474576e-02
4.6330480341e-01   -5.5469238446e-01   2.1812764219e-02
5.0366163672e-01   -5.2531629265e-01   2.6920667144e-02
5.4111698716e-01   -4.9240768819e-01   3.3806121468e-02
5.7523579667e-01   -4.5615639197e-01   4.3203823403e-02
6.0553009030e-01   -4.1679144243e-01   5.6168818509e-02
6.3143253927e-01   -3.7458686295e-01   7.4200154961e-02
6.5226007317e-01   -3.2986998695e-01   9.9382137569e-02
6.6716771985e-01   -2.8303317955e-01   1.3450199349e-01
6.7509836142e-01   -2.3454960989e-01   1.8303889894e-01
6.7474631391e-01   -1.8499286569e-01   2.4880979081e-01
6.6457466411e-01   -1.3505799054e-01   3.3492236250e-01
6.4295604998e-01   -8.5577187214e-02   4.4165235312e-01
6.0852459383e-01   -3.7516921545e-02   5.6325639779e-01
5.6078250111e-01   8.0628602538e-03   6.8496379372e-01
5.0083540880e-01   5.0104699852e-02   7.8317916869e-01
4.3186423750e-01   8.7702073389e-02   8.3210464726e-01
3.5882875652e-01   1.2025996796e-01   8.1565874187e-01
2.8726298531e-01   1.4759759050e-01   7.3683630761e-01
2.2172308861e-01   1.6993843693e-01   6.1635916306e-01
1.6476545412e-01   1.8779363919e-01   4.8170765067e-01
1.1687988596e-01   2.0180018824e-01   3.5558152634e-01
7.7113014478e-02   2.1258177838e-01   2.5063951133e-01
4.3852018632e-02   2.2066611821e-01   1.7041065853e-01
1.5415814936e-02   2.2645648803e-01   1.1280047957e-01
-9.6302554638e-03   2.3023845890e-01   7.3366609521e-02
-3.2371219019e-02   2.3220258270e-01   4.7377385029e-02
-5.3556750744e-02   2.3247039153e-01   3.0770097805e-02
-7.3662941221e-02   2.3111746395e-01   2.0426801583e-02
-9.2962475610e-02   2.2819148448e-01   1.4119056205e-02
-1.1158607414e-01   2.2372533703e-01   1.0333557307e-02
-1.2957015583e-01   2.1774609468e-01   8.0832732325e-03
-1.4689123907e-01   2.1028092850e-01   6.7460499968e-03
-1.6348957574e-01   2.0136083993e-01   5.9414532121e-03
-1.7928481527e-01   1.9102292015e-01   5.4432119242e-03
-1.9418612184e-01   1.7931164257e-01   5.1201322725e-03
-2.0809860906e-01   1.6627953344e-01   4.8978882745e-03
-2.2092742279e-01   1.5198744549e-01   4.7352177625e-03
-2.3258037067e-01   1.3650457600e-01   4.6095863828e-03
-2.4296967688e-01   1.1990831516e-01   4.5088198671e-03
-2.5201321970e-01   1.0228397596e-01   4.4263601290e-03
-2.5963546407e-01   8.3724435231e-02   4.3586476127e-03
-2.6576821029e-01   6.4329703367e-02   4.3037124866e-03
-2.7035122526e-01   4.4206433216e-02   4.2604334744e-03
-2.7333279072e-01   2.3467374848e-02   4.2281558191e-03
-2.7467018512e-01   2.2307812153e-03   4.2064979632e-03
-2.7433010647e-01   -1.9380231186e-02   4.1952554657e-03
-2.7228903808e-01   -4.1238362810e-02   4.1943543296e-03
-2.6853355711e-01   -6.3212848873e-02   4.2038293259e-03
-2.6306058448e-01   -8.5170210500e-02   4.2238151333e-03
-2.5587757447e-01   -1.0697503505e-01   4.2545443532e-03
-2.4700264235e-01   -1.2849078126e-01   4.2963495822e-03
-2.3646462845e-01   -1.4958060467e-01   4.3496682628e-03
-2.2430309758e-01   -1.7010819851e-01   4.4150497915e-03
-2.1056827279e-01   -1.8993864532e-01   4.4931647332e-03
-1.9532090315e-01   -2.0893927411e-01   4.5848161861e-03
-1.7863206544e-01   -2.2698051801e-01   4.6909534379e-03
-1.6058290000e-01   -2.4393676726e-01   4.8126881207e-03
-1.4126428169e-01   -2.5968721225e-01   4.9513131008e-03
-1.2077642699e-01   -2.7411667138e-01   5.1083243615e-03
-9.9228439045e-02   -2.8711639858e-01   5.2854461255e-03
-7.6737792574e-02   -2.9858486529e-01   5.4846594354e-03
-5.3429761148e-02   -3.0842851191e-01   5.7082343263e-03
-2.9436789757e-02   -3.1656246381e-01   5.9587655896e-03
-4.8978158365e-03   -3.2291120704e-01   6.2392118875e-03
2.0042457654e-02   -3.2740921937e-01   6.5529376204e-03
4.5234333259e-02   -3.3000155218e-01   6.9037563943e-03
7.0523930101e-02   -3.3064435910e-01   7.2959741416e-03
9.5754030836e-02   -3.2930536774e-01   7.7344288080e-03
1.2076496032e-01   -3.2596429069e-01   8.2245219361e-03
1.4539549199e-01   -3.2061317278e-01   8.7722353386e-03
1.6948377842e-01   -3.1325667124e-01   9.3841232253e-03
1.9286830303e-01   -3.0391226622e-01   1.0067266542e-02
2.1538885106e-01   -2.9261039880e-01   1.0829171850e-02
2.3688749927e-01   -2.7939453392e-01   1.1677591920e-02
2.5720962540e-01   -2.6432114548e-01   1.2620239685e-02
2.7620494115e-01   -2.4745962088e-01   1.3664361986e-02
2.9372855426e-01   -2.2889208141e-01   1.4816136023e-02
3.0964206859e-01   -2.0871311473e-01   1.6079851606e-02
3.2381473300e-01   -1.8702941461e-01   1.7456849233e-02
3.3612465133e-01   -1.6395932207e-01   1.8944201619e-02
3.4646006501e-01   -1.3963226117e-01   2.0533158938e-02
3.5472071593e-01   -1.1418806169e-01   2.2207429765e-02
3.6081928805e-01   -8.7776160518e-02   2.3941442180e-02
3.6468291095e-01   -6.0554674308e-02   2.5698819606e-02
3.6625468606e-01   -3.2689337688e-02   2.7431402265e-02
3.6549516638e-01   -4.3523057604e-03   2.9079225475e-02
3.6238368731e-01   2.4279173855e-02   3.0571896707e-02
3.5691941369e-01   5.3024204615e-02   3.1831753614e-02
3.4912194628e-01   8.1699773681e-02   3.2778998684e-02
3.3903133048e-01   1.1012233398e-01   3.3338677924e-02
3.2670734020e-01   1.3810938408e-01   3.3448928880e-02
3.1222797832e-01   1.6548098574e-01   3.3069450661e-02
2.9568723737e-01   1.9206115760e-01   3.2188779615e-02
2.7719228563e-01   2.1767909006e-01   3.0828841505e-02
2.5686036028e-01   2.4217014405e-01   2.9045509591e-02
2.3481572694e-01   2.6537662061e-01   2.6924544823e-02
2.1118707924e-01   2.8714831806e-01   2.4573212689e-02
1.8610568847e-01   3.0734292072e-01   2.2108826541e-02
1.5970448097e-01   3.2582628379e-01   1.9646178539e-02
1.3211804918e-01   3.4247268727e-01   1.7286062007e-02
1.0348343283e-01   3.5716512651e-01   1.5106782742e-02
7.3941380898e-02   3.6979569010e-01   1.3159799584e-02
4.3637750528e-02   3.8026605072e-01   1.1469664552e-02
1.2724720763e-02   3.8848806867e-01   1.0037538044e-02
-1.8638417607e-02   3.9438448514e-01   8.8469687115e-03
-5.0285020758e-02   3.9788966743e-01   7.8704577007e-03
-8.2041410733e-02   3.9895036280e-01   7.0755360923e-03
-1.1372767993e-01   3.9752641917e-01   6.4295304976e-03
-1.4515885891e-01   3.9359143872e-01   5.9026965858e-03
-1.7614631525e-01   3.8713333973e-01   5.4698166956e-03
-2.0649926791e-01   3.7815481187e-01   5.1106084806e-03
-2.3602633227e-01   3.6667365771e-01   4.8093727295e-03
-2.6453704289e-01   3.5272301834e-01   4.5542653760e-03
-2.9184332733e-01   3.3635148445e-01   4.3364732587e-03
-3.1776092166e-01   3.1762309522e-01   4.1494581980e-03
-3.4211072781e-01   2.9661722796e-01   3.9883409667e-03
-3.6472011580e-01   2.7342838117e-01   3.8494364271e-03
-3.8542417397e-01   2.4816585365e-01   3.7299203322e-03
-4.0406690827e-01   2.2095332199e-01   3.6275980559e-03
-4.2050238945e-01   1.9192831896e-01   3.5407466193e-03
-4.3459584556e-01   1.6124161526e-01   3.4680070831e-03
-4.4622469530e-01   1.2905650790e-01   3.4083107776e-03
-4.5527951743e-01   9.5548018200e-02   3.3608282178e-03
-4.6166495066e-01   6.0902003611e-02   3.3249334955e-03
-4.6530051853e-01   2.5314187394e-02   3.3001795973e-03
-4.6612137375e-01   -1.1010888813e-02   3.2862818194e-03
-4.6407895675e-01   -4.7860984286e-02   3.2831075451e-03
-4.5914156350e-01   -8.5017344517e-02   3.2906713594e-03
-4.5129481806e-01   -1.2225594624e-01   3.3091349590e-03
-4.4054204581e-01   -1.5934879543e-01   3.3388116724e-03
-4.2690454390e-01   -1.9606527121e-01   3.3801756978e-03
-4.1042174597e-01   -2.3217350805e-01   3.4338764464e-03
-3.9115127883e-01   -2.6744180856e-01   3.5007586619e-03
-3.6916890962e-01   -3.0164007869e-01   3.5818893171e-03
-3.4456838250e-01   -3.3454127705e-01   3.6785926853e-03
-3.1746114487e-01   -3.6592286993e-01   3.7924954820e-03
-2.8797596385e-01   -3.9556828322e-01   3.9255846191e-03
-2.5625843473e-01   -4.2326834284e-01   4.0802809603e-03
-2.2247038409e-01   -4.4882269498e-01   4.2595336036e-03
-1.8678917124e-01   -4.7204119754e-01   4.4669407301e-03
-1.4940689297e-01   -4.9274527476e-01   4.7069051265e-03
-1.1052949804e-01   -5.1076922680e-01   4.9848352898e-03
-7.0375819063e-02   -5.2596148698e-01   5.3074068686e-03
-2.9176531984e-02   -5.3818581951e-01   5.6829044713e-03
1.2826945009e-02   -5.4732245169e-01   6.1216711399e-03
5.5383597753e-02   -5.5326913530e-01   6.6367028057e-03
9.8233988727e-02   -5.5594213313e-01   7.2444388380e-03
1.4111143212e-01   -5.5527712841e-01   7.9658187249e-03
1.8374314093e-01   -5.5123005687e-01   8.8277007173e-03
2.2585130693e-01   -5.4377786378e-01   9.8647729838e-03
2.6715406285e-01   -5.3291919210e-01   1.1122133644e-02
3.0736626061e-01   -5.1867501240e-01   1.2658774608e-02
3.4619997961e-01   -5.0108921126e-01   1.4552275083e-02
3.8336465354e-01   -4.8022916316e-01   1.6905088365e-02
4.1856667397e-01   -4.5618632083e-01   1.9852873437e-02
4.5150829527e-01   -4.2907687236e-01   2.3575341871e-02
4.8188563656e-01   -3.9904252913e-01   2.8309980238e-02
5.0938556609e-01   -3.6625152612e-01   3.4368617238e-02
5.3368129544e-01   -3.3089993346e-01   4.2155869392e-02
5.5442666030e-01   -2.9321338825e-01   5.2186602398e-02
5.7124941928e-01   -2.5344934699e-01   6.5096113429e-02
5.8374460286e-01   -2.1189990973e-01   8.1631177990e-02
5.9147016442e-01   -1.6889514258e-01   1.0260227838e-01
5.9394905311e-01   -1.2480657753e-01   1.2876870655e-01
5.9068422618e-01   -8.0050146412e-02   1.6062392834e-01
5.8119530234e-01   -3.5087188961e-02   1.9805975664e-01
5.6508566651e-01   9.5785593754e-03   2.3993147717e-01
5.4214372518e-01   5.3410667050e-02   2.8363537106e-01
5.1246846823e-01   9.5858923408e-02   3.2492882337e-01
4.7658790390e-01   1.3638845467e-01   3.5829252391e-01
4.3551838439e-01   1.7451669154e-01   3.7802053093e-01
3.9071165569e-01   2.0985146624e-01   3.7985315053e-01
3.4387028517e-01   2.4212030606e-01   3.6250399687e-01
2.9667309382e-01   2.7118162268e-01   3.2827607124e-01
2.5050299709e-01   2.9701384694e-01   2.8237989205e-01
2.0627122083e-01   3.1968623064e-01   2.3130633700e-01
1.6438198321e-01   3.3932078763e-01   1.8107470308e-01
1.2481772693e-01   3.5605589220e-01   1.3605928435e-01
8.7286941091e-02   3.7001890453e-01   9.8623386165e-02
5.1375904847e-02   3.8131049662e-01   6.9376746947e-02
1.6667580899e-02   3.8999955403e-01   4.7724122544e-02
-1.7184412772e-02   3.9612561468e-01   3.2432829126e-02
-5.0422254776e-02   3.9970552481e-01   2.2075751672e-02
-8.3179272401e-02   4.0074162508e-01   1.5312245138e-02
-1.1549213587e-01   3.9922969730e-01   1.1027670906e-02
-1.4732034989e-01   3.9516573648e-01   8.3729463123e-03
-1.7856676154e-01   3.8855122254e-01   6.7451409803e-03
-2.0909567854e-01   3.7939693816e-01   5.7411181159e-03
-2.3874727856e-01   3.6772556104e-01   5.1053237448e-03
-2.6734827357e-01   3.5357331100e-01   4.6832924596e-03
-2.9471942927e-01   3.3699091113e-01   4.3854758846e-03
-3.2068073413e-01   3.1804406908e-01   4.1617147006e-03
-3.4505495770e-01   2.9681362617e-01   3.9845823651e-03
-3.6767017760e-01   2.7339547217e-01   3.8392198837e-03
-3.8836167913e-01   2.4790028638e-01   3.7174831496e-03
-4.0697348398e-01   2.2045314075e-01   3.6147401555e-03
-4.2335965810e-01   1.9119298564e-01   3.5281923006e-03
-4.3738547976e-01   1.6027203026e-01   3.4560239782e-03
-4.4892850740e-01   1.2785502546e-01   3.3969812254e-03
-4.5787956425e-01   9.4118454275e-02   3.3501643115e-03
-4.6414364446e-01   5.9249635270e-02   3.3149243542e-03
-4.6764073999e-01   2.3445743422e-02   3.2908102611e-03
-4.6830658489e-01   -1.3087246395e-02   3.2775406793e-03
-4.6609331236e-01   -5.0135687842e-02   3.2749893434e-03
-4.6097002026e-01   -8.7479457549e-02   3.2831786127e-03
-4.5292324048e-01   -1.2489320919e-01   3.3022789467e-03
-4.4195730835e-01   -1.6214768045e-01   3.3326134563e-03
-4.2809462856e-01   -1.9901104558e-01   3.3746673886e-03
-4.1137583463e-01   -2.3525030620e-01   3.4291028475e-03
-3.9185983987e-01   -2.7063271219e-01   3.4967794101e-03
-3.6962377810e-01   -3.0492720478e-01   3.5787816582e-03
-3.4476283344e-01   -3.3790587332e-01   3.6764550610e-03
-3.1738995908e-01   -3.6934541722e-01   3.7914521640e-03
-2.8763548596e-01   -3.9902860445e-01   3.9257917038e-03
-2.5564662293e-01   -4.2674571790e-01   4.0819341523e-03
-2.2158685141e-01   -4.5229598100e-01   4.2628783630e-03
-1.8563521815e-01   -4.7548895404e-01   4.4722855768e-03
-1.4798553121e-01   -4.9614589289e-01   4.7146391855e-03
-1.0884546574e-01   -5.1410106226e-01   4.9954515837e-03
-6.8435587570e-02   -5.2920299583e-01   5.3215334504e-03
-2.6988304693e-02   -5.4131569637e-01   5.7013463328e-03
1.5253240816e-02   -5.5031976973e-01   6.1454670318e-03
5.8036324869e-02   -5.5611348756e-01   6.6672028317e-03
1.0109981794e-01   -5.5861377479e-01   7.2834111639e-03
1.4417536143e-01   -5.5775711986e-01   8.0155973242e-03
1.8698851229e-01   -5.5350040751e-01   8.8913912193e-03
2.2925981511e-01   -5.4582167712e-01   9.9465410787e-03
2.7070574892e-01   -5.3472081293e-01   1.1227611011e-02
3.1103947908e-01   -5.2022017778e-01   1.2795632114e-02
3.4997132408e-01   -5.0236520799e-01   1.4731033323e-02
3.8720881934e-01   -4.8122499589e-01   1.7140262662e-02
4.2245622775e-01   -4.5689289706e-01   2.0164584339e-02
4.5541331050e-01   -4.2948721352e-01   2.3991560472e-02
4.8577313997e-01   -3.9915202070e-01   2.8869611459e-02
5.1321872503e-01   -3.6605822499e-01   3.5125631543e-02
5.3741826288e-01   -3.3040495711e-01   4.3184628244e-02
5.5801899272e-01   -2.9242141733e-01   5.3588298268e-02
5.7464000952e-01   -2.5236927940e-01   6.7005716708e-02
5.8686515706e-01   -2.1054570649e-01   8.4223246112e-02
5.9423844729e-01   -1.6728689752e-01   1.0609222979e-01
5.9626648588e-01   -1.2297181241e-01   1.3340368912e-01
5.9243498144e-01   -7.8025266749e-02   1.6665488147e-01
5.8224873233e-01   -3.2918917378e-02   2.0568573771e-01
5.6530442163e-01   1.1832126241e-02   2.4921273350e-01
5.4139961796e-01   5.5679919797e-02   2.9438749092e-01
5.1066614954e-01   9.8064166922e-02   3.3663637914e-01
4.7369236935e-01   1.3844341693e-01   3.7010358484e-01
4.3157751923e-01   1.7633413124e-01   3.8887535289e-01
3.8586290510e-01   2.1135008867e-01   3.8874016773e-01
3.3832464681e-01   2.4323143909e-01   3.6874772735e-01
2.9067949972e-01   2.7185390857e-01   3.3171720864e-01
2.4430574763e-01   2.9721482526e-01   2.8336122976e-01
2.0007554898e-01   3.1940082335e-01   2.3049278136e-01
1.5833691367e-01   3.3854769591e-01   1.7921674724e-01
1.1901635861e-01   3.5480329576e-01   1.3380546132e-01
8.1778077925e-02   3.6830061117e-01   9.6428087259e-02
4.6179647181e-02   3.7914314775e-01   6.7492907297e-02
1.1789494179e-02   3.8740098477e-01   4.6244932684e-02
-2.1743071897e-02   3.9311415800e-01   3.1348440269e-02
-5.4658573015e-02   3.9629994023e-01   2.1323901627e-02
-8.7086136009e-02   3.9696135462e-01   1.4814321086e-02
-1.1905793305e-01   3.9509522997e-01   1.0709795788e-02
-1.5052986734e-01   3.9069894904e-01   8.1753988042e-03
-1.8140252209e-01   3.8377563377e-01   6.6242879116e-03
-2.1153927336e-01   3.7433785985e-01   5.6674510884e-03
-2.4078048659e-01   3.6241015399e-01   5.0600964921e-03
-2.6895391404e-01   3.4803056412e-01   4.6551873960e-03
-2.9588197293e-01   3.3125156283e-01   4.3679241480e-03
-3.2138672794e-01   3.1214048696e-01   4.1509997127e-03
-3.4529331792e-01   2.9077965682e-01   3.9786172425e-03
-3.6743239509e-01   2.6726626924e-01   3.8368153573e-03
-3.8764196674e-01   2.4171212214e-01   3.7179347259e-03
-4.0576888452e-01   2.1424320473e-01   3.6176061160e-03
-4.2167012338e-01   1.8499917276e-01   3.5331782863e-03
-4.3521392616e-01   1.5413272038e-01   3.4629239659e-03
-4.4628085053e-01   1.2180885582e-01   3.4056471677e-03
-4.5476473382e-01   8.8204086501e-02   3.3604900212e-03
-4.6057357982e-01   5.3505518221e-02   3.3268364808e-03
-4.6363036650e-01   1.7909873440e-02   3.3042629250e-03
-4.6387377110e-01   -1.8377566412e-02   3.2925121417e-03
-4.6387377110e-01   -1.8377566412e-02   3.2925121417e-03
