X    Y
0.0000000000e+00   0.0000000000e+00
2.7397260274e-02   8.5652995113e-12
5.4794520548e-02   1.5107665119e-11
8.2191780822e-02   1.9789225814e-11
1.0958904110e-01   2.2796174670e-11
1.3698630137e-01   2.4333944582e-11
1.6438356164e-01   2.4623317274e-11
1.9178082192e-01   2.3909541014e-11
2.1917808219e-01   2.2525384336e-11
2.4657534247e-01   2.1124130223e-11
2.7397260274e-01   2.1353613322e-11
3.0136986301e-01   2.7523316959e-11
3.2876712329e-01   5.0263793128e-11
3.5616438356e-01   1.1382383924e-10
3.8356164384e-01   2.6950530696e-10
4.1095890411e-01   6.1877988844e-10
4.3835616438e-01   1.3508157370e-09
4.6575342466e-01   2.8003830088e-09
4.9315068493e-01   5.5332987081e-09
5.2054794521e-01   1.0467588990e-08
5.4794520548e-01   1.9039264137e-08
5.7534246575e-01   3.3421895501e-08
6.0273972603e-01   5.6808954790e-08
6.3013698630e-01   9.3767049014e-08
6.5753424658e-01   1.5066672326e-07
6.8493150685e-01   2.3619540823e-07
7.1232876712e-01   3.6195440134e-07
7.3972602740e-01   5.4313856768e-07
7.6712328767e-01   7.9929383978e-07
7.9452054795e-01   1.1551437188e-06
8.2191780822e-01   1.6414719858e-06
8.4931506849e-01   2.2960448838e-06
8.7671232877e-01   3.1645522875e-06
9.0410958904e-01   4.3015440017e-06
9.3150684932e-01   5.7713344490e-06
9.5890410959e-01   7.6488467633e-06
9.8630136986e-01   1.0020365782e-05
1.0136986301e+00   1.2984168719e-05
1.0410958904e+00   1.6651002429e-05
1.0684931507e+00   2.1144377201e-05
1.0958904110e+00   2.6600648891e-05
1.1232876712e+00   3.3168863950e-05
1.1506849315e+00   4.1010345431e-05
1.1780821918e+00   5.0298002304e-05
1.2054794521e+00   6.1215349326e-05
1.2328767123e+00   7.3955230138e-05
1.2602739726e+00   8.8718242104e-05
1.2876712329e+00   1.0571086760e-04
1.3150684932e+00   1.2514332277e-04
1.3424657534e+00   1.4722714114e-04
1.3698630137e+00   1.7217251572e-04
1.3972602740e+00   2.0018542938e-04
1.4246575342e+00   2.3146460878e-04
1.4520547945e+00   2.6619834252e-04
1.4794520548e+00   3.0456120854e-04
1.5068493151e+00   3.4671076000e-04
1.5342465753e+00   3.9278422153e-04
1.5616438356e+00   4.4289525032e-04
1.5890410959e+00   4.9713081747e-04
1.6164383562e+00   5.5554826540e-04
1.6438356164e+00   6.1817259623e-04
1.6712328767e+00   6.8499404437e-04
1.6986301370e+00   7.5596598334e-04
1.7260273973e+00   8.3100321345e-04
1.7534246575e+00   9.0998067159e-04
1.7808219178e+00   9.9273259913e-04
1.8082191781e+00   1.0790521970e-03
1.8356164384e+00   1.1686917902e-03
1.8630136986e+00   1.2613635154e-03
1.8904109589e+00   1.3567405384e-03
1.9178082192e+00   1.4544587983e-03
1.9452054795e+00   1.5541192660e-03
1.9726027397e+00   1.6552906994e-03
2.0000000000e+00   1.7575128644e-03
2.0273972603e+00   1.8603001852e-03
2.0547945205e+00   1.9631457806e-03
2.0821917808e+00   2.0655258335e-03
2.1095890411e+00   2.1669042350e-03
2.1369863014e+00   2.2667374428e-03
2.1643835616e+00   2.3644794821e-03
2.1917808219e+00   2.4595870222e-03
2.2191780822e+00   2.5515244534e-03
2.2465753425e+00   2.6397688922e-03
2.2739726027e+00   2.7238150420e-03
2.3013698630e+00   2.8031798379e-03
2.3287671233e+00   2.8774068085e-03
2.3561643836e+00   2.9460700922e-03
2.3835616438e+00   3.0087780492e-03
2.4109589041e+00   3.0651764201e-03
2.4383561644e+00   3.1149509869e-03
2.4657534247e+00   3.1578297037e-03
2.4931506849e+00   3.1935842694e-03
2.5205479452e+00   3.2220311288e-03
2.5479452055e+00   3.2430318967e-03
2.5753424658e+00   3.2564932071e-03
2.6027397260e+00   3.2623660052e-03
2.6301369863e+00   3.2606443034e-03
2.6575342466e+00   3.2513634370e-03
2.6849315068e+00   3.2345978594e-03
2.7123287671e+00   3.2104585275e-03
2.7397260274e+00   3.1790899325e-03
2.7671232877e+00   3.1406668382e-03
2.7945205479e+00   3.0953907910e-03
2.8219178082e+00   3.0434864710e-03
2.8493150685e+00   2.9851979530e-03
2.8767123288e+00   2.9207849457e-03
2.9041095890e+00   2.8505190782e-03
2.9315068493e+00   2.7746802963e-03
2.9589041096e+00   2.6935534287e-03
2.9863013699e+00   2.6074249775e-03
3.0136986301e+00   2.5165801781e-03
3.0410958904e+00   2.4213003690e-03
3.0684931507e+00   2.3218607000e-03
3.0958904110e+00   2.2185281999e-03
3.1232876712e+00   2.1115602149e-03
3.1506849315e+00   2.0012032192e-03
3.1780821918e+00   1.8876919882e-03
3.2054794521e+00   1.7712491197e-03
3.2328767123e+00   1.6520848757e-03
3.2602739726e+00   1.5303973137e-03
3.2876712329e+00   1.4063726701e-03
3.3150684932e+00   1.2801859527e-03
3.3424657534e+00   1.1520016987e-03
3.3698630137e+00   1.0219748546e-03
3.3972602740e+00   8.9025173495e-04
3.4246575342e+00   7.5697102384e-04
3.4520547945e+00   6.2226478676e-04
3.4794520548e+00   4.8625947393e-04
3.5068493151e+00   3.4907690522e-04
3.5342465753e+00   2.1083524333e-04
3.5616438356e+00   7.1649978313e-05
3.5890410959e+00   6.8365033511e-05
3.6164383562e+00   2.0909641171e-04
3.6438356164e+00   3.5042988660e-04
3.6712328767e+00   4.9224861311e-04
3.6986301370e+00   6.3443102342e-04
3.7260273973e+00   7.7684805020e-04
3.7534246575e+00   9.1935952427e-04
3.7808219178e+00   1.0618095219e-03
3.8082191781e+00   1.2040204089e-03
3.8356164384e+00   1.3457853025e-03
3.8630136986e+00   1.4868586436e-03
3.8904109589e+00   1.6269445528e-03
3.9178082192e+00   1.7656826184e-03
3.9452054795e+00   1.9026307509e-03
3.9726027397e+00   2.0372447241e-03
4.0000000000e+00   2.1688540169e-03
4.0273972603e+00   2.2966335695e-03
4.0547945205e+00   2.4195710761e-03
4.0821917808e+00   2.5364294539e-03
4.1095890411e+00   2.6457041601e-03
4.1369863014e+00   2.7455750701e-03
4.1643835616e+00   2.8338526963e-03
4.1917808219e+00   2.9079186068e-03
4.2191780822e+00   2.9646600151e-03
4.2465753425e+00   3.0003986467e-03
4.2739726027e+00   3.0108141673e-03
4.3013698630e+00   2.9908626713e-03
4.3287671233e+00   2.9346909980e-03
4.3561643836e+00   2.8355479658e-03
4.3835616438e+00   2.6856940071e-03
4.4109589041e+00   2.4763111469e-03
4.4383561644e+00   2.1974158155e-03
4.4657534247e+00   1.8377776147e-03
4.4931506849e+00   1.3848478734e-03
4.5205479452e+00   8.2470262788e-04
4.5479452055e+00   1.4200553542e-04
4.5753424658e+00   6.8000285604e-04
4.6027397260e+00   1.6594821275e-03
4.6301369863e+00   2.8159270651e-03
4.6575342466e+00   4.1700518058e-03
4.6849315068e+00   5.7436135404e-03
4.7123287671e+00   7.5591661088e-03
4.7397260274e+00   9.6397341863e-03
4.7671232877e+00   1.2008399842e-02
4.7945205479e+00   1.4687795232e-02
4.8219178082e+00   1.7699498278e-02
4.8493150685e+00   2.1063332503e-02
4.8767123288e+00   2.4796577906e-02
4.9041095890e+00   2.8913106745e-02
4.9315068493e+00   3.3422466270e-02
4.9589041096e+00   3.8328939357e-02
4.9863013699e+00   4.3630623072e-02
5.0136986301e+00   4.9318573532e-02
5.0410958904e+00   5.5376071962e-02
5.0684931507e+00   6.1778070469e-02
5.0958904110e+00   6.8490875423e-02
5.1232876712e+00   7.5472120686e-02
5.1506849315e+00   8.2671071554e-02
5.1780821918e+00   9.0029283380e-02
5.2054794521e+00   9.7481617203e-02
5.2328767123e+00   1.0495758999e-01
5.2602739726e+00   1.1238301159e-01
5.2876712329e+00   1.1968183713e-01
5.3150684932e+00   1.2677814454e-01
5.3424657534e+00   1.3359813554e-01
5.3698630137e+00   1.4007205515e-01
5.3972602740e+00   1.4613593086e-01
5.4246575342e+00   1.5173304686e-01
5.4520547945e+00   1.5681509000e-01
5.4794520548e+00   1.6134292860e-01
5.5068493151e+00   1.6528701204e-01
5.5342465753e+00   1.6862740338e-01
5.5616438356e+00   1.7135347867e-01
5.5890410959e+00   1.7346334222e-01
5.6164383562e+00   1.7496301741e-01
5.6438356164e+00   1.7586547655e-01
5.6712328767e+00   1.7618957283e-01
5.6986301370e+00   1.7595893191e-01
5.7260273973e+00   1.7520085362e-01
5.7534246575e+00   1.7394526416e-01
5.7808219178e+00   1.7222375000e-01
5.8082191781e+00   1.7006869439e-01
5.8356164384e+00   1.6751252937e-01
5.8630136986e+00   1.6458710820e-01
5.8904109589e+00   1.6132319750e-01
5.9178082192e+00   1.5775008368e-01
5.9452054795e+00   1.5389528499e-01
5.9726027397e+00   1.4978435854e-01
6.0000000000e+00   1.4544079027e-01
6.0273972603e+00   1.4088595582e-01
6.0547945205e+00   1.3613914010e-01
6.0821917808e+00   1.3121760414e-01
6.1095890411e+00   1.2613668870e-01
6.1369863014e+00   1.2090994501e-01
6.1643835616e+00   1.1554928426e-01
6.1917808219e+00   1.1006513854e-01
6.2191780822e+00   1.0446662703e-01
6.2465753425e+00   9.8761722282e-02
6.2739726027e+00   9.2957412462e-02
6.3013698630e+00   8.7059856278e-02
6.3287671233e+00   8.1074528095e-02
6.3561643836e+00   7.5006351477e-02
6.3835616438e+00   6.8859820007e-02
6.4109589041e+00   6.2639104750e-02
6.4383561644e+00   5.6348148186e-02
6.4657534247e+00   4.9990744794e-02
6.4931506849e+00   4.3570608794e-02
6.5205479452e+00   3.7091429773e-02
6.5479452055e+00   3.0556917117e-02
6.5753424658e+00   2.3970834302e-02
6.6027397260e+00   1.7337024188e-02
6.6301369863e+00   1.0659426503e-02
6.6575342466e+00   3.9420887448e-03
6.6849315068e+00   2.8108283114e-03
6.7123287671e+00   9.5950493159e-03
6.7397260274e+00   1.6406186156e-02
6.7671232877e+00   2.3239741826e-02
6.7945205479e+00   3.0091115406e-02
6.8219178082e+00   3.6955607289e-02
6.8493150685e+00   4.3828423908e-02
6.8767123288e+00   5.0704681331e-02
6.9041095890e+00   5.7579407207e-02
6.9315068493e+00   6.4447540668e-02
6.9589041096e+00   7.1303929926e-02
6.9863013699e+00   7.8143327418e-02
7.0136986301e+00   8.4960382466e-02
7.0410958904e+00   9.1749631561e-02
7.0684931507e+00   9.8505486460e-02
7.0958904110e+00   1.0522222042e-01
7.1232876712e+00   1.1189395295e-01
7.1506849315e+00   1.1851463360e-01
7.1780821918e+00   1.2507802528e-01
7.2054794521e+00   1.3157768783e-01
7.2328767123e+00   1.3800696238e-01
7.2602739726e+00   1.4435895731e-01
7.2876712329e+00   1.5062653636e-01
7.3150684932e+00   1.5680230976e-01
7.3424657534e+00   1.6287862893e-01
7.3698630137e+00   1.6884758544e-01
7.3972602740e+00   1.7470101478e-01
7.4246575342e+00   1.8043050551e-01
7.4520547945e+00   1.8602741417e-01
7.4794520548e+00   1.9148288633e-01
7.5068493151e+00   1.9678788400e-01
7.5342465753e+00   2.0193321944e-01
7.5616438356e+00   2.0690959555e-01
7.5890410959e+00   2.1170765242e-01
7.6164383562e+00   2.1631802006e-01
7.6438356164e+00   2.2073137670e-01
7.6712328767e+00   2.2493851219e-01
7.6986301370e+00   2.2893039588e-01
7.7260273973e+00   2.3269824815e-01
7.7534246575e+00   2.3623361471e-01
7.7808219178e+00   2.3952844274e-01
7.8082191781e+00   2.4257515775e-01
7.8356164384e+00   2.4536674006e-01
7.8630136986e+00   2.4789679978e-01
7.8904109589e+00   2.5015964898e-01
7.9178082192e+00   2.5215036999e-01
7.9452054795e+00   2.5386487855e-01
7.9726027397e+00   2.5529998071e-01
8.0000000000e+00   2.5645342239e-01
8.0273972603e+00   2.5732393057e-01
8.0547945205e+00   2.5791124530e-01
8.0821917808e+00   2.5821614163e-01
8.1095890411e+00   2.5824044087e-01
8.1369863014e+00   2.5798701075e-01
8.1643835616e+00   2.5745975405e-01
8.1917808219e+00   2.5666358562e-01
8.2191780822e+00   2.5560439781e-01
8.2465753425e+00   2.5428901449e-01
8.2739726027e+00   2.5272513412e-01
8.3013698630e+00   2.5092126241e-01
8.3287671233e+00   2.4888663534e-01
8.3561643836e+00   2.4663113354e-01
8.3835616438e+00   2.4416518891e-01
8.4109589041e+00   2.4149968503e-01
8.4383561644e+00   2.3864585232e-01
8.4657534247e+00   2.3561515973e-01
8.4931506849e+00   2.3241920420e-01
8.5205479452e+00   2.2906959966e-01
8.5479452055e+00   2.2557786702e-01
8.5753424658e+00   2.2195532673e-01
8.6027397260e+00   2.1821299560e-01
8.6301369863e+00   2.1436148916e-01
8.6575342466e+00   2.1041093114e-01
8.6849315068e+00   2.0637087122e-01
8.7123287671e+00   2.0225021230e-01
8.7397260274e+00   1.9805714823e-01
8.7671232877e+00   1.9379911286e-01
8.7945205479e+00   1.8948274101e-01
8.8219178082e+00   1.8511384175e-01
8.8493150685e+00   1.8069738432e-01
8.8767123288e+00   1.7623749654e-01
8.9041095890e+00   1.7173747561e-01
8.9315068493e+00   1.6719981080e-01
8.9589041096e+00   1.6262621745e-01
8.9863013699e+00   1.5801768138e-01
9.0136986301e+00   1.5337451278e-01
9.0410958904e+00   1.4869640843e-01
9.0684931507e+00   1.4398252087e-01
9.0958904110e+00   1.3923153325e-01
9.1232876712e+00   1.3444173831e-01
9.1506849315e+00   1.2961112001e-01
9.1780821918e+00   1.2473743628e-01
9.2054794521e+00   1.1981830138e-01
9.2328767123e+00   1.1485126641e-01
9.2602739726e+00   1.0983389661e-01
9.2876712329e+00   1.0476384413e-01
9.3150684932e+00   9.9638915308e-02
9.3424657534e+00   9.4457131244e-02
9.3698630137e+00   8.9216781195e-02
9.3972602740e+00   8.3916468025e-02
9.4246575342e+00   7.8555145467e-02
9.4520547945e+00   7.3132147084e-02
9.4794520548e+00   6.7647207053e-02
9.5068493151e+00   6.2100473136e-02
9.5342465753e+00   5.6492512434e-02
9.5616438356e+00   5.0824310733e-02
9.5890410959e+00   4.5097266433e-02
9.6164383562e+00   3.9313180244e-02
9.6438356164e+00   3.3474241960e-02
9.6712328767e+00   2.7583015755e-02
9.6986301370e+00   2.1642425501e-02
9.7260273973e+00   1.5655741651e-02
9.7534246575e+00   9.6265712416e-03
9.7808219178e+00   3.5588524901e-03
9.8082191781e+00   2.5431446010e-03
9.8356164384e+00   8.6748103776e-03
9.8630136986e+00   1.4831179321e-02
9.8904109589e+00   2.1006904630e-02
9.9178082192e+00   2.7196222991e-02
9.9452054795e+00   3.3392909237e-02
9.9726027397e+00   3.9590220891e-02
1.0000000000e+01   4.5780832957e-02
1.0027397260e+01   5.1956763670e-02
1.0054794521e+01   5.8109292264e-02
1.0082191781e+01   6.4228870218e-02
1.0109589041e+01   7.0305027751e-02
1.0136986301e+01   7.6326277697e-02
1.0164383562e+01   8.2280019186e-02
1.0191780822e+01   8.8152443822e-02
1.0219178082e+01   9.3928447256e-02
1.0246575342e+01   9.9591549208e-02
1.0273972603e+01   1.0512382509e-01
1.0301369863e+01   1.1050585234e-01
1.0328767123e+01   1.1571667461e-01
1.0356164384e+01   1.2073378657e-01
1.0383561644e+01   1.2553314207e-01
1.0410958904e+01   1.3008918781e-01
1.0438356164e+01   1.3437492431e-01
1.0465753425e+01   1.3836199537e-01
1.0493150685e+01   1.4202080640e-01
1.0520547945e+01   1.4532067154e-01
1.0547945205e+01   1.4822998822e-01
1.0575342466e+01   1.5071643732e-01
1.0602739726e+01   1.5274720584e-01
1.0630136986e+01   1.5428922829e-01
1.0657534247e+01   1.5530944215e-01
1.0684931507e+01   1.5577505176e-01
1.0712328767e+01   1.5565379466e-01
1.0739726027e+01   1.5491420396e-01
1.0767123288e+01   1.5352586017e-01
1.0794520548e+01   1.5145962639e-01
1.0821917808e+01   1.4868786122e-01
1.0849315068e+01   1.4518460532e-01
1.0876712329e+01   1.4092573896e-01
1.0904109589e+01   1.3588911020e-01
1.0931506849e+01   1.3005463599e-01
1.0958904110e+01   1.2340438136e-01
1.0986301370e+01   1.1592262493e-01
1.1013698630e+01   1.0759592195e-01
1.1041095890e+01   9.8413178359e-02
1.1068493151e+01   8.8365751604e-02
1.1095890411e+01   7.7447593939e-02
1.1123287671e+01   6.5655453759e-02
1.1150684932e+01   5.2989147767e-02
1.1178082192e+01   3.9451912802e-02
1.1205479452e+01   2.5050840388e-02
1.1232876712e+01   9.7973899439e-03
1.1260273973e+01   6.2920313215e-03
1.1287671233e+01   2.3195441957e-02
1.1315068493e+01   4.0884640940e-02
1.1342465753e+01   5.9324577330e-02
1.1369863014e+01   7.8472772821e-02
1.1397260274e+01   9.8278836605e-02
1.1424657534e+01   1.1868411047e-01
1.1452054795e+01   1.3962147771e-01
1.1479452055e+01   1.6101536262e-01
1.1506849315e+01   1.8278193833e-01
1.1534246575e+01   2.0482955076e-01
1.1561643836e+01   2.2705935610e-01
1.1589041096e+01   2.4936615904e-01
1.1616438356e+01   2.7163943035e-01
1.1643835616e+01   2.9376447519e-01
1.1671232877e+01   3.1562371834e-01
1.1698630137e+01   3.3709806975e-01
1.1726027397e+01   3.5806833254e-01
1.1753424658e+01   3.7841661660e-01
1.1780821918e+01   3.9802772326e-01
1.1808219178e+01   4.1679046961e-01
1.1835616438e+01   4.3459892568e-01
1.1863013699e+01   4.5135354178e-01
1.1890410959e+01   4.6696214844e-01
1.1917808219e+01   4.8134081554e-01
1.1945205479e+01   4.9441456198e-01
1.1972602740e+01   5.0611791098e-01
1.2000000000e+01   5.1639528981e-01
1.2027397260e+01   5.2520127566e-01
1.2054794521e+01   5.3250069255e-01
1.2082191781e+01   5.3826856580e-01
1.2109589041e+01   5.4248994326e-01
1.2136986301e+01   5.4515959333e-01
1.2164383562e+01   5.4628159182e-01
1.2191780822e+01   5.4586880992e-01
1.2219178082e+01   5.4394231700e-01
1.2246575342e+01   5.4053071188e-01
1.2273972603e+01   5.3566939690e-01
1.2301369863e+01   5.2939980889e-01
1.2328767123e+01   5.2176862125e-01
1.2356164384e+01   5.1282693089e-01
1.2383561644e+01   5.0262944343e-01
1.2410958904e+01   4.9123366936e-01
1.2438356164e+01   4.7869914299e-01
1.2465753425e+01   4.6508667535e-01
1.2493150685e+01   4.5045765081e-01
1.2520547945e+01   4.3487337622e-01
1.2547945205e+01   4.1839449001e-01
1.2575342466e+01   4.0108043731e-01
1.2602739726e+01   3.8298901577e-01
1.2630136986e+01   3.6417599510e-01
1.2657534247e+01   3.4469481210e-01
1.2684931507e+01   3.2459634105e-01
1.2712328767e+01   3.0392873832e-01
1.2739726027e+01   2.8273735799e-01
1.2767123288e+01   2.6106473449e-01
1.2794520548e+01   2.3895062659e-01
1.2821917808e+01   2.1643211587e-01
1.2849315068e+01   1.9354375214e-01
1.2876712329e+01   1.7031773698e-01
1.2904109589e+01   1.4678413607e-01
1.2931506849e+01   1.2297111059e-01
1.2958904110e+01   9.8905157465e-02
1.2986301370e+01   7.4611348336e-02
1.3013698630e+01   5.0113557194e-02
1.3041095890e+01   2.5434667085e-02
1.3068493151e+01   5.9674682836e-04
1.3095890411e+01   2.4378810471e-02
1.3123287671e+01   4.9471194303e-02
1.3150684932e+01   7.4660135041e-02
1.3178082192e+01   9.9925918271e-02
1.3205479452e+01   1.2524945830e-01
1.3232876712e+01   1.5061243242e-01
1.3260273973e+01   1.7599747565e-01
1.3287671233e+01   2.0138843428e-01
1.3315068493e+01   2.2677067442e-01
1.3342465753e+01   2.5213144018e-01
1.3369863014e+01   2.7746025474e-01
1.3397260274e+01   3.0274935541e-01
1.3424657534e+01   3.2799415298e-01
1.3452054795e+01   3.5319370397e-01
1.3479452055e+01   3.7835118361e-01
1.3506849315e+01   4.0347434632e-01
1.3534246575e+01   4.2857596004e-01
1.3561643836e+01   4.5367420051e-01
1.3589041096e+01   4.7879299128e-01
1.3616438356e+01   5.0396227591e-01
1.3643835616e+01   5.2921820905e-01
1.3671232877e+01   5.5460325422e-01
1.3698630137e+01   5.8016617703e-01
1.3726027397e+01   6.0596192437e-01
1.3753424658e+01   6.3205138144e-01
1.3780821918e+01   6.5850100068e-01
1.3808219178e+01   6.8538229877e-01
1.3835616438e+01   7.1277122015e-01
1.3863013699e+01   7.4074736791e-01
1.3890410959e+01   7.6939310573e-01
1.3917808219e+01   7.9879253672e-01
1.3945205479e+01   8.2903036795e-01
1.3972602740e+01   8.6019067185e-01
1.4000000000e+01   8.9235555811e-01
1.4000000000e+01   8.9235555811e-01
