X    Y    Z
5.0000000000e-01   5.0000000000e-01   0.0000000000e+00
5.0002500000e-01   5.0002500100e-01   1.0000150006e-05
5.0027499995e-01   5.0027512104e-01   1.1001815754e-04
5.0277494850e-01   5.0278735748e-01   1.1118559158e-03
5.2229772408e-01   5.2314183539e-01   9.0538600614e-03
5.4168811968e-01   5.4480686404e-01   1.7198585078e-02
5.6081724864e-01   5.6785816329e-01   2.5563814046e-02
5.7954338600e-01   5.9236898597e-01   3.4168212304e-02
5.9771249171e-01   6.1840809809e-01   4.3031260285e-02
6.1515919503e-01   6.4603733711e-01   5.2173152807e-02
6.3170831954e-01   6.7530872017e-01   6.1614658565e-02
6.4717702132e-01   7.0626109171e-01   7.1376933339e-02
6.6137759879e-01   7.3891632487e-01   8.1481280569e-02
6.7412100834e-01   7.7327512509e-01   9.1948853515e-02
6.8522108478e-01   8.0931252783e-01   1.0280029438e-01
6.9449941907e-01   8.4697323396e-01   1.1405530770e-01
7.0179078813e-01   8.8616698407e-01   1.2573216792e-01
7.0694896661e-01   9.2676423213e-01   1.3784716487e-01
7.0985268303e-01   9.6859243267e-01   1.5041399491e-01
7.1041142090e-01   1.0114332948e+00   1.6344311115e-01
7.0857071970e-01   1.0550213706e+00   1.7694105080e-01
7.0431661195e-01   1.0990443231e+00   1.9090976397e-01
6.9767885143e-01   1.1431451546e+00   2.0534597176e-01
6.8873264794e-01   1.1869265651e+00   2.2024058549e-01
6.7759872066e-01   1.2299574686e+00   2.3557821933e-01
6.6442832783e-01   1.2717963338e+00   2.5133693004e-01
6.4942604055e-01   1.3119704951e+00   2.6748802251e-01
6.3282220746e-01   1.3500146072e+00   2.8399594497e-01
6.1487134172e-01   1.3854766726e+00   3.0081856218e-01
5.9584366661e-01   1.4179314759e+00   3.1790756966e-01
5.9581876378e-01   1.4179708826e+00   3.1792957031e-01
5.9556966364e-01   1.4183646434e+00   3.1814959596e-01
5.9307160246e-01   1.4222715285e+00   3.2035174070e-01
5.7315314856e-01   1.4508233167e+00   3.3767879097e-01
5.5274870877e-01   1.4756043676e+00   3.5515108392e-01
5.3212180082e-01   1.4963489027e+00   3.7270569762e-01
5.1151842776e-01   1.5128585717e+00   3.9027708029e-01
4.9116184877e-01   1.5250059632e+00   4.0779816844e-01
4.7124893100e-01   1.5327353065e+00   4.2520152029e-01
4.5194807945e-01   1.5360605439e+00   4.4242042156e-01
4.3339862571e-01   1.5350611045e+00   4.5938992590e-01
4.1571147202e-01   1.5298758176e+00   4.7604779844e-01
3.9897073642e-01   1.5206954586e+00   4.9233533899e-01
3.8323612721e-01   1.5077544243e+00   5.0819806933e-01
3.6854578367e-01   1.4913220113e+00   5.2358627706e-01
3.5491934895e-01   1.4716937060e+00   5.3845541521e-01
3.4236108077e-01   1.4491828255e+00   5.5276636281e-01
3.3086285110e-01   1.4241127678e+00   5.6648555623e-01
3.2040692933e-01   1.3968100489e+00   5.7958500407e-01
3.1096848340e-01   1.3675982362e+00   5.9204220070e-01
3.0251776497e-01   1.3367928248e+00   6.0383995425e-01
2.9502197005e-01   1.3046970578e+00   6.1496614519e-01
2.8844678385e-01   1.2715986516e+00   6.2541343088e-01
2.8275763156e-01   1.2377673648e+00   6.3517891047e-01
2.7792066529e-01   1.2034533263e+00   6.4426376343e-01
2.7390352369e-01   1.1688860312e+00   6.5267287295e-01
2.7067590542e-01   1.1342739005e+00   6.6041444418e-01
2.6820999876e-01   1.0998043055e+00   6.6749962532e-01
2.6648080768e-01   1.0656439573e+00   6.7394213784e-01
2.6546640695e-01   1.0319395750e+00   6.7975792086e-01
2.6514814573e-01   9.9881876591e-01   6.8496479312e-01
2.6551080189e-01   9.6639106760e-01   6.8958213506e-01
2.6654267166e-01   9.3474912810e-01   6.9363059328e-01
2.6823556635e-01   9.0397001309e-01   6.9713180871e-01
2.7058468564e-01   8.7411663583e-01   7.0010817038e-01
2.7358835019e-01   8.4523929496e-01   7.0258259604e-01
2.7724760680e-01   8.1737727968e-01   7.0457834059e-01
2.8153212736e-01   7.9059283053e-01   7.0611907478e-01
2.8647029173e-01   7.6488270239e-01   7.0722857630e-01
2.9206932069e-01   7.4026126800e-01   7.0793033008e-01
2.9833890186e-01   7.1673644353e-01   7.0824762806e-01
3.0529109005e-01   6.9431070044e-01   7.0820347995e-01
3.1294020621e-01   6.7298200204e-01   7.0782054049e-01
3.2130273353e-01   6.5274466632e-01   7.0712105185e-01
3.3039720909e-01   6.3359015792e-01   7.0612679964e-01
3.4024410870e-01   6.1550781348e-01   7.0485908150e-01
3.5086572221e-01   5.9848550521e-01   7.0333868686e-01
3.6228601602e-01   5.8251024841e-01   7.0158588690e-01
3.7453047910e-01   5.6756875874e-01   6.9962043370e-01
3.8762594823e-01   5.5364796563e-01   6.9746156768e-01
4.0160040761e-01   5.4073548826e-01   6.9512803262e-01
4.1648275725e-01   5.2882008041e-01   6.9263809756e-01
4.3230254405e-01   5.1789205091e-01   6.9000958505e-01
4.4908964849e-01   5.0794366602e-01   6.8725990540e-01
4.6687391907e-01   4.9896954006e-01   6.8440609649e-01
4.6689731171e-01   4.9895868666e-01   6.8440238768e-01
4.6713133050e-01   4.9885024003e-01   6.8436529181e-01
4.6948076527e-01   4.9777450913e-01   6.8399355483e-01
4.8843963561e-01   4.8990986179e-01   6.8104125662e-01
5.0845742124e-01   4.8301763050e-01   6.7802028715e-01
5.2956074939e-01   4.7710232673e-01   6.7494683283e-01
5.5177393367e-01   4.7217243971e-01   6.7183692934e-01
5.7511817664e-01   4.6824086367e-01   6.6870652893e-01
5.9961064824e-01   4.6532534941e-01   6.6557157359e-01
6.2526342461e-01   4.6344898448e-01   6.6244807424e-01
6.5208227055e-01   4.6264070568e-01   6.5935219644e-01
6.8006524873e-01   4.6293584605e-01   6.5630035300e-01
7.0920113873e-01   4.6437671681e-01   6.5330930381e-01
7.3946764977e-01   4.6701322195e-01   6.5039626358e-01
7.7082941354e-01   4.7090349954e-01   6.4757901750e-01
8.0323574692e-01   4.7611457883e-01   6.4487604530e-01
8.3661818081e-01   4.8272303545e-01   6.4230665356e-01
8.7088776053e-01   4.9081561792e-01   6.3989111597e-01
9.0593213628e-01   5.0048980694e-01   6.3765082063e-01
9.4161248062e-01   5.1185425389e-01   6.3560842294e-01
9.7776029443e-01   5.2502902552e-01   6.3378800150e-01
1.0141741948e+00   5.4014555889e-01   6.3221521324e-01
1.0506168187e+00   5.5734620194e-01   6.3091744247e-01
1.0868120278e+00   5.7678318296e-01   6.2992393620e-01
1.1224426563e+00   5.9861681607e-01   6.2926591575e-01
1.1571491165e+00   6.2301271248e-01   6.2897665135e-01
1.1905292466e+00   6.5013773237e-01   6.2909148287e-01
1.2221398646e+00   6.8015438488e-01   6.2964776568e-01
1.2515006210e+00   7.1321330524e-01   6.3068471600e-01
1.2781002903e+00   7.4944397740e-01   6.3224312809e-01
1.3014066840e+00   7.8894281770e-01   6.3436493205e-01
1.3208800450e+00   8.3175922532e-01   6.3709255727e-01
1.3359903723e+00   8.7787957777e-01   6.4046807279e-01
1.3462385274e+00   9.2720979502e-01   6.4453208064e-01
1.3462483224e+00   9.2727486041e-01   6.4453773478e-01
1.3463457939e+00   9.2792578638e-01   6.4459434163e-01
1.3472725350e+00   9.3446215259e-01   6.4516696206e-01
1.3514298192e+00   9.8721607306e-01   6.5006314418e-01
1.3498754039e+00   1.0426260871e+00   6.5572317683e-01
1.3423728594e+00   1.1002365498e+00   6.6217305566e-01
1.3288222442e+00   1.1594536318e+00   6.6943023219e-01
1.3092794263e+00   1.2195456191e+00   6.7750159265e-01
1.2839676081e+00   1.2796531436e+00   6.8638154785e-01
1.2532787379e+00   1.3388105466e+00   6.9605039724e-01
1.2177634192e+00   1.3959783583e+00   7.0647313739e-01
1.1781092551e+00   1.4500853713e+00   7.1759887048e-01
1.1351089890e+00   1.5000773722e+00   7.2936093123e-01
1.0896215537e+00   1.5449680188e+00   7.4167779205e-01
1.0425295029e+00   1.5838874392e+00   7.5445473062e-01
9.9469733610e-01   1.6161235298e+00   7.6758617566e-01
9.9463605052e-01   1.6161602278e+00   7.6760314660e-01
9.9402320195e-01   1.6165265585e+00   7.6777287770e-01
9.8789576704e-01   1.6201246941e+00   7.6947230418e-01
9.4020375759e-01   1.6440997779e+00   7.8286938535e-01
8.9340082402e-01   1.6605205776e+00   7.9637209151e-01
8.4809155860e-01   1.6693059633e+00   8.0986065610e-01
8.0476493135e-01   1.6705715132e+00   8.2321746413e-01
7.6379386569e-01   1.6646082274e+00   8.3632991700e-01
7.2544175702e-01   1.6518542249e+00   8.4909286369e-01
6.8987389438e-01   1.6328626418e+00   8.6141052149e-01
6.5717175939e-01   1.6082686561e+00   8.7319785840e-01
6.2734843907e-01   1.5787580057e+00   8.8438145136e-01
6.0036378301e-01   1.5450386859e+00   8.9489986565e-01
5.7613836238e-01   1.5078168473e+00   9.0470362086e-01
5.5456567817e-01   1.4677773311e+00   9.1375481927e-01
5.3552238186e-01   1.4255688330e+00   9.2202651419e-01
5.1887650201e-01   1.3817933715e+00   9.2950189180e-01
5.0449382203e-01   1.3369995478e+00   9.3617333269e-01
4.9224269844e-01   1.2916789297e+00   9.4204140835e-01
4.8199733660e-01   1.2462651928e+00   9.4711385922e-01
4.7364016810e-01   1.2011350253e+00   9.5140459002e-01
4.6706324851e-01   1.1566106212e+00   9.5493270749e-01
4.6216901783e-01   1.1129631593e+00   9.5772161999e-01
4.5887057255e-01   1.0704169289e+00   9.5979821050e-01
4.5886734256e-01   1.0703633098e+00   9.5980042232e-01
4.5883517927e-01   1.0698272347e+00   9.5982247908e-01
4.5852717069e-01   1.0644781269e+00   9.6003691965e-01
4.5695827407e-01   1.0234096222e+00   9.6133642062e-01
4.5683420284e-01   9.8378592642e-01   9.6198951174e-01
4.5810002133e-01   9.4571346322e-01   9.6202951305e-01
4.6070991783e-01   9.0927036883e-01   9.6149065353e-01
4.6462657271e-01   8.7451058036e-01   9.6040765020e-01
4.6982050652e-01   8.4146761832e-01   9.5881535482e-01
4.7626942623e-01   8.1015803972e-01   9.5674846227e-01
4.8395758002e-01   7.8058455639e-01   9.5424127445e-01
4.9287512532e-01   7.5273882515e-01   9.5132751360e-01
5.0301750996e-01   7.2660392606e-01   9.4804017944e-01
5.1438486366e-01   7.0215655016e-01   9.4441144465e-01
5.2698139366e-01   6.7936892228e-01   9.4047258385e-01
5.4081477709e-01   6.5821048628e-01   9.3625393160e-01
5.5589554023e-01   6.3864938057e-01   9.3178486559e-01
5.7223641351e-01   6.2065373225e-01   9.2709381152e-01
5.8985164949e-01   6.0419279695e-01   9.2220826672e-01
6.0875628900e-01   5.8923797117e-01   9.1715484010e-01
6.2896535930e-01   5.7576370236e-01   9.1195930639e-01
6.5049298576e-01   5.6374832084e-01   9.0664667294e-01
6.7335139706e-01   5.5317481614e-01   9.0124125802e-01
6.9754980228e-01   5.4403157835e-01   8.9576677960e-01
7.2309311709e-01   5.3631312262e-01   8.9024645414e-01
7.4998596859e-01   5.3001536421e-01   8.8470306593e-01
7.7821868407e-01   5.2514950992e-01   8.7915909543e-01
8.0777591317e-01   5.2173125068e-01   8.7363688430e-01
8.3863179672e-01   5.1978480308e-01   8.6815873644e-01
8.7074783643e-01   5.1934357109e-01   8.6274705607e-01
9.0407052529e-01   5.2045081292e-01   8.5742449391e-01
9.3852873000e-01   5.2316030202e-01   8.5221410140e-01
9.7403082519e-01   5.2753696238e-01   8.4713949275e-01
1.0104615917e+00   5.3365744640e-01   8.4222501374e-01
1.0105087144e+00   5.3366642597e-01   8.4221884254e-01
1.0109800130e+00   5.3375638642e-01   8.4215714722e-01
1.0157000213e+00   5.3467250897e-01   8.4154187260e-01
1.0530157554e+00   5.4289372293e-01   8.3684119550e-01
1.0909184085e+00   5.5306438908e-01   8.3235607233e-01
1.1291965099e+00   5.6530019747e-01   8.2811429469e-01
1.1676007500e+00   5.7972898770e-01   8.2414511360e-01
1.2058407996e+00   5.9648981239e-01   8.2047939889e-01
1.2435826458e+00   6.1573125955e-01   8.1714977616e-01
1.2804467672e+00   6.3760880070e-01   8.1419072830e-01
1.3160075545e+00   6.6228089404e-01   8.1163864499e-01
1.3497944583e+00   6.8990354351e-01   8.0953179930e-01
1.3812954209e+00   7.2062300639e-01   8.0791022623e-01
1.4099631871e+00   7.5456636749e-01   8.0681547374e-01
1.4352250860e+00   7.9182977630e-01   8.0629019329e-01
1.4564967858e+00   8.3246429528e-01   8.0637753562e-01
1.4732003305e+00   8.7645955304e-01   8.0712031869e-01
1.4847862889e+00   9.2372588743e-01   8.0855994215e-01
1.4907601250e+00   9.7407535709e-01   8.1073503128e-01
1.4907106770e+00   1.0272041555e+00   8.1367981574e-01
1.4843398038e+00   1.0826775295e+00   8.1742227726e-01
1.4714903597e+00   1.1399200074e+00   8.2198213008e-01
1.4521695945e+00   1.1982134150e+00   8.2736873830e-01
1.4521408054e+00   1.1982882797e+00   8.2737615587e-01
1.4518523480e+00   1.1990369444e+00   8.2745040573e-01
1.4489112532e+00   1.2065250271e+00   8.2820031886e-01
1.4224404778e+00   1.2649686309e+00   8.3452657738e-01
1.3901259533e+00   1.3224978631e+00   8.4165583968e-01
1.3525421611e+00   1.3780535436e+00   8.4955328872e-01
1.3104173754e+00   1.4305427576e+00   8.5816788597e-01
1.2646000053e+00   1.4788899941e+00   8.6743249073e-01
1.2160163747e+00   1.5220910105e+00   8.7726479895e-01
1.1656241598e+00   1.5592641511e+00   8.8756909050e-01
1.1143662164e+00   1.5896939678e+00   8.9823869211e-01
1.0631292557e+00   1.6128629551e+00   9.0915899102e-01
1.0127100139e+00   1.6284696617e+00   9.2021078923e-01
9.6379353518e-01   1.6364298622e+00   9.3127375779e-01
9.1694006986e-01   1.6368662268e+00   9.4222975965e-01
8.7258296870e-01   1.6300855426e+00   9.5296586214e-01
8.3103444514e-01   1.6165483977e+00   9.6337688532e-01
7.9249720045e-01   1.5968346370e+00   9.7336740294e-01
7.9244990403e-01   1.5968057505e+00   9.7337987187e-01
7.9197722099e-01   1.5965163898e+00   9.7350451566e-01
7.8727853533e-01   1.5935734924e+00   9.7474636815e-01
7.5230785288e-01   1.5676212708e+00   9.8415434642e-01
7.2048673703e-01   1.5369731450e+00   9.9297610661e-01
6.9177780705e-01   1.5023630633e+00   1.0011535787e+00
6.6610039326e-01   1.4645160188e+00   1.0086409427e+00
6.4334390363e-01   1.4241284458e+00   1.0154041405e+00
6.2337900954e-01   1.3818536896e+00   1.0214201305e+00
6.0606664387e-01   1.3382921135e+00   1.0266759656e+00
5.9126497019e-01   1.2939852144e+00   1.0311677638e+00
5.7883457293e-01   1.2494130478e+00   1.0348996301e+00
5.6864215387e-01   1.2049942569e+00   1.0378825764e+00
5.6056301894e-01   1.1610880610e+00   1.0401334744e+00
5.5448261539e-01   1.1179976325e+00   1.0416740678e+00
5.5029734396e-01   1.0759743896e+00   1.0425300589e+00
5.4791476253e-01   1.0352228881e+00   1.0427302816e+00
5.4725363606e-01   9.9590570848e-01   1.0423059640e+00
5.4824342504e-01   9.5814865806e-01   1.0412900797e+00
5.5082376138e-01   9.2204563656e-01   1.0397167888e+00
5.5494377253e-01   8.8766328008e-01   1.0376209605e+00
5.6056133653e-01   8.5504527432e-01   1.0350377730e+00
5.6056946333e-01   8.5500470590e-01   1.0350341727e+00
5.6065086285e-01   8.5459918273e-01   1.0349981299e+00
5.6147799971e-01   8.5056005970e-01   1.0346336512e+00
5.6876433582e-01   8.1998608885e-01   1.0315369116e+00
5.7748378723e-01   7.9121064177e-01   1.0280277543e+00
5.8761656227e-01   7.6422921067e-01   1.0241404684e+00
5.9914830036e-01   7.3902824384e-01   1.0199086673e+00
6.1206925433e-01   7.1558759656e-01   1.0153651779e+00
6.2637346200e-01   6.9388268083e-01   1.0105419682e+00
6.4205789878e-01   6.7388634583e-01   1.0054701060e+00
6.5912160042e-01   6.5557052161e-01   1.0001797467e+00
6.7756474370e-01   6.3890765775e-01   9.9470014451e-01
6.9738767092e-01   6.2387198745e-01   9.8905968421e-01
7.1858984286e-01   6.1044064565e-01   9.8328593160e-01
7.4116870388e-01   5.9859466742e-01   9.7740569892e-01
7.6511844148e-01   5.8831989030e-01   9.7144512429e-01
7.9042862203e-01   5.7960778177e-01   9.6542976317e-01
8.1708268397e-01   5.7245620976e-01   9.5938469085e-01
8.4505626966e-01   5.6687017086e-01   9.5333461495e-01
8.7431537840e-01   5.6286248661e-01   9.4730399718e-01
9.0481432542e-01   5.6045447326e-01   9.4131718386e-01
9.3649349595e-01   5.5967658364e-01   9.3539854455e-01
9.6927689104e-01   5.6056901155e-01   9.2957261824e-01
1.0030694718e+00   5.6318223828e-01   9.2386426625e-01
1.0377543242e+00   5.6757748777e-01   9.1829883051e-01
1.0731896856e+00   5.7382704052e-01   9.1290229557e-01
1.1092186027e+00   5.8200148137e-01   9.0770135663e-01
1.1456343469e+00   5.9220340993e-01   9.0272362999e-01
1.1822043128e+00   6.0453670017e-01   8.9799791059e-01
1.2186595608e+00   6.1911468333e-01   8.9355423366e-01
1.2546925918e+00   6.3605854109e-01   8.8942399073e-01
1.2899558637e+00   6.5549487422e-01   8.8564001267e-01
1.3240613784e+00   6.7755223424e-01   8.8223660595e-01
1.3241040712e+00   6.7758217242e-01   8.8223251260e-01
1.3245308564e+00   6.7788180140e-01   8.8219161658e-01
1.3287842685e+00   6.8090285927e-01   8.8178641683e-01
1.3610428288e+00   7.0610665508e-01   8.7886140675e-01
1.3911838894e+00   7.3418938692e-01   8.7639517422e-01
1.4187087291e+00   7.6524766133e-01   8.7442605791e-01
1.4430971967e+00   7.9934975422e-01   8.7299309465e-01
1.4638196841e+00   8.3652365429e-01   8.7213547817e-01
1.4803526364e+00   8.7674341872e-01   8.7189182740e-01
1.4921975631e+00   9.1991430320e-01   8.7229924380e-01
1.4989031345e+00   9.6585747099e-01   8.7339214823e-01
1.5000894799e+00   1.0142954734e+00   8.7520090256e-01
1.4954732641e+00   1.0648400754e+00   8.7775024354e-01
1.4848916048e+00   1.1169842950e+00   8.8105758210e-01
1.4683224948e+00   1.1701006376e+00   8.8513125131e-01
1.4458992427e+00   1.2234473271e+00   8.8996881417e-01
1.4179166347e+00   1.2761838187e+00   8.9555556532e-01
1.3848270132e+00   1.3273960895e+00   9.0186337334e-01
1.3472258854e+00   1.3761306113e+00   9.0885000253e-01
1.3058273460e+00   1.4214352281e+00   9.1645902991e-01
1.2614313507e+00   1.4624035363e+00   9.2462042986e-01
1.2613730199e+00   1.4624527875e+00   9.2463118590e-01
1.2607895190e+00   1.4629448339e+00   9.2473878868e-01
1.2549355783e+00   1.4678185001e+00   9.2581900972e-01
1.2081546068e+00   1.5028431687e+00   9.3450982696e-01
1.1602004738e+00   1.5319417453e+00   9.4356396872e-01
1.1118938029e+00   1.5546109806e+00   9.5287969083e-01
1.0639903049e+00   1.5705295042e+00   9.6235041733e-01
1.0171574520e+00   1.5795640300e+00   9.7186770196e-01
9.7195982184e-01   1.5817638329e+00   9.8132414742e-01
9.2885291404e-01   1.5773451642e+00   9.9061611244e-01
8.8818436854e-01   1.5666680881e+00   9.9964607256e-01
8.5020098024e-01   1.5502085720e+00   1.0083245441e+00
8.1505969988e-01   1.5285285972e+00   1.0165715264e+00
7.8284088499e-01   1.5022466778e+00   1.0243174584e+00
7.5356232347e-01   1.4720106214e+00   1.0315037180e+00
7.2719290173e-01   1.4384737521e+00   1.0380827171e+00
7.0366515108e-01   1.4022752543e+00   1.0440176572e+00
6.8288622625e-01   1.3640248213e+00   1.0492820179e+00
6.6474713712e-01   1.3242914388e+00   1.0538588473e+00
6.4913014606e-01   1.2835959945e+00   1.0577399196e+00
6.3591464734e-01   1.2424069890e+00   1.0609248159e+00
6.2498154826e-01   1.2011389508e+00   1.0634199755e+00
6.1621644496e-01   1.1601529125e+00   1.0652377524e+00
6.0951180051e-01   1.1197584390e+00   1.0663955079e+00
6.0476832862e-01   1.0802167515e+00   1.0669147571e+00
6.0189576079e-01   1.0417445664e+00   1.0668203838e+00
6.0189324966e-01   1.0416961341e+00   1.0668198818e+00
6.0186829929e-01   1.0412119240e+00   1.0668148092e+00
6.0163485092e-01   1.0363811293e+00   1.0667588236e+00
6.0080028359e-01   9.9934392827e-01   1.0659975369e+00
6.0167455373e-01   9.6371060632e-01   1.0646840656e+00
6.0419619807e-01   9.2958621119e-01   1.0628496194e+00
6.0831217883e-01   8.9704918541e-01   1.0605263414e+00
6.1397727487e-01   8.6615535425e-01   1.0577469126e+00
6.2115339375e-01   8.3694162354e-01   1.0545442211e+00
6.2980883006e-01   8.0942936157e-01   1.0509510924e+00
6.3991748549e-01   7.8362745801e-01   1.0470000734e+00
6.5145805888e-01   7.5953506603e-01   1.0427232649e+00
6.6441320880e-01   7.3714404325e-01   1.0381521964e+00
6.7876868656e-01   7.1644111303e-01   1.0333177394e+00
6.9451243432e-01   6.9740977164e-01   1.0282500528e+00
7.1163363990e-01   6.8003196813e-01   1.0229785573e+00
7.3012173780e-01   6.6428958469e-01   1.0175319346e+00
7.4996534396e-01   6.5016574443e-01   1.0119381481e+00
7.7115111023e-01   6.3764597245e-01   1.0062244828e+00
7.9366248330e-01   6.2671923419e-01   1.0004176008e+00
8.1747835193e-01   6.1737887263e-01   9.9454361260e-01
8.4257156668e-01   6.0962346264e-01   9.8862815940e-01
8.6890731677e-01   6.0345759701e-01   9.8269650842e-01
8.9644135192e-01   5.9889261303e-01   9.7677365754e-01
9.2511804120e-01   5.9594726200e-01   9.7088444953e-01
9.5486826841e-01   5.9464831559e-01   9.6505369427e-01
9.8560717385e-01   5.9503109221e-01   9.5930629796e-01
1.0172483475e+00   5.9712319402e-01   9.5366727573e-01
1.0496611843e+00   6.0098775929e-01   9.4816194602e-01
1.0827023709e+00   6.0668544964e-01   9.4281620054e-01
1.1162036284e+00   6.1428581636e-01   9.3765654006e-01
1.1499692891e+00   6.2386691565e-01   9.3271020031e-01
1.1837740564e+00   6.3551455696e-01   9.2800526724e-01
1.2173610993e+00   6.4932107694e-01   9.2357077532e-01
1.2504406684e+00   6.6538351184e-01   9.1943678073e-01
1.2826894704e+00   6.8380102209e-01   9.1563439952e-01
1.2827300279e+00   6.8382612336e-01   9.1562976315e-01
1.2831354966e+00   6.8407735674e-01   9.1558343217e-01
1.2871793539e+00   6.8661180031e-01   9.1512340878e-01
1.3180417125e+00   7.0783799908e-01   9.1173910791e-01
1.3472716528e+00   7.3162120958e-01   9.0875650929e-01
1.3744498721e+00   7.5803942601e-01   9.0620968777e-01
1.3991356056e+00   7.8715071054e-01   9.0413325508e-01
1.4208748444e+00   8.1898449026e-01   9.0256197624e-01
1.4392111819e+00   8.5353154574e-01   9.0153024649e-01
1.4536993641e+00   8.9073293592e-01   9.0107141229e-01
1.4639213968e+00   9.3046831727e-01   9.0121692545e-01
1.4695047652e+00   9.7254436769e-01   9.0199532896e-01
1.4701419724e+00   1.0166842925e+00   9.0343108578e-01
1.4656102266e+00   1.0625196319e+00   9.0554327920e-01
1.4557897657e+00   1.1095857487e+00   9.0834423308e-01
1.4406790773e+00   1.1573223877e+00   9.1183812106e-01
1.4204052225e+00   1.2050805024e+00   9.1601965368e-01
1.3952276854e+00   1.2521360998e+00   9.2087294560e-01
1.3655345348e+00   1.2977112999e+00   9.2637067152e-01
1.3318305018e+00   1.3410018444e+00   9.3247361467e-01
1.2947177739e+00   1.3812091521e+00   9.3913068614e-01
1.2548704752e+00   1.4175749467e+00   9.4627946541e-01
1.2130052137e+00   1.4494153211e+00   9.5384726942e-01
1.2129506983e+00   1.4494528797e+00   9.5385718105e-01
1.2124054292e+00   1.4498280051e+00   9.5395632781e-01
1.2069414942e+00   1.4535330115e+00   9.5495079665e-01
1.1636617906e+00   1.4795047853e+00   9.6289714869e-01
1.1199005417e+00   1.4998702538e+00   9.7108007859e-01
1.0763162322e+00   1.5143469338e+00   9.7940651892e-01
1.0335005372e+00   1.5228055413e+00   9.8778165286e-01
9.9196500481e-01   1.5252669890e+00   9.9611130652e-01
9.5213417391e-01   1.5218915066e+00   1.0043041943e+00
9.1434452692e-01   1.5129615797e+00   1.0122739102e+00
8.7884823352e-01   1.4988607309e+00   1.0199405880e+00
8.4582042392e-01   1.4800501964e+00   1.0272321882e+00
8.1536871165e-01   1.4570453469e+00   1.0340853979e+00
7.8754381468e-01   1.4303933506e+00   1.0404461596e+00
7.6235033911e-01   1.4006531543e+00   1.0462698617e+00
7.3975703711e-01   1.3683784401e+00   1.0515212380e+00
7.1970608825e-01   1.3341038513e+00   1.0561740295e+00
7.0212115768e-01   1.2983344864e+00   1.0602104632e+00
6.8691414364e-01   1.2615384536e+00   1.0636206005e+00
6.7399064370e-01   1.2241421407e+00   1.0664016012e+00
6.6325430770e-01   1.1865277253e+00   1.0685569443e+00
6.5460999527e-01   1.1490327162e+00   1.0700956376e+00
6.4796621564e-01   1.1119507831e+00   1.0710314440e+00
6.4323675199e-01   1.0755337639e+00   1.0713821412e+00
6.4034171354e-01   1.0399944131e+00   1.0711688318e+00
6.3920812233e-01   1.0055096386e+00   1.0704153087e+00
6.3977013958e-01   9.7222400674e-01   1.0691474851e+00
6.4196901723e-01   9.4025334555e-01   1.0673928871e+00
6.4575284322e-01   9.0968831623e-01   1.0651802108e+00
6.4575867638e-01   9.0965016262e-01   1.0651771007e+00
6.4581714638e-01   9.0926875929e-01   1.0651459602e+00
6.4641566738e-01   9.0546802908e-01   1.0648307151e+00
6.5195413305e-01   8.7659135727e-01   1.0621310300e+00
6.5898730802e-01   8.4924559342e-01   1.0590369726e+00
6.6748160587e-01   8.2346384396e-01   1.0555786957e+00
6.7740796024e-01   7.9926695920e-01   1.0517862991e+00
6.8874108834e-01   7.7666603502e-01   1.0476896603e+00
7.0145870720e-01   7.5566466719e-01   1.0433183040e+00
7.1554070405e-01   7.3626097012e-01   1.0387013076e+00
7.3096825856e-01   7.1844937622e-01   1.0338672370e+00
7.4772291250e-01   7.0222223472e-01   1.0288441103e+00
7.6578557988e-01   6.8757122969e-01   1.0236593853e+00
7.8513548979e-01   6.7448863715e-01   1.0183399675e+00
8.0574905276e-01   6.6296843998e-01   1.0129122370e+00
8.2759864143e-01   6.5300731795e-01   1.0074020911e+00
8.5065127626e-01   6.4460552765e-01   1.0018350000e+00
8.7486720800e-01   6.3776768444e-01   9.9623607616e-01
9.0019839034e-01   6.3250345483e-01   9.9063015192e-01
9.2658683902e-01   6.2882816344e-01   9.8504186779e-01
9.5396287813e-01   6.2676331316e-01   9.7949576710e-01
9.8224328074e-01   6.2633701084e-01   9.7401639691e-01
1.0113293200e+00   6.2758428252e-01   9.6862841300e-01
1.0411047578e+00   6.3054725298e-01   9.6335668720e-01
1.0714338146e+00   6.3527515314e-01   9.5822641446e-01
1.1021591798e+00   6.4182410665e-01   9.5326321682e-01
1.1331001463e+00   6.5025663373e-01   9.4849324026e-01
1.1640509749e+00   6.6064079726e-01   9.4394323975e-01
1.1947934041e+00   6.7303491814e-01   9.3964054169e-01
1.2250599173e+00   6.8752439867e-01   9.3561315861e-01
1.2545648182e+00   7.0418402523e-01   9.3188991831e-01
1.2829956957e+00   7.2308579765e-01   9.2850034457e-01
1.3100151920e+00   7.4429503664e-01   9.2547457401e-01
1.3352641266e+00   7.6786556368e-01   9.2284320667e-01
1.3583662226e+00   7.9383389138e-01   9.2063707644e-01
1.3789346512e+00   8.2221241762e-01   9.1888692719e-01
1.3965805439e+00   8.5298170014e-01   9.1762298089e-01
1.4109235191e+00   8.8608200281e-01   9.1687438661e-01
1.4216041138e+00   9.2140445009e-01   9.1666854328e-01
1.4282978086e+00   9.5878229494e-01   9.1703029578e-01
1.4283036922e+00   9.5883131586e-01   9.1703113130e-01
1.4283621446e+00   9.5932168941e-01   9.1703953953e-01
1.4289081796e+00   9.6424174588e-01   9.1712893118e-01
1.4307169505e+00   1.0036782116e+00   9.1816473200e-01
1.4280316166e+00   1.0445835205e+00   9.1980834082e-01
1.4207352836e+00   1.0865663417e+00   9.2207017440e-01
1.4088049780e+00   1.1291597283e+00   9.2495382334e-01
1.3923203184e+00   1.1718261108e+00   9.2845501707e-01
1.3714675661e+00   1.2139673985e+00   9.3256072166e-01
1.3465381881e+00   1.2549403143e+00   9.3724844926e-01
1.3179215268e+00   1.2940765413e+00   9.4248585464e-01
1.2860917511e+00   1.3307066613e+00   9.4823068178e-01
1.2515898688e+00   1.3641863362e+00   9.5443110247e-01
1.2150021820e+00   1.3939227267e+00   9.6102646089e-01
1.1769368535e+00   1.4193991138e+00   9.6794840481e-01
1.1380005190e+00   1.4401956689e+00   9.7512235405e-01
1.1379504245e+00   1.4402191225e+00   9.7513165565e-01
1.1374494540e+00   1.4404532084e+00   9.7522468727e-01
1.1324374617e+00   1.4427490068e+00   9.7615652240e-01
1.0932179469e+00   1.4578322374e+00   9.8352135723e-01
1.0543258384e+00   1.4677251441e+00   9.9096573083e-01
1.0162391424e+00   1.4723818277e+00   9.9840734804e-01
9.7937021526e-01   1.4718742761e+00   1.0057654061e+00
9.4406174469e-01   1.4663818522e+00   1.0129623250e+00
9.1058681306e-01   1.4561767333e+00   1.0199252554e+00
8.7915226598e-01   1.4416067648e+00   1.0265873139e+00
8.4990449299e-01   1.4230771652e+00   1.0328885234e+00
8.2293673795e-01   1.4010323431e+00   1.0387764539e+00
7.9829715197e-01   1.3759388346e+00   1.0442065786e+00
7.7599694904e-01   1.3482700782e+00   1.0491423740e+00
7.5601818906e-01   1.3184934615e+00   1.0535551984e+00
7.3832086835e-01   1.2870598317e+00   1.0574239910e+00
7.2284914393e-01   1.2543954463e+00   1.0607348320e+00
7.0953661258e-01   1.2208962257e+00   1.0634804027e+00
6.9831065619e-01   1.1869240523e+00   1.0656593805e+00
6.8909591230e-01   1.1528048231e+00   1.0672758013e+00
6.8181696026e-01   1.1188279452e+00   1.0683384115e+00
6.7640032685e-01   1.0852469711e+00   1.0688600326e+00
6.7277591727e-01   1.0522810982e+00   1.0688569523e+00
6.7087797156e-01   1.0201172846e+00   1.0683483534e+00
6.7064563636e-01   9.8891277856e-01   1.0673557875e+00
6.7202322930e-01   9.5879788699e-01   1.0659026991e+00
6.7496026117e-01   9.2987885194e-01   1.0640139998e+00
6.7941126812e-01   9.0224072896e-01   1.0617156950e+00
6.8533549559e-01   8.7595019192e-01   1.0590345598e+00
6.9269646565e-01   8.5105821042e-01   1.0559978630e+00
7.0146145119e-01   8.2760256438e-01   1.0526331356e+00
7.1160087350e-01   8.0561017556e-01   1.0489679799e+00
7.2308763406e-01   7.8509924661e-01   1.0450299176e+00
7.3589638686e-01   7.6608120710e-01   1.0408462705e+00
7.5000275377e-01   7.4856247187e-01   1.0364440725e+00
7.5002161269e-01   7.4854103118e-01   1.0364383147e+00
7.5021031646e-01   7.4832675937e-01   1.0363807196e+00
7.5210879529e-01   7.4619755444e-01   1.0358030555e+00
7.6766726793e-01   7.3039444819e-01   1.0311838991e+00
7.8447040538e-01   7.1609463241e-01   1.0264028780e+00
8.0249111242e-01   7.0329829121e-01   1.0214858346e+00
8.2169937027e-01   6.9200611617e-01   1.0164582155e+00
8.4206112154e-01   6.8222028105e-01   1.0113450938e+00
8.6353707758e-01   6.7394530036e-01   1.0061712041e+00
8.8608144543e-01   6.6718878010e-01   1.0009609907e+00
9.0964057331e-01   6.6196206529e-01   9.9573866459e-01
9.3415151655e-01   6.5828078605e-01   9.9052826995e-01
9.5954053048e-01   6.5616529887e-01   9.8535375662e-01
9.8572150184e-01   6.5564101510e-01   9.8023905767e-01
1.0125943382e+00   6.5673860265e-01   9.7520816982e-01
1.0400433436e+00   6.5949403978e-01   9.7028523467e-01
1.0679356197e+00   6.6394849284e-01   9.6549461817e-01
1.0961195467e+00   6.7014798049e-01   9.6086098530e-01
1.1244234128e+00   6.7814277872e-01   9.5640936652e-01
1.1526543251e+00   6.8798646488e-01   9.5216521116e-01
1.1805973112e+00   6.9973474738e-01   9.4815442355e-01
1.2080150891e+00   7.1344362817e-01   9.4440337539e-01
1.2346483429e+00   7.2916717201e-01   9.4093888644e-01
1.2602168109e+00   7.4695464770e-01   9.3778816605e-01
1.2844213347e+00   7.6684700472e-01   9.3497870621e-01
1.3069470503e+00   7.8887263889e-01   9.3253811600e-01
1.3274678812e+00   8.1304243349e-01   9.3049388738e-01
1.3274926973e+00   8.1307471091e-01   9.3049153870e-01
1.3277406481e+00   8.1339767700e-01   9.3046808997e-01
1.3301989865e+00   8.1664652079e-01   9.3023742400e-01
1.3480251251e+00   8.4324818582e-01   9.2867887076e-01
1.3631397334e+00   8.7193138891e-01   9.2757360033e-01
1.3752269987e+00   9.0261279542e-01   9.2694628482e-01
1.3839939298e+00   9.3516542271e-01   9.2681958916e-01
1.3891817415e+00   9.6941235909e-01   9.2721347518e-01
1.3905777326e+00   1.0051214352e+00   9.2814442566e-01
1.3880269991e+00   1.0420014874e+00   9.2962460922e-01
1.3814431809e+00   1.0797008962e+00   9.3166101701e-01
1.3708173533e+00   1.1178090566e+00   9.3425461212e-01
1.3562241680e+00   1.1558613175e+00   9.3739954144e-01
1.3378244543e+00   1.1933477116e+00   9.4108246562e-01
1.3158637090e+00   1.2297254823e+00   9.4528206467e-01
1.2906662340e+00   1.2644350318e+00   9.4996877310e-01
1.2626250741e+00   1.2969185194e+00   9.5510478840e-01
1.2321883205e+00   1.3266399804e+00   9.6064438150e-01
1.1998427220e+00   1.3531055754e+00   9.6653451760e-01
1.1660958089e+00   1.3758824854e+00   9.7271577302e-01
1.1314578531e+00   1.3946150421e+00   9.7912351111e-01
1.0964249403e+00   1.4090369393e+00   9.8568926115e-01
1.0614642370e+00   1.4189787572e+00   9.9234222947e-01
1.0270022299e+00   1.4243704889e+00   9.9901086525e-01
9.9341635516e-01   1.4252392234e+00   1.0056244029e+00
9.6103008340e-01   1.4217025382e+00   1.0121143103e+00
9.3011122300e-01   1.4139584463e+00   1.0184155843e+00
9.0087298216e-01   1.4022729080e+00   1.0244678489e+00
8.7347720302e-01   1.3869659542e+00   1.0302162318e+00
8.4803913940e-01   1.3683973976e+00   1.0356120064e+00
8.2463317832e-01   1.3469529631e+00   1.0406130049e+00
8.0329898255e-01   1.3230314807e+00   1.0451838177e+00
7.8404763374e-01   1.2970335864e+00   1.0492958013e+00
7.6686746546e-01   1.2693521846e+00   1.0529269251e+00
7.5172937912e-01   1.2403647676e+00   1.0560614866e+00
7.3859152426e-01   1.2104275578e+00   1.0586897261e+00
7.2740329553e-01   1.1798713467e+00   1.0608073697e+00
7.1810865029e-01   1.1489988463e+00   1.0624151277e+00
7.1064878604e-01   1.1180833373e+00   1.0635181688e+00
7.0496423752e-01   1.0873683874e+00   1.0641255912e+00
7.0099646369e-01   1.0570684228e+00   1.0642499037e+00
6.9868899685e-01   1.0273699499e+00   1.0639065296e+00
6.9798822335e-01   9.9843324952e-01   1.0631133406e+00
6.9884385880e-01   9.7039439009e-01   1.0618902273e+00
7.0120917327e-01   9.4336743399e-01   1.0602587091e+00
7.0504101328e-01   9.1744673486e-01   1.0582415852e+00
7.1029965904e-01   8.9270924694e-01   1.0558626269e+00
7.1694854805e-01   8.6921678671e-01   1.0531463101e+00
7.2495388896e-01   8.4701820406e-01   1.0501175869e+00
7.3428418393e-01   8.2615143384e-01   1.0468016923e+00
7.4490967242e-01   8.0664540988e-01   1.0432239864e+00
7.5680170535e-01   7.8852183184e-01   1.0394098259e+00
7.6993205527e-01   7.7179678228e-01   1.0353844655e+00
7.8427216534e-01   7.5648219554e-01   1.0311729830e+00
7.9979233804e-01   7.4258718336e-01   1.0268002291e+00
8.1646086344e-01   7.3011922407e-01   1.0222907958e+00
8.3424308580e-01   7.1908522292e-01   1.0176690039e+00
8.5310040741e-01   7.0949245087e-01   1.0129589056e+00
8.7298922903e-01   7.0134936838e-01   1.0081843009e+00
8.9385982758e-01   6.9466633887e-01   1.0033687657e+00
9.1565517369e-01   6.8945623445e-01   9.9853568987e-01
9.3830969473e-01   6.8573493336e-01   9.9370832258e-01
9.6174799269e-01   6.8352170524e-01   9.8890982474e-01
9.8588353163e-01   6.8283947594e-01   9.8416332503e-01
1.0106173157e+00   6.8371495898e-01   9.7949197836e-01
1.0358365863e+00   6.8617863551e-01   9.7491902432e-01
1.0614135778e+00   6.9026455842e-01   9.7046784302e-01
1.0872043791e+00   6.9600995048e-01   9.6616200556e-01
1.1130479657e+00   7.0345455986e-01   9.6202531552e-01
1.1387654753e+00   7.1263973033e-01   9.5808183774e-01
1.1641598187e+00   7.2360713889e-01   9.5435590968e-01
1.1890157292e+00   7.3639714985e-01   9.5087213006e-01
1.2131003677e+00   7.5104673490e-01   9.4765531886e-01
1.2361646089e+00   7.6758691281e-01   9.4473044196e-01
1.2579451379e+00   7.8603967371e-01   9.4212249326e-01
1.2781674802e+00   8.0641437184e-01   9.3985632675e-01
1.2965500696e+00   8.2870360109e-01   9.3795643117e-01
1.3128094278e+00   8.5287860827e-01   9.3644664038e-01
1.3266664714e+00   8.7888435673e-01   9.3534977425e-01
1.3378538957e+00   9.0663441566e-01   9.3468720684e-01
1.3461244878e+00   9.3600593045e-01   9.3447836216e-01
1.3512601128e+00   9.6683500637e-01   9.3474014256e-01
1.3530810012e+00   9.9891291217e-01   9.3548630005e-01
1.3514548478e+00   1.0319835640e+00   9.3672676787e-01
1.3463051420e+00   1.0657427714e+00   9.3846697641e-01
1.3376180885e+00   1.0998396993e+00   9.4070718484e-01
1.3254474841e+00   1.1338809129e+00   9.4344186541e-01
1.3099169811e+00   1.1674372199e+00   9.4665918173e-01
1.2912193222e+00   1.2000533085e+00   9.5034060325e-01
1.2696123497e+00   1.2312599222e+00   9.5446069550e-01
1.2454118495e+00   1.2605880466e+00   9.5898711901e-01
1.2189815867e+00   1.2875843280e+00   9.6388085925e-01
1.1907211442e+00   1.3118267608e+00   9.6909669552e-01
1.1610523798e+00   1.3329395923e+00   9.7458390146e-01
1.1304054257e+00   1.3506064192e+00   9.8028715310e-01
1.0992051620e+00   1.3645805930e+00   9.8614760609e-01
1.0678589944e+00   1.3746922916e+00   9.9210409251e-01
1.0367465877e+00   1.3808519175e+00   9.9809438042e-01
1.0062119759e+00   1.3830498021e+00   1.0040564377e+00
9.7655822007e-01   1.3813524956e+00   1.0099296445e+00
9.4804456351e-01   1.3758961568e+00   1.0156559065e+00
9.2088584638e-01   1.3668777180e+00   1.0211806287e+00
8.9525381789e-01   1.3545445707e+00   1.0264535265e+00
8.7127991803e-01   1.3391835124e+00   1.0314292557e+00
8.4905908756e-01   1.3211096232e+00   1.0360678605e+00
8.2865419435e-01   1.3006556298e+00   1.0403350456e+00
8.1010072007e-01   1.2781621803e+00   1.0442022846e+00
7.9341142206e-01   1.2539693150e+00   1.0476467857e+00
7.7858075851e-01   1.2284092912e+00   1.0506513356e+00
7.6558893420e-01   1.2018008142e+00   1.0532040455e+00
7.5440548312e-01   1.1744446371e+00   1.0552980219e+00
7.4499235167e-01   1.1466204344e+00   1.0569309850e+00
7.3730648181e-01   1.1185848121e+00   1.0581048530e+00
7.3130191784e-01   1.0905702967e+00   1.0588253099e+00
7.2693147584e-01   1.0627851394e+00   1.0591013709e+00
7.2414802276e-01   1.0354137737e+00   1.0589449566e+00
7.2290541478e-01   1.0086177788e+00   1.0583704859e+00
7.2315914321e-01   9.8253721658e-01   1.0573944917e+00
7.2486673300e-01   9.5729222472e-01   1.0560352669e+00
7.2798793352e-01   9.3298477293e-01   1.0543125412e+00
7.3248473614e-01   9.0970050128e-01   1.0522471911e+00
7.3832124746e-01   8.8751057960e-01   1.0498609831e+00
7.4546344155e-01   8.6647353991e-01   1.0471763499e+00
7.5387880998e-01   8.4663704669e-01   1.0442161973e+00
7.6353592406e-01   8.2803957988e-01   1.0410037422e+00
7.7440392003e-01   8.1071201433e-01   1.0375623768e+00
7.8645191509e-01   7.9467908569e-01   1.0339155601e+00
7.9964835957e-01   7.7996073803e-01   1.0300867319e+00
8.1396032915e-01   7.6657335203e-01   1.0260992485e+00
8.2935275926e-01   7.5453085499e-01   1.0219763375e+00
8.4578762375e-01   7.4384571530e-01   1.0177410697e+00
8.6322305942e-01   7.3452982466e-01   1.0134163457e+00
8.8161243878e-01   7.2659527076e-01   1.0090248958e+00
9.0090339458e-01   7.2005500240e-01   1.0045892913e+00
9.2103680140e-01   7.1492338715e-01   1.0001319643e+00
9.4194572236e-01   7.1121665972e-01   9.9567523594e-01
9.6355433265e-01   7.0895325618e-01   9.9124134951e-01
9.8577683575e-01   7.0815402625e-01   9.8685250794e-01
1.0085163941e+00   7.0884231195e-01   9.8253091250e-01
1.0316641020e+00   7.1104387703e-01   9.7829880118e-01
1.0550980373e+00   7.1478666730e-01   9.7417848411e-01
1.0786824353e+00   7.2010037754e-01   9.7019237317e-01
1.1022670400e+00   7.2701579672e-01   9.6636300280e-01
1.1256866957e+00   7.3556389971e-01   9.6271303829e-01
1.1487612545e+00   7.4577465116e-01   9.5926526781e-01
1.1712958813e+00   7.5767548723e-01   9.5604257339e-01
1.1930818476e+00   7.7128944296e-01   9.5306787619e-01
1.2138979073e+00   7.8663289955e-01   9.5036405051e-01
1.2335123483e+00   8.0371293768e-01   9.4795380122e-01
1.2516858001e+00   8.2252430067e-01   9.4585949892e-01
1.2681748652e+00   8.4304599728e-01   9.4410296767e-01
1.2827366053e+00   8.6523760798e-01   9.4270522087e-01
1.2951338746e+00   8.8903540071e-01   9.4168614233e-01
1.3051414317e+00   9.1434841115e-01   9.4106411137e-01
1.3051526083e+00   9.1438170164e-01   9.4106357740e-01
1.3052641407e+00   9.1471473207e-01   9.4105827485e-01
1.3063560036e+00   9.1805752694e-01   9.4100897722e-01
1.3133834065e+00   9.4494974499e-01   9.4086033144e-01
1.3176106349e+00   9.7305389175e-01   9.4114098243e-01
1.3188953815e+00   1.0021714973e+00   9.4186158075e-01
1.3171365065e+00   1.0320656422e+00   9.4302923335e-01
1.3122802841e+00   1.0624611168e+00   9.4464696113e-01
1.3043254378e+00   1.0930463509e+00   9.4671318057e-01
1.2933265127e+00   1.1234773367e+00   9.4922123886e-01
1.2793952010e+00   1.1533836523e+00   9.5215903326e-01
1.2626993496e+00   1.1823765297e+00   9.5550874600e-01
1.2434595394e+00   1.2100587343e+00   9.5924672305e-01
1.2219433120e+00   1.2360358338e+00   9.6334351944e-01
1.1984573200e+00   1.2599282735e+00   9.6776412603e-01
1.1733378502e+00   1.2813835488e+00   9.7246838173e-01
1.1469402780e+00   1.3000877529e+00   9.7741156438e-01
1.1196282165e+00   1.3157756563e+00   9.8254514130e-01
1.0917628740e+00   1.3282388567e+00   9.8781765004e-01
1.0636933519e+00   1.3373313881e+00   9.9317567290e-01
1.0357483169e+00   1.3429725935e+00   9.9856486210e-01
1.0082293904e+00   1.3451472113e+00   1.0039309720e+00
9.8140641683e-01   1.3439028488e+00   1.0092208559e+00
9.5551461573e-01   1.3393451879e+00   1.0143833898e+00
9.3075348461e-01   1.3316313923e+00   1.0193702932e+00
9.0728722151e-01   1.3209622485e+00   1.0241368239e+00
8.8524637581e-01   1.3075735846e+00   1.0286423339e+00
8.6473041307e-01   1.2917274741e+00   1.0328506813e+00
8.4581088810e-01   1.2737036636e+00   1.0367305003e+00
8.2853495023e-01   1.2537915724e+00   1.0402553382e+00
8.1292894929e-01   1.2322831176e+00   1.0434036724e+00
7.9900195992e-01   1.2094665229e+00   1.0461588230e+00
7.8674909156e-01   1.1856211881e+00   1.0485087789e+00
7.7615449598e-01   1.1610136240e+00   1.0504459558e+00
7.6719402243e-01   1.1358944093e+00   1.0519669024e+00
7.5983750028e-01   1.1104960828e+00   1.0530719712e+00
7.5405065169e-01   1.0850318655e+00   1.0537649688e+00
7.4979665218e-01   1.0596950937e+00   1.0540527975e+00
7.4703736666e-01   1.0346592416e+00   1.0539450976e+00
7.4573429348e-01   1.0100784162e+00   1.0534539005e+00
7.4584925087e-01   9.8608821849e-01   1.0525932971e+00
7.4734483921e-01   9.6280687268e-01   1.0513791272e+00
7.5018471024e-01   9.4033654142e-01   1.0498286925e+00
7.5433367129e-01   9.1876475691e-01   1.0479604963e+00
7.5975764865e-01   8.9816591004e-01   1.0457940087e+00
7.6642353072e-01   8.7860275197e-01   1.0433494596e+00
7.7429890796e-01   8.6012787236e-01   1.0406476579e+00
7.8335172331e-01   8.4278512756e-01   1.0377098360e+00
7.9354984416e-01   8.2661099930e-01   1.0345575182e+00
8.0486056423e-01   8.1163587042e-01   1.0312124119e+00
8.1725004225e-01   7.9788520910e-01   1.0276963195e+00
8.3068268256e-01   7.8538065630e-01   1.0240310692e+00
8.4512046201e-01   7.7414101389e-01   1.0202384628e+00
8.6052220716e-01   7.6418313222e-01   1.0163402395e+00
8.7684282573e-01   7.5552269712e-01   1.0123580524e+00
8.9403249722e-01   7.4817491568e-01   1.0083134577e+00
9.1203582846e-01   7.4215510034e-01   1.0042279130e+00
9.3079098212e-01   7.3747914905e-01   1.0001227847e+00
9.5022878842e-01   7.3416391793e-01   9.9601936123e-01
9.7027185382e-01   7.3222748077e-01   9.9193887153e-01
9.9083368417e-01   7.3168926707e-01   9.8790250601e-01
1.0118178448e+00   7.3257006784e-01   9.8393143845e-01
1.0331171857e+00   7.3489189522e-01   9.8004684643e-01
1.0546131655e+00   7.3867767918e-01   9.7626992817e-01
1.0761753163e+00   7.4395078179e-01   9.7262191286e-01
1.0976608957e+00   7.5073430715e-01   9.6912406182e-01
1.1189147838e+00   7.5905018382e-01   9.6579765716e-01
1.1397696839e+00   7.6891799640e-01   9.6266397447e-01
1.1600466960e+00   7.8035354469e-01   9.5974423572e-01
1.1795563302e+00   7.9336711380e-01   9.5705953823e-01
1.1981000306e+00   8.0796144611e-01   9.5463075570e-01
1.2154722702e+00   8.2412941873e-01   9.5247840688e-01
1.2314632688e+00   8.4185144721e-01   9.5062248814e-01
1.2458623631e+00   8.6109265905e-01   9.4908226644e-01
1.2584620327e+00   8.8179990911e-01   9.4787603038e-01
1.2690625440e+00   9.0389874183e-01   9.4702079810e-01
1.2774771310e+00   9.2729044198e-01   9.4653198317e-01
1.2835375750e+00   9.5184935266e-01   9.4642302164e-01
1.2870999892e+00   9.7742067206e-01   9.4670496677e-01
1.2880505591e+00   1.0038189661e+00   9.4738606102e-01
1.2863109370e+00   1.0308276442e+00   9.4847129883e-01
1.2818429629e+00   1.0581996343e+00   9.4996199711e-01
1.2746523679e+00   1.0856594578e+00   9.5185539344e-01
1.2647911420e+00   1.1129068394e+00   9.5414429465e-01
1.2523583004e+00   1.1396218959e+00   9.5681679909e-01
1.2374988706e+00   1.1654718298e+00   9.5985611562e-01
1.2204010377e+00   1.1901189295e+00   9.6324049984e-01
1.2012915199e+00   1.2132295450e+00   9.6694332350e-01
1.1804293809e+00   1.2344836014e+00   9.7093328696e-01
1.1580986105e+00   1.2535841325e+00   9.7517477686e-01
1.1345998991e+00   1.2702662835e+00   9.7962836274e-01
1.1102420845e+00   1.2843052523e+00   9.8425141808e-01
1.0853337582e+00   1.2955227068e+00   9.8899884362e-01
1.0601754784e+00   1.3037913330e+00   9.9382386483e-01
1.0350529598e+00   1.3090373109e+00   9.9867887165e-01
1.0102315050e+00   1.3112406699e+00   1.0035162671e+00
9.8595182715e-01   1.3104336283e+00   1.0082892923e+00
9.6242729792e-01   1.3066971451e+00   1.0129527986e+00
9.3984255534e-01   1.3001560111e+00   1.0174639426e+00
9.1835332774e-01   1.2909728597e+00   1.0217827850e+00
8.9808727826e-01   1.2793414984e+00   1.0258727814e+00
8.7914564797e-01   1.2654799454e+00   1.0297011598e+00
8.6160547183e-01   1.2496235167e+00   1.0332391833e+00
8.4552215602e-01   1.2320182467e+00   1.0364623044e+00
8.3093223055e-01   1.2129148636e+00   1.0393502184e+00
8.1785612417e-01   1.1925634680e+00   1.0418868282e+00
8.0630084255e-01   1.1712090038e+00   1.0440601330e+00
7.9626246442e-01   1.1490875514e+00   1.0458620547e+00
7.8772839952e-01   1.1264234328e+00   1.0472882159e+00
7.8067937735e-01   1.1034270814e+00   1.0483376826e+00
7.7509115500e-01   1.0802936080e+00   1.0490126831e+00
7.7093594697e-01   1.0572019790e+00   1.0493183142e+00
7.6818359020e-01   1.0343147181e+00   1.0492622429e+00
7.6680246354e-01   1.0117780421e+00   1.0488544121e+00
7.6676018442e-01   9.8972234235e-01   1.0481067558e+00
7.6802410680e-01   9.6826293602e-01   1.0470329277e+00
7.7056164369e-01   9.4750101375e-01   1.0456480478e+00
7.7434043648e-01   9.2752472386e-01   1.0439684692e+00
7.7932839067e-01   9.0841034069e-01   1.0420115650e+00
7.8549359590e-01   8.9022347422e-01   1.0397955380e+00
7.9280414507e-01   8.7302028641e-01   1.0373392514e+00
8.0122786541e-01   8.5684868695e-01   1.0346620818e+00
8.1073197216e-01   8.4174948741e-01   1.0317837916e+00
8.2128265367e-01   8.2775749821e-01   1.0287244220e+00
8.3284459535e-01   8.1490255694e-01   1.0255042034e+00
8.4538044886e-01   8.0321048005e-01   1.0221434828e+00
8.5885025217e-01   7.9270393227e-01   1.0186626664e+00
8.7321080609e-01   7.8340320984e-01   1.0150821763e+00
8.8841501296e-01   7.7532693468e-01   1.0114224186e+00
9.0441118391e-01   7.6849265677e-01   1.0077037625e+00
9.2114232245e-01   7.6291736205e-01   1.0039465290e+00
9.3854539372e-01   7.5861788215e-01   1.0001709851e+00
9.5655059105e-01   7.5561120145e-01   9.9639734560e-01
9.7508061456e-01   7.5391465537e-01   9.9264577779e-01
9.9404997947e-01   7.5354601190e-01   9.8893640825e-01
1.0133643764e+00   7.5452342687e-01   9.8528933012e-01
1.0329201096e+00   7.5686526119e-01   9.8172460842e-01
1.0526036455e+00   7.6058974663e-01   9.7826228127e-01
1.0722913058e+00   7.6571448524e-01   9.7492235459e-01
1.0918491492e+00   7.7225576658e-01   9.7172478781e-01
1.1111330854e+00   7.8022768699e-01   9.6868946762e-01
1.1299892723e+00   7.8964105652e-01   9.6583616684e-01
1.1482548471e+00   8.0050208239e-01   9.6318448525e-01
1.1657590443e+00   8.1281082325e-01   9.6075376909e-01
1.1823247458e+00   8.2655941686e-01   9.5856300612e-01
1.1977705059e+00   8.4173009575e-01   9.5663069305e-01
1.2119130765e+00   8.5829302034e-01   9.5497467281e-01
1.2245704419e+00   8.7620397834e-01   9.5361193958e-01
1.2355653464e+00   8.9540202177e-01   9.5255841058e-01
1.2447292666e+00   9.1580713749e-01   9.5182866481e-01
1.2519067439e+00   9.3731807357e-01   9.5143565075e-01
1.2569599524e+00   9.5981046839e-01   9.5139036703e-01
1.2597733349e+00   9.8313544816e-01   9.5170152242e-01
1.2602581055e+00   1.0071188727e+00   9.5237518416e-01
1.2583563832e+00   1.0315614064e+00   9.5341442621e-01
1.2540447073e+00   1.0562395768e+00   9.5481899158e-01
1.2473366855e+00   1.0809079476e+00   9.5658498486e-01
1.2382845498e+00   1.1053024787e+00   9.5870461241e-01
1.2269794411e+00   1.1291450739e+00   9.6116598800e-01
1.2135503108e+00   1.1521492319e+00   9.6395302089e-01
1.1981614171e+00   1.1740266230e+00   9.6704540069e-01
1.1810084847e+00   1.1944943297e+00   9.7041869017e-01
1.1623136962e+00   1.2132824103e+00   9.7404453196e-01
1.1423197671e+00   1.2301414012e+00   9.7789096945e-01
1.1212834200e+00   1.2448493519e+00   9.8192287605e-01
1.0994686108e+00   1.2572180064e+00   9.8610248073e-01
1.0771398641e+00   1.2670977981e+00   9.9038997257e-01
1.0545560465e+00   1.2743814069e+00   9.9474416245e-01
1.0319648544e+00   1.2790057305e+00   9.9912317749e-01
1.0095982214e+00   1.2809522314e+00   1.0034851626e+00
9.8766876581e-01   1.2802457275e+00   1.0077889645e+00
9.6636732097e-01   1.2769517901e+00   1.0119947747e+00
9.4586151564e-01   1.2711729784e+00   1.0160647134e+00
9.2629531369e-01   1.2630441914e+00   1.0199633383e+00
9.0778938010e-01   1.2527274301e+00   1.0236580685e+00
8.9044211635e-01   1.2404062620e+00   1.0271195175e+00
8.7433120003e-01   1.2262802535e+00   1.0303217354e+00
8.5951546874e-01   1.2105595966e+00   1.0332423613e+00
8.4603700348e-01   1.1934601101e+00   1.0358626931e+00
8.3392328722e-01   1.1751987480e+00   1.0381676825e+00
8.2318933849e-01   1.1559896980e+00   1.0401458646e+00
8.1383974342e-01   1.1360411120e+00   1.0417892331e+00
8.0587053216e-01   1.1155524756e+00   1.0430930720e+00
7.9927086515e-01   1.0947125917e+00   1.0440557529e+00
7.9402451044e-01   1.0736981379e+00   1.0446785104e+00
7.9011110650e-01   1.0526727383e+00   1.0449652005e+00
7.8750721372e-01   1.0317864859e+00   1.0449220541e+00
7.8618716477e-01   1.0111758470e+00   1.0445574283e+00
7.8612372764e-01   9.9096388089e-01   1.0438815636e+00
7.8728859776e-01   9.7126071141e-01   1.0429063498e+00
7.8965273598e-01   9.5216419106e-01   1.0416451050e+00
7.9318656923e-01   9.3376070676e-01   1.0401123684e+00
7.9786006946e-01   9.1612608155e-01   1.0383237112e+00
8.0364272533e-01   8.9932653388e-01   1.0362955635e+00
8.1050341937e-01   8.8341966268e-01   1.0340450595e+00
8.1841022219e-01   8.6845543198e-01   1.0315899012e+00
8.2733011330e-01   8.5447713433e-01   1.0289482375e+00
8.3722863734e-01   8.4152231661e-01   1.0261385622e+00
8.4806950337e-01   8.2962365548e-01   1.0231796254e+00
8.5981413409e-01   8.1880977279e-01   1.0200903610e+00
8.7242117152e-01   8.0910598355e-01   1.0168898264e+00
8.8584594579e-01   8.0053497051e-01   1.0135971550e+00
9.0003991377e-01   7.9311738075e-01   1.0102315186e+00
9.1495007539e-01   7.8687233983e-01   1.0068120995e+00
9.3051837627e-01   7.8181787939e-01   1.0033580701e+00
9.4668110722e-01   7.7797127360e-01   9.9988857879e-01
9.6336831296e-01   7.7534927913e-01   9.9642274072e-01
9.8050322506e-01   7.7396827265e-01   9.9297963125e-01
9.9800173680e-01   7.7384427837e-01   9.8957828123e-01
1.0157719409e+00   7.7499287730e-01   9.8623767155e-01
1.0337137548e+00   7.7742898878e-01   9.8297672561e-01
1.0517186613e+00   7.8116651365e-01   9.7981429728e-01
1.0696695966e+00   7.8621782850e-01   9.7676915245e-01
1.0874410203e+00   7.9259312020e-01   9.7385994182e-01
1.1048992054e+00   8.0029955124e-01   9.7110516238e-01
1.1219027864e+00   8.0934024884e-01   9.6852310527e-01
1.1383036063e+00   8.1971311458e-01   9.6613178731e-01
1.1539478962e+00   8.3140945750e-01   9.6394886375e-01
1.1686778214e+00   8.4441246150e-01   9.6199151985e-01
1.1823334153e+00   8.5869550869e-01   9.6027633922e-01
1.1947549113e+00   8.7422039353e-01   9.5881914725e-01
1.2057854652e+00   8.9093547791e-01   9.5763482875e-01
1.2152742400e+00   9.0877385512e-01   9.5673711973e-01
1.2230797977e+00   9.2765160837e-01   9.5613837460e-01
1.2290737170e+00   9.4746626810e-01   9.5584931119e-01
1.2331443233e+00   9.6809558609e-01   9.5587873835e-01
1.2352003903e+00   9.8939675717e-01   9.5623327180e-01
1.2351746493e+00   1.0112062200e+00   9.5691704684e-01
1.2330269211e+00   1.0333401634e+00   9.5793143766e-01
1.2287466860e+00   1.0555958442e+00   9.5927479506e-01
1.2223549083e+00   1.0777537928e+00   9.6094221561e-01
1.2139049610e+00   1.0995809340e+00   9.6292535561e-01
1.2034825327e+00   1.1208345983e+00   9.6521230350e-01
1.1912044536e+00   1.1412673327e+00   9.6778752275e-01
1.1772164420e+00   1.1606323556e+00   9.7063187568e-01
1.1616898424e+00   1.1786894411e+00   9.7372273508e-01
1.1448174935e+00   1.1952109698e+00   9.7703418719e-01
1.1268089214e+00   1.2099878513e+00   9.8053732475e-01
1.1078850997e+00   1.2228350218e+00   9.8420062451e-01
1.0882730376e+00   1.2335962328e+00   9.8799039902e-01
1.0682004603e+00   1.2421478928e+00   9.9187130865e-01
1.0478908253e+00   1.2484017829e+00   9.9580691666e-01
1.0275588791e+00   1.2523065423e+00   9.9976026837e-01
1.0074069080e+00   1.2538478990e+00   1.0036944746e+00
9.8762177912e-01   1.2530476975e+00   1.0075732800e+00
9.6837280885e-01   1.2499618425e+00   1.0113615992e+00
9.4981044282e-01   1.2446773296e+00   1.0150260052e+00
9.3206568867e-01   1.2373085676e+00   1.0185351580e+00
9.1525020916e-01   1.2279932137e+00   1.0218601660e+00
8.9945696358e-01   1.2168877413e+00   1.0249748743e+00
8.8476127664e-01   1.2041629425e+00   1.0278560795e+00
8.7122221471e-01   1.1899995450e+00   1.0304836712e+00
8.5888415777e-01   1.1745840882e+00   1.0328407065e+00
8.4777846871e-01   1.1581051666e+00   1.0349134205e+00
8.3792517792e-01   1.1407501184e+00   1.0366911831e+00
8.2933461793e-01   1.1227021986e+00   1.0381664076e+00
8.2200895957e-01   1.1041382536e+00   1.0393344221e+00
8.1594361587e-01   1.0852268868e+00   1.0401933094e+00
8.1112849286e-01   1.0661270904e+00   1.0407437252e+00
8.0754907667e-01   1.0469873030e+00   1.0409887012e+00
8.0518735486e-01   1.0279448486e+00   1.0409334397e+00
8.0402257540e-01   1.0091257034e+00   1.0405851053e+00
8.0403185131e-01   9.9064454056e-01   1.0399526181e+00
8.0519062125e-01   9.7260500257e-01   1.0390464529e+00
8.0747297781e-01   9.5510015217e-01   1.0378784477e+00
8.1085187594e-01   9.3821306075e-01   1.0364616222e+00
8.1529923337e-01   9.2201749469e-01   1.0348100098e+00
8.2078593472e-01   9.0657866653e-01   1.0329385036e+00
8.2728174987e-01   8.9195402252e-01   1.0308627160e+00
8.3475517653e-01   8.7819404258e-01   1.0285988532e+00
8.4317321572e-01   8.6534303289e-01   1.0261636045e+00
8.5250108846e-01   8.5343989506e-01   1.0235740447e+00
8.6270190111e-01   8.4251885888e-01   1.0208475499e+00
8.7373626653e-01   8.3261016815e-01   1.0180017261e+00
8.8556188809e-01   8.2374071128e-01   1.0150543484e+00
8.9813311356e-01   8.1593458952e-01   1.0120233110e+00
9.1140046678e-01   8.0921361715e-01   1.0089265860e+00
9.2531016514e-01   8.0359774814e-01   1.0057821902e+00
9.3980363272e-01   7.9910542427e-01   1.0026081583e+00
9.5481701976e-01   7.9575383958e-01   9.9942252114e-01
9.7028074138e-01   7.9355911565e-01   9.9624328839e-01
9.8611905019e-01   7.9253638185e-01   9.9308843243e-01
1.0022496598e+00   7.9269975384e-01   9.8997587380e-01
1.0185834394e+00   7.9406220358e-01   9.8692346534e-01
1.0350242002e+00   7.9663531313e-01   9.8394897371e-01
1.0514686009e+00   8.0042890476e-01   9.8107005649e-01
1.0678061962e+00   8.0545054028e-01   9.7830423278e-01
1.0839196603e+00   8.1170488321e-01   9.7566884556e-01
1.0996852129e+00   8.1919291967e-01   9.7318101352e-01
1.1149732783e+00   8.2791103652e-01   9.7085757050e-01
1.1296494066e+00   8.3784996002e-01   9.6871499046e-01
1.1435754793e+00   8.4899356372e-01   9.6676929609e-01
1.1566112197e+00   8.6131756233e-01   9.6503594945e-01
1.1686160151e+00   8.7478811735e-01   9.6352972332e-01
1.1794510508e+00   8.8936039141e-01   9.6226455242e-01
1.1889817349e+00   9.0497710039e-01   9.6125336441e-01
1.1970803807e+00   9.2156712559e-01   9.6050789147e-01
1.2036290889e+00   9.3904426079e-01   9.6003846419e-01
1.2085227534e+00   9.5730618091e-01   9.5985379078e-01
1.2116720897e+00   9.7623372652e-01   9.5996072609e-01
1.2130065697e+00   9.9569060384e-01   9.6036403619e-01
1.2124771289e+00   1.0155235957e+00   9.6106616581e-01
1.2100585053e+00   1.0355633702e+00   9.6206701718e-01
1.2057510693e+00   1.0556259523e+00   9.6336375000e-01
1.1995820161e+00   1.0755148981e+00   9.6495061274e-01
1.1916058143e+00   1.0950241717e+00   9.6681881578e-01
1.1819038366e+00   1.1139416814e+00   9.6895645647e-01
1.1705831428e+00   1.1320533875e+00   9.7134850471e-01
1.1577744337e+00   1.1491478453e+00   9.7397685612e-01
1.1436292429e+00   1.1650210066e+00   9.7682045724e-01
1.1283164825e+00   1.1794810749e+00   9.7985550385e-01
1.1120185001e+00   1.1923531893e+00   9.8305571062e-01
1.0949268286e+00   1.2034837172e+00   9.8639264648e-01
1.0772378295e+00   1.2127439479e+00   9.8983612698e-01
1.0591484231e+00   1.2200330180e+00   9.9335465207e-01
1.0408520885e+00   1.2252799419e+00   9.9691587572e-01
1.0225352834e+00   1.2284446788e+00   1.0004870923e+00
1.0043743986e+00   1.2295182221e+00   1.0040357241e+00
9.8653331989e-01   1.2285217552e+00   1.0075297960e+00
9.6916162829e-01   1.2255049647e+00   1.0109383821e+00
9.5239343000e-01   1.2205436398e+00   1.0142320141e+00
9.3634677646e-01   1.2137367120e+00   1.0173830412e+00
9.2112360905e-01   1.2052029021e+00   1.0203659355e+00
9.0681014759e-01   1.1950771403e+00   1.0231575387e+00
8.9347763337e-01   1.1835069164e+00   1.0257372478e+00
8.8118333657e-01   1.1706486974e+00   1.0280871430e+00
8.6997174245e-01   1.1566645295e+00   1.0301920584e+00
8.5987583931e-01   1.1417189119e+00   1.0320396010e+00
8.5091844219e-01   1.1259760077e+00   1.0336201237e+00
8.4311349824e-01   1.1095972296e+00   1.0349266582e+00
8.3646733205e-01   1.0927392192e+00   1.0359548145e+00
8.3097980014e-01   1.0755522182e+00   1.0367026534e+00
8.2664533393e-01   1.0581788157e+00   1.0371705397e+00
8.2345385910e-01   1.0407530465e+00   1.0373609792e+00
8.2139158569e-01   1.0233998060e+00   1.0372784486e+00
8.2044166882e-01   1.0062345440e+00   1.0369292200e+00
8.2058474364e-01   9.8936319806e-01   1.0363211858e+00
8.2179934073e-01   9.7288232618e-01   1.0354636865e+00
8.2406218989e-01   9.5687940186e-01   1.0343673452e+00
8.2734842113e-01   9.4143323514e-01   1.0330439094e+00
8.3163167201e-01   9.2661448823e-01   1.0315061032e+00
8.3688411044e-01   9.1248625701e-01   1.0297674904e+00
8.4307638166e-01   8.9910469348e-01   1.0278423484e+00
8.5017748781e-01   8.8651964797e-01   1.0257455547e+00
8.5815460812e-01   8.7477531275e-01   1.0234924845e+00
8.6697286701e-01   8.6391085208e-01   1.0210989206e+00
8.7659505747e-01   8.5396100600e-01   1.0185809731e+00
8.8698132689e-01   8.4495665730e-01   1.0159550109e+00
8.9808883237e-01   8.3692535295e-01   1.0132376012e+00
9.0987137313e-01   8.2989177264e-01   1.0104454589e+00
9.2227900787e-01   8.2387813770e-01   1.0075954028e+00
9.3525766594e-01   8.1890455493e-01   1.0047043187e+00
9.4874876208e-01   8.1498928966e-01   1.0017891279e+00
9.6268882572e-01   8.1214896275e-01   9.9886675932e-01
9.7700915748e-01   8.1039866635e-01   9.9595412530e-01
9.9163552695e-01   8.0975199280e-01   9.9306809819e-01
1.0064879278e+00   8.1022097126e-01   9.9022548747e-01
1.0214804084e+00   8.1181590635e-01   9.8744301527e-01
1.0365209967e+00   8.1454511345e-01   9.8473728908e-01
1.0515117419e+00   8.1841454557e-01   9.8212476986e-01
1.0663488950e+00   8.2342730792e-01   9.7962173408e-01
1.0809232503e+00   8.2958305766e-01   9.7724422782e-01
1.0951206730e+00   8.3687728867e-01   9.7500801143e-01
1.1088228327e+00   8.4530050476e-01   9.7292849309e-01
1.1219081623e+00   8.5483728861e-01   9.7102064968e-01
1.1342530577e+00   8.6546527990e-01   9.6929893380e-01
1.1457333247e+00   8.7715408237e-01   9.6777716565e-01
1.1562258734e+00   8.8986412765e-01   9.6646840942e-01
1.1656106488e+00   9.0354553263e-01   9.6538483373e-01
1.1737727724e+00   9.1813699624e-01   9.6453755677e-01
1.1806048564e+00   9.3356479111e-01   9.6393647747e-01
1.1860094356e+00   9.4974191393e-01   9.6359009466e-01
1.1899014452e+00   9.6656746438e-01   9.6350531763e-01
1.1922106610e+00   9.8392632758e-01   9.6368727221e-01
1.1928840026e+00   1.0016892327e+00   9.6413910781e-01
1.1918875938e+00   1.0197132560e+00   9.6486181165e-01
1.1892084745e+00   1.0378428237e+00   9.6585403765e-01
1.1848558576e+00   1.0559112524e+00   9.6711195751e-01
1.1788618431e+00   1.0737428400e+00   9.6862914246e-01
1.1712815173e+00   1.0911554899e+00   9.7039648337e-01
1.1621923961e+00   1.1079638174e+00   9.7240215670e-01
1.1516932027e+00   1.1239826557e+00   9.7463164243e-01
1.1399020071e+00   1.1390308415e+00   9.7706779848e-01
1.1269537921e+00   1.1529351400e+00   9.7969099396e-01
1.1129975423e+00   1.1655341441e+00   9.8247930132e-01
1.0981929809e+00   1.1766819801e+00   9.8540874473e-01
1.0827070967e+00   1.1862516533e+00   9.8845359951e-01
1.0667106124e+00   1.1941378838e+00   9.9158673505e-01
1.0663990662e+00   1.1942724876e+00   9.9164767781e-01
