X    Y
0.0000000000e+00   4.0000000000e-01
2.7397260274e-03   4.0171625311e-01
5.4794520548e-03   4.0344588598e-01
8.2191780822e-03   4.0518897643e-01
1.0958904110e-02   4.0694560210e-01
1.3698630137e-02   4.0871584054e-01
1.6438356164e-02   4.1049976914e-01
1.9178082192e-02   4.1229746514e-01
2.1917808219e-02   4.1410900564e-01
2.4657534247e-02   4.1593446754e-01
2.7397260274e-02   4.1777392756e-01
3.0136986301e-02   4.1962746221e-01
3.2876712329e-02   4.2149514775e-01
3.5616438356e-02   4.2337706023e-01
3.8356164384e-02   4.2527327541e-01
4.1095890411e-02   4.2718386878e-01
4.3835616438e-02   4.2910891554e-01
4.6575342466e-02   4.3104849056e-01
4.9315068493e-02   4.3300266837e-01
5.2054794521e-02   4.3497152317e-01
5.4794520548e-02   4.3695512877e-01
5.7534246575e-02   4.3895355857e-01
6.0273972603e-02   4.4096688559e-01
6.3013698630e-02   4.4299518238e-01
6.5753424658e-02   4.4503852106e-01
6.8493150685e-02   4.4709697325e-01
7.1232876712e-02   4.4917061009e-01
7.3972602740e-02   4.5125950219e-01
7.6712328767e-02   4.5336371961e-01
7.9452054795e-02   4.5548333184e-01
8.2191780822e-02   4.5761840780e-01
8.4931506849e-02   4.5976901577e-01
8.7671232877e-02   4.6193522341e-01
9.0410958904e-02   4.6411709770e-01
9.3150684932e-02   4.6631470495e-01
9.5890410959e-02   4.6852811073e-01
9.8630136986e-02   4.7075737990e-01
1.0136986301e-01   4.7300257653e-01
1.0410958904e-01   4.7526376391e-01
1.0684931507e-01   4.7754100452e-01
1.0958904110e-01   4.7983435997e-01
1.1232876712e-01   4.8214389101e-01
1.1506849315e-01   4.8446965749e-01
1.1780821918e-01   4.8681171832e-01
1.2054794521e-01   4.8917013146e-01
1.2328767123e-01   4.9154495387e-01
1.2602739726e-01   4.9393624151e-01
1.2876712329e-01   4.9634404927e-01
1.3150684932e-01   4.9876843097e-01
1.3424657534e-01   5.0120943933e-01
1.3559938811e-01   5.0242089998e-01
1.3833911414e-01   5.0488684053e-01
1.4107884016e-01   5.0736953414e-01
1.4381856619e-01   5.0986902940e-01
1.4655829222e-01   5.1238537363e-01
1.4929801824e-01   5.1491861289e-01
1.5203774427e-01   5.1746879189e-01
1.5477747030e-01   5.2003595402e-01
1.5751719633e-01   5.2262014125e-01
1.6025692235e-01   5.2522139417e-01
1.6299664838e-01   5.2783975186e-01
1.6573637441e-01   5.3047525197e-01
1.6847610044e-01   5.3312793057e-01
1.7121582646e-01   5.3579782221e-01
1.7395555249e-01   5.3848495982e-01
1.7669527852e-01   5.4118937470e-01
1.7943500455e-01   5.4391109648e-01
1.8217473057e-01   5.4665015310e-01
1.8491445660e-01   5.4940657072e-01
1.8765418263e-01   5.5218037376e-01
1.9039390866e-01   5.5497158480e-01
1.9313363468e-01   5.5778022456e-01
1.9587336071e-01   5.6060631187e-01
1.9861308674e-01   5.6344986364e-01
2.0135281277e-01   5.6631089480e-01
2.0409253879e-01   5.6918941826e-01
2.0683226482e-01   5.7208544490e-01
2.0957199085e-01   5.7499898351e-01
2.1231171687e-01   5.7793004074e-01
2.1505144290e-01   5.8087862109e-01
2.1779116893e-01   5.8384472685e-01
2.2053089496e-01   5.8682835807e-01
2.2327062098e-01   5.8982951250e-01
2.2601034701e-01   5.9284818560e-01
2.2875007304e-01   5.9588437043e-01
2.3148979907e-01   5.9893805768e-01
2.3422952509e-01   6.0200923558e-01
2.3601673319e-01   6.0402207960e-01
2.3875645921e-01   6.0712212543e-01
2.4149618524e-01   6.1023961859e-01
2.4423591127e-01   6.1337453806e-01
2.4697563730e-01   6.1652686021e-01
2.4971536332e-01   6.1969655873e-01
2.5245508935e-01   6.2288360462e-01
2.5519481538e-01   6.2608796612e-01
2.5793454141e-01   6.2930960872e-01
2.6067426743e-01   6.3254849507e-01
2.6341399346e-01   6.3580458496e-01
2.6615371949e-01   6.3907783532e-01
2.6889344552e-01   6.4236820010e-01
2.7163317154e-01   6.4567563033e-01
2.7437289757e-01   6.4900007400e-01
2.7711262360e-01   6.5234147607e-01
2.7985234963e-01   6.5569977842e-01
2.8259207565e-01   6.5907491984e-01
2.8533180168e-01   6.6246683594e-01
2.8807152771e-01   6.6587545917e-01
2.9081125374e-01   6.6930071875e-01
2.9355097976e-01   6.7274254066e-01
2.9629070579e-01   6.7620084760e-01
2.9903043182e-01   6.7967555896e-01
3.0177015785e-01   6.8316659077e-01
3.0450988387e-01   6.8667385571e-01
3.0724960990e-01   6.9019726302e-01
3.0998933593e-01   6.9373671854e-01
3.1272906195e-01   6.9729212464e-01
3.1546878798e-01   7.0086338019e-01
3.1612967642e-01   7.0172721488e-01
3.1886940245e-01   7.0531799722e-01
3.2160912848e-01   7.0892438957e-01
3.2434885450e-01   7.1254627933e-01
3.2708858053e-01   7.1618355031e-01
3.2982830656e-01   7.1983608268e-01
3.3256803259e-01   7.2350375300e-01
3.3530775861e-01   7.2718643418e-01
3.3804748464e-01   7.3088399543e-01
3.4078721067e-01   7.3459630228e-01
3.4352693669e-01   7.3832321657e-01
3.4626666272e-01   7.4206459640e-01
3.4900638875e-01   7.4582029614e-01
3.5174611478e-01   7.4959016641e-01
3.5448584080e-01   7.5337405409e-01
3.5722556683e-01   7.5717180226e-01
3.5996529286e-01   7.6098325026e-01
3.6270501889e-01   7.6480823364e-01
3.6544474491e-01   7.6864658417e-01
3.6818447094e-01   7.7249812981e-01
3.7092419697e-01   7.7636269476e-01
3.7366392300e-01   7.8024009942e-01
3.7640364902e-01   7.8413016041e-01
3.7914337505e-01   7.8803269057e-01
3.8188310108e-01   7.9194749895e-01
3.8462282711e-01   7.9587439085e-01
3.8736255313e-01   7.9981316781e-01
3.9010227916e-01   8.0376362761e-01
3.9270740375e-01   8.0753065134e-01
3.9544712978e-01   8.1150330667e-01
3.9818685581e-01   8.1548702644e-01
4.0092658183e-01   8.1948159377e-01
4.0366630786e-01   8.2348678813e-01
4.0640603389e-01   8.2750238536e-01
4.0914575992e-01   8.3152815767e-01
4.1188548594e-01   8.3556387368e-01
4.1462521197e-01   8.3960929846e-01
4.1736493800e-01   8.4366419355e-01
4.2010466403e-01   8.4772831699e-01
4.2284439005e-01   8.5180142338e-01
4.2558411608e-01   8.5588326389e-01
4.2832384211e-01   8.5997358629e-01
4.3106356814e-01   8.6407213504e-01
4.3380329416e-01   8.6817865128e-01
4.3654302019e-01   8.7229287292e-01
4.3928274622e-01   8.7641453467e-01
4.4202247224e-01   8.8054336808e-01
4.4476219827e-01   8.8467910161e-01
4.4750192430e-01   8.8882146068e-01
4.5024165033e-01   8.9297016771e-01
4.5298137635e-01   8.9712494222e-01
4.5572110238e-01   9.0128550085e-01
4.5656702453e-01   9.0257124577e-01
4.5930675056e-01   9.0673894169e-01
4.6204647659e-01   9.1091175694e-01
4.6478620262e-01   9.1508939917e-01
4.6752592864e-01   9.1927157345e-01
4.7026565467e-01   9.2345798232e-01
4.7300538070e-01   9.2764832594e-01
4.7574510673e-01   9.3184230209e-01
4.7848483275e-01   9.3603960628e-01
4.8122455878e-01   9.4023993185e-01
4.8396428481e-01   9.4444297000e-01
4.8670401084e-01   9.4864840996e-01
4.8944373686e-01   9.5285593896e-01
4.9218346289e-01   9.5706524243e-01
4.9492318892e-01   9.6127600402e-01
4.9766291495e-01   9.6548790572e-01
5.0040264097e-01   9.6970062794e-01
5.0314236700e-01   9.7391384963e-01
5.0588209303e-01   9.7812724834e-01
5.0862181905e-01   9.8234050035e-01
5.1136154508e-01   9.8655328073e-01
5.1410127111e-01   9.9076526350e-01
5.1684099714e-01   9.9497612168e-01
5.1958072316e-01   9.9918552741e-01
5.2232044919e-01   1.0033931521e+00
5.2452965062e-01   1.0067844846e+00
5.2726937665e-01   1.0109880570e+00
5.3000910268e-01   1.0151889229e+00
5.3274882870e-01   1.0193867516e+00
5.3548855473e-01   1.0235812123e+00
5.3822828076e-01   1.0277719741e+00
5.4096800679e-01   1.0319587058e+00
5.4370773281e-01   1.0361410766e+00
5.4644745884e-01   1.0403187557e+00
5.4918718487e-01   1.0444914126e+00
5.5192691090e-01   1.0486587173e+00
5.5466663692e-01   1.0528203402e+00
5.5740636295e-01   1.0569759525e+00
5.6014608898e-01   1.0611252261e+00
5.6288581501e-01   1.0652678337e+00
5.6562554103e-01   1.0694034489e+00
5.6836526706e-01   1.0735317468e+00
5.7110499309e-01   1.0776524032e+00
5.7384471912e-01   1.0817650955e+00
5.7658444514e-01   1.0858695026e+00
5.7932417117e-01   1.0899653047e+00
5.8206389720e-01   1.0940521839e+00
5.8480362323e-01   1.0981298238e+00
5.8754334925e-01   1.1021979102e+00
5.8902524087e-01   1.1043942077e+00
5.9176496689e-01   1.1084469623e+00
5.9450469292e-01   1.1124893737e+00
5.9724441895e-01   1.1165211352e+00
5.9998414498e-01   1.1205419422e+00
6.0272387100e-01   1.1245514927e+00
6.0546359703e-01   1.1285494874e+00
6.0820332306e-01   1.1325356294e+00
6.1094304909e-01   1.1365096247e+00
6.1368277511e-01   1.1404711823e+00
6.1642250114e-01   1.1444200141e+00
6.1916222717e-01   1.1483558348e+00
6.2190195320e-01   1.1522783628e+00
6.2464167922e-01   1.1561873192e+00
6.2738140525e-01   1.1600824288e+00
6.3012113128e-01   1.1639634197e+00
6.3286085731e-01   1.1678300235e+00
6.3560058333e-01   1.1716819755e+00
6.3834030936e-01   1.1755190145e+00
6.4108003539e-01   1.1793408833e+00
6.4381976142e-01   1.1831473283e+00
6.4655948744e-01   1.1869381000e+00
6.4929921347e-01   1.1907129528e+00
6.5203893950e-01   1.1944716452e+00
6.5477866553e-01   1.1982139397e+00
6.5751839155e-01   1.2019396031e+00
6.5894786056e-01   1.2038768121e+00
6.6168758659e-01   1.2075767292e+00
6.6442731262e-01   1.2112594461e+00
6.6716703864e-01   1.2149247448e+00
6.6990676467e-01   1.2185724118e+00
6.7264649070e-01   1.2222022381e+00
6.7538621672e-01   1.2258140191e+00
6.7812594275e-01   1.2294075550e+00
6.8086566878e-01   1.2329826505e+00
6.8360539481e-01   1.2365391150e+00
6.8634512083e-01   1.2400767627e+00
6.8908484686e-01   1.2435954124e+00
6.9182457289e-01   1.2470948879e+00
6.9456429892e-01   1.2505750175e+00
6.9730402494e-01   1.2540356346e+00
7.0004375097e-01   1.2574765774e+00
7.0278347700e-01   1.2608976889e+00
7.0552320303e-01   1.2642988171e+00
7.0826292905e-01   1.2676798147e+00
7.1100265508e-01   1.2710405396e+00
7.1374238111e-01   1.2743808545e+00
7.1648210714e-01   1.2777006269e+00
7.1922183316e-01   1.2809997296e+00
7.2196155919e-01   1.2842780400e+00
7.2470128522e-01   1.2875354406e+00
7.2744101125e-01   1.2907718188e+00
7.3018073727e-01   1.2939870669e+00
7.3292046330e-01   1.2971810823e+00
7.3566018933e-01   1.3003537671e+00
7.3596671311e-01   1.3007073999e+00
7.3870643914e-01   1.3038562588e+00
7.4144616517e-01   1.3069835965e+00
7.4418589120e-01   1.3100893304e+00
7.4692561722e-01   1.3131733829e+00
7.4966534325e-01   1.3162356809e+00
7.5240506928e-01   1.3192761562e+00
7.5514479531e-01   1.3222947453e+00
7.5788452133e-01   1.3252913897e+00
7.6062424736e-01   1.3282660354e+00
7.6336397339e-01   1.3312186329e+00
7.6610369941e-01   1.3341491377e+00
7.6884342544e-01   1.3370575097e+00
7.7158315147e-01   1.3399437132e+00
7.7432287750e-01   1.3428077173e+00
7.7706260352e-01   1.3456494955e+00
7.7980232955e-01   1.3484690255e+00
7.8254205558e-01   1.3512662896e+00
7.8528178161e-01   1.3540412745e+00
7.8802150763e-01   1.3567939708e+00
7.9076123366e-01   1.3595243739e+00
7.9350095969e-01   1.3622324828e+00
7.9624068572e-01   1.3649183009e+00
7.9898041174e-01   1.3675818358e+00
8.0172013777e-01   1.3702230988e+00
8.0445986380e-01   1.3728421053e+00
8.0719958983e-01   1.3754388747e+00
8.0993931585e-01   1.3780134301e+00
8.1267904188e-01   1.3805657984e+00
8.1541876791e-01   1.3830960102e+00
8.1815849394e-01   1.3856040998e+00
8.2089821996e-01   1.3880901050e+00
8.2363794599e-01   1.3905540673e+00
8.2637767202e-01   1.3929960314e+00
8.2911739804e-01   1.3954160457e+00
8.3185712407e-01   1.3978141616e+00
8.3459685010e-01   1.4001904341e+00
8.3481742331e-01   1.4003807976e+00
8.3702315537e-01   1.4022766728e+00
8.3976288139e-01   1.4046119175e+00
8.4250260742e-01   1.4069254947e+00
8.4524233345e-01   1.4092174711e+00
8.4798205947e-01   1.4114879167e+00
8.5072178550e-01   1.4137369041e+00
8.5346151153e-01   1.4159645088e+00
8.5620123756e-01   1.4181708090e+00
8.5894096358e-01   1.4203558856e+00
8.6168068961e-01   1.4225198220e+00
8.6442041564e-01   1.4246627044e+00
8.6716014167e-01   1.4267846211e+00
8.6989986769e-01   1.4288856630e+00
8.7263959372e-01   1.4309659233e+00
8.7537931975e-01   1.4330254974e+00
8.7811904578e-01   1.4350644831e+00
8.8085877180e-01   1.4370829800e+00
8.8359849783e-01   1.4390810901e+00
8.8633822386e-01   1.4410589170e+00
8.8907794989e-01   1.4430165666e+00
8.9181767591e-01   1.4449541465e+00
8.9455740194e-01   1.4468717661e+00
8.9729712797e-01   1.4487695365e+00
9.0003685400e-01   1.4506475706e+00
9.0277658002e-01   1.4525059828e+00
9.0551630605e-01   1.4543448890e+00
9.0825603208e-01   1.4561644067e+00
9.1099575811e-01   1.4579646549e+00
9.1373548413e-01   1.4597457537e+00
9.1647521016e-01   1.4615078246e+00
9.1921493619e-01   1.4632509906e+00
9.2195466221e-01   1.4649753755e+00
9.2469438824e-01   1.4666811045e+00
9.2743411427e-01   1.4683683038e+00
9.3017384030e-01   1.4700371005e+00
9.3291356632e-01   1.4716876228e+00
9.3565329235e-01   1.4733199998e+00
9.3839301838e-01   1.4749343614e+00
9.4113274441e-01   1.4765308383e+00
9.4387247043e-01   1.4781095620e+00
9.4661219646e-01   1.4796706646e+00
9.4935192249e-01   1.4812142790e+00
9.5209164852e-01   1.4827405385e+00
9.5483137454e-01   1.4842495772e+00
9.5757110057e-01   1.4857415295e+00
9.6031082660e-01   1.4872165303e+00
9.6305055263e-01   1.4886747149e+00
9.6579027865e-01   1.4901162191e+00
9.6853000468e-01   1.4915411789e+00
9.7126973071e-01   1.4929497305e+00
9.7400945674e-01   1.4943420105e+00
9.7674918276e-01   1.4957181555e+00
9.7948890879e-01   1.4970783026e+00
9.8222863482e-01   1.4984225887e+00
9.8496836084e-01   1.4997511508e+00
9.8770808687e-01   1.5010641261e+00
9.8994171492e-01   1.5021231224e+00
9.9268144095e-01   1.5034081537e+00
9.9542116698e-01   1.5046779840e+00
9.9816089301e-01   1.5059327503e+00
1.0009006190e+00   1.5071725894e+00
1.0036403451e+00   1.5083976379e+00
1.0063800711e+00   1.5096080323e+00
1.0091197971e+00   1.5108039088e+00
1.0118595231e+00   1.5119854033e+00
1.0145992492e+00   1.5131526515e+00
1.0173389752e+00   1.5143057888e+00
1.0200787012e+00   1.5154449502e+00
1.0228184273e+00   1.5165702704e+00
1.0255581533e+00   1.5176818835e+00
1.0282978793e+00   1.5187799235e+00
1.0310376053e+00   1.5198645238e+00
1.0337773314e+00   1.5209358172e+00
1.0365170574e+00   1.5219939363e+00
1.0392567834e+00   1.5230390129e+00
1.0419965094e+00   1.5240711785e+00
1.0447362355e+00   1.5250905639e+00
1.0474759615e+00   1.5260972993e+00
1.0502156875e+00   1.5270915145e+00
1.0529554136e+00   1.5280733386e+00
1.0556951396e+00   1.5290428999e+00
1.0584348656e+00   1.5300003263e+00
1.0611745916e+00   1.5309457449e+00
1.0639143177e+00   1.5318792822e+00
1.0666540437e+00   1.5328010639e+00
1.0693937697e+00   1.5337112150e+00
1.0721334957e+00   1.5346098601e+00
1.0748732218e+00   1.5354971225e+00
1.0776129478e+00   1.5363731253e+00
1.0803526738e+00   1.5372379904e+00
1.0830923999e+00   1.5380918393e+00
1.0858321259e+00   1.5389347925e+00
1.0885718519e+00   1.5397669696e+00
1.0913115779e+00   1.5405884898e+00
1.0940513040e+00   1.5413994711e+00
1.0967910300e+00   1.5422000309e+00
1.0995307560e+00   1.5429902856e+00
1.1022704820e+00   1.5437703510e+00
1.1050102081e+00   1.5445403418e+00
1.1077499341e+00   1.5453003721e+00
1.1104896601e+00   1.5460505549e+00
1.1132293862e+00   1.5467910025e+00
1.1159691122e+00   1.5475218263e+00
1.1187088382e+00   1.5482431368e+00
1.1214485642e+00   1.5489550437e+00
1.1241882903e+00   1.5496576558e+00
1.1269280163e+00   1.5503510808e+00
1.1296677423e+00   1.5510354258e+00
1.1324074683e+00   1.5517107970e+00
1.1351471944e+00   1.5523772994e+00
1.1378869204e+00   1.5530350375e+00
1.1406266464e+00   1.5536841146e+00
1.1433663725e+00   1.5543246333e+00
1.1461060985e+00   1.5549566952e+00
1.1488458245e+00   1.5555804010e+00
1.1515855505e+00   1.5561958504e+00
1.1543252766e+00   1.5568031425e+00
1.1570650026e+00   1.5574023753e+00
1.1598047286e+00   1.5579936458e+00
1.1625444547e+00   1.5585770502e+00
1.1652841807e+00   1.5591526839e+00
1.1680239067e+00   1.5597206413e+00
1.1707636327e+00   1.5602810159e+00
1.1735033588e+00   1.5608339002e+00
1.1762430848e+00   1.5613793861e+00
1.1789828108e+00   1.5619175643e+00
1.1817225368e+00   1.5624485248e+00
1.1844622629e+00   1.5629723567e+00
1.1872019889e+00   1.5634891480e+00
1.1899417149e+00   1.5639989861e+00
1.1926814410e+00   1.5645019573e+00
1.1954211670e+00   1.5649981473e+00
1.1981608930e+00   1.5654876405e+00
1.2009006190e+00   1.5659705209e+00
1.2036403451e+00   1.5664468714e+00
1.2063800711e+00   1.5669167739e+00
1.2091197971e+00   1.5673803096e+00
1.2118595231e+00   1.5678375590e+00
1.2145992492e+00   1.5682886015e+00
1.2173389752e+00   1.5687335158e+00
1.2200787012e+00   1.5691723795e+00
1.2228184273e+00   1.5696052698e+00
1.2255581533e+00   1.5700322627e+00
1.2282978793e+00   1.5704534336e+00
1.2310376053e+00   1.5708688569e+00
1.2337773314e+00   1.5712786063e+00
1.2365170574e+00   1.5716827546e+00
1.2392567834e+00   1.5720813740e+00
1.2419965094e+00   1.5724745356e+00
1.2447362355e+00   1.5728623099e+00
1.2474759615e+00   1.5732447666e+00
1.2502156875e+00   1.5736219744e+00
1.2529554136e+00   1.5739940017e+00
1.2556951396e+00   1.5743609155e+00
1.2584348656e+00   1.5747227826e+00
1.2611745916e+00   1.5750796687e+00
1.2639143177e+00   1.5754316388e+00
1.2666540437e+00   1.5757787572e+00
1.2693937697e+00   1.5761210875e+00
1.2721334957e+00   1.5764586924e+00
1.2748732218e+00   1.5767916341e+00
1.2776129478e+00   1.5771199738e+00
1.2803526738e+00   1.5774437722e+00
1.2830923999e+00   1.5777630892e+00
1.2858321259e+00   1.5780779840e+00
1.2885718519e+00   1.5783885150e+00
1.2913115779e+00   1.5786947401e+00
1.2940513040e+00   1.5789967164e+00
1.2967910300e+00   1.5792945003e+00
1.2995307560e+00   1.5795881475e+00
1.3022704820e+00   1.5798777131e+00
1.3050102081e+00   1.5801632515e+00
1.3077499341e+00   1.5804448165e+00
1.3104896601e+00   1.5807224612e+00
1.3132293862e+00   1.5809962379e+00
1.3159691122e+00   1.5812661985e+00
1.3187088382e+00   1.5815323942e+00
1.3214485642e+00   1.5817948755e+00
1.3241882903e+00   1.5820536923e+00
1.3269280163e+00   1.5823088939e+00
1.3296677423e+00   1.5825605290e+00
1.3324074683e+00   1.5828086456e+00
1.3351471944e+00   1.5830532913e+00
1.3378869204e+00   1.5832945130e+00
1.3406266464e+00   1.5835323569e+00
1.3433663725e+00   1.5837668689e+00
1.3461060985e+00   1.5839980939e+00
1.3488458245e+00   1.5842260766e+00
1.3515855505e+00   1.5844508611e+00
1.3543252766e+00   1.5846724907e+00
1.3570650026e+00   1.5848910085e+00
1.3598047286e+00   1.5851064567e+00
1.3625444547e+00   1.5853188771e+00
1.3652841807e+00   1.5855283112e+00
1.3680239067e+00   1.5857347996e+00
1.3707636327e+00   1.5859383826e+00
1.3735033588e+00   1.5861390998e+00
1.3762430848e+00   1.5863369907e+00
1.3789828108e+00   1.5865320937e+00
1.3817225368e+00   1.5867244472e+00
1.3844622629e+00   1.5869140888e+00
1.3872019889e+00   1.5871010559e+00
1.3899417149e+00   1.5872853851e+00
1.3926814410e+00   1.5874671127e+00
1.3954211670e+00   1.5876462745e+00
1.3981608930e+00   1.5878229058e+00
1.4000000000e+00   1.5879400718e+00
