X    Y
0.0000000000e+00   0.0000000000e+00
1.5836874881e-02   -1.7773716749e-02
3.5377666283e-02   -3.9382995253e-02
5.4918457685e-02   -6.5231314788e-02
7.4459249087e-02   -1.0017589990e-01
9.4000040489e-02   -1.5006324322e-01
1.1354083189e-01   -2.2278098232e-01
1.3308162329e-01   -3.2945081178e-01
1.5262241470e-01   -4.8579331039e-01
1.7216320610e-01   -7.1328628058e-01
1.9170399750e-01   -1.0384400761e+00
2.1124478890e-01   -1.4847713595e+00
2.2935101969e-01   -2.0001893986e+00
2.4555197293e-01   -2.4782752667e+00
2.6068301458e-01   -2.7993861405e+00
2.7636265346e-01   -2.7898134249e+00
2.9229724249e-01   -2.2560991274e+00
3.0345818883e-01   -1.6063362393e+00
3.1367064241e-01   -9.2046493449e-01
3.2396478570e-01   -2.4344536884e-01
3.3195142558e-01   2.2624894638e-01
3.4340761326e-01   7.8337438685e-01
3.5284385983e-01   1.1368855280e+00
3.6387822557e-01   1.4403352248e+00
3.8209339924e-01   1.7100633791e+00
3.9368859403e-01   1.7389818304e+00
4.1322938543e-01   1.5476016679e+00
4.3277017684e-01   1.1223534562e+00
4.5231096824e-01   6.0796697460e-01
4.6960265956e-01   1.9010909308e-01
4.8522766773e-01   -1.1548655412e-01
5.0461145347e-01   -3.9734131831e-01
5.2415224487e-01   -5.9825791508e-01
5.4300853693e-01   -7.4268295676e-01
5.6254932833e-01   -8.6463737767e-01
5.8209011973e-01   -9.7266460306e-01
6.0163091113e-01   -1.0724833090e+00
6.2117170253e-01   -1.1623372819e+00
6.4071249394e-01   -1.2343269007e+00
6.6025328534e-01   -1.2765534234e+00
6.7979407674e-01   -1.2768334707e+00
6.9933486814e-01   -1.2279337115e+00
7.1887565954e-01   -1.1330972514e+00
7.3841645095e-01   -1.0081283729e+00
7.5795724235e-01   -8.7338426923e-01
7.7749803375e-01   -7.3914021000e-01
7.9703882515e-01   -6.0563257785e-01
8.1657961655e-01   -5.0220504603e-01
8.3612040796e-01   -4.3755821222e-01
8.5566119936e-01   -4.0554011999e-01
8.7520199076e-01   -4.0384924377e-01
8.9474278216e-01   -4.3100804405e-01
9.1428357356e-01   -4.8730525399e-01
9.3382436497e-01   -5.7504810638e-01
9.5336515637e-01   -6.9909665872e-01
9.7290594777e-01   -8.6510308203e-01
9.9244673917e-01   -1.0767089299e+00
1.0119875306e+00   -1.3300516437e+00
1.0315283220e+00   -1.6026823938e+00
1.0510691134e+00   -1.8390878820e+00
1.0706099048e+00   -1.9458234883e+00
1.0898135378e+00   -1.8289931187e+00
1.1093543292e+00   -1.4591283123e+00
1.1288951206e+00   -9.3126294545e-01
1.1466418073e+00   -4.4407316806e-01
1.1658903086e+00   -2.7047826006e-03
1.1854311000e+00   3.2950806249e-01
1.2049718914e+00   5.6893684040e-01
1.2245126828e+00   7.5044319846e-01
1.2440534742e+00   9.0124185711e-01
1.2635942656e+00   1.0366719341e+00
1.2831350570e+00   1.1606542558e+00
1.3026758484e+00   1.2668949155e+00
1.3222166398e+00   1.3408479037e+00
1.3417574312e+00   1.3640494289e+00
1.3612982226e+00   1.3217589968e+00
1.3808390140e+00   1.2119641666e+00
1.4003798054e+00   1.0508565458e+00
1.4199205968e+00   8.6943894409e-01
1.4394613882e+00   6.9757709665e-01
1.4590021796e+00   5.4516697322e-01
1.4785429710e+00   4.2592942146e-01
1.4980837624e+00   3.4349993938e-01
1.5176245538e+00   2.9472423787e-01
1.5371653452e+00   2.7504205686e-01
1.5567061366e+00   2.8078189560e-01
1.5762469280e+00   3.1027453102e-01
1.5957877194e+00   3.6431482245e-01
1.6153285108e+00   4.4654906396e-01
1.6348693022e+00   5.6304514522e-01
1.6544100936e+00   7.2224198118e-01
1.6739508851e+00   9.3344925075e-01
1.6934916765e+00   1.2025941928e+00
1.7130324679e+00   1.5220501438e+00
1.7325732593e+00   1.8512481961e+00
1.7521140507e+00   2.0936716174e+00
1.7705351678e+00   2.1112669602e+00
1.7900759592e+00   1.7996470265e+00
1.8096167506e+00   1.1977618963e+00
1.8227344475e+00   7.3202741241e-01
1.8369727690e+00   2.5769155212e-01
1.8524021192e+00   -1.6900472532e-01
1.8716126683e+00   -5.6159817497e-01
1.8904906047e+00   -8.2860115159e-01
1.9096161660e+00   -1.0173046290e+00
1.9291569574e+00   -1.1494719316e+00
1.9486977488e+00   -1.2287439868e+00
1.9682385402e+00   -1.2538545649e+00
1.9877793316e+00   -1.2224730515e+00
2.0073201231e+00   -1.1386149227e+00
2.0268609145e+00   -1.0158515272e+00
2.0464017059e+00   -8.7481206461e-01
2.0659424973e+00   -7.3697195262e-01
2.0854832887e+00   -6.1888765109e-01
2.1050240801e+00   -5.2961016821e-01
2.1245648715e+00   -4.7220465484e-01
2.1441056629e+00   -4.4637668853e-01
2.1636464543e+00   -4.5071207664e-01
2.1831872457e+00   -4.8446615368e-01
2.2027280371e+00   -5.4840972481e-01
2.2222688285e+00   -6.4521998665e-01
2.2418096199e+00   -7.7926113577e-01
2.2613504113e+00   -9.5435760546e-01
2.2808912027e+00   -1.1707092631e+00
2.3004319941e+00   -1.4176287369e+00
2.3199727855e+00   -1.6628828316e+00
2.3395135769e+00   -1.8419749253e+00
2.3590543683e+00   -1.8646501197e+00
2.3785951597e+00   -1.6627057430e+00
2.3981359511e+00   -1.2551206938e+00
2.4176767425e+00   -7.5486562348e-01
2.4372175339e+00   -2.8817729286e-01
2.4524569348e+00   8.4317447668e-03
2.4717418488e+00   2.9487503035e-01
2.4912826402e+00   5.0802352160e-01
2.5108234316e+00   6.7518680882e-01
2.5303642230e+00   8.2162264711e-01
2.5499050144e+00   9.6296026605e-01
2.5694458058e+00   1.1050624923e+00
2.5889865972e+00   1.2437220626e+00
2.6085273886e+00   1.3640948065e+00
2.6280681800e+00   1.4419136662e+00
2.6476089714e+00   1.4494644937e+00
2.6671497628e+00   1.3677600395e+00
2.6866905542e+00   1.2013597883e+00
2.7062313456e+00   9.8572212953e-01
2.7257721370e+00   7.6988961883e-01
2.7453129284e+00   5.7346470415e-01
2.7648537198e+00   4.0241167844e-01
2.7843945112e+00   2.7390202249e-01
2.8039353026e+00   1.8445351284e-01
2.8234760940e+00   1.2626914894e-01
2.8430168854e+00   9.1231936103e-02
2.8625576768e+00   7.2739601582e-02
2.8820984682e+00   6.6195724216e-02
2.9016392596e+00   6.8891122465e-02
2.9211800510e+00   7.9716443618e-02
2.9407208425e+00   9.8962048372e-02
2.9602616339e+00   1.2824695348e-01
2.9798024253e+00   1.7065423965e-01
2.9993432167e+00   2.3117652380e-01
3.0188840081e+00   3.1788955547e-01
3.0384247995e+00   4.4525086674e-01
3.0579655909e+00   6.3508163617e-01
3.0775063823e+00   8.8584468217e-01
3.0970471737e+00   1.2234638045e+00
3.1165879651e+00   1.6510172338e+00
3.1361287565e+00   2.1224934045e+00
3.1520598067e+00   2.4386091357e+00
3.1699233678e+00   2.5306234348e+00
3.1847705954e+00   2.2597246115e+00
3.2026522141e+00   1.5179600421e+00
3.2154696087e+00   8.4525155722e-01
3.2277380892e+00   2.2180130231e-01
3.2381706664e+00   -2.3762185110e-01
3.2528349062e+00   -7.4484050799e-01
3.2643226899e+00   -1.0357713551e+00
3.2812654632e+00   -1.3225420937e+00
3.3008062546e+00   -1.4731480150e+00
3.3203470460e+00   -1.4451974864e+00
3.3398878374e+00   -1.2592243279e+00
3.3594286288e+00   -9.6812678487e-01
3.3789694202e+00   -6.4611516892e-01
3.3985102116e+00   -3.5469866995e-01
3.4180510030e+00   -1.2235089361e-01
3.4375917944e+00   5.1287699909e-02
3.4571325858e+00   1.8112211590e-01
3.4766733772e+00   2.8556023437e-01
3.4962141686e+00   3.8151827448e-01
3.5157549601e+00   4.8334410512e-01
3.5352957515e+00   6.0328463922e-01
3.5548365429e+00   7.5200932525e-01
3.5743773343e+00   9.3802383157e-01
3.5939181257e+00   1.1648102031e+00
3.6134589171e+00   1.4239121892e+00
3.6329997085e+00   1.6833089436e+00
3.6525404999e+00   1.8755105916e+00
3.6720812913e+00   1.9037316875e+00
3.6916220827e+00   1.6923638133e+00
3.7111628741e+00   1.2611231536e+00
3.7307036655e+00   7.3338816557e-01
3.7502444569e+00   2.4537266431e-01
3.7690741085e+00   -1.2427843582e-01
3.7885694290e+00   -4.0427710582e-01
3.8081102205e+00   -6.1057998172e-01
3.8276510119e+00   -7.7448559095e-01
3.8471918033e+00   -9.1866737370e-01
3.8667325947e+00   -1.0547403585e+00
3.8862733861e+00   -1.1837194827e+00
3.9058141775e+00   -1.2965313361e+00
3.9253549689e+00   -1.3754407296e+00
3.9448957603e+00   -1.3985312027e+00
3.9644365517e+00   -1.3484734549e+00
3.9839773431e+00   -1.2233830210e+00
4.0035181345e+00   -1.0437151873e+00
4.0230589259e+00   -8.4691306916e-01
4.0425997173e+00   -6.6393420337e-01
4.0597960561e+00   -5.1787312861e-01
4.0793368475e+00   -3.8616963549e-01
4.0988776389e+00   -2.9319927078e-01
4.1184184303e+00   -2.3455283293e-01
4.1379592217e+00   -2.0417908681e-01
4.1575000131e+00   -1.9690028392e-01
4.1770408045e+00   -2.0952774646e-01
4.1965815959e+00   -2.4124946131e-01
4.2161223873e+00   -2.9375016080e-01
4.2356631787e+00   -3.7119648091e-01
4.2552039701e+00   -4.8049152890e-01
4.2747447615e+00   -6.3131593063e-01
4.2942855529e+00   -8.3541770152e-01
4.3138263443e+00   -1.1037918315e+00
4.3333671357e+00   -1.4382446506e+00
4.3515722746e+00   -1.7867440161e+00
4.3711130660e+00   -2.1218894828e+00
4.3890923435e+00   -2.2617199026e+00
4.4086331349e+00   -2.0650978713e+00
4.4281739263e+00   -1.4746224111e+00
4.4410258719e+00   -9.6363134360e-01
4.4552090829e+00   -4.0096430250e-01
4.4678980681e+00   3.9353968169e-02
4.4846135302e+00   4.9387294857e-01
4.4989292773e+00   7.7799469007e-01
4.5175639333e+00   1.0358246691e+00
4.5365862621e+00   1.2002937893e+00
4.5561270535e+00   1.2822916613e+00
4.5756678449e+00   1.2805780971e+00
4.5952086363e+00   1.2008158978e+00
4.6147494277e+00   1.0598464865e+00
4.6342902191e+00   8.8569655928e-01
4.6538310105e+00   7.0903773647e-01
4.6733718019e+00   5.5357007631e-01
4.6929125933e+00   4.3178690147e-01
4.7124533847e+00   3.4647641122e-01
4.7319941761e+00   2.9488444547e-01
4.7515349675e+00   2.7252426947e-01
4.7710757589e+00   2.7560498652e-01
4.7906165503e+00   3.0223727147e-01
4.8101573418e+00   3.5293936808e-01
4.8296981332e+00   4.3105998410e-01
4.8492389246e+00   5.4236808040e-01
4.8687797160e+00   6.9509664936e-01
4.8883205074e+00   8.9870009458e-01
4.9078612988e+00   1.1601506696e+00
4.9274020902e+00   1.4748474116e+00
4.9453537639e+00   1.7823172951e+00
4.9648945553e+00   2.0573863063e+00
4.9832184761e+00   2.1368742083e+00
5.0027592675e+00   1.9051892219e+00
5.0223000589e+00   1.3525180283e+00
5.0357027084e+00   8.7917380471e-01
5.0483470924e+00   4.3951269594e-01
5.0626390333e+00   4.8913348126e-03
5.0803527796e+00   -4.1298749386e-01
5.0944856614e+00   -6.5928241144e-01
5.1134604055e+00   -8.9965941662e-01
5.1328474117e+00   -1.0701747383e+00
5.1523882031e+00   -1.1842411833e+00
5.1719289945e+00   -1.2446687983e+00
5.1914697859e+00   -1.2490601627e+00
5.2110105773e+00   -1.1969172167e+00
5.2305513687e+00   -1.0959203475e+00
5.2500921601e+00   -9.6304341115e-01
5.2696329515e+00   -8.2019466542e-01
5.2891737429e+00   -6.8762956926e-01
5.3087145343e+00   -5.7923430694e-01
5.3282553257e+00   -5.0147133030e-01
5.3477961171e+00   -4.5583157789e-01
5.3673369085e+00   -4.4126217540e-01
5.3868776999e+00   -4.5640414184e-01
5.4064184913e+00   -5.0100551786e-01
5.4259592827e+00   -5.7648680781e-01
5.4455000741e+00   -6.8633089922e-01
5.4650408655e+00   -8.3502894020e-01
5.4845816569e+00   -1.0257905637e+00
5.5041224483e+00   -1.2560789817e+00
5.5236632397e+00   -1.5089542162e+00
5.5432040311e+00   -1.7418674085e+00
5.5627448225e+00   -1.8773714547e+00
5.5822856139e+00   -1.8249878789e+00
5.6018264053e+00   -1.5402262830e+00
5.6213671967e+00   -1.0805798653e+00
5.6409079881e+00   -5.7674798763e-01
5.6585216055e+00   -1.7762583267e-01
5.6742564979e+00   1.0675552742e-01
5.6937969569e+00   3.7237052172e-01
5.7133377483e+00   5.6943558647e-01
5.7328785397e+00   7.2866134922e-01
5.7524193311e+00   8.7246198959e-01
5.7719601225e+00   1.0133160710e+00
5.7915009139e+00   1.1537927930e+00
5.8110417053e+00   1.2861776095e+00
5.8305824967e+00   1.3923710367e+00
5.8501232881e+00   1.4465646646e+00
5.8696640795e+00   1.4233686123e+00
5.8892048709e+00   1.3111454073e+00
5.9087456623e+00   1.1246005805e+00
5.9282864537e+00   9.0542608812e-01
5.9478272451e+00   6.9730635893e-01
5.9673680365e+00   5.0995974563e-01
5.9869088279e+00   3.5659301318e-01
6.0064496193e+00   2.4500495548e-01
6.0259904107e+00   1.6971223401e-01
6.0455312021e+00   1.2272997311e-01
6.0650719935e+00   9.6654116260e-02
6.0846127849e+00   8.5903289557e-02
6.1041535763e+00   8.6952831133e-02
6.1236943677e+00   9.8160919579e-02
6.1432351591e+00   1.1955004155e-01
6.1627759505e+00   1.5273126216e-01
6.1823167419e+00   2.0101014086e-01
6.2018575333e+00   2.6980450458e-01
6.2213983247e+00   3.6774759629e-01
6.2409391161e+00   5.0964762354e-01
6.2604799075e+00   7.1151125766e-01
6.2800206989e+00   9.8141011635e-01
6.2995614903e+00   1.3374056919e+00
6.3191022817e+00   1.7712870172e+00
6.3386430731e+00   2.2134353793e+00
6.3523983104e+00   2.4367764942e+00
6.3711369694e+00   2.4376994073e+00
6.3891558625e+00   1.9703199162e+00
6.4064332755e+00   1.1782236411e+00
6.4198723605e+00   5.0300480545e-01
6.4302320460e+00   2.9340643740e-02
6.4430701767e+00   -4.5840397446e-01
6.4567062362e+00   -8.5042870074e-01
6.4707755180e+00   -1.1367854196e+00
6.4902546436e+00   -1.3718614000e+00
6.5097954350e+00   -1.4425061972e+00
6.5293362264e+00   -1.3591910586e+00
6.5488770178e+00   -1.1493799425e+00
6.5684178092e+00   -8.6821702391e-01
6.5879586006e+00   -5.7946553626e-01
6.6074993920e+00   -3.2862292039e-01
6.6267109262e+00   -1.3563799251e-01
6.6462517176e+00   1.0154982570e-02
6.6657925090e+00   1.1880385796e-01
6.6853333004e+00   2.0603148908e-01
6.7048740918e+00   2.8610972518e-01
6.7244148832e+00   3.7136873443e-01
6.7439556746e+00   4.7288211632e-01
6.7634964660e+00   6.0131200302e-01
6.7830372574e+00   7.6720063806e-01
6.8025780488e+00   9.7978956614e-01
6.8221188402e+00   1.2426988961e+00
6.8416596316e+00   1.5438299508e+00
6.8612004230e+00   1.8380197897e+00
6.8807412144e+00   2.0308350058e+00
6.8987158864e+00   2.0089757076e+00
6.9182566778e+00   1.6933300639e+00
6.9358697402e+00   1.1959701079e+00
6.9545634583e+00   5.9849709204e-01
6.9686706910e+00   1.8930432194e-01
6.9865849962e+00   -2.2776908735e-01
7.0058372739e+00   -5.5186270464e-01
7.0253780653e+00   -7.8503481695e-01
7.0449188567e+00   -9.5729383537e-01
7.0644596481e+00   -1.0898648556e+00
7.0840004395e+00   -1.1895294153e+00
7.1035412309e+00   -1.2527589279e+00
7.1230820223e+00   -1.2712306673e+00
7.1426228137e+00   -1.2383178865e+00
7.1621636051e+00   -1.1551172309e+00
7.1817043965e+00   -1.0332146207e+00
7.2012451879e+00   -8.9239936023e-01
7.2207859793e+00   -7.5443247275e-01
7.2403267707e+00   -6.3564180861e-01
7.2598675621e+00   -5.4333600832e-01
7.2794083535e+00   -4.8284479948e-01
7.2989491449e+00   -4.5404533479e-01
7.3184899364e+00   -4.5561755818e-01
7.3380307278e+00   -4.8674828865e-01
7.3575715192e+00   -5.4806199561e-01
7.3771123106e+00   -6.4201909815e-01
7.3966531020e+00   -7.7272469743e-01
7.4161938934e+00   -9.4392969177e-01
7.4357346848e+00   -1.1560196780e+00
7.4552754762e+00   -1.3991226311e+00
7.4748162676e+00   -1.6428888764e+00
7.4943570590e+00   -1.8258329438e+00
7.5138978504e+00   -1.8600369249e+00
7.5334386418e+00   -1.6755330587e+00
7.5529794332e+00   -1.2842614551e+00
7.5725202246e+00   -7.9250291795e-01
7.5917113847e+00   -3.3375069227e-01
7.6088352819e+00   -2.0998163352e-04
7.6281345481e+00   2.8317613891e-01
7.6476753395e+00   4.9419407899e-01
7.6672161309e+00   6.6004950085e-01
7.6867569223e+00   8.0593665683e-01
7.7062977137e+00   9.4776206453e-01
7.7258385051e+00   1.0919410757e+00
7.7453792966e+00   1.2349517089e+00
7.7649200880e+00   1.3624340694e+00
7.7844608794e+00   1.4498210676e+00
7.8040016708e+00   1.4676607599e+00
7.8235424622e+00   1.3937748744e+00
7.8430832536e+00   1.2297285157e+00
7.8626240450e+00   1.0111399446e+00
7.8821648364e+00   7.9061657632e-01
7.9017056278e+00   5.8841168203e-01
7.9212464192e+00   4.0397852370e-01
7.9407872106e+00   2.6421750364e-01
7.9603280020e+00   1.6503364507e-01
7.9798687934e+00   9.8132623135e-02
7.9994095848e+00   5.4440286184e-02
8.0189503762e+00   2.6223912981e-02
8.0384911676e+00   7.6351495147e-03
8.0580319590e+00   -5.4948684015e-03
8.0775727504e+00   -1.6106685254e-02
8.0971135418e+00   -2.6360987969e-02
8.1166543332e+00   -3.8038288117e-02
8.1361951246e+00   -5.2875145972e-02
8.1557359160e+00   -7.2872353811e-02
8.1752767074e+00   -1.0061713935e-01
8.1948174988e+00   -1.3966794971e-01
8.2143582902e+00   -1.9505748789e-01
8.2338990816e+00   -2.7398102931e-01
8.2534398730e+00   -3.8675720840e-01
8.2729806644e+00   -5.4820057219e-01
8.2925214558e+00   -7.7489190293e-01
8.3120622472e+00   -1.0865527907e+00
8.3316030386e+00   -1.4971601752e+00
8.3506270873e+00   -1.9724006056e+00
8.3669209033e+00   -2.3654704638e+00
8.3829468259e+00   -2.6001563215e+00
8.4017961170e+00   -2.4470049301e+00
8.4151210877e+00   -1.9841493407e+00
8.4299516973e+00   -1.2190354039e+00
8.4427695201e+00   -5.0357659768e-01
8.4525330036e+00   -5.2674539400e-03
8.4639502549e+00   4.8527873530e-01
8.4769486644e+00   9.1382807716e-01
8.4886919781e+00   1.1939284018e+00
8.5072717239e+00   1.4620828471e+00
8.5268125153e+00   1.5366102498e+00
8.5463533067e+00   1.4124985389e+00
8.5658940981e+00   1.1312024944e+00
8.5854348895e+00   7.7378978148e-01
8.6049756809e+00   4.2552251401e-01
8.6245164723e+00   1.3734429080e-01
8.6435192863e+00   -7.5348711955e-02
8.6630600777e+00   -2.3813859082e-01
8.6826008692e+00   -3.6556327718e-01
8.7021416606e+00   -4.7813765418e-01
8.7216824520e+00   -5.9271345750e-01
8.7412232434e+00   -7.2241940398e-01
8.7607640348e+00   -8.7678460035e-01
8.7803048262e+00   -1.0605922551e+00
8.7998456176e+00   -1.2703117239e+00
8.8193864090e+00   -1.4875690183e+00
8.8389272004e+00   -1.6718432593e+00
8.8584679918e+00   -1.7596068796e+00
8.8780087832e+00   -1.6856878326e+00
8.8975495746e+00   -1.4281149518e+00
8.9170903660e+00   -1.0392896251e+00
8.9366311574e+00   -6.1868026803e-01
8.9561719488e+00   -2.4912293835e-01
8.9743761753e+00   2.0432949468e-02
8.9939169667e+00   2.3663419337e-01
9.0134577581e+00   4.0081909987e-01
9.0329985495e+00   5.3852456415e-01
9.0525393409e+00   6.7061767782e-01
9.0720801323e+00   8.1217470020e-01
9.0916209237e+00   9.7229748830e-01
9.1111617151e+00   1.1527118123e+00
9.1307025065e+00   1.3442065851e+00
9.1502432979e+00   1.5216521063e+00
9.1697840893e+00   1.6415213368e+00
9.1893248807e+00   1.6494673734e+00
9.2088656721e+00   1.5063499009e+00
9.2284064635e+00   1.2288036480e+00
9.2479472549e+00   9.1158660450e-01
9.2674880463e+00   6.5834578789e-01
9.2870288377e+00   4.2888379343e-01
9.3065696291e+00   2.2096737619e-01
9.3261104205e+00   6.4889697799e-02
9.3456512119e+00   -4.9698821748e-02
9.3651920033e+00   -1.3727281364e-01
9.3847327947e+00   -2.1179839843e-01
9.4042735861e+00   -2.8543065164e-01
9.4238143775e+00   -3.6887115689e-01
9.4433551689e+00   -4.7227156105e-01
9.4628959603e+00   -6.0604180808e-01
9.4824367517e+00   -7.8098717930e-01
9.5019775431e+00   -1.0067933763e+00
9.5215183345e+00   -1.2868846860e+00
9.5410591259e+00   -1.6065016294e+00
9.5605999173e+00   -1.9124009151e+00
9.5790397409e+00   -2.0907953677e+00
9.5985805324e+00   -2.0286479081e+00
9.6181213238e+00   -1.6368852220e+00
9.6334808981e+00   -1.1552539664e+00
9.6504300225e+00   -5.7806679057e-01
9.6610550499e+00   -2.4505477543e-01
9.6770957484e+00   1.7592949111e-01
9.6964458273e+00   5.4925024295e-01
9.7157585298e+00   8.0825845205e-01
9.7352993212e+00   9.9376016508e-01
9.7548401126e+00   1.1260899480e+00
9.7743809040e+00   1.2132006282e+00
9.7939216954e+00   1.2529472742e+00
9.8134624869e+00   1.2405936591e+00
9.8330032783e+00   1.1760163651e+00
9.8525440697e+00   1.0681788941e+00
9.8720848611e+00   9.3463208943e-01
9.8916256525e+00   7.9651481830e-01
9.9111664439e+00   6.7232961003e-01
9.9307072353e+00   5.7366680223e-01
9.9502480267e+00   5.0542568526e-01
9.9697888181e+00   4.6884550472e-01
9.9893296095e+00   4.6293981571e-01
