X    Y
0.0000000000e+00   2.0000000000e-01
1.5640273705e-02   1.9354015905e-01
3.1280547410e-02   1.8752380684e-01
4.6920821114e-02   1.8198115081e-01
6.2561094819e-02   1.7695053759e-01
7.8201368524e-02   1.7248046074e-01
8.2562143084e-02   1.7134196243e-01
9.8202416789e-02   1.6767937477e-01
1.1384269049e-01   1.6473807697e-01
1.2948296420e-01   1.6261660089e-01
1.4512323790e-01   1.6143407121e-01
1.4985739318e-01   1.6128205279e-01
1.6549766688e-01   1.6153830982e-01
1.6769012616e-01   1.6167382858e-01
1.8333039987e-01   1.6342526875e-01
1.9897067357e-01   1.6669224867e-01
2.1231612634e-01   1.7082895784e-01
2.2795640005e-01   1.7742922609e-01
2.3774690493e-01   1.8259434022e-01
2.4941786710e-01   1.8984070366e-01
2.5420655937e-01   1.9316236729e-01
2.6984683307e-01   2.0541408022e-01
2.8043091732e-01   2.1487426158e-01
2.9607119102e-01   2.3037080943e-01
2.9792971480e-01   2.3231501690e-01
3.1356998850e-01   2.4929916100e-01
3.2921026221e-01   2.6683253460e-01
3.4485053591e-01   2.8396536874e-01
3.5966047180e-01   2.9886301442e-01
3.6821552637e-01   3.0652879705e-01
3.8385580008e-01   3.1819227218e-01
3.8954599014e-01   3.2157355974e-01
4.0518626384e-01   3.2827503775e-01
4.0802279208e-01   3.2907431347e-01
4.1071642168e-01   3.2971520562e-01
4.2635669538e-01   3.3122297855e-01
4.2810755494e-01   3.3116595056e-01
4.4374782865e-01   3.2883371172e-01
4.4743721865e-01   3.2784572150e-01
4.6307749235e-01   3.2211144675e-01
4.6942016736e-01   3.1918179924e-01
4.8506044106e-01   3.1084677845e-01
5.0070071477e-01   3.0141011211e-01
5.0579948104e-01   2.9818216498e-01
5.2143975475e-01   2.8802643401e-01
5.3421073329e-01   2.7961595721e-01
5.4571895237e-01   2.7206162994e-01
5.6135922608e-01   2.6194995968e-01
5.7699949978e-01   2.5210963720e-01
5.9263977349e-01   2.4259984608e-01
6.0828004719e-01   2.3345043657e-01
6.2392032090e-01   2.2467429317e-01
6.3956059460e-01   2.1627561907e-01
6.5520086831e-01   2.0825521308e-01
6.7084114201e-01   2.0061373161e-01
6.8648141572e-01   1.9335372493e-01
7.0212168942e-01   1.8648102445e-01
7.1776196313e-01   1.8000586412e-01
7.3340223683e-01   1.7394400599e-01
7.4904251054e-01   1.6831803996e-01
7.5972999870e-01   1.6473989338e-01
7.7537027240e-01   1.5992298245e-01
7.9101054611e-01   1.5564992931e-01
8.0665081981e-01   1.5198545132e-01
8.2229109352e-01   1.4901235441e-01
8.3793136722e-01   1.4683525413e-01
8.5357164093e-01   1.4558454065e-01
8.6921191463e-01   1.4542016416e-01
8.8253972972e-01   1.4628074922e-01
8.8873464378e-01   1.4703462445e-01
9.0437491749e-01   1.5006457876e-01
9.2001519119e-01   1.5491925918e-01
9.2082814105e-01   1.5522659787e-01
9.2895763961e-01   1.5862037596e-01
9.4459791331e-01   1.6689295730e-01
9.5036098051e-01   1.7055809125e-01
9.6600125421e-01   1.8228046708e-01
9.7253896928e-01   1.8796817401e-01
9.8817924298e-01   2.0344928586e-01
1.0038195167e+00   2.2139483088e-01
1.0088157342e+00   2.2757730497e-01
1.0244560080e+00   2.4797711558e-01
1.0400962817e+00   2.6918734970e-01
1.0552104825e+00   2.8928065729e-01
1.0569919308e+00   2.9156270505e-01
1.0726322045e+00   3.1026011114e-01
1.0882724782e+00   3.2562848103e-01
1.0937539144e+00   3.3002173117e-01
1.1003403365e+00   3.3454360701e-01
1.1159806102e+00   3.4180564506e-01
1.1162302144e+00   3.4188138649e-01
1.1187262557e+00   3.4256997608e-01
1.1343665294e+00   3.4412389483e-01
1.1385889219e+00   3.4377193120e-01
1.1542291956e+00   3.3997533710e-01
1.1588810585e+00   3.3818012368e-01
1.1665116742e+00   3.3468354722e-01
1.1680706794e+00   3.3389318480e-01
1.1836607313e+00   3.2484188383e-01
1.1899989468e+00   3.2068977797e-01
1.2056392205e+00   3.0970881813e-01
1.2102214501e+00   3.0636222095e-01
1.2258617238e+00   2.9474997498e-01
1.2395527908e+00   2.8456382106e-01
1.2411467050e+00   2.8338593749e-01
1.2567869788e+00   2.7198450390e-01
1.2724272525e+00   2.6094906720e-01
1.2841804843e+00   2.5293800455e-01
1.2998207580e+00   2.4267150121e-01
1.3154610317e+00   2.3285361389e-01
1.3236123476e+00   2.2791022049e-01
1.3392526213e+00   2.1874582398e-01
1.3548928950e+00   2.0998605752e-01
1.3705331687e+00   2.0161165832e-01
1.3861734424e+00   1.9360574669e-01
1.4018137161e+00   1.8595436936e-01
1.4174539898e+00   1.7864661299e-01
1.4330942635e+00   1.7167460060e-01
1.4487345372e+00   1.6503355250e-01
1.4643748109e+00   1.5872200521e-01
1.4800150846e+00   1.5274224646e-01
1.4956553583e+00   1.4710101266e-01
1.5112956320e+00   1.4181049879e-01
1.5269359057e+00   1.3688974507e-01
1.5425761794e+00   1.3236648565e-01
1.5582164531e+00   1.2827956401e-01
1.5738567268e+00   1.2468204594e-01
1.5894970005e+00   1.2164516836e-01
1.6045272997e+00   1.1934247148e-01
1.6201675734e+00   1.1770582124e-01
1.6358078471e+00   1.1699993222e-01
1.6429165332e+00   1.1703937394e-01
1.6585568070e+00   1.1805993840e-01
1.6681100321e+00   1.1940951113e-01
1.6837503058e+00   1.2303477847e-01
1.6921312734e+00   1.2580940130e-01
1.7077715472e+00   1.3280503895e-01
1.7146466893e+00   1.3671964956e-01
1.7302869630e+00   1.4779087120e-01
1.7398657911e+00   1.5619459176e-01
1.7420388977e+00   1.5828352798e-01
1.7576791714e+00   1.7538799659e-01
1.7645764392e+00   1.8410281168e-01
1.7685197199e+00   1.8940498167e-01
1.7841599936e+00   2.1260791537e-01
1.7931416245e+00   2.2732761822e-01
1.7976063076e+00   2.3495181320e-01
1.8132465813e+00   2.6271685100e-01
1.8288868550e+00   2.9075221174e-01
1.8395866419e+00   3.0899117552e-01
1.8552269156e+00   3.3257358323e-01
1.8565480447e+00   3.3434098687e-01
1.8697593359e+00   3.4965085387e-01
1.8711609321e+00   3.5100391985e-01
1.8851768942e+00   3.6144115300e-01
1.8898796329e+00   3.6365937787e-01
1.8928026921e+00   3.6471469465e-01
1.9074639985e+00   3.6642435089e-01
1.9095483531e+00   3.6621048844e-01
1.9138074462e+00   3.6544942903e-01
1.9290474659e+00   3.5956985575e-01
1.9298384509e+00   3.5914738309e-01
1.9377483008e+00   3.5440023534e-01
1.9432154092e+00   3.5063466183e-01
1.9588556829e+00   3.3828713311e-01
1.9638553628e+00   3.3400124836e-01
1.9794956365e+00   3.2008246282e-01
1.9829083038e+00   3.1699987920e-01
1.9985485775e+00   3.0294712578e-01
2.0045837137e+00   2.9761974060e-01
2.0202239874e+00   2.8421636555e-01
2.0309114467e+00   2.7544936582e-01
2.0465517204e+00   2.6323330652e-01
2.0621919941e+00   2.5173369128e-01
2.0735726370e+00   2.4378986538e-01
2.0892129108e+00   2.3340811452e-01
2.1048531845e+00   2.2359091226e-01
2.1204934582e+00   2.1428316038e-01
2.1361337319e+00   2.0543821764e-01
2.1517740056e+00   1.9701805149e-01
2.1674142793e+00   1.8899226607e-01
2.1830545530e+00   1.8133681911e-01
2.1986948267e+00   1.7403283871e-01
2.2143351004e+00   1.6706571036e-01
2.2299753741e+00   1.6042448161e-01
2.2456156478e+00   1.5410157951e-01
2.2612559215e+00   1.4809282233e-01
2.2768961952e+00   1.4239771499e-01
2.2925364689e+00   1.3702003557e-01
2.3081767426e+00   1.3196874290e-01
2.3238170163e+00   1.2725926165e-01
2.3394572900e+00   1.2291523006e-01
2.3550975637e+00   1.1897082330e-01
2.3707378374e+00   1.1547379975e-01
2.3863781111e+00   1.1248943978e-01
2.4020183848e+00   1.1010556066e-01
2.4112641646e+00   1.0902469152e-01
2.4269044383e+00   1.0785107262e-01
2.4425447120e+00   1.0765855618e-01
2.4450185743e+00   1.0773228328e-01
2.4606588480e+00   1.0896622325e-01
2.4704005012e+00   1.1049676730e-01
2.4860407749e+00   1.1442802816e-01
2.4913788809e+00   1.1624615102e-01
2.5070191547e+00   1.2320509174e-01
2.5140464037e+00   1.2721871739e-01
2.5296866774e+00   1.3842332862e-01
2.5374787444e+00   1.4529424690e-01
2.5395400430e+00   1.4726546265e-01
2.5551803167e+00   1.6442663913e-01
2.5594478341e+00   1.6980607165e-01
2.5750881078e+00   1.9210123256e-01
2.5756933889e+00   1.9304384088e-01
2.5817461994e+00   2.0278053459e-01
2.5973864731e+00   2.3029134843e-01
2.5987675497e+00   2.3285837678e-01
2.6125783151e+00   2.5933577186e-01
2.6282185888e+00   2.8984223058e-01
2.6347853096e+00   3.0227639608e-01
2.6504255833e+00   3.2951427500e-01
2.6536642941e+00   3.3456420046e-01
2.6585296495e+00   3.4167535292e-01
2.6740699854e+00   3.5997592021e-01
2.6771477645e+00   3.6272320575e-01
2.6817765991e+00   3.6627899654e-01
2.6958614944e+00   3.7282052818e-01
2.7006157833e+00   3.7361268844e-01
2.7033130777e+00   3.7376063229e-01
2.7171397801e+00   3.7137734488e-01
2.7208852960e+00   3.6991914739e-01
2.7261924383e+00   3.6734381919e-01
2.7275000607e+00   3.6662480496e-01
2.7405762851e+00   3.5789478928e-01
2.7418886129e+00   3.5688730503e-01
2.7550118909e+00   3.4587688198e-01
2.7554437684e+00   3.4549142501e-01
2.7597625441e+00   3.4157830555e-01
2.7754028178e+00   3.2684126669e-01
2.7772366405e+00   3.2508616110e-01
2.7928769142e+00   3.1018843628e-01
2.7950326377e+00   3.0816336184e-01
2.8106729114e+00   2.9383276422e-01
2.8263131851e+00   2.8028055161e-01
2.8269935477e+00   2.7971031169e-01
2.8337971739e+00   2.7409763421e-01
2.8494374476e+00   2.6180451737e-01
2.8631297924e+00   2.5170562188e-01
2.8787700661e+00   2.4086097768e-01
2.8944103398e+00   2.3067780214e-01
2.8978503237e+00   2.2851947266e-01
2.9134905974e+00   2.1904707424e-01
2.9291308711e+00   2.1009248437e-01
2.9447711448e+00   2.0161045071e-01
2.9604114185e+00   1.9356668655e-01
2.9760516922e+00   1.8593623102e-01
2.9916919659e+00   1.7870200202e-01
3.0073322396e+00   1.7185377879e-01
3.0229725133e+00   1.6538768885e-01
3.0386127870e+00   1.5930620545e-01
3.0542530607e+00   1.5361864898e-01
3.0698933344e+00   1.4834219742e-01
3.0855336081e+00   1.4350343525e-01
3.1011738818e+00   1.3914049750e-01
3.1168141556e+00   1.3530588636e-01
3.1324544293e+00   1.3207004631e-01
3.1480947030e+00   1.2952576696e-01
3.1637349767e+00   1.2779341314e-01
3.1724131632e+00   1.2723740391e-01
3.1880534369e+00   1.2708739551e-01
3.2036937106e+00   1.2822323222e-01
3.2117203553e+00   1.2938978879e-01
3.2273606290e+00   1.3299149805e-01
3.2376431626e+00   1.3644930032e-01
3.2384649861e+00   1.3676679332e-01
3.2466832208e+00   1.4029997453e-01
3.2623234945e+00   1.4897516937e-01
3.2635580319e+00   1.4977734821e-01
3.2759034054e+00   1.5881825548e-01
3.2847727063e+00   1.6651176275e-01
3.3004129800e+00   1.8264553629e-01
3.3110763488e+00   1.9553900445e-01
3.3157232428e+00   2.0162280193e-01
3.3313635165e+00   2.2397881768e-01
3.3470037902e+00   2.4860999454e-01
3.3571886534e+00   2.6530586985e-01
3.3728289271e+00   2.9076532421e-01
3.3753694915e+00   2.9477333788e-01
3.3910097653e+00   3.1783880203e-01
3.3962241161e+00   3.2470319407e-01
3.4118643898e+00   3.4196184446e-01
3.4150164959e+00   3.4475655721e-01
3.4306567696e+00   3.5489277353e-01
3.4379721915e+00   3.5746495808e-01
3.4416222013e+00   3.5824097325e-01
3.4450669293e+00   3.5867241850e-01
3.4607072030e+00   3.5721611342e-01
3.4612782556e+00   3.5706548391e-01
3.4669887817e+00   3.5522328698e-01
3.4826290554e+00   3.4747675623e-01
3.4866734058e+00   3.4494842857e-01
3.4913837654e+00   3.4178929500e-01
3.5070240391e+00   3.3004862126e-01
3.5226643128e+00   3.1716931181e-01
3.5230983026e+00   3.1680390817e-01
3.5274382003e+00   3.1313859501e-01
3.5430784740e+00   2.9990497003e-01
3.5525100633e+00   2.9203037819e-01
3.5681503370e+00   2.7933256951e-01
3.5826835486e+00   2.6803862155e-01
3.5983238223e+00   2.5647423404e-01
3.6139640960e+00   2.4551443294e-01
3.6296043697e+00   2.3512482452e-01
3.6452446434e+00   2.2526106968e-01
3.6600875643e+00   2.1634597604e-01
3.6757278380e+00   2.0738299769e-01
3.6913681117e+00   1.9882805950e-01
3.7070083854e+00   1.9065176189e-01
3.7226486591e+00   1.8282947001e-01
3.7382889328e+00   1.7534037895e-01
3.7539292065e+00   1.6816664533e-01
3.7695694802e+00   1.6129267684e-01
3.7852097539e+00   1.5470459395e-01
3.8008500276e+00   1.4838984447e-01
3.8164903013e+00   1.4233694142e-01
3.8321305750e+00   1.3653529562e-01
3.8477708487e+00   1.3097511993e-01
3.8634111224e+00   1.2564738943e-01
3.8790513961e+00   1.2054384801e-01
3.8946916698e+00   1.1565705819e-01
3.9103319436e+00   1.1098049652e-01
3.9259722173e+00   1.0650870223e-01
3.9416124910e+00   1.0223749307e-01
3.9572527647e+00   9.8164269559e-02
3.9728930384e+00   9.4288435340e-02
3.9885333121e+00   9.0611978838e-02
4.0041735858e+00   8.7140270163e-02
4.0177326657e+00   8.4303691400e-02
4.0333729394e+00   8.1245140739e-02
4.0490132131e+00   7.8437078229e-02
4.0646534868e+00   7.5912453769e-02
4.0802937605e+00   7.3718162466e-02
4.0959340342e+00   7.1919891426e-02
4.1115743079e+00   7.0608587462e-02
4.1272145816e+00   6.9908980360e-02
4.1281872944e+00   6.9889243029e-02
4.1379144227e+00   6.9867903934e-02
4.1535546964e+00   7.0611201178e-02
4.1559913663e+00   7.0827595347e-02
4.1716316400e+00   7.2997092241e-02
4.1827990293e+00   7.5522640892e-02
4.1856782278e+00   7.6329139941e-02
4.2013185015e+00   8.2022142087e-02
4.2018472988e+00   8.2257542779e-02
4.2071352717e+00   8.4784316051e-02
4.2227755454e+00   9.4312884746e-02
4.2273580131e+00   9.7763801776e-02
4.2429982868e+00   1.1218576393e-01
4.2485675170e+00   1.1841592037e-01
4.2513992761e+00   1.2182373063e-01
4.2670395498e+00   1.4376500225e-01
4.2684006300e+00   1.4593539812e-01
4.2820114314e+00   1.7002302301e-01
4.2869382350e+00   1.7980724787e-01
4.2880244007e+00   1.8203870196e-01
4.2988860573e+00   2.0575736476e-01
4.3000361384e+00   2.0840958572e-01
4.3115369490e+00   2.3617862616e-01
4.3160325818e+00   2.4753355172e-01
4.3316728555e+00   2.8799362208e-01
4.3408088470e+00   3.1127949122e-01
4.3422731449e+00   3.1491688122e-01
4.3558177710e+00   3.4642193254e-01
4.3564979195e+00   3.4787499323e-01
4.3632994038e+00   3.6154917167e-01
4.3645416493e+00   3.6386553826e-01
4.3761535782e+00   3.8244385738e-01
4.3797072872e+00   3.8693581560e-01
4.3815043434e+00   3.8898326565e-01
4.3924243804e+00   3.9813355131e-01
4.3969423175e+00   4.0027567858e-01
4.3986576491e+00   4.0084360350e-01
4.4094285690e+00   4.0148903263e-01
4.4134320424e+00   4.0053693722e-01
4.4158949451e+00   3.9966073582e-01
4.4208120328e+00   3.9730112640e-01
4.4218020794e+00   3.9673401733e-01
4.4317025457e+00   3.8959418046e-01
4.4342637791e+00   3.8736986340e-01
4.4394251418e+00   3.8250856106e-01
4.4417821088e+00   3.8014264660e-01
4.4542293858e+00   3.6655779860e-01
4.4567309144e+00   3.6367425279e-01
4.4704958759e+00   3.4745092421e-01
4.4729544452e+00   3.4454177271e-01
4.4885244738e+00   3.2649628671e-01
4.4942354710e+00   3.2013890876e-01
4.5098757447e+00   3.0369006642e-01
4.5154294787e+00   2.9821348011e-01
4.5310697524e+00   2.8382167884e-01
4.5399581588e+00   2.7629104446e-01
4.5555984325e+00   2.6407377097e-01
4.5706840237e+00   2.5339609900e-01
4.5863242974e+00   2.4331054032e-01
4.6019645711e+00   2.3408996001e-01
4.6137976407e+00   2.2762250554e-01
4.6294379144e+00   2.1968314737e-01
4.6427440391e+00   2.1343821248e-01
4.6583843128e+00   2.0666926207e-01
4.6740245865e+00   2.0050711465e-01
4.6896648602e+00   1.9495781517e-01
4.7053051339e+00   1.9004377936e-01
4.7209454076e+00   1.8580302604e-01
4.7365856813e+00   1.8228914398e-01
4.7522259550e+00   1.7957170252e-01
4.7678662287e+00   1.7773674955e-01
4.7835065024e+00   1.7688693645e-01
4.7991467761e+00   1.7714066204e-01
4.8115337621e+00   1.7821122334e-01
4.8271740358e+00   1.8077673937e-01
4.8428143095e+00   1.8482579727e-01
4.8500546310e+00   1.8723836277e-01
4.8656949047e+00   1.9367510069e-01
4.8813351785e+00   2.0183696724e-01
4.8923043707e+00   2.0859136069e-01
4.9079446444e+00   2.1961929647e-01
4.9235849181e+00   2.3209483785e-01
4.9287927905e+00   2.3651263032e-01
4.9444330642e+00   2.5032832600e-01
4.9600733379e+00   2.6449945582e-01
4.9757136116e+00   2.7832306019e-01
4.9913538853e+00   2.9103341842e-01
5.0031095814e+00   2.9940583291e-01
5.0165739692e+00   3.0736623906e-01
5.0322142429e+00   3.1406279815e-01
5.0398979155e+00   3.1627443591e-01
5.0555381892e+00   3.1855856156e-01
5.0606920747e+00   3.1867805032e-01
5.0763323484e+00   3.1726518041e-01
5.0890076409e+00   3.1437073150e-01
5.0912693562e+00   3.1371011596e-01
5.1069096299e+00   3.0812945909e-01
5.1166465578e+00   3.0390629139e-01
5.1322868316e+00   2.9624402243e-01
5.1428144884e+00   2.9065081964e-01
5.1584547621e+00   2.8194725821e-01
5.1740950358e+00   2.7300972973e-01
5.1897353095e+00   2.6403808297e-01
5.2053755832e+00   2.5517258766e-01
5.2210158569e+00   2.4650853541e-01
5.2366561306e+00   2.3810952008e-01
5.2522964044e+00   2.3001826066e-01
5.2679366781e+00   2.2226481537e-01
5.2835769518e+00   2.1487254134e-01
5.2872547067e+00   2.1318899141e-01
5.3028949805e+00   2.0627168448e-01
5.3185352542e+00   1.9976338596e-01
5.3341755279e+00   1.9368957368e-01
5.3498158016e+00   1.8808110225e-01
5.3654560753e+00   1.8297604502e-01
5.3810963490e+00   1.7842159952e-01
5.3967366227e+00   1.7447613103e-01
5.4123768964e+00   1.7121135781e-01
5.4280171701e+00   1.6871459335e-01
5.4436574438e+00   1.6709084489e-01
5.4512161921e+00   1.6665513242e-01
5.4668564658e+00   1.6656110004e-01
5.4824967395e+00   1.6768471372e-01
5.4900758276e+00   1.6871721343e-01
5.5057161013e+00   1.7196422382e-01
5.5192926831e+00   1.7611605634e-01
5.5233363912e+00   1.7760995175e-01
5.5389766649e+00   1.8456735137e-01
5.5546169386e+00   1.9348237046e-01
5.5599050692e+00   1.9695013199e-01
5.5755453430e+00   2.0853192212e-01
5.5911856167e+00   2.2197454927e-01
5.6054973365e+00   2.3564659070e-01
5.6128820184e+00   2.4308873736e-01
5.6285222921e+00   2.5933481522e-01
5.6441625658e+00   2.7556339836e-01
5.6598028395e+00   2.9084944781e-01
5.6709273521e+00   3.0062614169e-01
5.6865676258e+00   3.1217065103e-01
5.6943492513e+00   3.1677006323e-01
5.7099895250e+00   3.2344376182e-01
5.7145182867e+00   3.2471364086e-01
5.7301585604e+00   3.2683327377e-01
5.7340605784e+00   3.2683382820e-01
5.7497008521e+00   3.2490722881e-01
5.7568872465e+00   3.2308759526e-01
5.7604584328e+00   3.2199032720e-01
5.7760987065e+00   3.1588901378e-01
5.7780581222e+00   3.1499558129e-01
5.7936983959e+00   3.0706959884e-01
5.8071078485e+00   2.9942943185e-01
5.8146626363e+00   2.9489986239e-01
5.8303029100e+00   2.8522477325e-01
5.8423587984e+00   2.7764387296e-01
5.8511840498e+00   2.7209326627e-01
5.8668243235e+00   2.6235240285e-01
5.8824645972e+00   2.5282911177e-01
5.8981048709e+00   2.4359470225e-01
5.9137451446e+00   2.3469031742e-01
5.9293854183e+00   2.2613881541e-01
5.9450256920e+00   2.1795306477e-01
5.9606659657e+00   2.1014148495e-01
5.9763062394e+00   2.0271167173e-01
5.9919465131e+00   1.9567281627e-01
6.0075867868e+00   1.8903745517e-01
6.0232270605e+00   1.8282293343e-01
6.0388673342e+00   1.7705284539e-01
6.0545076079e+00   1.7175862566e-01
6.0701478816e+00   1.6698141551e-01
6.0857881553e+00   1.6277427817e-01
6.0997320168e+00   1.5955869682e-01
6.1153722905e+00   1.5662882204e-01
6.1310125642e+00   1.5451481839e-01
6.1466528379e+00   1.5334352132e-01
6.1474074925e+00   1.5331337591e-01
6.1549540393e+00   1.5315614879e-01
6.1705943130e+00   1.5373388890e-01
6.1759657748e+00   1.5424083039e-01
6.1916060485e+00   1.5672674113e-01
6.2072463222e+00   1.6089504093e-01
6.2152310971e+00   1.6374807957e-01
6.2308713708e+00   1.7090290366e-01
6.2412394388e+00   1.7687165897e-01
6.2456547830e+00   1.7972498702e-01
6.2505273670e+00   1.8309446442e-01
6.2661676407e+00   1.9549204065e-01
6.2720748679e+00   2.0079808464e-01
6.2877151416e+00   2.1640857320e-01
6.2982870454e+00   2.2810910633e-01
6.3139273191e+00   2.4669493262e-01
6.3295675928e+00   2.6605527334e-01
6.3452078665e+00   2.8511459902e-01
6.3608481402e+00   3.0264569064e-01
6.3705458002e+00   3.1221372888e-01
6.3861860739e+00   3.2481168890e-01
6.3917101676e+00   3.2830367146e-01
6.4073504413e+00   3.3524819078e-01
6.4084974553e+00   3.3558374655e-01
6.4199675955e+00   3.3765466058e-01
6.4253938559e+00   3.3784584824e-01
6.4410341296e+00   3.3581444753e-01
6.4437966366e+00   3.3509359951e-01
6.4594369103e+00   3.2929919925e-01
6.4654204506e+00   3.2642602442e-01
6.4810607243e+00   3.1764195665e-01
6.4920177106e+00   3.1069171059e-01
6.4988152642e+00   3.0616222669e-01
6.5144555379e+00   2.9537035264e-01
6.5300958116e+00   2.8438164584e-01
6.5403131406e+00   2.7723397424e-01
6.5559534143e+00   2.6647528821e-01
6.5715936880e+00   2.5603506366e-01
6.5872339617e+00   2.4597244982e-01
6.6028742354e+00   2.3631100942e-01
6.6185145091e+00   2.2705436158e-01
6.6341547828e+00   2.1819634306e-01
6.6497950565e+00   2.0972716582e-01
6.6654353302e+00   2.0163692133e-01
6.6810756039e+00   1.9391746450e-01
6.6967158776e+00   1.8656343030e-01
6.7123561513e+00   1.7957285949e-01
6.7279964250e+00   1.7294773863e-01
6.7436366987e+00   1.6669464252e-01
6.7592769724e+00   1.6082560157e-01
6.7749172461e+00   1.5535928262e-01
6.7905575198e+00   1.5032256532e-01
6.8061977935e+00   1.4575259428e-01
6.8218380672e+00   1.4169939402e-01
6.8374783409e+00   1.3822913036e-01
6.8518774776e+00   1.3562349146e-01
6.8675177513e+00   1.3353608631e-01
6.8831580250e+00   1.3235768246e-01
6.8931306099e+00   1.3215899141e-01
6.9087708836e+00   1.3286254868e-01
6.9191906547e+00   1.3412234153e-01
6.9348309284e+00   1.3740627609e-01
6.9504712021e+00   1.4264140587e-01
6.9548284068e+00   1.4449290346e-01
6.9704686805e+00   1.5271806897e-01
6.9744509487e+00   1.5523448116e-01
6.9900912224e+00   1.6691963156e-01
6.9977042268e+00   1.7369736681e-01
6.9988018031e+00   1.7473516052e-01
7.0097775671e+00   1.8596100891e-01
7.0254178408e+00   2.0457801392e-01
7.0309355357e+00   2.1183810139e-01
7.0465758094e+00   2.3408090279e-01
7.0622160832e+00   2.5804281624e-01
7.0718683722e+00   2.7312902845e-01
7.0875086459e+00   2.9690804808e-01
7.0977366598e+00   3.1127833706e-01
7.1038287990e+00   3.1914845041e-01
7.1194690727e+00   3.3626083591e-01
7.1220404472e+00   3.3858507250e-01
7.1376807209e+00   3.4939422581e-01
7.1431352666e+00   3.5177697088e-01
7.1458719722e+00   3.5270154851e-01
7.1615122459e+00   3.5463901738e-01
7.1653112366e+00   3.5429955622e-01
7.1724906861e+00   3.5287834625e-01
7.1728221279e+00   3.5278945110e-01
7.1761365463e+00   3.5179405537e-01
7.1917768200e+00   3.4478881341e-01
7.1952345537e+00   3.4280553459e-01
7.2108748274e+00   3.3240871892e-01
7.2134024407e+00   3.3055685287e-01
7.2290427144e+00   3.1843791246e-01
7.2352622006e+00   3.1341750033e-01
7.2509024743e+00   3.0063629774e-01
7.2612179382e+00   2.9225054204e-01
7.2768582119e+00   2.7981903317e-01
7.2924984856e+00   2.6786903588e-01
7.3005435959e+00   2.6193479449e-01
7.3161838696e+00   2.5082336560e-01
7.3318241433e+00   2.4026138424e-01
7.3474644170e+00   2.3021833936e-01
7.3631046907e+00   2.2065700643e-01
7.3787449644e+00   2.1154057998e-01
7.3943852381e+00   2.0283582221e-01
7.4100255118e+00   1.9451397570e-01
7.4256657855e+00   1.8655057028e-01
7.4413060593e+00   1.7892479007e-01
7.4569463330e+00   1.7161874588e-01
7.4725866067e+00   1.6461682458e-01
7.4882268804e+00   1.5790516863e-01
7.5038671541e+00   1.5147129194e-01
7.5195074278e+00   1.4530381548e-01
7.5351477015e+00   1.3939230004e-01
7.5507879752e+00   1.3372715615e-01
7.5664282489e+00   1.2829961628e-01
7.5820685226e+00   1.2310176115e-01
7.5977087963e+00   1.1812659774e-01
7.6133490700e+00   1.1336819313e-01
7.6289893437e+00   1.0882187423e-01
7.6446296174e+00   1.0448455572e-01
7.6602698911e+00   1.0035504991e-01
7.6759101648e+00   9.6434687655e-02
7.6915504385e+00   9.2728049222e-02
7.7064160359e+00   8.9411123655e-02
7.7220563096e+00   8.6151978924e-02
7.7376965833e+00   8.3150733452e-02
7.7533368570e+00   8.0439060737e-02
7.7689771307e+00   7.8062062864e-02
7.7846174044e+00   7.6082872894e-02
7.8002576781e+00   7.4588778547e-02
7.8158979518e+00   7.3699270363e-02
7.8192914407e+00   7.3600941626e-02
7.8349317145e+00   7.3670971095e-02
7.8449847046e+00   7.4247754451e-02
7.8606249783e+00   7.6183161479e-02
7.8727869353e+00   7.8765741510e-02
7.8745631835e+00   7.9235521609e-02
7.8902034572e+00   8.4569405922e-02
7.8930397567e+00   8.5793333469e-02
7.9086800304e+00   9.4230335915e-02
7.9115966022e+00   9.6155010769e-02
7.9272368759e+00   1.0868378397e-01
7.9278144240e+00   1.0922374895e-01
7.9335899056e+00   1.1495365396e-01
7.9362842640e+00   1.1783901653e-01
7.9402902640e+00   1.2238949487e-01
7.9559305377e+00   1.4333590102e-01
7.9613171964e+00   1.5178903843e-01
7.9640332730e+00   1.5630038754e-01
7.9796735467e+00   1.8552985878e-01
7.9810348683e+00   1.8833016440e-01
7.9832491069e+00   1.9296855866e-01
7.9988893806e+00   2.2840123377e-01
8.0017319835e+00   2.3526699465e-01
8.0173722572e+00   2.7438509072e-01
8.0204287476e+00   2.8213155863e-01
8.0360690213e+00   3.2070894585e-01
8.0432698427e+00   3.3713277944e-01
8.0438880864e+00   3.3848380985e-01
8.0500705229e+00   3.5138298271e-01
8.0535851670e+00   3.5816655321e-01
8.0661395408e+00   3.7855232736e-01
8.0694355684e+00   3.8280517620e-01
8.0723383820e+00   3.8614772016e-01
8.0836073282e+00   3.9546935383e-01
8.0882404621e+00   3.9762240451e-01
8.0900629602e+00   3.9820817079e-01
8.1011005228e+00   3.9877743576e-01
8.1055505916e+00   3.9766996325e-01
8.1084841615e+00   3.9656256654e-01
8.1121268686e+00   3.9480188599e-01
8.1233591505e+00   3.8705937154e-01
8.1254342374e+00   3.8530654446e-01
8.1297730797e+00   3.8137846098e-01
8.1330073238e+00   3.7824747435e-01
8.1454911495e+00   3.6497857651e-01
8.1488966444e+00   3.6113730086e-01
8.1627885475e+00   3.4508352206e-01
8.1655352699e+00   3.4189694839e-01
8.1811755436e+00   3.2412346385e-01
8.1860442626e+00   3.1879423385e-01
8.2016845363e+00   3.0254723939e-01
8.2081377593e+00   2.9626158254e-01
8.2237780330e+00   2.8204904213e-01
8.2333359028e+00   2.7404355238e-01
8.2489761765e+00   2.6195158582e-01
8.2643409567e+00   2.5115095750e-01
8.2799812304e+00   2.4110144366e-01
8.2956215041e+00   2.3187714604e-01
8.3019801436e+00   2.2833937750e-01
8.3176204173e+00   2.2011656098e-01
8.3332606910e+00   2.1253129724e-01
8.3489009647e+00   2.0554913437e-01
8.3645412384e+00   1.9915577900e-01
8.3801815121e+00   1.9335443205e-01
8.3958217858e+00   1.8816418574e-01
8.4114620595e+00   1.8361939442e-01
8.4271023332e+00   1.7976983532e-01
8.4427426069e+00   1.7668141699e-01
8.4583828806e+00   1.7443713618e-01
8.4703492675e+00   1.7335216238e-01
8.4859895412e+00   1.7285535056e-01
8.4939163953e+00   1.7304005037e-01
8.5022444692e+00   1.7357708441e-01
8.5120129094e+00   1.7468494370e-01
8.5276531831e+00   1.7762334885e-01
8.5432934568e+00   1.8212918706e-01
8.5475696189e+00   1.8365290142e-01
8.5632098926e+00   1.9035079826e-01
8.5788501663e+00   1.9887302834e-01
8.5877320519e+00   2.0453259151e-01
8.6033723256e+00   2.1589179982e-01
8.6190125993e+00   2.2885542397e-01
8.6258239749e+00   2.3491950516e-01
8.6414642486e+00   2.4952257941e-01
8.6571045223e+00   2.6455458323e-01
8.6727447960e+00   2.7925608333e-01
8.6883850697e+00   2.9279137702e-01
8.6945828876e+00   2.9765034112e-01
8.7067203062e+00   3.0609380512e-01
8.7157884978e+00   3.1133792239e-01
8.7314287715e+00   3.1798208967e-01
8.7377018398e+00   3.1975185478e-01
8.7533421135e+00   3.2193124134e-01
8.7546231798e+00   3.2197220416e-01
8.7674338433e+00   3.2130704675e-01
8.7830741170e+00   3.1809313615e-01
8.7848800451e+00   3.1757227288e-01
8.8005203188e+00   3.1197442493e-01
8.8054528108e+00   3.0985816202e-01
8.8210930845e+00   3.0229770501e-01
8.8317970569e+00   2.9655845757e-01
8.8474373306e+00   2.8765161348e-01
8.8622375285e+00   2.7891306859e-01
8.8778778022e+00   2.6958302529e-01
8.8935180759e+00   2.6032251474e-01
8.9091583496e+00   2.5124641918e-01
8.9247986234e+00   2.4242894913e-01
8.9404388971e+00   2.3391710283e-01
8.9560791708e+00   2.2574096891e-01
8.9717194445e+00   2.1792115707e-01
8.9873597182e+00   2.1047396948e-01
9.0029999919e+00   2.0341497546e-01
9.0186402656e+00   1.9676156485e-01
9.0342805393e+00   1.9053493312e-01
9.0499208130e+00   1.8476182009e-01
9.0655610867e+00   1.7947623654e-01
9.0812013604e+00   1.7472132442e-01
9.0927294994e+00   1.7158755027e-01
9.1047001975e+00   1.6869785054e-01
9.1203404712e+00   1.6553952747e-01
9.1359807449e+00   1.6316714293e-01
9.1516210186e+00   1.6169356582e-01
9.1573205173e+00   1.6140571551e-01
9.1729607910e+00   1.6138027764e-01
9.1886010647e+00   1.6260867207e-01
9.1946289352e+00   1.6345569110e-01
9.2102692089e+00   1.6673079912e-01
9.2235977565e+00   1.7086779585e-01
9.2392380302e+00   1.7747261322e-01
9.2490675289e+00   1.8266216708e-01
9.2607480816e+00   1.8992085451e-01
9.2655642788e+00   1.9326474895e-01
9.2812045525e+00   2.0552708008e-01
9.2918815831e+00   2.1507967640e-01
9.3075218568e+00   2.3059018404e-01
9.3091214979e+00   2.3226338855e-01
9.3247617716e+00   2.4923511756e-01
9.3404020453e+00   2.6675831043e-01
9.3560423190e+00   2.8388465008e-01
9.3708965352e+00   2.9882228561e-01
9.3794436493e+00   3.0647838518e-01
9.3950839230e+00   3.1814052533e-01
9.4007877279e+00   3.2152971442e-01
9.4164280016e+00   3.2823119709e-01
9.4192815962e+00   3.2903521448e-01
9.4219863396e+00   3.2967817108e-01
9.4376266133e+00   3.3118294080e-01
9.4393858104e+00   3.3112537771e-01
9.4550260841e+00   3.2879145206e-01
9.4587184724e+00   3.2780258094e-01
9.4743587461e+00   3.2206911553e-01
9.4806994043e+00   3.1914131258e-01
9.4963396780e+00   3.1080953498e-01
9.5119799517e+00   3.0137685467e-01
9.5170728171e+00   2.9815404681e-01
9.5327130908e+00   2.8800267622e-01
9.5454148260e+00   2.7964118208e-01
9.5569860866e+00   2.7204818050e-01
9.5726263603e+00   2.6194000504e-01
9.5882666340e+00   2.5210280130e-01
9.6039069077e+00   2.4259581571e-01
9.6195471814e+00   2.3344897118e-01
9.6351874551e+00   2.2467522513e-01
9.6508277288e+00   2.1627885000e-01
9.6664680026e+00   2.0826070966e-01
9.6821082763e+00   2.0062152283e-01
9.6977485500e+00   1.9336390180e-01
9.7133888237e+00   1.8649374253e-01
9.7290290974e+00   1.8002134909e-01
9.7446693711e+00   1.7396256248e-01
9.7603096448e+00   1.6834006356e-01
9.7706348579e+00   1.6488206785e-01
9.7862751316e+00   1.6005757024e-01
9.8019154053e+00   1.5577634037e-01
9.8175556790e+00   1.5210288039e-01
9.8331959527e+00   1.4911972453e-01
9.8488362264e+00   1.4693115009e-01
9.8644765001e+00   1.4566713437e-01
9.8801167739e+00   1.4548713724e-01
9.8933695262e+00   1.4632456321e-01
9.8998027824e+00   1.4710088966e-01
9.9154430561e+00   1.5012553612e-01
9.9310833298e+00   1.5497353325e-01
9.9319997952e+00   1.5531997344e-01
9.9411644492e+00   1.5919256376e-01
9.9568047229e+00   1.6762927625e-01
9.9612674557e+00   1.7048672123e-01
9.9769077294e+00   1.8216919656e-01
9.9835991857e+00   1.8797827211e-01
9.9992394594e+00   2.0344196321e-01
1.0014879733e+01   2.2136834110e-01
1.0019959835e+01   2.2764981082e-01
1.0035600109e+01   2.4803719217e-01
1.0051240382e+01   2.6923084860e-01
1.0066418146e+01   2.8938672040e-01
1.0068149625e+01   2.9160190448e-01
1.0083789898e+01   3.1027533885e-01
1.0099430172e+01   3.2561937092e-01
1.0104970237e+01   3.3004836694e-01
1.0111480477e+01   3.3450624492e-01
1.0127120751e+01   3.4175505109e-01
1.0127329888e+01   3.4181845650e-01
1.0129421265e+01   3.4240421974e-01
1.0145061539e+01   3.4408354226e-01
1.0148857445e+01   3.4380960109e-01
1.0164497719e+01   3.4021946799e-01
1.0168703984e+01   3.3865519769e-01
1.0176510301e+01   3.3518738127e-01
1.0179724861e+01   3.3356879060e-01
1.0195365135e+01   3.2442794320e-01
1.0202045166e+01   3.2002837464e-01
1.0217685440e+01   3.0900606103e-01
1.0220878297e+01   3.0667406516e-01
1.0236518571e+01   2.9507415828e-01
1.0250452490e+01   2.8471055880e-01
1.0252528738e+01   2.8317699231e-01
1.0268169012e+01   2.7178562042e-01
1.0283809286e+01   2.6076101083e-01
1.0295485094e+01   2.5280997419e-01
1.0311125368e+01   2.4255170056e-01
1.0326765641e+01   2.3274151506e-01
1.0334641311e+01   2.2796706874e-01
1.0350281585e+01   2.1880232275e-01
1.0365921858e+01   2.1004217510e-01
1.0381562132e+01   2.0166743328e-01
1.0397202406e+01   1.9366127360e-01
1.0412842679e+01   1.8600979344e-01
1.0428482953e+01   1.7870213117e-01
1.0444123227e+01   1.7173046735e-01
1.0459763501e+01   1.6509008989e-01
1.0475403774e+01   1.5877961722e-01
1.0491044048e+01   1.5280143797e-01
1.0506684322e+01   1.4716241427e-01
1.0522324595e+01   1.4187489860e-01
1.0537964869e+01   1.3695812927e-01
1.0553605143e+01   1.3244008981e-01
1.0569245416e+01   1.2835993734e-01
1.0584885690e+01   1.2477113063e-01
1.0600525964e+01   1.2174539566e-01
1.0615298480e+01   1.1948982670e-01
1.0630938754e+01   1.1785697444e-01
1.0646579028e+01   1.1715652371e-01
1.0653617313e+01   1.1719739688e-01
1.0669257586e+01   1.1821995539e-01
1.0678808216e+01   1.1957062881e-01
1.0694448490e+01   1.2319848747e-01
1.0702882392e+01   1.2599410342e-01
1.0718522666e+01   1.3300059221e-01
1.0725355594e+01   1.3689437417e-01
1.0740995867e+01   1.4796799380e-01
1.0750596665e+01   1.5639265747e-01
1.0752789382e+01   1.5850130457e-01
1.0768429655e+01   1.7561167261e-01
1.0775357172e+01   1.8436701718e-01
1.0779311009e+01   1.8968520462e-01
1.0794951282e+01   2.1288987004e-01
1.0803986707e+01   2.2769517543e-01
1.0808174079e+01   2.3483852070e-01
1.0823814352e+01   2.6255880995e-01
1.0839454626e+01   2.9055846904e-01
1.0850184269e+01   3.0883050005e-01
1.0865824542e+01   3.3239725923e-01
1.0867162155e+01   3.3418590940e-01
1.0880538279e+01   3.4965363421e-01
1.0882136014e+01   3.5118463626e-01
1.0897434519e+01   3.6214153367e-01
1.0903062101e+01   3.6445859024e-01
1.0904224631e+01   3.6482359174e-01
1.0915849930e+01   3.6641267597e-01
1.0917651664e+01   3.6633783721e-01
1.0932851884e+01   3.6267109224e-01
1.0940071422e+01   3.5927957840e-01
1.0941311976e+01   3.5860671180e-01
1.0953717521e+01   3.5066863425e-01
1.0956803701e+01   3.4840583471e-01
1.0958721268e+01   3.4695279830e-01
1.0974361542e+01   3.3408101495e-01
1.0979842686e+01   3.2927692611e-01
1.0982605084e+01   3.2682249457e-01
1.0998245358e+01   3.1274558771e-01
1.1009601695e+01   3.0257656531e-01
1.1015320914e+01   2.9753433312e-01
1.1030961188e+01   2.8414194926e-01
1.1041771751e+01   2.7528229588e-01
1.1057412025e+01   2.6307946687e-01
1.1073052298e+01   2.5159102017e-01
1.1084650881e+01   2.4350539609e-01
1.1100291154e+01   2.3313987980e-01
1.1115931428e+01   2.2333661929e-01
1.1131571702e+01   2.1404087954e-01
1.1147211975e+01   2.0520634862e-01
1.1162852249e+01   1.9679525809e-01
1.1178492523e+01   1.8877740461e-01
1.1194132797e+01   1.8112887148e-01
1.1209773070e+01   1.7383085350e-01
1.1225413344e+01   1.6686875121e-01
1.1241053618e+01   1.6023158017e-01
1.1256693891e+01   1.5391168964e-01
1.1272334165e+01   1.4790477176e-01
1.1279706684e+01   1.4518142060e-01
1.1295346958e+01   1.3963494826e-01
1.1310987232e+01   1.3440767124e-01
1.1326627505e+01   1.2951104015e-01
1.1342267779e+01   1.2496361956e-01
1.1356196841e+01   1.2122991071e-01
1.1371837115e+01   1.1742767845e-01
1.1387477389e+01   1.1408928356e-01
1.1403117662e+01   1.1128626189e-01
1.1418757936e+01   1.0911448034e-01
1.1422459005e+01   1.0870600965e-01
1.1438099279e+01   1.0749438071e-01
1.1453739552e+01   1.0725268393e-01
1.1457549068e+01   1.0736517669e-01
1.1473189341e+01   1.0865248254e-01
1.1482659589e+01   1.1016935170e-01
1.1498299862e+01   1.1414055022e-01
1.1503856940e+01   1.1605534934e-01
1.1519497214e+01   1.2310431592e-01
1.1526250871e+01   1.2699560187e-01
1.1541891145e+01   1.3826329471e-01
1.1549487061e+01   1.4498620473e-01
1.1551777003e+01   1.4718484870e-01
1.1567417276e+01   1.6444356233e-01
1.1571185969e+01   1.6920460828e-01
1.1586826243e+01   1.9148918613e-01
1.1587782730e+01   1.9298144414e-01
1.1597347605e+01   2.0867313019e-01
1.1612987879e+01   2.3694940824e-01
1.1616369238e+01   2.4339196779e-01
1.1632009511e+01   2.7393290609e-01
1.1647649785e+01   3.0402373522e-01
1.1656639962e+01   3.2012947201e-01
1.1658660177e+01   3.2356136905e-01
1.1674153068e+01   3.4684344586e-01
1.1675470536e+01   3.4853716893e-01
1.1688645216e+01   3.6260472164e-01
1.1692954033e+01   3.6601195855e-01
1.1694368733e+01   3.6699840244e-01
1.1708181239e+01   3.7320513163e-01
1.1713233330e+01   3.7396728041e-01
1.1715218175e+01   3.7405705142e-01
1.1729022205e+01   3.7168044460e-01
1.1732741253e+01   3.7023176583e-01
1.1738009688e+01   3.6767512745e-01
1.1739293017e+01   3.6696975171e-01
1.1752126312e+01   3.5841965087e-01
1.1753080232e+01   3.5769115024e-01
1.1762619438e+01   3.4987369563e-01
1.1766505336e+01   3.4646319601e-01
1.1782145610e+01   3.3194682101e-01
1.1789366916e+01   3.2503393462e-01
1.1791842795e+01   3.2265760037e-01
1.1807483069e+01   3.0777911796e-01
1.1811518067e+01   3.0401590418e-01
1.1827158341e+01   2.8987433257e-01
1.1840038945e+01   2.7884154105e-01
1.1844452093e+01   2.7519630252e-01
1.1860092367e+01   2.6282616267e-01
1.1874324286e+01   2.5227939236e-01
1.1889964559e+01   2.4140009786e-01
1.1905604833e+01   2.3118839492e-01
1.1909036540e+01   2.2902968642e-01
1.1924676814e+01   2.1953460813e-01
1.1940317087e+01   2.1056142005e-01
1.1955957361e+01   2.0206418219e-01
1.1971597635e+01   1.9400812232e-01
1.1987237909e+01   1.8636798065e-01
1.2002878182e+01   1.7912653956e-01
1.2018518456e+01   1.7227358551e-01
1.2034158730e+01   1.6580538247e-01
1.2049799003e+01   1.5972466419e-01
1.2065439277e+01   1.5404113900e-01
1.2081079551e+01   1.4877251149e-01
1.2096719824e+01   1.4394604950e-01
1.2112360098e+01   1.3960075173e-01
1.2128000372e+01   1.3579019144e-01
1.2143640646e+01   1.3258611787e-01
1.2159280919e+01   1.3008287790e-01
1.2174921193e+01   1.2840264532e-01
1.2185147047e+01   1.2782200554e-01
1.2200787320e+01   1.2786370944e-01
1.2212716985e+01   1.2877362787e-01
1.2221342931e+01   1.2997782907e-01
1.2236983204e+01   1.3351025853e-01
1.2247502760e+01   1.3700338503e-01
1.2248935894e+01   1.3755613314e-01
1.2263267239e+01   1.4419346418e-01
1.2268371501e+01   1.4707850931e-01
1.2284011775e+01   1.5780176260e-01
1.2294062262e+01   1.6630061863e-01
1.2309702536e+01   1.8218880282e-01
1.2320390750e+01   1.9493326160e-01
1.2326202437e+01   2.0248573083e-01
1.2341842711e+01   2.2477837290e-01
1.2357482985e+01   2.4929805515e-01
1.2367835759e+01   2.6616869409e-01
1.2383476033e+01   2.9142591345e-01
1.2384480751e+01   2.9300239540e-01
1.2394527930e+01   3.0820976641e-01
1.2405930203e+01   3.2378442954e-01
1.2408727069e+01   3.2725624762e-01
1.2424367342e+01   3.4358699140e-01
1.2428823504e+01   3.4718364566e-01
1.2431953045e+01   3.4941103049e-01
1.2447593319e+01   3.5677913923e-01
1.2450838238e+01   3.5752892758e-01
1.2466478512e+01   3.5764000818e-01
1.2472876595e+01   3.5616264934e-01
1.2475644194e+01   3.5528123677e-01
1.2491284468e+01   3.4795635848e-01
1.2495068692e+01   3.4568056092e-01
1.2510708966e+01   3.3479024162e-01
1.2513931570e+01   3.3231968362e-01
1.2529571844e+01   3.1967794763e-01
1.2534119819e+01   3.1587692816e-01
1.2549760093e+01   3.0269660466e-01
1.2561552204e+01   2.9285238599e-01
1.2577192478e+01   2.8015686283e-01
1.2592618150e+01   2.6817246394e-01
1.2608258424e+01   2.5661994858e-01
1.2623898697e+01   2.4566629572e-01
1.2639538971e+01   2.3527892214e-01
1.2655179245e+01   2.2541474574e-01
1.2669216101e+01   2.1697132129e-01
1.2684856375e+01   2.0798302417e-01
1.2700496648e+01   1.9940347956e-01
1.2716136922e+01   1.9120324101e-01
1.2731777196e+01   1.8335758027e-01
1.2747417469e+01   1.7584557936e-01
1.2763057743e+01   1.6864927232e-01
1.2778698017e+01   1.6175293303e-01
1.2794338290e+01   1.5514252954e-01
1.2809978564e+01   1.4880532751e-01
1.2825618838e+01   1.4272961436e-01
1.2841259112e+01   1.3690451469e-01
1.2856899385e+01   1.3131987304e-01
1.2872539659e+01   1.2596618621e-01
1.2888179933e+01   1.2083457326e-01
1.2903820206e+01   1.1591677660e-01
1.2919460480e+01   1.1120519187e-01
1.2935100754e+01   1.0669292834e-01
1.2950741028e+01   1.0237390525e-01
1.2966381301e+01   9.8242993774e-02
1.2982021575e+01   9.4296218823e-02
1.2997661849e+01   9.0531041884e-02
1.3013302122e+01   8.6946752865e-02
1.3028942396e+01   8.3545012015e-02
1.3044582670e+01   8.0330596639e-02
1.3060222943e+01   7.7312428284e-02
1.3067439243e+01   7.5989782959e-02
1.3083079516e+01   7.3286427333e-02
1.3098719790e+01   7.0829119454e-02
1.3114360064e+01   6.8655779772e-02
1.3130000338e+01   6.6820136041e-02
1.3145640611e+01   6.5397325956e-02
1.3161280885e+01   6.4491386518e-02
1.3175963150e+01   6.4237929379e-02
1.3183469464e+01   6.4382310711e-02
1.3199109737e+01   6.5420791379e-02
1.3200434969e+01   6.5561437428e-02
1.3213687290e+01   6.7506476657e-02
1.3225229403e+01   7.0130679062e-02
1.3226570868e+01   7.0500815194e-02
1.3239985513e+01   7.5069074861e-02
1.3243099156e+01   7.6378558053e-02
1.3258739430e+01   8.4649350668e-02
1.3263025251e+01   8.7472031657e-02
1.3278665525e+01   1.0019223684e-01
1.3280430235e+01   1.0189069062e-01
1.3296070509e+01   1.1961364385e-01
1.3298130373e+01   1.2233085529e-01
1.3313770647e+01   1.4615495583e-01
1.3319167719e+01   1.5574100998e-01
1.3320599393e+01   1.5840406152e-01
1.3334916129e+01   1.8777374379e-01
1.3341936184e+01   2.0390663405e-01
1.3343832583e+01   2.0844252531e-01
1.3359472856e+01   2.4819336641e-01
1.3365185117e+01   2.6344053459e-01
1.3380825390e+01   3.0537262146e-01
1.3386670502e+01   3.2050100068e-01
1.3400592863e+01   3.5346885463e-01
1.3403102291e+01   3.5877957216e-01
1.3414864280e+01   3.8033195879e-01
1.3419679564e+01   3.8737840619e-01
1.3423120746e+01   3.9173013783e-01
1.3424357281e+01   3.9315156004e-01
1.3434867861e+01   4.0215514602e-01
1.3438694378e+01   4.0407376688e-01
1.3439368821e+01   4.0433837076e-01
1.3441088406e+01   4.0491482865e-01
1.3451525702e+01   4.0552285393e-01
1.3454645056e+01   4.0480641125e-01
1.3456444498e+01   4.0422105577e-01
1.3467327967e+01   3.9829008647e-01
1.3469950347e+01   3.9632390752e-01
1.3471394719e+01   3.9516447476e-01
1.3482806140e+01   3.8441453379e-01
1.3484627148e+01   3.8248614214e-01
1.3496982860e+01   3.6841125596e-01
1.3499748826e+01   3.6510101413e-01
1.3513339314e+01   3.4856372883e-01
1.3515545035e+01   3.4588288575e-01
1.3530939496e+01   3.2763395026e-01
1.3535959210e+01   3.2193651100e-01
1.3539216589e+01   3.1832081407e-01
1.3554856862e+01   3.0192969694e-01
1.3557234056e+01   2.9958313226e-01
1.3572874330e+01   2.8508300173e-01
1.3579473471e+01   2.7943307396e-01
1.3595113745e+01   2.6704938238e-01
1.3608369301e+01   2.5754527883e-01
1.3624009574e+01   2.4733678987e-01
1.3639649848e+01   2.3806661575e-01
1.3653895506e+01   2.3033520424e-01
1.3669535779e+01   2.2254639942e-01
1.3685176053e+01   2.1543314230e-01
1.3700816327e+01   2.0896289808e-01
1.3716456601e+01   2.0312528960e-01
1.3732096874e+01   1.9792890512e-01
1.3747737148e+01   1.9339923638e-01
1.3763377422e+01   1.8957755966e-01
1.3779017695e+01   1.8652046419e-01
1.3794657969e+01   1.8429967193e-01
1.3810298243e+01   1.8300171838e-01
1.3825938517e+01   1.8272696638e-01
1.3839143232e+01   1.8337393114e-01
1.3854783506e+01   1.8528501866e-01
1.3867911398e+01   1.8792981607e-01
1.3880974010e+01   1.9157350606e-01
1.3896614284e+01   1.9733780750e-01
1.3912254557e+01   2.0467823754e-01
1.3927117650e+01   2.1310570802e-01
1.3942757924e+01   2.2340655171e-01
1.3958398198e+01   2.3496651902e-01
1.3974038471e+01   2.4743985189e-01
1.3989678745e+01   2.6034492103e-01
1.4005319019e+01   2.7308561148e-01
1.4020959292e+01   2.8499996502e-01
1.4036599566e+01   2.9543234154e-01
1.4048030817e+01   3.0178790039e-01
1.4063671091e+01   3.0840826555e-01
1.4072836678e+01   3.1107999615e-01
1.4088476952e+01   3.1352533492e-01
1.4098007512e+01   3.1374163021e-01
1.4113647785e+01   3.1216970482e-01
1.4125160408e+01   3.0965338588e-01
1.4140800682e+01   3.0470659642e-01
1.4156440956e+01   2.9838225439e-01
1.4168988504e+01   2.9258199130e-01
1.4184628778e+01   2.8474141787e-01
1.4194680418e+01   2.7947171526e-01
1.4210320692e+01   2.7108555421e-01
1.4225960966e+01   2.6263391193e-01
1.4236361985e+01   2.5704654402e-01
1.4252002258e+01   2.4877079023e-01
1.4267642532e+01   2.4071319118e-01
1.4283282806e+01   2.3292895799e-01
1.4295052492e+01   2.2727648740e-01
1.4310692765e+01   2.2006478845e-01
1.4326333039e+01   2.1322191101e-01
1.4341973313e+01   2.0677627467e-01
1.4357613586e+01   2.0075800788e-01
1.4373253860e+01   1.9520122412e-01
1.4388894134e+01   1.9014603355e-01
1.4404534407e+01   1.8564045608e-01
1.4420174681e+01   1.8174232429e-01
1.4435814955e+01   1.7852118166e-01
1.4451455229e+01   1.7606009456e-01
1.4467095502e+01   1.7445717688e-01
1.4482735776e+01   1.7382647224e-01
1.4498376050e+01   1.7429763819e-01
1.4512365994e+01   1.7576934246e-01
1.4528006268e+01   1.7872653059e-01
1.4543646541e+01   1.8321298511e-01
1.4546929644e+01   1.8436200685e-01
1.4562569918e+01   1.9087480946e-01
1.4578210192e+01   1.9916009567e-01
1.4588593980e+01   2.0564960514e-01
1.4604234253e+01   2.1685810730e-01
1.4619874527e+01   2.2961208196e-01
1.4625453566e+01   2.3447425794e-01
1.4634598237e+01   2.4271929524e-01
1.4650238511e+01   2.5731695476e-01
1.4665878785e+01   2.7194583563e-01
1.4681519058e+01   2.8582230381e-01
1.4697159332e+01   2.9814033216e-01
1.4711876955e+01   3.0766127195e-01
1.4714828755e+01   3.0928468652e-01
1.4730469029e+01   3.1612394455e-01
1.4737956708e+01   3.1830641555e-01
1.4753596982e+01   3.2056895924e-01
1.4755622850e+01   3.2064063630e-01
1.4771263124e+01   3.1960228966e-01
1.4783783477e+01   3.1693253283e-01
1.4784822978e+01   3.1664583385e-01
1.4795217989e+01   3.1329405397e-01
1.4810858263e+01   3.0683983646e-01
1.4819711065e+01   3.0260092263e-01
1.4825114003e+01   2.9985279744e-01
1.4840754277e+01   2.9138605727e-01
1.4856394550e+01   2.8243184295e-01
1.4872034824e+01   2.7326742147e-01
1.4886466460e+01   2.6479884073e-01
1.4902106733e+01   2.5573875259e-01
1.4917747007e+01   2.4689262947e-01
1.4933387281e+01   2.3832209439e-01
1.4949027555e+01   2.3006715063e-01
1.4964667828e+01   2.2215482062e-01
1.4980308102e+01   2.1460531749e-01
1.4995948376e+01   2.0743636312e-01
1.5011588649e+01   2.0066624490e-01
1.5027228923e+01   1.9431610758e-01
1.5042869197e+01   1.8841184787e-01
1.5058509471e+01   1.8298588616e-01
1.5074149744e+01   1.7807899115e-01
1.5081005966e+01   1.7610427313e-01
1.5096646240e+01   1.7203673293e-01
1.5107519271e+01   1.6959678733e-01
1.5123159545e+01   1.6670820710e-01
1.5138799818e+01   1.6464209419e-01
1.5153925480e+01   1.6353732789e-01
1.5169565754e+01   1.6345408543e-01
1.5185206028e+01   1.6460611543e-01
1.5192275042e+01   1.6557949166e-01
1.5207915315e+01   1.6884658912e-01
1.5221335439e+01   1.7299062078e-01
1.5236975713e+01   1.7954506296e-01
1.5247140180e+01   1.8487014310e-01
1.5259641207e+01   1.9262057901e-01
1.5264210452e+01   1.9578823912e-01
1.5279850726e+01   2.0796870928e-01
1.5291537599e+01   2.1835221431e-01
1.5307177873e+01   2.3371760647e-01
1.5311085926e+01   2.3777036286e-01
1.5326726199e+01   2.5453967024e-01
1.5342366473e+01   2.7157052446e-01
1.5358006747e+01   2.8790901300e-01
1.5373647020e+01   3.0253947911e-01
1.5375536894e+01   3.0414518089e-01
1.5391177168e+01   3.1576435908e-01
1.5397693392e+01   3.1962848881e-01
1.5413333665e+01   3.2631719523e-01
1.5416853919e+01   3.2730617269e-01
1.5432494193e+01   3.2943732347e-01
1.5435878385e+01   3.2942975076e-01
1.5451518658e+01   3.2742594038e-01
1.5457456072e+01   3.2589675275e-01
1.5473096345e+01   3.2019363041e-01
1.5479165684e+01   3.1743202597e-01
1.5494805957e+01   3.0925622013e-01
1.5510446231e+01   3.0000776689e-01
1.5515342968e+01   2.9697011946e-01
1.5530983242e+01   2.8701394196e-01
1.5537921125e+01   2.8253267602e-01
1.5551268074e+01   2.7390434185e-01
1.5566908348e+01   2.6390496838e-01
1.5582548622e+01   2.5413894865e-01
1.5598188895e+01   2.4467755347e-01
1.5613829169e+01   2.3555963552e-01
1.5629469443e+01   2.2680461169e-01
1.5645109716e+01   2.1842140187e-01
1.5660749990e+01   2.1041427955e-01
1.5676390264e+01   2.0278658635e-01
1.5692030538e+01   1.9554310441e-01
1.5707670811e+01   1.8869168042e-01
1.5723311085e+01   1.8224452194e-01
1.5738951359e+01   1.7621944057e-01
1.5754591632e+01   1.7064124063e-01
1.5758399870e+01   1.6935423760e-01
1.5774040144e+01   1.6437955781e-01
1.5789680418e+01   1.5994198185e-01
1.5805320692e+01   1.5610239550e-01
1.5820960965e+01   1.5293849698e-01
1.5836601239e+01   1.5054821057e-01
1.5852241513e+01   1.4905332638e-01
1.5863033801e+01   1.4862069080e-01
1.5870764519e+01   1.4864773252e-01
1.5886404793e+01   1.4966867845e-01
1.5888134526e+01   1.4986800083e-01
1.5903774800e+01   1.5254196245e-01
1.5919415074e+01   1.5696088992e-01
1.5925506328e+01   1.5920948373e-01
1.5941146601e+01   1.6647928789e-01
1.5950003695e+01   1.7161951850e-01
1.5965643968e+01   1.8263073258e-01
1.5975991762e+01   1.9131686276e-01
1.5980722513e+01   1.9566049890e-01
1.5996362786e+01   2.1162411090e-01
1.6000000000e+01   2.1566860886e-01
