X    Y
0.0000000000e+00   2.0000000000e-01
1.5640273705e-02   2.0130525966e-01
3.1280547410e-02   2.0516943927e-01
4.6920821114e-02   2.1154162150e-01
6.2561094819e-02   2.2040752627e-01
7.8201368524e-02   2.3178929814e-01
8.2562143084e-02   2.3541810096e-01
9.8202416789e-02   2.5010335234e-01
1.1384269049e-01   2.6747501931e-01
1.2948296420e-01   2.8764633953e-01
1.4512323790e-01   3.1073948279e-01
1.4985739318e-01   3.1832358023e-01
1.6549766688e-01   3.4539233887e-01
1.6769012616e-01   3.4943682672e-01
1.8333039987e-01   3.8008886254e-01
1.9897067357e-01   4.1387975718e-01
2.1231612634e-01   4.4510688784e-01
2.2795640005e-01   4.8426897149e-01
2.3774690493e-01   5.0999929961e-01
2.4941786710e-01   5.4162164290e-01
2.5420655937e-01   5.5481612134e-01
2.6984683307e-01   5.9830361760e-01
2.8043091732e-01   6.2756311674e-01
2.9607119102e-01   6.6932528747e-01
2.9792971480e-01   6.7409609077e-01
3.1356998850e-01   7.1180932670e-01
3.2921026221e-01   7.4360732684e-01
3.4485053591e-01   7.6728381052e-01
3.5966047180e-01   7.8042304874e-01
3.6821552637e-01   7.8337247014e-01
3.8385580008e-01   7.7939414960e-01
3.8954599014e-01   7.7489796814e-01
4.0518626384e-01   7.5438631461e-01
4.0802279208e-01   7.4944184527e-01
4.1071642168e-01   7.4441766847e-01
4.2635669538e-01   7.0940535028e-01
4.2810755494e-01   7.0492126247e-01
4.4374782865e-01   6.6074549577e-01
4.4743721865e-01   6.4941167399e-01
4.6307749235e-01   5.9869638416e-01
4.6942016736e-01   5.7730062405e-01
4.8506044106e-01   5.2386185346e-01
5.0070071477e-01   4.7115192435e-01
5.0579948104e-01   4.5442946644e-01
5.2143975475e-01   4.0527616921e-01
5.3421073329e-01   3.6809146228e-01
5.4571895237e-01   3.3721458097e-01
5.6135922608e-01   2.9954910781e-01
5.7699949978e-01   2.6696292694e-01
5.9263977349e-01   2.3938598015e-01
6.0828004719e-01   2.1659434171e-01
6.2392032090e-01   1.9827310227e-01
6.3956059460e-01   1.8406588316e-01
6.5520086831e-01   1.7361174495e-01
6.7084114201e-01   1.6657124540e-01
6.8648141572e-01   1.6264373791e-01
7.0212168942e-01   1.6157795210e-01
7.1776196313e-01   1.6317765034e-01
7.3340223683e-01   1.6730382712e-01
7.4904251054e-01   1.7387457048e-01
7.5972999870e-01   1.7975470719e-01
7.7537027240e-01   1.9040779873e-01
7.9101054611e-01   2.0355128643e-01
8.0665081981e-01   2.1929095095e-01
8.2229109352e-01   2.3777263692e-01
8.3793136722e-01   2.5917450828e-01
8.5357164093e-01   2.8369621942e-01
8.6921191463e-01   3.1154350145e-01
8.8253972972e-01   3.3804135385e-01
8.8873464378e-01   3.5125432154e-01
9.0437491749e-01   3.8719659632e-01
9.2001519119e-01   4.2684456278e-01
9.2082814105e-01   4.2900501966e-01
9.2895763961e-01   4.5113422659e-01
9.4459791331e-01   4.9623968171e-01
9.5036098051e-01   5.1361575291e-01
9.6600125421e-01   5.6239664772e-01
9.7253896928e-01   5.8329984136e-01
9.8817924298e-01   6.3372417406e-01
1.0038195167e+00   6.8324317280e-01
1.0088157342e+00   6.9851171486e-01
1.0244560080e+00   7.4326759396e-01
1.0400962817e+00   7.8121280392e-01
1.0552104825e+00   8.0868273904e-01
1.0569919308e+00   8.1120703153e-01
1.0726322045e+00   8.2600264268e-01
1.0882724782e+00   8.2639595900e-01
1.0937539144e+00   8.2294527508e-01
1.1003403365e+00   8.1632652434e-01
1.1159806102e+00   7.9014511083e-01
1.1162302144e+00   7.8961336092e-01
1.1187262557e+00   7.8410938980e-01
1.1343665294e+00   7.4246103753e-01
1.1385889219e+00   7.2932571957e-01
1.1542291956e+00   6.7517012325e-01
1.1588810585e+00   6.5773022858e-01
1.1665116742e+00   6.2818745324e-01
1.1680706794e+00   6.2203749849e-01
1.1836607313e+00   5.5933138969e-01
1.1899989468e+00   5.3363358612e-01
1.2056392205e+00   4.7119049971e-01
1.2102214501e+00   4.5339279886e-01
1.2258617238e+00   3.9520488537e-01
1.2395527908e+00   3.4825856501e-01
1.2411467050e+00   3.4306512327e-01
1.2567869788e+00   2.9530668537e-01
1.2724272525e+00   2.5351085518e-01
1.2841804843e+00   2.2601237487e-01
1.2998207580e+00   1.9441612199e-01
1.3154610317e+00   1.6815306299e-01
1.3236123476e+00   1.5641904545e-01
1.3392526213e+00   1.3732205936e-01
1.3548928950e+00   1.2228289898e-01
1.3705331687e+00   1.1080754960e-01
1.3861734424e+00   1.0244778559e-01
1.4018137161e+00   9.6813198887e-02
1.4174539898e+00   9.3576763175e-02
1.4330942635e+00   9.2476077926e-02
1.4487345372e+00   9.3311951978e-02
1.4643748109e+00   9.5945560855e-02
1.4800150846e+00   1.0029505908e-01
1.4956553583e+00   1.0633224403e-01
1.5112956320e+00   1.1407964130e-01
1.5269359057e+00   1.2360819917e-01
1.5425761794e+00   1.3503562579e-01
1.5582164531e+00   1.4852525572e-01
1.5738567268e+00   1.6428517627e-01
1.5894970005e+00   1.8256715090e-01
1.6045272997e+00   2.0278510066e-01
1.6201675734e+00   2.2689982190e-01
1.6358078471e+00   2.5450774234e-01
1.6429165332e+00   2.6831243951e-01
1.6585568070e+00   3.0167468759e-01
1.6681100321e+00   3.2419714836e-01
1.6837503058e+00   3.6480291004e-01
1.6921312734e+00   3.8853889588e-01
1.7077715472e+00   4.3659395513e-01
1.7146466893e+00   4.5925311384e-01
1.7302869630e+00   5.1410836071e-01
1.7398657911e+00   5.4975435946e-01
1.7420388977e+00   5.5802918435e-01
1.7576791714e+00   6.1917446749e-01
1.7645764392e+00   6.4672603235e-01
1.7685197199e+00   6.6253241544e-01
1.7841599936e+00   7.2465005467e-01
1.7931416245e+00   7.5901930272e-01
1.7976063076e+00   7.7547267542e-01
1.8132465813e+00   8.2816218397e-01
1.8288868550e+00   8.6982859946e-01
1.8395866419e+00   8.8977111651e-01
1.8552269156e+00   9.0365223015e-01
1.8565480447e+00   9.0391949874e-01
1.8697593359e+00   8.9843239648e-01
1.8711609321e+00   8.9697183403e-01
1.8851768942e+00   8.7323009177e-01
1.8898796329e+00   8.6166940452e-01
1.8928026921e+00   8.5362389616e-01
1.9074639985e+00   8.0418772424e-01
1.9095483531e+00   7.9605007124e-01
1.9138074462e+00   7.7867344093e-01
1.9290474659e+00   7.0963076032e-01
1.9298384509e+00   7.0581058729e-01
1.9377483008e+00   6.6668477080e-01
1.9432154092e+00   6.3888080917e-01
1.9588556829e+00   5.5782284949e-01
1.9638553628e+00   5.3192519048e-01
1.9794956365e+00   4.5274125199e-01
1.9829083038e+00   4.3602523129e-01
1.9985485775e+00   3.6296722598e-01
2.0045837137e+00   3.3655413974e-01
2.0202239874e+00   2.7324703130e-01
2.0309114467e+00   2.3442106311e-01
2.0465517204e+00   1.8407988969e-01
2.0621919941e+00   1.4108703124e-01
2.0735726370e+00   1.1407061116e-01
2.0892129108e+00   8.2211502254e-02
2.1048531845e+00   5.5709237294e-02
2.1204934582e+00   3.3745098932e-02
2.1361337319e+00   1.5538734535e-02
2.1517740056e+00   3.7278741827e-04
2.1674142793e+00   -1.2395881483e-02
2.1830545530e+00   -2.3334147214e-02
2.1986948267e+00   -3.2936530928e-02
2.2143351004e+00   -4.1632711298e-02
2.2299753741e+00   -4.9796977193e-02
2.2456156478e+00   -5.7758501241e-02
2.2612559215e+00   -6.5811716414e-02
2.2768961952e+00   -7.4226371303e-02
2.2925364689e+00   -8.3257043768e-02
2.3081767426e+00   -9.3152022733e-02
2.3238170163e+00   -1.0416154013e-01
2.3394572900e+00   -1.1654535528e-01
2.3550975637e+00   -1.3057966531e-01
2.3707378374e+00   -1.4656323390e-01
2.3863781111e+00   -1.6482248369e-01
2.4020183848e+00   -1.8571506643e-01
2.4112641646e+00   -1.9946138633e-01
2.4269044383e+00   -2.2536058337e-01
2.4425447120e+00   -2.5496260710e-01
2.4450185743e+00   -2.6001346499e-01
2.4606588480e+00   -2.9446269957e-01
2.4704005012e+00   -3.1824508536e-01
2.4860407749e+00   -3.6043723447e-01
2.4913788809e+00   -3.7601608682e-01
2.5070191547e+00   -4.2521638776e-01
2.5140464037e+00   -4.4905460390e-01
2.5296866774e+00   -5.0584597902e-01
2.5374787444e+00   -5.3593571153e-01
2.5395400430e+00   -5.4407699232e-01
2.5551803167e+00   -6.0793604327e-01
2.5594478341e+00   -6.2586802893e-01
2.5750881078e+00   -6.9240648386e-01
2.5756933889e+00   -6.9498353765e-01
2.5817461994e+00   -7.2063943294e-01
2.5973864731e+00   -7.8473613705e-01
2.5987675497e+00   -7.9014716521e-01
2.6125783151e+00   -8.4075297886e-01
2.6282185888e+00   -8.8733519555e-01
2.6347853096e+00   -9.0237345724e-01
2.6504255833e+00   -9.2488628705e-01
2.6536642941e+00   -9.2696033252e-01
2.6585296495e+00   -9.2829454868e-01
2.6740699854e+00   -9.1777628037e-01
2.6771477645e+00   -9.1300296500e-01
2.6817765991e+00   -9.0417859772e-01
2.6958614944e+00   -8.6573888093e-01
2.7006157833e+00   -8.4912122333e-01
2.7033130777e+00   -8.3895226621e-01
2.7171397801e+00   -7.7943837039e-01
2.7208852960e+00   -7.6149737744e-01
2.7261924383e+00   -7.3501456427e-01
2.7275000607e+00   -7.2832048770e-01
2.7405762851e+00   -6.5861016388e-01
2.7418886129e+00   -6.5140665976e-01
2.7550118909e+00   -5.7845997484e-01
2.7554437684e+00   -5.7604917095e-01
2.7597625441e+00   -5.5197602331e-01
2.7754028178e+00   -4.6637792363e-01
2.7772366405e+00   -4.5660597605e-01
2.7928769142e+00   -3.7655566451e-01
2.7950326377e+00   -3.6604918431e-01
2.8106729114e+00   -2.9420853739e-01
2.8263131851e+00   -2.3056720248e-01
2.8269935477e+00   -2.2798923225e-01
2.8337971739e+00   -2.0307788994e-01
2.8494374476e+00   -1.5166132675e-01
2.8631297924e+00   -1.1297297377e-01
2.8787700661e+00   -7.5309378387e-02
2.8944103398e+00   -4.3752972888e-02
2.8978503237e+00   -3.7539712408e-02
2.9134905974e+00   -1.2183130409e-02
2.9291308711e+00   9.0824417987e-03
2.9447711448e+00   2.7081955164e-02
2.9604114185e+00   4.2561022248e-02
2.9760516922e+00   5.6182584107e-02
2.9916919659e+00   6.8530860538e-02
3.0073322396e+00   8.0119715918e-02
3.0229725133e+00   9.1403415874e-02
3.0386127870e+00   1.0278838801e-01
3.0542530607e+00   1.1464506674e-01
3.0698933344e+00   1.2731922651e-01
3.0855336081e+00   1.4114240785e-01
3.1011738818e+00   1.5644113884e-01
3.1168141556e+00   1.7354465583e-01
3.1324544293e+00   1.9279073375e-01
3.1480947030e+00   2.1452903832e-01
3.1637349767e+00   2.3912109811e-01
3.1724131632e+00   2.5413270622e-01
3.1880534369e+00   2.8389326350e-01
3.2036937106e+00   3.1743355817e-01
3.2117203553e+00   3.3621827145e-01
3.2273606290e+00   3.7604518568e-01
3.2376431626e+00   4.0461348311e-01
3.2384649861e+00   4.0697913389e-01
3.2466832208e+00   4.3130283131e-01
3.2623234945e+00   4.8086163793e-01
3.2635580319e+00   4.8494807383e-01
3.2759034054e+00   5.2709384929e-01
3.2847727063e+00   5.5865147256e-01
3.3004129800e+00   6.1616167638e-01
3.3110763488e+00   6.5600458992e-01
3.3157232428e+00   6.7332233925e-01
3.3313635165e+00   7.3025866323e-01
3.3470037902e+00   7.8266407838e-01
3.3571886534e+00   8.1264592880e-01
3.3728289271e+00   8.4952795022e-01
3.3753694915e+00   8.5425776831e-01
3.3910097653e+00   8.7421833175e-01
3.3962241161e+00   8.7707252819e-01
3.4118643898e+00   8.7329978328e-01
3.4150164959e+00   8.7025368263e-01
3.4306567696e+00   8.4398763413e-01
3.4379721915e+00   8.2564612297e-01
3.4416222013e+00   8.1516496221e-01
3.4450669293e+00   8.0450989980e-01
3.4607072030e+00   7.4790662874e-01
3.4612782556e+00   7.4561687466e-01
3.4669887817e+00   7.2200180037e-01
3.4826290554e+00   6.5205752528e-01
3.4866734058e+00   6.3310216131e-01
3.4913837654e+00   6.1076092736e-01
3.5070240391e+00   5.3584545683e-01
3.5226643128e+00   4.6237633884e-01
3.5230983026e+00   4.6038575163e-01
3.5274382003e+00   4.4066535887e-01
3.5430784740e+00   3.7289633535e-01
3.5525100633e+00   3.3495413126e-01
3.5681503370e+00   2.7749385167e-01
3.5826835486e+00   2.3045505007e-01
3.5983238223e+00   1.8659721725e-01
3.6139640960e+00   1.4936486913e-01
3.6296043697e+00   1.1816909981e-01
3.6452446434e+00   9.2322099422e-02
3.6600875643e+00   7.2088662721e-02
3.6757278380e+00   5.4627039179e-02
3.6913681117e+00   4.0486574049e-02
3.7070083854e+00   2.9081096377e-02
3.7226486591e+00   1.9895075089e-02
3.7382889328e+00   1.2483644781e-02
3.7539292065e+00   6.4684911346e-03
3.7695694802e+00   1.5313577178e-03
3.7852097539e+00   -2.5935894450e-03
3.8008500276e+00   -6.1277095546e-03
3.8164903013e+00   -9.2556236496e-03
3.8321305750e+00   -1.2132441058e-02
3.8477708487e+00   -1.4890334330e-02
3.8634111224e+00   -1.7644429526e-02
3.8790513961e+00   -2.0498049403e-02
3.8946916698e+00   -2.3547390686e-02
3.9103319436e+00   -2.6885741459e-02
3.9259722173e+00   -3.0607356953e-02
3.9416124910e+00   -3.4811116282e-02
3.9572527647e+00   -3.9604082610e-02
3.9728930384e+00   -4.5105084398e-02
3.9885333121e+00   -5.1448430723e-02
4.0041735858e+00   -5.8787867022e-02
4.0177326657e+00   -6.6093306914e-02
4.0333729394e+00   -7.5789168175e-02
4.0490132131e+00   -8.7069932202e-02
4.0646534868e+00   -1.0020863674e-01
4.0802937605e+00   -1.1552254543e-01
4.0959340342e+00   -1.3337909895e-01
4.1115743079e+00   -1.5420146336e-01
4.1272145816e+00   -1.7847277835e-01
4.1281872944e+00   -1.8010824212e-01
4.1379144227e+00   -1.9734236533e-01
4.1535546964e+00   -2.2868287835e-01
4.1559913663e+00   -2.3400219464e-01
4.1716316400e+00   -2.7122035250e-01
4.1827990293e+00   -3.0130434031e-01
4.1856782278e+00   -3.0956911185e-01
4.2013185015e+00   -3.5833583648e-01
4.2018472988e+00   -3.6010287190e-01
4.2071352717e+00   -3.7821275598e-01
4.2227755454e+00   -4.3656073820e-01
4.2273580131e+00   -4.5503219244e-01
4.2429982868e+00   -5.2272686639e-01
4.2485675170e+00   -5.4850198207e-01
4.2513992761e+00   -5.6192264513e-01
4.2670395498e+00   -6.3942255308e-01
4.2684006300e+00   -6.4639809843e-01
4.2820114314e+00   -7.1746160205e-01
4.2869382350e+00   -7.4349176704e-01
4.2880244007e+00   -7.4922959104e-01
4.2988860573e+00   -8.0612593561e-01
4.3000361384e+00   -8.1205678251e-01
4.3115369490e+00   -8.6948666717e-01
4.3160325818e+00   -8.9065084842e-01
4.3316728555e+00   -9.5553645510e-01
4.3408088470e+00   -9.8499322268e-01
4.3422731449e+00   -9.8900508998e-01
4.3558177710e+00   -1.0154189968e+00
4.3564979195e+00   -1.0161984908e+00
4.3632994038e+00   -1.0208971870e+00
4.3645416493e+00   -1.0211338819e+00
4.3761535782e+00   -1.0137662167e+00
4.3797072872e+00   -1.0080207055e+00
4.3815043434e+00   -1.0044953294e+00
4.3924243804e+00   -9.7434215017e-01
4.3969423175e+00   -9.5766966573e-01
4.3986576491e+00   -9.5073378188e-01
4.4094285690e+00   -9.0017325580e-01
4.4134320424e+00   -8.7859510666e-01
4.4158949451e+00   -8.6466148059e-01
4.4208120328e+00   -8.3548832783e-01
4.4218020794e+00   -8.2941365744e-01
4.4317025457e+00   -7.6559167868e-01
4.4342637791e+00   -7.4832788731e-01
4.4394251418e+00   -7.1285015249e-01
4.4417821088e+00   -6.9640525327e-01
4.4542293858e+00   -6.0822654364e-01
4.4567309144e+00   -5.9043045854e-01
4.4704958759e+00   -4.9374625488e-01
4.4729544452e+00   -4.7686306343e-01
4.4885244738e+00   -3.7420776724e-01
4.4942354710e+00   -3.3876308534e-01
4.5098757447e+00   -2.4876168995e-01
4.5154294787e+00   -2.1942110920e-01
4.5310697524e+00   -1.4426661768e-01
4.5399581588e+00   -1.0635479819e-01
4.5555984325e+00   -4.7541231962e-02
4.5706840237e+00   5.4239172907e-04
4.5863242974e+00   4.2664159826e-02
4.6019645711e+00   7.8213301826e-02
4.6137976407e+00   1.0151938271e-01
4.6294379144e+00   1.2853950119e-01
4.6427440391e+00   1.4887824319e-01
4.6583843128e+00   1.7052960725e-01
4.6740245865e+00   1.9056112904e-01
4.6896648602e+00   2.0972427260e-01
4.7053051339e+00   2.2866886114e-01
4.7209454076e+00   2.4795517211e-01
4.7365856813e+00   2.6806485739e-01
4.7522259550e+00   2.8940925344e-01
4.7678662287e+00   3.1233393222e-01
4.7835065024e+00   3.3711849900e-01
4.7991467761e+00   3.6397073365e-01
4.8115337621e+00   3.8678979369e-01
4.8271740358e+00   4.1758914131e-01
4.8428143095e+00   4.5052550422e-01
4.8500546310e+00   4.6643766219e-01
4.8656949047e+00   5.0202546736e-01
4.8813351785e+00   5.3881882124e-01
4.8923043707e+00   5.6494216766e-01
4.9079446444e+00   6.0188904009e-01
4.9235849181e+00   6.3737759357e-01
4.9287927905e+00   6.4862777456e-01
4.9444330642e+00   6.7990081061e-01
4.9600733379e+00   7.0612212301e-01
4.9757136116e+00   7.2567209261e-01
4.9913538853e+00   7.3712094522e-01
5.0031095814e+00   7.3974071581e-01
5.0165739692e+00   7.3606621657e-01
5.0322142429e+00   7.2282710442e-01
5.0398979155e+00   7.1293199375e-01
5.0555381892e+00   6.8651711839e-01
5.0606920747e+00   6.7615572152e-01
5.0763323484e+00   6.4055455939e-01
5.0890076409e+00   6.0810285707e-01
5.0912693562e+00   6.0206162888e-01
5.1069096299e+00   5.5893459708e-01
5.1166465578e+00   5.3144822220e-01
5.1322868316e+00   4.8748349510e-01
5.1428144884e+00   4.5865223262e-01
5.1584547621e+00   4.1784368893e-01
5.1740950358e+00   3.8024831316e-01
5.1897353095e+00   3.4647179606e-01
5.2053755832e+00   3.1685232047e-01
5.2210158569e+00   2.9151529830e-01
5.2366561306e+00   2.7042911773e-01
5.2522964044e+00   2.5345615089e-01
5.2679366781e+00   2.4039609132e-01
5.2835769518e+00   2.3102067327e-01
5.2872547067e+00   2.2932604620e-01
5.3028949805e+00   2.2418602619e-01
5.3185352542e+00   2.2224251095e-01
5.3341755279e+00   2.2332179157e-01
5.3498158016e+00   2.2728948655e-01
5.3654560753e+00   2.3405360636e-01
5.3810963490e+00   2.4356460731e-01
5.3967366227e+00   2.5581288944e-01
5.4123768964e+00   2.7082389288e-01
5.4280171701e+00   2.8865064078e-01
5.4436574438e+00   3.0936326706e-01
5.4512161921e+00   3.2042981613e-01
5.4668564658e+00   3.4555354594e-01
5.4824967395e+00   3.7370744743e-01
5.4900758276e+00   3.8843893109e-01
5.5057161013e+00   4.2103730673e-01
5.5192926831e+00   4.5162253145e-01
5.5233363912e+00   4.6111444972e-01
5.5389766649e+00   4.9928827824e-01
5.5546169386e+00   5.3932293913e-01
5.5599050692e+00   5.5314099565e-01
5.5755453430e+00   5.9430054609e-01
5.5911856167e+00   6.3487223589e-01
5.6054973365e+00   6.7014415221e-01
5.6128820184e+00   6.8717914839e-01
5.6285222921e+00   7.1948185878e-01
5.6441625658e+00   7.4498929030e-01
5.6598028395e+00   7.6180488684e-01
5.6709273521e+00   7.6761302846e-01
5.6865676258e+00   7.6633673987e-01
5.6943492513e+00   7.6147507606e-01
5.7099895250e+00   7.4336582605e-01
5.7145182867e+00   7.3613655025e-01
5.7301585604e+00   7.0498770174e-01
5.7340605784e+00   6.9586488733e-01
5.7497008521e+00   6.5485917489e-01
5.7568872465e+00   6.3407467580e-01
5.7604584328e+00   6.2339572992e-01
5.7760987065e+00   5.7470335336e-01
5.7780581222e+00   5.6845561619e-01
5.7936983959e+00   5.1826668490e-01
5.8071078485e+00   4.7578687222e-01
5.8146626363e+00   4.5249654670e-01
5.8303029100e+00   4.0650603781e-01
5.8423587984e+00   3.7360654909e-01
5.8511840498e+00   3.5113803122e-01
5.8668243235e+00   3.1492826722e-01
5.8824645972e+00   2.8349377828e-01
5.8981048709e+00   2.5682966606e-01
5.9137451446e+00   2.3477681171e-01
5.9293854183e+00   2.1708071254e-01
5.9450256920e+00   2.0343889803e-01
5.9606659657e+00   1.9353709875e-01
5.9763062394e+00   1.8707542490e-01
5.9919465131e+00   1.8378625926e-01
6.0075867868e+00   1.8344562296e-01
6.0232270605e+00   1.8587960638e-01
6.0388673342e+00   1.9096718555e-01
6.0545076079e+00   1.9864043023e-01
6.0701478816e+00   2.0888278835e-01
6.0857881553e+00   2.2172581220e-01
6.0997320168e+00   2.3542867103e-01
6.1153722905e+00   2.5342575902e-01
6.1310125642e+00   2.7433330771e-01
6.1466528379e+00   2.9830522820e-01
6.1474074925e+00   2.9954210208e-01
6.1549540393e+00   3.1232684593e-01
6.1705943130e+00   3.4128212967e-01
6.1759657748e+00   3.5200752076e-01
6.1916060485e+00   3.8554570931e-01
6.2072463222e+00   4.2250667394e-01
6.2152310971e+00   4.4265759197e-01
6.2308713708e+00   4.8445793355e-01
6.2412394388e+00   5.1367509243e-01
6.2456547830e+00   5.2642468691e-01
6.2505273670e+00   5.4067423607e-01
6.2661676407e+00   5.8731078496e-01
6.2720748679e+00   6.0509294680e-01
6.2877151416e+00   6.5175552573e-01
6.2982870454e+00   6.8220965829e-01
6.3139273191e+00   7.2399734603e-01
6.3295675928e+00   7.5967145621e-01
6.3452078665e+00   7.8667664040e-01
6.3608481402e+00   8.0267187945e-01
6.3705458002e+00   8.0624928311e-01
6.3861860739e+00   8.0103371530e-01
6.3917101676e+00   7.9590517013e-01
6.4073504413e+00   7.7237447522e-01
6.4084974553e+00   7.7014771089e-01
6.4199675955e+00   7.4443003237e-01
6.4253938559e+00   7.3023951716e-01
6.4410341296e+00   6.8327406619e-01
6.4437966366e+00   6.7419371919e-01
6.4594369103e+00   6.1961439977e-01
6.4654204506e+00   5.9771845942e-01
6.4810607243e+00   5.3938438180e-01
6.4920177106e+00   4.9861562166e-01
6.4988152642e+00   4.7375240404e-01
6.5144555379e+00   4.1870048855e-01
6.5300958116e+00   3.6773788348e-01
6.5403131406e+00   3.3709890911e-01
6.5559534143e+00   2.9463533457e-01
6.5715936880e+00   2.5769762878e-01
6.5872339617e+00   2.2621382457e-01
6.6028742354e+00   1.9992184115e-01
6.6185145091e+00   1.7844576488e-01
6.6341547828e+00   1.6135558360e-01
6.6497950565e+00   1.4821134610e-01
6.6654353302e+00   1.3859399729e-01
6.6810756039e+00   1.3212554543e-01
6.6967158776e+00   1.2848113730e-01
6.7123561513e+00   1.2739529994e-01
6.7279964250e+00   1.2866420133e-01
6.7436366987e+00   1.3214537411e-01
6.7592769724e+00   1.3775597115e-01
6.7749172461e+00   1.4547029331e-01
6.7905575198e+00   1.5531704411e-01
6.8061977935e+00   1.6737651331e-01
6.8218380672e+00   1.8177765415e-01
6.8374783409e+00   1.9869477533e-01
6.8518774776e+00   2.1667864172e-01
6.8675177513e+00   2.3906255686e-01
6.8831580250e+00   2.6468202319e-01
6.8931306099e+00   2.8283890161e-01
6.9087708836e+00   3.1437582765e-01
6.9191906547e+00   3.3757221697e-01
6.9348309284e+00   3.7582671366e-01
6.9504712021e+00   4.1830338990e-01
6.9548284068e+00   4.3088752984e-01
6.9704686805e+00   4.7865629980e-01
6.9744509487e+00   4.9143620683e-01
6.9900912224e+00   5.4375504458e-01
6.9977042268e+00   5.7024955506e-01
6.9988018031e+00   5.7411283423e-01
7.0097775671e+00   6.1317747455e-01
7.0254178408e+00   6.6926071575e-01
7.0309355357e+00   6.8879978164e-01
7.0465758094e+00   7.4204069600e-01
7.0622160832e+00   7.8960092231e-01
7.0718683722e+00   8.1460202376e-01
7.0875086459e+00   8.4556830427e-01
7.0977366598e+00   8.5811354196e-01
7.1038287990e+00   8.6231811873e-01
7.1194690727e+00   8.6110616488e-01
7.1220404472e+00   8.5920653531e-01
7.1376807209e+00   8.3736554894e-01
7.1431352666e+00   8.2573530953e-01
7.1458719722e+00   8.1916194787e-01
7.1615122459e+00   7.7295958460e-01
7.1653112366e+00   7.5975260461e-01
7.1724906861e+00   7.3301346256e-01
7.1728221279e+00   7.3172768890e-01
7.1761365463e+00   7.1864385236e-01
7.1917768200e+00   6.5238477627e-01
7.1952345537e+00   6.3699454668e-01
7.2108748274e+00   5.6579570877e-01
7.2134024407e+00   5.5420168473e-01
7.2290427144e+00   4.8324972508e-01
7.2352622006e+00   4.5579811292e-01
7.2509024743e+00   3.8987644038e-01
7.2612179382e+00   3.4940510427e-01
7.2768582119e+00   2.9331559295e-01
7.2924984856e+00   2.4395352906e-01
7.3005435959e+00   2.2119786627e-01
7.3161838696e+00   1.8191805026e-01
7.3318241433e+00   1.4879935449e-01
7.3474644170e+00   1.2125827856e-01
7.3631046907e+00   9.8645769913e-02
7.3787449644e+00   8.0304953195e-02
7.3943852381e+00   6.5609182550e-02
7.4100255118e+00   5.3984944202e-02
7.4256657855e+00   4.4923664086e-02
7.4413060593e+00   3.7985779274e-02
7.4569463330e+00   3.2799711494e-02
7.4725866067e+00   2.9057732803e-02
7.4882268804e+00   2.6510169161e-02
7.5038671541e+00   2.4958954627e-02
7.5195074278e+00   2.4251214832e-02
7.5351477015e+00   2.4273309643e-02
7.5507879752e+00   2.4945586623e-02
7.5664282489e+00   2.6217973501e-02
7.5820685226e+00   2.8066457036e-02
7.5977087963e+00   3.0490446567e-02
7.6133490700e+00   3.3510994513e-02
7.6289893437e+00   3.7169836385e-02
7.6446296174e+00   4.1529151181e-02
7.6602698911e+00   4.6672134234e-02
7.6759101648e+00   5.2704342403e-02
7.6915504385e+00   5.9755641402e-02
7.7064160359e+00   6.7544979666e-02
7.7220563096e+00   7.7063008238e-02
7.7376965833e+00   8.8154073364e-02
7.7533368570e+00   1.0107689264e-01
7.7689771307e+00   1.1613411443e-01
7.7846174044e+00   1.3367760366e-01
7.8002576781e+00   1.5411342766e-01
7.8158979518e+00   1.7790567695e-01
7.8192914407e+00   1.8356098534e-01
7.8349317145e+00   2.1214942922e-01
7.8449847046e+00   2.3290962177e-01
7.8606249783e+00   2.6936927924e-01
7.8727869353e+00   3.0157870041e-01
7.8745631835e+00   3.0658555472e-01
7.8902034572e+00   3.5421021638e-01
7.8930397567e+00   3.6355220018e-01
7.9086800304e+00   4.1914203888e-01
7.9115966022e+00   4.3028564454e-01
7.9272368759e+00   4.9423503935e-01
7.9278144240e+00   4.9673004149e-01
7.9335899056e+00   5.2218669583e-01
7.9362842640e+00   5.3437094486e-01
7.9402902640e+00   5.5283561359e-01
7.9559305377e+00   6.2851170758e-01
7.9613171964e+00   6.5566720968e-01
7.9640332730e+00   6.6951683904e-01
7.9796735467e+00   7.5033791311e-01
7.9810348683e+00   7.5738074241e-01
7.9832491069e+00   7.6880926755e-01
7.9988893806e+00   8.4733244880e-01
8.0017319835e+00   8.6091061868e-01
8.0173722572e+00   9.2896180946e-01
8.0204287476e+00   9.4056235837e-01
8.0360690213e+00   9.8808924779e-01
8.0432698427e+00   1.0020710847e+00
8.0438880864e+00   1.0030096161e+00
8.0500705229e+00   1.0099905147e+00
8.0535851670e+00   1.0119472261e+00
8.0661395408e+00   1.0064719729e+00
8.0694355684e+00   1.0017487653e+00
8.0723383820e+00   9.9645882793e-01
8.0836073282e+00   9.6613805687e-01
8.0882404621e+00   9.4936152401e-01
8.0900629602e+00   9.4211526121e-01
8.1011005228e+00   8.9106794569e-01
8.1055505916e+00   8.6736298703e-01
8.1084841615e+00   8.5088318793e-01
8.1121268686e+00   8.2956693642e-01
8.1233591505e+00   7.5893943811e-01
8.1254342374e+00   7.4524740981e-01
8.1297730797e+00   7.1614037514e-01
8.1330073238e+00   6.9410233823e-01
8.1454911495e+00   6.0755548399e-01
8.1488966444e+00   5.8384089144e-01
8.1627885475e+00   4.8844827604e-01
8.1655352699e+00   4.7003631686e-01
8.1811755436e+00   3.6955053878e-01
8.1860442626e+00   3.4005807875e-01
8.2016845363e+00   2.5195340719e-01
8.2081377593e+00   2.1869611076e-01
8.2237780330e+00   1.4568873547e-01
8.2333359028e+00   1.0622803361e-01
8.2489761765e+00   4.9517695590e-02
8.2643409567e+00   2.3786962372e-03
8.2799812304e+00   -3.8103004015e-02
8.2956215041e+00   -7.2283682219e-02
8.3019801436e+00   -8.4663124953e-02
8.3176204173e+00   -1.1204098763e-01
8.3332606910e+00   -1.3591453030e-01
8.3489009647e+00   -1.5726013186e-01
8.3645412384e+00   -1.7693751006e-01
8.3801815121e+00   -1.9569702612e-01
8.3958217858e+00   -2.1419081409e-01
8.4114620595e+00   -2.3298502325e-01
8.4271023332e+00   -2.5257123260e-01
8.4427426069e+00   -2.7337558880e-01
8.4583828806e+00   -2.9576450041e-01
8.4703492675e+00   -3.1415807291e-01
8.4859895412e+00   -3.4005649567e-01
8.4939163953e+00   -3.5404284462e-01
8.5022444692e+00   -3.6938675994e-01
8.5120129094e+00   -3.8824792081e-01
8.5276531831e+00   -4.2038721498e-01
8.5432934568e+00   -4.5481938172e-01
8.5475696189e+00   -4.6460237000e-01
8.5632098926e+00   -5.0154634496e-01
8.5788501663e+00   -5.3987823395e-01
8.5877320519e+00   -5.6197383917e-01
8.6033723256e+00   -6.0077909442e-01
8.6190125993e+00   -6.3836413157e-01
8.6258239749e+00   -6.5397638052e-01
8.6414642486e+00   -6.8711641008e-01
8.6571045223e+00   -7.1503795506e-01
8.6727447960e+00   -7.3597393583e-01
8.6883850697e+00   -7.4834964349e-01
8.6945828876e+00   -7.5060938028e-01
8.7067203062e+00   -7.5041908437e-01
8.7157884978e+00   -7.4620785485e-01
8.7314287715e+00   -7.3086164895e-01
8.7377018398e+00   -7.2195367847e-01
8.7533421135e+00   -6.9353361364e-01
8.7546231798e+00   -6.9084653255e-01
8.7674338433e+00   -6.6140404300e-01
8.7830741170e+00   -6.2028341746e-01
8.7848800451e+00   -6.1525625827e-01
8.8005203188e+00   -5.7013553768e-01
8.8054528108e+00   -5.5552049514e-01
8.8210930845e+00   -5.0893249830e-01
8.8317970569e+00   -4.7748734201e-01
8.8474373306e+00   -4.3326728967e-01
8.8622375285e+00   -3.9420214107e-01
8.8778778022e+00   -3.5660365477e-01
8.8935180759e+00   -3.2325132884e-01
8.9091583496e+00   -2.9435844652e-01
8.9247986234e+00   -2.6994122820e-01
8.9404388971e+00   -2.4987813572e-01
8.9560791708e+00   -2.3396140605e-01
8.9717194445e+00   -2.2193903877e-01
8.9873597182e+00   -2.1354719453e-01
9.0029999919e+00   -2.0853393128e-01
9.0186402656e+00   -2.0667562455e-01
9.0342805393e+00   -2.0778749951e-01
9.0499208130e+00   -2.1172957785e-01
9.0655610867e+00   -2.1840911208e-01
9.0812013604e+00   -2.2778029733e-01
9.0927294994e+00   -2.3640836968e-01
9.1047001975e+00   -2.4692828521e-01
9.1203404712e+00   -2.6311473914e-01
9.1359807449e+00   -2.8214688063e-01
9.1516210186e+00   -3.0412691078e-01
9.1573205173e+00   -3.1289035803e-01
9.1729607910e+00   -3.3905845554e-01
9.1886010647e+00   -3.6838754195e-01
9.1946289352e+00   -3.8054124090e-01
9.2102692089e+00   -4.1425799632e-01
9.2235977565e+00   -4.4539347737e-01
9.2392380302e+00   -4.8450314696e-01
9.2490675289e+00   -5.1030857532e-01
9.2607480816e+00   -5.4192831447e-01
9.2655642788e+00   -5.5518728488e-01
9.2812045525e+00   -5.9863640427e-01
9.2918815831e+00   -6.2812057669e-01
9.3075218568e+00   -6.6981655768e-01
9.3091214979e+00   -6.7391787015e-01
9.3247617716e+00   -7.1161888959e-01
9.3404020453e+00   -7.4341766341e-01
9.3560423190e+00   -7.6710893610e-01
9.3708965352e+00   -7.8029954790e-01
9.3794436493e+00   -7.8325049827e-01
9.3950839230e+00   -7.7929049448e-01
9.4007877279e+00   -7.7479051535e-01
9.4164280016e+00   -7.5429809491e-01
9.4192815962e+00   -7.4932707282e-01
9.4219863396e+00   -7.4428375469e-01
9.4376266133e+00   -7.0928192588e-01
9.4393858104e+00   -7.0477792551e-01
9.4550260841e+00   -6.6061730455e-01
9.4587184724e+00   -6.4927879787e-01
9.4743587461e+00   -5.9858599370e-01
9.4806994043e+00   -5.7720760503e-01
9.4963396780e+00   -5.2379701877e-01
9.5119799517e+00   -4.7111649810e-01
9.5170728171e+00   -4.5442277515e-01
9.5327130908e+00   -4.0529674195e-01
9.5454148260e+00   -3.6832619529e-01
9.5569860866e+00   -3.3728898065e-01
9.5726263603e+00   -2.9964262349e-01
9.5882666340e+00   -2.6707300307e-01
9.6039069077e+00   -2.3951039746e-01
9.6195471814e+00   -2.1673130119e-01
9.6351874551e+00   -1.9842125743e-01
9.6508277288e+00   -1.8422433803e-01
9.6664680026e+00   -1.7378003129e-01
9.6821082763e+00   -1.6674928935e-01
9.6977485500e+00   -1.6283182273e-01
9.7133888237e+00   -1.6177668112e-01
9.7290290974e+00   -1.6338791218e-01
9.7446693711e+00   -1.6752676336e-01
9.7603096448e+00   -1.7411154478e-01
9.7706348579e+00   -1.7978396917e-01
9.7862751316e+00   -1.9039697734e-01
9.8019154053e+00   -2.0350023979e-01
9.8175556790e+00   -2.1919860372e-01
9.8331959527e+00   -2.3763705410e-01
9.8488362264e+00   -2.5899299326e-01
9.8644765001e+00   -2.8346545260e-01
9.8801167739e+00   -3.1125974300e-01
9.8933695262e+00   -3.3755309007e-01
9.8998027824e+00   -3.5125446192e-01
9.9154430561e+00   -3.8717433657e-01
9.9310833298e+00   -4.2679718180e-01
9.9319997952e+00   -4.2923187267e-01
9.9411644492e+00   -4.5424346011e-01
9.9568047229e+00   -4.9954867041e-01
9.9612674557e+00   -5.1302007740e-01
9.9769077294e+00   -5.6174764443e-01
9.9835991857e+00   -5.8312557234e-01
9.9992394594e+00   -6.3351827435e-01
1.0014879733e+01   -6.8300958457e-01
1.0019959835e+01   -6.9852364719e-01
1.0035600109e+01   -7.4323344574e-01
1.0051240382e+01   -7.8112917231e-01
1.0066418146e+01   -8.0864402681e-01
1.0068149625e+01   -8.1108883628e-01
1.0083789898e+01   -8.2582845690e-01
1.0099430172e+01   -8.2617425110e-01
1.0104970237e+01   -8.2266269214e-01
1.0111480477e+01   -8.1609834784e-01
1.0127120751e+01   -7.8991169001e-01
1.0127329888e+01   -7.8946641813e-01
1.0129421265e+01   -7.8488271870e-01
1.0145061539e+01   -7.4358269422e-01
1.0148857445e+01   -7.3188070425e-01
1.0164497719e+01   -6.7819430004e-01
1.0168703984e+01   -6.6254156729e-01
1.0176510301e+01   -6.3251159493e-01
1.0179724861e+01   -6.1985393752e-01
1.0195365135e+01   -5.5693714554e-01
1.0202045166e+01   -5.2988319282e-01
1.0217685440e+01   -4.6760962512e-01
1.0220878297e+01   -4.5522626971e-01
1.0236518571e+01   -3.9694898248e-01
1.0250452490e+01   -3.4909725495e-01
1.0252528738e+01   -3.4233738365e-01
1.0268169012e+01   -2.9470581249e-01
1.0283809286e+01   -2.5303425579e-01
1.0295485094e+01   -2.2579467378e-01
1.0311125368e+01   -1.9428172898e-01
1.0326765641e+01   -1.6809425724e-01
1.0334641311e+01   -1.5677147173e-01
1.0350281585e+01   -1.3766276067e-01
1.0365921858e+01   -1.2261442846e-01
1.0381562132e+01   -1.1113291102e-01
1.0397202406e+01   -1.0277027660e-01
1.0412842679e+01   -9.7136310110e-02
1.0428482953e+01   -9.3904122451e-02
1.0444123227e+01   -9.2811429844e-02
1.0459763501e+01   -9.3659164282e-02
1.0475403774e+01   -9.6308650654e-02
1.0491044048e+01   -1.0067823303e-01
1.0506684322e+01   -1.0673994753e-01
1.0522324595e+01   -1.1451661211e-01
1.0537964869e+01   -1.2407952074e-01
1.0553605143e+01   -1.3554677454e-01
1.0569245416e+01   -1.4908213475e-01
1.0584885690e+01   -1.6489412477e-01
1.0600525964e+01   -1.8323491379e-01
1.0615298480e+01   -2.0314463166e-01
1.0630938754e+01   -2.2727752354e-01
1.0646579028e+01   -2.5490449837e-01
1.0653617313e+01   -2.6857709683e-01
1.0669257586e+01   -3.0193909915e-01
1.0678808216e+01   -3.2445353235e-01
1.0694448490e+01   -3.6505227923e-01
1.0702882392e+01   -3.8893656896e-01
1.0718522666e+01   -4.3699148364e-01
1.0725355594e+01   -4.5950584494e-01
1.0740995867e+01   -5.1433418307e-01
1.0750596665e+01   -5.5004103723e-01
1.0752789382e+01   -5.5838563611e-01
1.0768429655e+01   -6.1948743577e-01
1.0775357172e+01   -6.4713435273e-01
1.0779311009e+01   -6.6296641794e-01
1.0794951282e+01   -7.2499888826e-01
1.0803986707e+01   -7.5950513471e-01
1.0808174079e+01   -7.7491237172e-01
1.0823814352e+01   -8.2758270998e-01
1.0839454626e+01   -8.6926660619e-01
1.0850184269e+01   -8.8929049948e-01
1.0865824542e+01   -9.0322655993e-01
1.0867162155e+01   -9.0350275940e-01
1.0880538279e+01   -8.9791373193e-01
1.0882136014e+01   -8.9622170129e-01
1.0897434519e+01   -8.6914181628e-01
1.0903062101e+01   -8.5443153410e-01
1.0904224631e+01   -8.5109380884e-01
1.0915849930e+01   -8.1250569818e-01
1.0917651664e+01   -8.0573845850e-01
1.0932851884e+01   -7.4169484195e-01
1.0940071422e+01   -7.0775942088e-01
1.0941311976e+01   -7.0175443174e-01
1.0953717521e+01   -6.3966629692e-01
1.0956803701e+01   -6.2381217257e-01
1.0958721268e+01   -6.1391308646e-01
1.0974361542e+01   -5.3282787602e-01
1.0979842686e+01   -5.0470736715e-01
1.0982605084e+01   -4.9067336241e-01
1.0998245358e+01   -4.1377275661e-01
1.1009601695e+01   -3.6150349392e-01
1.1015320914e+01   -3.3653498280e-01
1.1030961188e+01   -2.7331959898e-01
1.1041771751e+01   -2.3412506919e-01
1.1057412025e+01   -1.8391811718e-01
1.1073052298e+01   -1.4104572778e-01
1.1084650881e+01   -1.1362503566e-01
1.1100291154e+01   -8.1942704161e-02
1.1115931428e+01   -5.5593609402e-02
1.1131571702e+01   -3.3761189652e-02
1.1147211975e+01   -1.5667906648e-02
1.1162852249e+01   -5.9949524193e-04
1.1178492523e+01   1.2084063357e-02
1.1194132797e+01   2.2946644479e-02
1.1209773070e+01   3.2479968290e-02
1.1225413344e+01   4.1111140093e-02
1.1241053618e+01   4.9212099172e-02
1.1256693891e+01   5.7109868047e-02
1.1272334165e+01   6.5096893204e-02
1.1279706684e+01   6.8969979010e-02
1.1295346958e+01   7.7570741822e-02
1.1310987232e+01   8.6897921395e-02
1.1326627505e+01   9.7198006579e-02
1.1342267779e+01   1.0872308742e-01
1.1356196841e+01   1.2023300807e-01
1.1371837115e+01   1.3481365569e-01
1.1387477389e+01   1.5144293075e-01
1.1403117662e+01   1.7045663638e-01
1.1418757936e+01   1.9222280787e-01
1.1422459005e+01   1.9781927323e-01
1.1438099279e+01   2.2354645649e-01
1.1453739552e+01   2.5296050334e-01
1.1457549068e+01   2.6073408630e-01
1.1473189341e+01   2.9535885648e-01
1.1482659589e+01   3.1857193848e-01
1.1498299862e+01   3.6089248562e-01
1.1503856940e+01   3.7717386213e-01
1.1519497214e+01   4.2660381339e-01
1.1526250871e+01   4.4959871917e-01
1.1541891145e+01   5.0655221515e-01
1.1549487061e+01   5.3595479575e-01
1.1551777003e+01   5.4502162142e-01
1.1567417276e+01   6.0906610585e-01
1.1571185969e+01   6.2493782782e-01
1.1586826243e+01   6.9162672354e-01
1.1587782730e+01   6.9570974356e-01
1.1597347605e+01   7.3620240976e-01
1.1612987879e+01   7.9935980403e-01
1.1616369238e+01   8.1217294822e-01
1.1632009511e+01   8.6540924648e-01
1.1647649785e+01   9.0506466581e-01
1.1656639962e+01   9.1988121174e-01
1.1658660177e+01   9.2230324058e-01
1.1674153068e+01   9.2885775099e-01
1.1675470536e+01   9.2839549836e-01
1.1688645216e+01   9.1475665890e-01
1.1692954033e+01   9.0676791606e-01
1.1694368733e+01   9.0377445208e-01
1.1708181239e+01   8.6538271310e-01
1.1713233330e+01   8.4747623953e-01
1.1715218175e+01   8.3992706253e-01
1.1729022205e+01   7.8037989668e-01
1.1732741253e+01   7.6252625278e-01
1.1738009688e+01   7.3618174657e-01
1.1739293017e+01   7.2959899518e-01
1.1752126312e+01   6.6106769835e-01
1.1753080232e+01   6.5582493322e-01
1.1762619438e+01   6.0279914468e-01
1.1766505336e+01   5.8104585444e-01
1.1782145610e+01   4.9427884180e-01
1.1789366916e+01   4.5534683563e-01
1.1791842795e+01   4.4224470491e-01
1.1807483069e+01   3.6309982694e-01
1.1811518067e+01   3.4383199306e-01
1.1827158341e+01   2.7415945152e-01
1.1840038945e+01   2.2303234864e-01
1.1844452093e+01   2.0682611178e-01
1.1860092367e+01   1.5464259242e-01
1.1874324286e+01   1.1390928177e-01
1.1889964559e+01   7.5854439270e-02
1.1905604833e+01   4.3959718664e-02
1.1909036540e+01   3.7693601502e-02
1.1924676814e+01   1.2055122391e-02
1.1940317087e+01   -9.4503008796e-03
1.1955957361e+01   -2.7654342744e-02
1.1971597635e+01   -4.3309372493e-02
1.1987237909e+01   -5.7084767990e-02
1.2002878182e+01   -6.9570675565e-02
1.2018518456e+01   -8.1286295222e-02
1.2034158730e+01   -9.2690626570e-02
1.2049799003e+01   -1.0419425896e-01
1.2065439277e+01   -1.1617126367e-01
1.2081079551e+01   -1.2897057517e-01
1.2096719824e+01   -1.4292645186e-01
1.2112360098e+01   -1.5836770580e-01
1.2128000372e+01   -1.7562539175e-01
1.2143640646e+01   -1.9503855000e-01
1.2159280919e+01   -2.1695739613e-01
1.2174921193e+01   -2.4174303107e-01
1.2185147047e+01   -2.5967368963e-01
1.2200787320e+01   -2.9000323509e-01
1.2212716985e+01   -3.1568613327e-01
1.2221342931e+01   -3.3571838086e-01
1.2236983204e+01   -3.7531879170e-01
1.2247502760e+01   -4.0439772597e-01
1.2248935894e+01   -4.0851276523e-01
1.2263267239e+01   -4.5166585145e-01
1.2268371501e+01   -4.6789455156e-01
1.2284011775e+01   -5.2022019922e-01
1.2294062262e+01   -5.5565814442e-01
1.2309702536e+01   -6.1281207248e-01
1.2320390750e+01   -6.5254262402e-01
1.2326202437e+01   -6.7409205769e-01
1.2341842711e+01   -7.3064660788e-01
1.2357482985e+01   -7.8259257839e-01
1.2367835759e+01   -8.1269677692e-01
1.2383476033e+01   -8.4891100051e-01
1.2384480751e+01   -8.5078331085e-01
1.2394527930e+01   -8.6605430240e-01
1.2405930203e+01   -8.7510911564e-01
1.2408727069e+01   -8.7589003739e-01
1.2424367342e+01   -8.6930784726e-01
1.2428823504e+01   -8.6400077021e-01
1.2431953045e+01   -8.5937389428e-01
1.2447593319e+01   -8.2558312648e-01
1.2450838238e+01   -8.1647849908e-01
1.2466478512e+01   -7.6388935243e-01
1.2472876595e+01   -7.3881745504e-01
1.2475644194e+01   -7.2744614708e-01
1.2491284468e+01   -6.5857786019e-01
1.2495068692e+01   -6.4104903811e-01
1.2510708966e+01   -5.6695240225e-01
1.2513931570e+01   -5.5158315944e-01
1.2529571844e+01   -4.7797114347e-01
1.2534119819e+01   -4.5713111664e-01
1.2549760093e+01   -3.8850181473e-01
1.2561552204e+01   -3.4057610010e-01
1.2577192478e+01   -2.8286616799e-01
1.2592618150e+01   -2.3283803397e-01
1.2608258424e+01   -1.8904785610e-01
1.2623898697e+01   -1.5186205756e-01
1.2639538971e+01   -1.2070269757e-01
1.2655179245e+01   -9.4891068172e-02
1.2669216101e+01   -7.5696350389e-02
1.2684856375e+01   -5.8099075709e-02
1.2700496648e+01   -4.3871896412e-02
1.2716136922e+01   -3.2429404966e-02
1.2731777196e+01   -2.3256219892e-02
1.2747417469e+01   -1.5907557898e-02
1.2763057743e+01   -1.0005527287e-02
1.2778698017e+01   -5.2329399891e-03
1.2794338290e+01   -1.3259100598e-03
1.2809978564e+01   1.9339048536e-03
1.2825618838e+01   4.7268736800e-03
1.2841259112e+01   7.2024563993e-03
1.2856899385e+01   9.4856064411e-03
1.2872539659e+01   1.1682465156e-02
1.2888179933e+01   1.3885374768e-02
1.2903820206e+01   1.6177280826e-02
1.2919460480e+01   1.8635620465e-02
1.2935100754e+01   2.1335805158e-02
1.2950741028e+01   2.4354410890e-02
1.2966381301e+01   2.7772188253e-02
1.2982021575e+01   3.1677002209e-02
1.2997661849e+01   3.6166808894e-02
1.3013302122e+01   4.1352769944e-02
1.3028942396e+01   4.7362602788e-02
1.3044582670e+01   5.4344264045e-02
1.3060222943e+01   6.2470049509e-02
1.3067439243e+01   6.6659404589e-02
1.3083079516e+01   7.6828327738e-02
1.3098719790e+01   8.8699464964e-02
1.3114360064e+01   1.0256817943e-01
1.3130000338e+01   1.1877858545e-01
1.3145640611e+01   1.3772985438e-01
1.3161280885e+01   1.5988193975e-01
1.3175963150e+01   1.8405676268e-01
1.3183469464e+01   1.9783965527e-01
1.3199109737e+01   2.3002947515e-01
1.3200434969e+01   2.3298855932e-01
1.3213687290e+01   2.6474474075e-01
1.3225229403e+01   2.9583906970e-01
1.3226570868e+01   2.9967421799e-01
1.3239985513e+01   3.4071169454e-01
1.3243099156e+01   3.5096020135e-01
1.3258739430e+01   4.0678457116e-01
1.3263025251e+01   4.2338130191e-01
1.3278665525e+01   4.8877626634e-01
1.3280430235e+01   4.9662751841e-01
1.3296070509e+01   5.7019842760e-01
1.3298130373e+01   5.8039123740e-01
1.3313770647e+01   6.6096109384e-01
1.3319167719e+01   6.8979246824e-01
1.3320599393e+01   6.9750054517e-01
1.3334916129e+01   7.7514492206e-01
1.3341936184e+01   8.1288643424e-01
1.3343832583e+01   8.2295135097e-01
1.3359472856e+01   9.0193389131e-01
1.3365185117e+01   9.2810081868e-01
1.3380825390e+01   9.8823695254e-01
1.3386670502e+01   1.0052145864e+00
1.3400592863e+01   1.0305747073e+00
1.3403102291e+01   1.0326519277e+00
1.3414864280e+01   1.0313920302e+00
1.3419679564e+01   1.0255135457e+00
1.3423120746e+01   1.0193929576e+00
1.3424357281e+01   1.0168054313e+00
1.3434867861e+01   9.8673003725e-01
1.3438694378e+01   9.7233127482e-01
1.3439368821e+01   9.6961214506e-01
1.3441088406e+01   9.6243999508e-01
1.3451525702e+01   9.1200204760e-01
1.3454645056e+01   8.9483272000e-01
1.3456444498e+01   8.8453683552e-01
1.3467327967e+01   8.1697336078e-01
1.3469950347e+01   7.9954401538e-01
1.3471394719e+01   7.8978742949e-01
1.3482806140e+01   7.0965451091e-01
1.3484627148e+01   6.9649706921e-01
1.3496982860e+01   6.0608068293e-01
1.3499748826e+01   5.8578852204e-01
1.3513339314e+01   4.8753484639e-01
1.3515545035e+01   4.7196154430e-01
1.3530939496e+01   3.6766353286e-01
1.3535959210e+01   3.3561137044e-01
1.3539216589e+01   3.1538791997e-01
1.3554856862e+01   2.2497459588e-01
1.3557234056e+01   2.1222901715e-01
1.3572874330e+01   1.3495401539e-01
1.3579473471e+01   1.0570318622e-01
1.3595113745e+01   4.3845087680e-02
1.3608369301e+01   -1.0381956642e-03
1.3624009574e+01   -4.6241289091e-02
1.3639649848e+01   -8.4346579926e-02
1.3653895506e+01   -1.1400458099e-01
1.3669535779e+01   -1.4217834942e-01
1.3685176053e+01   -1.6685665494e-01
1.3700816327e+01   -1.8904350209e-01
1.3716456601e+01   -2.0961508710e-01
1.3732096874e+01   -2.2932822159e-01
1.3747737148e+01   -2.4883181284e-01
1.3763377422e+01   -2.6867870973e-01
1.3779017695e+01   -2.8933600386e-01
1.3794657969e+01   -3.1119237798e-01
1.3810298243e+01   -3.3456141177e-01
1.3825938517e+01   -3.5967996322e-01
1.3839143232e+01   -3.8236457030e-01
1.3854783506e+01   -4.1103943385e-01
1.3867911398e+01   -4.3659197844e-01
1.3880974010e+01   -4.6326198197e-01
1.3896614284e+01   -4.9657645032e-01
1.3912254557e+01   -5.3094354565e-01
1.3927117650e+01   -5.6395968188e-01
1.3942757924e+01   -5.9821313013e-01
1.3958398198e+01   -6.3086299163e-01
1.3974038471e+01   -6.6060147980e-01
1.3989678745e+01   -6.8600071280e-01
1.4005319019e+01   -7.0562310811e-01
1.4020959292e+01   -7.1816565095e-01
1.4036599566e+01   -7.2261936541e-01
1.4048030817e+01   -7.2040995349e-01
1.4063671091e+01   -7.0982620636e-01
1.4072836678e+01   -6.9969578001e-01
1.4088476952e+01   -6.7626805854e-01
1.4098007512e+01   -6.5862644222e-01
1.4113647785e+01   -6.2519326167e-01
1.4125160408e+01   -5.9786095027e-01
1.4140800682e+01   -5.5840358130e-01
1.4156440956e+01   -5.1779452597e-01
1.4168988504e+01   -4.8540901557e-01
1.4184628778e+01   -4.4636303678e-01
1.4194680418e+01   -4.2249086644e-01
1.4210320692e+01   -3.8782070787e-01
1.4225960966e+01   -3.5664721656e-01
1.4236361985e+01   -3.3802639828e-01
1.4252002258e+01   -3.1332758934e-01
1.4267642532e+01   -2.9262611084e-01
1.4283282806e+01   -2.7585682066e-01
1.4295052492e+01   -2.6574909558e-01
1.4310692765e+01   -2.5551546381e-01
1.4326333039e+01   -2.4875896965e-01
1.4341973313e+01   -2.4529511162e-01
1.4357613586e+01   -2.4495728158e-01
1.4373253860e+01   -2.4760657446e-01
1.4388894134e+01   -2.5313728051e-01
1.4404534407e+01   -2.6147879069e-01
1.4420174681e+01   -2.7259442401e-01
1.4435814955e+01   -2.8647742975e-01
1.4451455229e+01   -3.0314414655e-01
1.4467095502e+01   -3.2262402945e-01
1.4482735776e+01   -3.4494600549e-01
1.4498376050e+01   -3.7012042341e-01
1.4512365994e+01   -3.9503095456e-01
1.4528006268e+01   -4.2546555304e-01
1.4543646541e+01   -4.5843787251e-01
1.4546929644e+01   -4.6565295767e-01
1.4562569918e+01   -5.0122676061e-01
1.4578210192e+01   -5.3833812292e-01
1.4588593980e+01   -5.6344256377e-01
1.4604234253e+01   -6.0120222792e-01
1.4619874527e+01   -6.3777108023e-01
1.4625453566e+01   -6.5024955340e-01
1.4634598237e+01   -6.6977082174e-01
1.4650238511e+01   -6.9959002996e-01
1.4665878785e+01   -7.2340166142e-01
1.4681519058e+01   -7.3956167253e-01
1.4697159332e+01   -7.4672569398e-01
1.4711876955e+01   -7.4448432372e-01
1.4714828755e+01   -7.4295847826e-01
1.4730469029e+01   -7.2895025044e-01
1.4737956708e+01   -7.1884328807e-01
1.4753596982e+01   -6.9128977127e-01
1.4755622850e+01   -6.8714064235e-01
1.4771263124e+01   -6.5132997974e-01
1.4783783477e+01   -6.1875162734e-01
1.4784822978e+01   -6.1592703791e-01
1.4795217989e+01   -5.8692728143e-01
1.4810858263e+01   -5.4167326565e-01
1.4819711065e+01   -5.1581711752e-01
1.4825114003e+01   -5.0012352027e-01
1.4840754277e+01   -4.5569946022e-01
1.4856394550e+01   -4.1372665862e-01
1.4872034824e+01   -3.7513357441e-01
1.4886466460e+01   -3.4304534755e-01
1.4902106733e+01   -3.1239867242e-01
1.4917747007e+01   -2.8615892910e-01
1.4933387281e+01   -2.6428100903e-01
1.4949027555e+01   -2.4660964485e-01
1.4964667828e+01   -2.3292508696e-01
1.4980308102e+01   -2.2297950115e-01
1.4995948376e+01   -2.1652449388e-01
1.5011588649e+01   -2.1333084371e-01
1.5027228923e+01   -2.1320176742e-01
1.5042869197e+01   -2.1598102941e-01
1.5058509471e+01   -2.2155703289e-01
1.5074149744e+01   -2.2986378119e-01
1.5081005966e+01   -2.3435899397e-01
1.5096646240e+01   -2.4656554237e-01
1.5107519271e+01   -2.5666631381e-01
1.5123159545e+01   -2.7356505635e-01
1.5138799818e+01   -2.9333296982e-01
1.5153925480e+01   -3.1526639853e-01
1.5169565754e+01   -3.4094298100e-01
1.5185206028e+01   -3.6972682414e-01
1.5192275042e+01   -3.8376036273e-01
1.5207915315e+01   -4.1704204047e-01
1.5221335439e+01   -4.4795455471e-01
1.5236975713e+01   -4.8646659726e-01
1.5247140180e+01   -5.1271580109e-01
1.5259641207e+01   -5.4599041298e-01
1.5264210452e+01   -5.5834244732e-01
1.5279850726e+01   -6.0088481084e-01
1.5291537599e+01   -6.3232801180e-01
1.5307177873e+01   -6.7263399829e-01
1.5311085926e+01   -6.8219324318e-01
1.5326726199e+01   -7.1743734347e-01
1.5342366473e+01   -7.4625205417e-01
1.5358006747e+01   -7.6655742446e-01
1.5373647020e+01   -7.7658161039e-01
1.5375536894e+01   -7.7703188373e-01
1.5391177168e+01   -7.7415286124e-01
1.5397693392e+01   -7.6944051083e-01
1.5413333665e+01   -7.4989902522e-01
1.5416853919e+01   -7.4397008622e-01
1.5432494193e+01   -7.1150147417e-01
1.5435878385e+01   -7.0328029775e-01
1.5451518658e+01   -6.6075483234e-01
1.5457456072e+01   -6.4299944402e-01
1.5473096345e+01   -5.9335636950e-01
1.5479165684e+01   -5.7336372340e-01
1.5494805957e+01   -5.2125036087e-01
1.5510446231e+01   -4.6989565932e-01
1.5515342968e+01   -4.5424913795e-01
1.5530983242e+01   -4.0634416460e-01
1.5537921125e+01   -3.8630127680e-01
1.5551268074e+01   -3.5016073629e-01
1.5566908348e+01   -3.1219504602e-01
1.5582548622e+01   -2.7917186540e-01
1.5598188895e+01   -2.5108355706e-01
1.5613829169e+01   -2.2775592842e-01
1.5629469443e+01   -2.0891171110e-01
1.5645109716e+01   -1.9422155489e-01
1.5660749990e+01   -1.8334277036e-01
1.5676390264e+01   -1.7594723983e-01
1.5692030538e+01   -1.7174039712e-01
1.5707670811e+01   -1.7047322438e-01
1.5723311085e+01   -1.7194902882e-01
1.5738951359e+01   -1.7602646634e-01
1.5754591632e+01   -1.8261994832e-01
1.5758399870e+01   -1.8460162224e-01
1.5774040144e+01   -1.9428612021e-01
1.5789680418e+01   -2.0648815158e-01
1.5805320692e+01   -2.2128669101e-01
1.5820960965e+01   -2.3880173010e-01
1.5836601239e+01   -2.5918678866e-01
1.5852241513e+01   -2.8261859203e-01
1.5863033801e+01   -3.0066097909e-01
1.5870764519e+01   -3.1456421276e-01
1.5886404793e+01   -3.4527840251e-01
1.5888134526e+01   -3.4889213163e-01
1.5903774800e+01   -3.8356126211e-01
1.5919415074e+01   -4.2181944030e-01
1.5925506328e+01   -4.3766991318e-01
1.5941146601e+01   -4.8066329219e-01
1.5950003695e+01   -5.0634403178e-01
1.5965643968e+01   -5.5358226777e-01
1.5975991762e+01   -5.8575221437e-01
1.5980722513e+01   -6.0058032537e-01
1.5996362786e+01   -6.4944655237e-01
1.6000000000e+01   -6.6063659415e-01
