X    Y
0.0000000000e+00   nan
7.8163165608e-03   2.7248316673e-12
1.5632633122e-02   2.6075263679e-13
2.3448949682e-02   9.7351749203e-12
3.1265266243e-02   3.5346384466e-11
3.9081582804e-02   8.0265114552e-11
4.6897899365e-02   1.4460055238e-10
5.4714215926e-02   2.2559157535e-10
6.2530532487e-02   3.1826673359e-10
7.0346849047e-02   4.1599427901e-10
7.8163165608e-02   5.1089661721e-10
8.5979482169e-02   5.9424228103e-10
9.3795798730e-02   6.5677167446e-10
1.0161211529e-01   6.8892311379e-10
1.0942843185e-01   6.8103858331e-10
1.1724474841e-01   6.2353995843e-10
1.2506106497e-01   5.0702232664e-10
1.3287738153e-01   3.2236238755e-10
1.4069369809e-01   6.0768464797e-11
1.4851001466e-01   2.8616419396e-10
1.5632633122e-01   7.2644332178e-10
1.6414264778e-01   1.2676591591e-09
1.7195896434e-01   1.9169862981e-09
1.7977528090e-01   2.6811889301e-09
1.8759159746e-01   3.5666336137e-09
1.9540791402e-01   4.5792937514e-09
2.0322423058e-01   5.7247656976e-09
2.1104054714e-01   7.0082807110e-09
2.1885686370e-01   8.4347109850e-09
2.2667318026e-01   1.0008570727e-08
2.3448949682e-01   1.1734012570e-08
2.4230581339e-01   1.3614827476e-08
2.5012212995e-01   1.5654427471e-08
2.5793844651e-01   1.7855823399e-08
2.6575476307e-01   2.0221602397e-08
2.7357107963e-01   2.2753895270e-08
2.8138739619e-01   2.5454340396e-08
2.8920371275e-01   2.8324037353e-08
2.9702002931e-01   3.1363498520e-08
3.0483634587e-01   3.4572595003e-08
3.1265266243e-01   3.7950500567e-08
3.2046897899e-01   4.1495627992e-08
3.2828529555e-01   4.5205569970e-08
3.3610161212e-01   4.9077025815e-08
3.4391792868e-01   5.3105740702e-08
3.5173424524e-01   5.7286435882e-08
3.5955056180e-01   6.1612744125e-08
3.6736687836e-01   6.6077141493e-08
3.7518319492e-01   7.0670887384e-08
3.8299951148e-01   7.5383965980e-08
3.9081582804e-01   8.0205029686e-08
3.9863214460e-01   8.5121349454e-08
4.0644846116e-01   9.0118773952e-08
4.1426477772e-01   9.5181687744e-08
4.2208109428e-01   1.0029298717e-07
4.2989741085e-01   1.0543405518e-07
4.3771372741e-01   1.1058475220e-07
4.4553004397e-01   1.1572341520e-07
4.5334636053e-01   1.2082686423e-07
4.6116267709e-01   1.2587042184e-07
4.6897899365e-01   1.3082794743e-07
4.7679531021e-01   1.3567187778e-07
4.8461162677e-01   1.4037328562e-07
4.9242794333e-01   1.4490194759e-07
5.0024425989e-01   1.4922642540e-07
5.0806057645e-01   1.5331416697e-07
5.1587689301e-01   1.5713160916e-07
5.2369320957e-01   1.6064430768e-07
5.3150952614e-01   1.6381707122e-07
5.3932584270e-01   1.6661411560e-07
5.4714215926e-01   1.6899922808e-07
5.5495847582e-01   1.7093594711e-07
5.6277479238e-01   1.7238775803e-07
5.7059110894e-01   1.7331829734e-07
5.7840742550e-01   1.7369157416e-07
5.8622374206e-01   1.7347220440e-07
5.9404005862e-01   1.7262565555e-07
6.0185637518e-01   1.7111850470e-07
6.0967269174e-01   1.6891870816e-07
6.1748900830e-01   1.6599588372e-07
6.2530532487e-01   1.6232159972e-07
6.3312164143e-01   1.5786967996e-07
6.4093795799e-01   1.5261651326e-07
6.4875427455e-01   1.4654137231e-07
6.5657059111e-01   1.3962674630e-07
6.6438690767e-01   1.3185867416e-07
6.7220322423e-01   1.2322708904e-07
6.8001954079e-01   1.1372617197e-07
6.8783585735e-01   1.0335470504e-07
6.9565217391e-01   9.2116437423e-08
7.0346849047e-01   8.0020452552e-08
7.1128480703e-01   6.7081541154e-08
7.1910112360e-01   5.3320582182e-08
7.2691744016e-01   3.8764925710e-08
7.3473375672e-01   3.9075326420e-08
7.4255007328e-01   3.9522059225e-08
7.5036638984e-01   3.9844105381e-08
7.5818270640e-01   4.0030277604e-08
7.6599902296e-01   4.4474057820e-08
7.7381533952e-01   6.2811383303e-08
7.8163165608e-01   8.1537308402e-08
7.8944797264e-01   1.0055816340e-07
7.9726428920e-01   1.1977004373e-07
8.0508060576e-01   1.3905833656e-07
8.1289692233e-01   1.5829722838e-07
8.2071323889e-01   1.7734918892e-07
8.2852955545e-01   1.9606443153e-07
8.3634587201e-01   2.1428033992e-07
8.4416218857e-01   2.3182086374e-07
8.5197850513e-01   2.4849587104e-07
8.5979482169e-01   2.6410045393e-07
8.6761113825e-01   2.7841418185e-07
8.7542745481e-01   2.9120029265e-07
8.8324377137e-01   3.0220481636e-07
8.9106008793e-01   3.1115561522e-07
8.9887640449e-01   3.1776134109e-07
9.0669272106e-01   3.2171028928e-07
9.1450903762e-01   3.2266914043e-07
9.2232535418e-01   3.2028157665e-07
9.3014167074e-01   3.1416676080e-07
9.3795798730e-01   3.0391765857e-07
9.4577430386e-01   2.8909918832e-07
9.5359062042e-01   2.6924618184e-07
9.6140693698e-01   2.4386113467e-07
9.6922325354e-01   2.1241172789e-07
9.7703957010e-01   1.7432809506e-07
9.8485588666e-01   1.2899981174e-07
9.9267220322e-01   7.5772585085e-08
1.0004885198e+00   3.4936111326e-08
1.0083048363e+00   5.7237429333e-08
1.0161211529e+00   1.3858275697e-07
1.0239374695e+00   2.3096131498e-07
1.0317537860e+00   3.3530904007e-07
1.0395701026e+00   4.5263363210e-07
1.0473864191e+00   5.8402085757e-07
1.0552027357e+00   7.3064142888e-07
1.0630190523e+00   8.9375850303e-07
1.0708353688e+00   1.0747358448e-06
1.0786516854e+00   1.2750467059e-06
1.0864680020e+00   1.4962834628e-06
1.0942843185e+00   1.7401680770e-06
1.1021006351e+00   2.0085634225e-06
1.1099169516e+00   2.3034855472e-06
1.1177332682e+00   2.6271169219e-06
1.1255495848e+00   2.9818207447e-06
1.1333659013e+00   3.3701563631e-06
1.1411822179e+00   3.7948958838e-06
1.1489985344e+00   4.2590420413e-06
1.1568148510e+00   4.7658473961e-06
1.1646311676e+00   5.3188349411e-06
1.1724474841e+00   5.9218201920e-06
1.1802638007e+00   6.5789348454e-06
1.1880801172e+00   7.2946520857e-06
1.1958964338e+00   8.0738136271e-06
1.2037127504e+00   8.9216585780e-06
1.2115290669e+00   9.8438542194e-06
1.2193453835e+00   1.0846528789e-05
1.2271617000e+00   1.1936306362e-05
1.2349780166e+00   1.3120343933e-05
1.2427943332e+00   1.4406370782e-05
1.2506106497e+00   1.5802730245e-05
1.2584269663e+00   1.7318423963e-05
1.2662432829e+00   1.8963158740e-05
1.2740595994e+00   2.0747396083e-05
1.2818759160e+00   2.2682404554e-05
1.2896922325e+00   2.4780315016e-05
1.2975085491e+00   2.7054178889e-05
1.3053248657e+00   2.9518029510e-05
1.3131411822e+00   3.2186946710e-05
1.3209574988e+00   3.5077124696e-05
1.3287738153e+00   3.8205943342e-05
1.3365901319e+00   4.1592042996e-05
1.3444064485e+00   4.5255402878e-05
1.3522227650e+00   4.9217423177e-05
1.3600390816e+00   5.4774278111e-05
1.3678553981e+00   6.6750159237e-05
1.3756717147e+00   8.2270907508e-05
1.3834880313e+00   1.0288822410e-04
1.3913043478e+00   1.3117534499e-04
1.3991206644e+00   1.7172797723e-04
1.4069369809e+00   2.3362830305e-04
1.4147532975e+00   3.3767055411e-04
1.4225696141e+00   5.4418320832e-04
1.4303859306e+00   1.1319374939e-03
1.4382022472e+00   1.3011410696e-02
1.4460185638e+00   1.6627271366e-03
1.4538348803e+00   8.5320016935e-04
1.4616511969e+00   6.0289117906e-04
1.4694675134e+00   4.8109276725e-04
1.4772838300e+00   4.0904642645e-04
1.4851001466e+00   3.6143350898e-04
1.4929164631e+00   3.2762324347e-04
1.5007327797e+00   3.0237085579e-04
1.5085490962e+00   2.8279006493e-04
1.5163654128e+00   2.6716133610e-04
1.5241817294e+00   2.5439643559e-04
1.5319980459e+00   2.4377306893e-04
1.5398143625e+00   2.3479298996e-04
1.5476306790e+00   2.2710137939e-04
1.5554469956e+00   2.2043869909e-04
1.5632633122e+00   2.1461072021e-04
1.5710796287e+00   2.0946919540e-04
1.5788959453e+00   2.0489901139e-04
1.5867122618e+00   2.0080942136e-04
1.5945285784e+00   1.9712792141e-04
1.6023448950e+00   1.9379588564e-04
1.6101612115e+00   1.9076539734e-04
1.6179775281e+00   1.8799691077e-04
1.6257938447e+00   1.8545750015e-04
1.6336101612e+00   1.8311953073e-04
1.6414264778e+00   1.8095963791e-04
1.6492427943e+00   1.7895793420e-04
1.6570591109e+00   1.7709738686e-04
1.6648754275e+00   1.7536332483e-04
1.6726917440e+00   1.7374304476e-04
1.6805080606e+00   1.7222549360e-04
1.6883243771e+00   1.7080101107e-04
1.6961406937e+00   1.6946111907e-04
1.7039570103e+00   1.6819834857e-04
1.7117733268e+00   1.6700609626e-04
1.7195896434e+00   1.6587850527e-04
1.7274059599e+00   1.6481036536e-04
1.7352222765e+00   1.6379702898e-04
1.7430385931e+00   1.6283434030e-04
1.7508549096e+00   1.6191857504e-04
1.7586712262e+00   1.6104638909e-04
1.7664875427e+00   1.6021477460e-04
1.7743038593e+00   1.5942102221e-04
1.7821201759e+00   1.5866268846e-04
1.7899364924e+00   1.5793756763e-04
1.7977528090e+00   1.5724366719e-04
1.8055691255e+00   1.5657918649e-04
1.8133854421e+00   1.5594249806e-04
1.8212017587e+00   1.5533213119e-04
1.8290180752e+00   1.5474675753e-04
1.8368343918e+00   1.5418517830e-04
1.8446507084e+00   1.5364631297e-04
1.8524670249e+00   1.5312918923e-04
1.8602833415e+00   1.5263293393e-04
1.8680996580e+00   1.5215676511e-04
1.8759159746e+00   1.5169998467e-04
1.8837322912e+00   1.5126197187e-04
1.8915486077e+00   1.5084217738e-04
1.8993649243e+00   1.5044011786e-04
1.9071812408e+00   1.5005537105e-04
1.9149975574e+00   1.4968757117e-04
1.9228138740e+00   1.4933640480e-04
1.9306301905e+00   1.4900160691e-04
1.9384465071e+00   1.4868295733e-04
1.9462628236e+00   1.4838027729e-04
1.9540791402e+00   1.4809342631e-04
1.9618954568e+00   1.4782229913e-04
1.9697117733e+00   1.4756682291e-04
1.9775280899e+00   1.4732695452e-04
1.9853444064e+00   1.4710267793e-04
1.9931607230e+00   1.4689400177e-04
2.0009770396e+00   1.4670095689e-04
2.0087933561e+00   1.4652359413e-04
2.0166096727e+00   1.4636198205e-04
2.0244259893e+00   1.4621620479e-04
2.0322423058e+00   1.4608635996e-04
2.0400586224e+00   1.4597255665e-04
2.0478749389e+00   1.4587491340e-04
2.0556912555e+00   1.4579355632e-04
2.0635075721e+00   1.4572861717e-04
2.0713238886e+00   1.4568023154e-04
2.0791402052e+00   1.4564853706e-04
2.0869565217e+00   1.4563367169e-04
2.0947728383e+00   1.4657163831e-04
2.1025891549e+00   1.4813782742e-04
2.1104054714e+00   1.4977706288e-04
2.1182217880e+00   1.5148991872e-04
2.1260381045e+00   1.5327681823e-04
2.1338544211e+00   1.5513802817e-04
2.1416707377e+00   1.5707365324e-04
2.1494870542e+00   1.5908363113e-04
2.1573033708e+00   1.6116772792e-04
2.1651196873e+00   1.6332553399e-04
2.1729360039e+00   1.6555646043e-04
2.1807523205e+00   1.6785973600e-04
2.1885686370e+00   1.7023440455e-04
2.1963849536e+00   1.7267932313e-04
2.2042012702e+00   1.7519316049e-04
2.2120175867e+00   1.7777439638e-04
2.2198339033e+00   1.8042132123e-04
2.2276502198e+00   1.8313203655e-04
2.2354665364e+00   1.8590445595e-04
2.2432828530e+00   1.8873630664e-04
2.2510991695e+00   1.9162513169e-04
2.2589154861e+00   1.9456829275e-04
2.2667318026e+00   1.9756297345e-04
2.2745481192e+00   2.0060618332e-04
2.2823644358e+00   2.0369476238e-04
2.2901807523e+00   2.0682538612e-04
2.2979970689e+00   2.0999457121e-04
2.3058133854e+00   2.1319868159e-04
2.3136297020e+00   2.1643393509e-04
2.3214460186e+00   2.1969641060e-04
2.3292623351e+00   2.2298205555e-04
2.3370786517e+00   2.2628669397e-04
2.3448949682e+00   2.2960603479e-04
2.3527112848e+00   2.3293568060e-04
2.3605276014e+00   2.3627113672e-04
2.3683439179e+00   2.3960782050e-04
2.3761602345e+00   2.4294107094e-04
2.3839765511e+00   2.4626615850e-04
2.3917928676e+00   2.4957829510e-04
2.3996091842e+00   2.5287264424e-04
2.4074255007e+00   2.5614433124e-04
2.4152418173e+00   2.5938845351e-04
2.4230581339e+00   2.6260009088e-04
2.4308744504e+00   2.6577431585e-04
2.4386907670e+00   2.6890620385e-04
2.4465070835e+00   2.7199084330e-04
2.4543234001e+00   2.7502334563e-04
2.4621397167e+00   2.7799885501e-04
2.4699560332e+00   2.8091255793e-04
2.4777723498e+00   2.8375969248e-04
2.4855886663e+00   2.8653555730e-04
2.4934049829e+00   2.8923552028e-04
2.5012212995e+00   2.9185502677e-04
2.5090376160e+00   2.9438960742e-04
2.5168539326e+00   2.9683488562e-04
2.5246702491e+00   2.9918658440e-04
2.5324865657e+00   3.0144053280e-04
2.5403028823e+00   3.0359267179e-04
2.5481191988e+00   3.0563905949e-04
2.5559355154e+00   3.0757587589e-04
2.5637518319e+00   3.0939942690e-04
2.5715681485e+00   3.1110614774e-04
2.5793844651e+00   3.1269260566e-04
2.5872007816e+00   3.1415550193e-04
2.5950170982e+00   3.1549167317e-04
2.6028334148e+00   3.1669809181e-04
2.6106497313e+00   3.1777186588e-04
2.6184660479e+00   3.1871023797e-04
2.6262823644e+00   3.1951058331e-04
2.6340986810e+00   3.2017040709e-04
2.6419149976e+00   3.2068734080e-04
2.6497313141e+00   3.2105913778e-04
2.6575476307e+00   3.2128366776e-04
2.6653639472e+00   3.2135891039e-04
2.6731802638e+00   3.2128294789e-04
2.6809965804e+00   3.2105395653e-04
2.6888128969e+00   3.2067019706e-04
2.6966292135e+00   3.2013000396e-04
2.7044455300e+00   3.1943177349e-04
2.7122618466e+00   3.1857395042e-04
2.7200781632e+00   3.1755501338e-04
2.7278944797e+00   3.1637345872e-04
2.7357107963e+00   3.1502778272e-04
2.7435271128e+00   3.1351646215e-04
2.7513434294e+00   3.1183793276e-04
2.7591597460e+00   3.0999056581e-04
2.7669760625e+00   3.0797264217e-04
2.7747923791e+00   3.0578232387e-04
2.7826086957e+00   3.0341762267e-04
2.7904250122e+00   3.0087636545e-04
2.7982413288e+00   2.9815615578e-04
2.8060576453e+00   2.9525433134e-04
2.8138739619e+00   2.9216791647e-04
2.8216902785e+00   2.8889356915e-04
2.8295065950e+00   2.8542752158e-04
2.8373229116e+00   2.8176551333e-04
2.8451392281e+00   2.7790271584e-04
2.8529555447e+00   2.7383364669e-04
2.8607718613e+00   2.6955207209e-04
2.8685881778e+00   2.6505089522e-04
2.8764044944e+00   2.6032202797e-04
2.8842208109e+00   2.5535624277e-04
2.8920371275e+00   2.5014300073e-04
2.8998534441e+00   2.4467025125e-04
2.9076697606e+00   2.3892419713e-04
2.9154860772e+00   2.3288901776e-04
2.9233023937e+00   2.2654654122e-04
2.9311187103e+00   2.1987585344e-04
2.9389350269e+00   2.1285282963e-04
2.9467513434e+00   2.0544956905e-04
2.9545676600e+00   1.9763370839e-04
2.9623839766e+00   1.9207237064e-04
2.9702002931e+00   1.9206131413e-04
2.9780166097e+00   1.9203701309e-04
2.9858329262e+00   1.9199973234e-04
2.9936492428e+00   1.9194974397e-04
3.0014655594e+00   1.9188732674e-04
3.0092818759e+00   1.9181276550e-04
3.0170981925e+00   1.9172635060e-04
3.0249145090e+00   1.9162837732e-04
3.0327308256e+00   1.9151914534e-04
3.0405471422e+00   1.9139895816e-04
3.0483634587e+00   1.9126812261e-04
3.0561797753e+00   1.9112694833e-04
3.0639960918e+00   1.9097574724e-04
3.0718124084e+00   1.9081483310e-04
3.0796287250e+00   1.9064452103e-04
3.0874450415e+00   1.9046512703e-04
3.0952613581e+00   1.9027696762e-04
3.1030776746e+00   1.9146605686e-04
3.1108939912e+00   2.5818227581e-04
3.1187103078e+00   3.4400307227e-04
3.1265266243e+00   4.5902333204e-04
3.1343429409e+00   6.2197375112e-04
3.1421592574e+00   8.7196455525e-04
3.1499755740e+00   1.3065530462e-03
3.1577918906e+00   2.2560301530e-03
3.1656082071e+00   6.0029136983e-03
3.1734245237e+00   1.3414949040e-02
3.1812408403e+00   3.4224305483e-03
3.1890571568e+00   2.0319911134e-03
3.1968734734e+00   1.4782684322e-03
3.2046897899e+00   1.1806460113e-03
3.2125061065e+00   9.9479462335e-04
3.2203224231e+00   8.6768571323e-04
3.2281387396e+00   7.7525522410e-04
3.2359550562e+00   7.0500384378e-04
3.2437713727e+00   6.4979490507e-04
3.2515876893e+00   6.0525702287e-04
3.2594040059e+00   5.6856303034e-04
3.2672203224e+00   5.3780343215e-04
3.2750366390e+00   5.1164201718e-04
3.2828529555e+00   4.8911573485e-04
3.2906692721e+00   4.6951293219e-04
3.2984855887e+00   4.5229634782e-04
3.3063019052e+00   4.3705277739e-04
3.3141182218e+00   4.2345922117e-04
3.3219345383e+00   4.1125954308e-04
3.3297508549e+00   4.0024802060e-04
3.3375671715e+00   3.9025752353e-04
3.3453834880e+00   3.8115086994e-04
3.3531998046e+00   3.7281440588e-04
3.3610161212e+00   3.6515316890e-04
3.3688324377e+00   3.5808719738e-04
3.3766487543e+00   3.5154868118e-04
3.3844650708e+00   3.4547973799e-04
3.3922813874e+00   3.3983066067e-04
3.4000977040e+00   3.3455852329e-04
3.4079140205e+00   3.2962606293e-04
3.4157303371e+00   3.2500077572e-04
3.4235466536e+00   3.2065418061e-04
3.4313629702e+00   3.1656121578e-04
3.4391792868e+00   3.1269974050e-04
3.4469956033e+00   3.0905012164e-04
3.4548119199e+00   3.0559488846e-04
3.4626282364e+00   3.0231844289e-04
3.4704445530e+00   2.9920681519e-04
3.4782608696e+00   2.9624745689e-04
3.4860771861e+00   2.9342906451e-04
3.4938935027e+00   2.9074142890e-04
3.5017098192e+00   2.8817530595e-04
3.5095261358e+00   2.8572230515e-04
3.5173424524e+00   2.8337479333e-04
3.5251587689e+00   2.8112581103e-04
3.5329750855e+00   2.7896899979e-04
3.5407914021e+00   2.7689853865e-04
3.5486077186e+00   2.7490908845e-04
3.5564240352e+00   2.7299574305e-04
3.5642403517e+00   2.7115398621e-04
3.5720566683e+00   2.6937965365e-04
3.5798729849e+00   2.6766889938e-04
3.5876893014e+00   2.6601816582e-04
3.5955056180e+00   2.6442415729e-04
3.6033219345e+00   2.6288381627e-04
3.6111382511e+00   2.6139430231e-04
3.6189545677e+00   2.5995297305e-04
3.6267708842e+00   2.5855736724e-04
3.6345872008e+00   2.5720518947e-04
3.6424035173e+00   2.5589429645e-04
3.6502198339e+00   2.5462268456e-04
3.6580361505e+00   2.5338847869e-04
3.6658524670e+00   2.5218992206e-04
3.6736687836e+00   2.5102536708e-04
3.6814851001e+00   2.4989326692e-04
3.6893014167e+00   2.4879216800e-04
3.6971177333e+00   2.4772070303e-04
3.7049340498e+00   2.4667758473e-04
3.7127503664e+00   2.4566160004e-04
3.7205666830e+00   2.4467160490e-04
3.7283829995e+00   2.4370651940e-04
3.7361993161e+00   2.4276532336e-04
3.7440156326e+00   2.4184705231e-04
3.7518319492e+00   2.4095079373e-04
3.7596482658e+00   2.4007568361e-04
3.7674645823e+00   2.3922090334e-04
3.7752808989e+00   2.3838567676e-04
3.7830972154e+00   2.3756926751e-04
3.7909135320e+00   2.3677097651e-04
3.7987298486e+00   2.3599013968e-04
3.8065461651e+00   2.3522612585e-04
3.8143624817e+00   2.3447833476e-04
3.8221787982e+00   2.3374619522e-04
3.8299951148e+00   2.3302916348e-04
3.8378114314e+00   2.3232672163e-04
3.8456277479e+00   2.3163837613e-04
3.8534440645e+00   2.3096365650e-04
3.8612603810e+00   2.3030211402e-04
3.8690766976e+00   2.2965332060e-04
3.8768930142e+00   2.2901686769e-04
3.8847093307e+00   2.2839236527e-04
3.8925256473e+00   2.2777944090e-04
3.9003419638e+00   2.2717773889e-04
3.9081582804e+00   2.2658691950e-04
3.9159745970e+00   2.2600665816e-04
3.9237909135e+00   2.2543664484e-04
3.9316072301e+00   2.2487658336e-04
3.9394235467e+00   2.2432619090e-04
3.9472398632e+00   2.2378519742e-04
3.9550561798e+00   2.2325334517e-04
3.9628724963e+00   2.2273038834e-04
3.9706888129e+00   2.2221609261e-04
3.9785051295e+00   2.2171023485e-04
3.9863214460e+00   2.2121260283e-04
3.9941377626e+00   2.2072299499e-04
4.0019540791e+00   2.2024122023e-04
4.0097703957e+00   2.1976709779e-04
4.0175867123e+00   2.1930045712e-04
4.0254030288e+00   2.1884113786e-04
4.0332193454e+00   2.1838898982e-04
4.0410356619e+00   2.1794387303e-04
4.0488519785e+00   2.1750565789e-04
4.0566682951e+00   2.1707422524e-04
4.0644846116e+00   2.1664946667e-04
4.0723009282e+00   2.1623128475e-04
4.0801172447e+00   2.1581959335e-04
4.0879335613e+00   2.1541431809e-04
4.0957498779e+00   2.1501539677e-04
4.1035661944e+00   2.1462277994e-04
4.1113825110e+00   2.1423643150e-04
4.1191988276e+00   2.1385632940e-04
4.1270151441e+00   2.1348246642e-04
4.1348314607e+00   2.1311485105e-04
4.1426477772e+00   2.1275350841e-04
4.1504640938e+00   2.1239848136e-04
4.1582804104e+00   2.1204983160e-04
4.1660967269e+00   2.1170764099e-04
4.1739130435e+00   2.1137201285e-04
4.1817293600e+00   2.1104307354e-04
4.1895456766e+00   2.1072097400e-04
4.1973619932e+00   2.1040589156e-04
4.2051783097e+00   2.1009803176e-04
4.2129946263e+00   2.0979763043e-04
4.2208109428e+00   2.0950495584e-04
4.2286272594e+00   2.0922031103e-04
4.2364435760e+00   2.0894403629e-04
4.2442598925e+00   2.0867651187e-04
4.2520762091e+00   2.0841816078e-04
4.2598925256e+00   2.0816945182e-04
4.2677088422e+00   2.0793090282e-04
4.2755251588e+00   2.0770308405e-04
4.2833414753e+00   2.0748662186e-04
4.2911577919e+00   2.0728220251e-04
4.2989741085e+00   2.0709057623e-04
4.3067904250e+00   2.0691256156e-04
4.3146067416e+00   2.0674904987e-04
4.3224230581e+00   2.0660101015e-04
4.3302393747e+00   2.0646949403e-04
4.3380556913e+00   2.0635564116e-04
4.3458720078e+00   2.0626068470e-04
4.3536883244e+00   2.0618595727e-04
4.3615046409e+00   2.0613289702e-04
4.3693209575e+00   2.0610305411e-04
4.3771372741e+00   2.0609809742e-04
4.3849535906e+00   2.0611982163e-04
4.3927699072e+00   2.0617015454e-04
4.4005862237e+00   2.0625116474e-04
4.4084025403e+00   2.0636506964e-04
4.4162188569e+00   2.0651424376e-04
4.4240351734e+00   2.0670122739e-04
4.4318514900e+00   2.0692873556e-04
4.4396678065e+00   2.0719966740e-04
4.4474841231e+00   2.0751711576e-04
4.4553004397e+00   2.0788437723e-04
4.4631167562e+00   2.0830496245e-04
4.4709330728e+00   2.0878260681e-04
4.4787493894e+00   2.0932128146e-04
4.4865657059e+00   2.0992520462e-04
4.4943820225e+00   2.1059885324e-04
4.5021983390e+00   2.1134697502e-04
4.5100146556e+00   2.1217460067e-04
4.5178309722e+00   2.1308705652e-04
4.5256472887e+00   2.1408997739e-04
4.5334636053e+00   2.1518931978e-04
4.5412799218e+00   2.5668480795e-04
4.5490962384e+00   3.1313684454e-04
4.5569125550e+00   3.8528227851e-04
4.5647288715e+00   4.8062918517e-04
4.5725451881e+00   6.1236784557e-04
4.5803615046e+00   8.0599856219e-04
4.5881778212e+00   1.1180588282e-03
4.5959941378e+00   1.7039881971e-03
4.6038104543e+00   3.2024540130e-03
4.6116267709e+00   1.5162853918e-02
4.6194430874e+00   6.4157280519e-03
4.6272594040e+00   2.8056200883e-03
4.6350757206e+00   1.8564902369e-03
4.6428920371e+00   1.4185181128e-03
4.6507083537e+00   1.1663536545e-03
4.6585246702e+00   1.0024310093e-03
4.6663409868e+00   8.8731716487e-04
4.6741573034e+00   8.0202845605e-04
4.6819736199e+00   7.3629600934e-04
4.6897899365e+00   6.8407973448e-04
4.6976062531e+00   6.4159471114e-04
4.7054225696e+00   6.0634853558e-04
4.7132388862e+00   5.7663298828e-04
4.7210552027e+00   5.5123811296e-04
4.7288715193e+00   5.2928289251e-04
4.7366878359e+00   5.1011058005e-04
4.7445041524e+00   4.9322160564e-04
4.7523204690e+00   4.7822920947e-04
4.7601367855e+00   4.6482930026e-04
4.7679531021e+00   4.5277948770e-04
4.7757694187e+00   4.4188418855e-04
4.7835857352e+00   4.3198384838e-04
4.7914020518e+00   4.2294701054e-04
4.7992183683e+00   4.1466439190e-04
4.8070346849e+00   4.0704439689e-04
4.8148510015e+00   4.0000967838e-04
4.8226673180e+00   3.9349447099e-04
4.8304836346e+00   3.8744250179e-04
4.8382999511e+00   3.8180533757e-04
4.8461162677e+00   3.7654106592e-04
4.8539325843e+00   3.7161323392e-04
4.8617489008e+00   3.6698998768e-04
4.8695652174e+00   3.6264336967e-04
4.8773815340e+00   3.5854874120e-04
4.8851978505e+00   3.5468430461e-04
4.8930141671e+00   3.5103070583e-04
4.9008304836e+00   3.4757070188e-04
4.9086468002e+00   3.4428888124e-04
4.9164631168e+00   3.4117142761e-04
4.9242794333e+00   3.3820591931e-04
4.9320957499e+00   3.3538115826e-04
4.9399120664e+00   3.3268702359e-04
4.9477283830e+00   3.3011434575e-04
4.9555446996e+00   3.2765479795e-04
4.9633610161e+00   3.2530080208e-04
4.9711773327e+00   3.2304544705e-04
4.9789936492e+00   3.2088241759e-04
4.9868099658e+00   3.1880593191e-04
4.9946262824e+00   3.1681068714e-04
5.0024425989e+00   3.1489181126e-04
5.0102589155e+00   3.1304482073e-04
5.0180752320e+00   3.1126558301e-04
5.0258915486e+00   3.0955028331e-04
5.0337078652e+00   3.0789539507e-04
5.0415241817e+00   3.0629765365e-04
5.0493404983e+00   3.0475403278e-04
5.0571568149e+00   3.0326172354e-04
5.0649731314e+00   3.0181811547e-04
5.0727894480e+00   3.0042077962e-04
5.0806057645e+00   2.9906745323e-04
5.0884220811e+00   2.9775602593e-04
5.0962383977e+00   2.9648452728e-04
5.1040547142e+00   2.9525111542e-04
5.1118710308e+00   2.9405406683e-04
5.1196873473e+00   2.9289176697e-04
5.1275036639e+00   2.9176270177e-04
5.1353199805e+00   2.9066544990e-04
5.1431362970e+00   2.8959867561e-04
5.1509526136e+00   2.8856112228e-04
5.1587689301e+00   2.8755160645e-04
5.1665852467e+00   2.8656901235e-04
5.1744015633e+00   2.8561228686e-04
5.1822178798e+00   2.8468043490e-04
5.1900341964e+00   2.8377251515e-04
5.1978505129e+00   2.8288763615e-04
5.2056668295e+00   2.8202495258e-04
5.2134831461e+00   2.8118366202e-04
5.2212994626e+00   2.8036300171e-04
5.2291157792e+00   2.7956224579e-04
5.2369320957e+00   2.7878070255e-04
5.2447484123e+00   2.7801771198e-04
5.2525647289e+00   2.7727264349e-04
5.2603810454e+00   2.7654489378e-04
5.2681973620e+00   2.7583388484e-04
5.2760136786e+00   2.7513906214e-04
5.2838299951e+00   2.7445989292e-04
5.2916463117e+00   2.7379586464e-04
5.2994626282e+00   2.7314648347e-04
5.3072789448e+00   2.7251127296e-04
5.3150952614e+00   2.7188977281e-04
5.3229115779e+00   2.7128153765e-04
5.3307278945e+00   2.7068613604e-04
5.3385442110e+00   2.7010314941e-04
5.3463605276e+00   2.6953217122e-04
5.3541768442e+00   2.6897280606e-04
5.3619931607e+00   2.6842466890e-04
5.3698094773e+00   2.6788738442e-04
5.3776257938e+00   2.6736058631e-04
5.3854421104e+00   2.6684391675e-04
5.3932584270e+00   2.6633702583e-04
5.4010747435e+00   2.6583957109e-04
5.4088910601e+00   2.6535121709e-04
5.4167073766e+00   2.6487163504e-04
5.4245236932e+00   2.6440050245e-04
5.4323400098e+00   2.6393750280e-04
5.4401563263e+00   2.6348232535e-04
5.4479726429e+00   2.6303466484e-04
5.4557889595e+00   2.6259422135e-04
5.4636052760e+00   2.6216070012e-04
5.4714215926e+00   2.6173381140e-04
5.4792379091e+00   2.6131327038e-04
5.4870542257e+00   2.6089879710e-04
5.4948705423e+00   2.6049011636e-04
5.5026868588e+00   2.6008695773e-04
5.5105031754e+00   2.5968905552e-04
5.5183194919e+00   2.5929614875e-04
5.5261358085e+00   2.5890798122e-04
5.5339521251e+00   2.5852430147e-04
5.5417684416e+00   2.5814486290e-04
5.5495847582e+00   2.5776942377e-04
5.5574010747e+00   2.5739774726e-04
5.5652173913e+00   2.5702960157e-04
5.5730337079e+00   2.5666475997e-04
5.5808500244e+00   2.5630300091e-04
5.5886663410e+00   2.5594410803e-04
5.5964826575e+00   2.5558787035e-04
5.6042989741e+00   2.5523408226e-04
5.6121152907e+00   2.5488254366e-04
5.6199316072e+00   2.5453306002e-04
5.6277479238e+00   2.5418544247e-04
5.6355642404e+00   2.5383950786e-04
5.6433805569e+00   2.5349507887e-04
5.6511968735e+00   2.5315198403e-04
5.6590131900e+00   2.5281005780e-04
5.6668295066e+00   2.5246914065e-04
5.6746458232e+00   2.5212907905e-04
5.6824621397e+00   2.5178972557e-04
5.6902784563e+00   2.5145093886e-04
5.6980947728e+00   2.5111258368e-04
5.7059110894e+00   2.5077453096e-04
5.7137274060e+00   2.5043665772e-04
5.7215437225e+00   2.5009884712e-04
5.7293600391e+00   2.4976098844e-04
5.7371763556e+00   2.4942297701e-04
5.7449926722e+00   2.4908471421e-04
5.7528089888e+00   2.4874610742e-04
5.7606253053e+00   2.4840706992e-04
5.7684416219e+00   2.4806752087e-04
5.7762579384e+00   2.4772738521e-04
5.7840742550e+00   2.4738659356e-04
5.7918905716e+00   2.4704508213e-04
5.7997068881e+00   2.4670279261e-04
5.8075232047e+00   2.4635967209e-04
5.8153395213e+00   2.4601567285e-04
5.8231558378e+00   2.4567075233e-04
5.8309721544e+00   2.4532487290e-04
5.8387884709e+00   2.4497800177e-04
5.8466047875e+00   2.4463011081e-04
5.8544211041e+00   2.4428117640e-04
5.8622374206e+00   2.4393117927e-04
5.8700537372e+00   2.4358010431e-04
5.8778700537e+00   2.4322794041e-04
5.8856863703e+00   2.4287468028e-04
5.8935026869e+00   2.4252032026e-04
5.9013190034e+00   2.4216486014e-04
5.9091353200e+00   2.4180830298e-04
5.9169516365e+00   2.4145065492e-04
5.9247679531e+00   2.4109192498e-04
5.9325842697e+00   2.4073212487e-04
5.9404005862e+00   2.4037126883e-04
5.9482169028e+00   2.4000937339e-04
5.9560332193e+00   2.3964645724e-04
5.9638495359e+00   2.3928254097e-04
5.9716658525e+00   2.3891764699e-04
5.9794821690e+00   2.3855179923e-04
5.9872984856e+00   2.3818502305e-04
5.9951148021e+00   2.3781734504e-04
6.0029311187e+00   2.3744879280e-04
6.0107474353e+00   2.3707939487e-04
6.0185637518e+00   2.3670918046e-04
6.0263800684e+00   2.3633817937e-04
6.0341963850e+00   2.3596642179e-04
6.0420127015e+00   2.3559393816e-04
6.0498290181e+00   2.3522075907e-04
6.0576453346e+00   2.3484691503e-04
6.0654616512e+00   2.3447243644e-04
6.0732779678e+00   2.3409735338e-04
6.0810942843e+00   2.3372169552e-04
6.0889106009e+00   2.3334549204e-04
6.0967269174e+00   2.3296877145e-04
6.1045432340e+00   2.3259156154e-04
6.1123595506e+00   2.3221388926e-04
6.1201758671e+00   2.3183578062e-04
6.1279921837e+00   2.3145726063e-04
6.1358085002e+00   2.3107835320e-04
6.1436248168e+00   2.3069908106e-04
6.1514411334e+00   2.3031946570e-04
6.1592574499e+00   2.2993952731e-04
6.1670737665e+00   2.2955928470e-04
6.1748900830e+00   2.2917875529e-04
6.1827063996e+00   2.2879795499e-04
6.1905227162e+00   2.2841689824e-04
6.1983390327e+00   2.2803559787e-04
6.2061553493e+00   2.2765406518e-04
6.2139716659e+00   2.2727230980e-04
6.2217879824e+00   2.2689033974e-04
6.2296042990e+00   2.5366537673e-04
6.2374206155e+00   2.9369640421e-04
6.2452369321e+00   3.4082278645e-04
6.2530532487e+00   3.9714725618e-04
6.2608695652e+00   4.6569318834e-04
6.2686858818e+00   5.5097037021e-04
6.2765021983e+00   6.6001647031e-04
6.2843185149e+00   8.0445688011e-04
6.2921348315e+00   1.0049708764e-03
6.2999511480e+00   1.3022366183e-03
6.3077674646e+00   1.7888162964e-03
6.3155837811e+00   2.7306029665e-03
6.3234000977e+00   5.3296669102e-03
6.3312164143e+00   4.6122369325e-02
6.3390327308e+00   7.5203596267e-03
6.3468490474e+00   3.6070638272e-03
6.3546653639e+00   2.4264130620e-03
6.3624816805e+00   1.8567449951e-03
6.3702979971e+00   1.5212140152e-03
6.3781143136e+00   1.3000350546e-03
6.3859306302e+00   1.1432286870e-03
6.3937469468e+00   1.0262376398e-03
6.4015632633e+00   9.3558655150e-04
6.4093795799e+00   8.6326457456e-04
6.4171958964e+00   8.0421039285e-04
6.4250122130e+00   7.5506915384e-04
6.4328285296e+00   7.1352919342e-04
6.4406448461e+00   6.7794581167e-04
6.4484611627e+00   6.4711691607e-04
6.4562774792e+00   6.2014352018e-04
6.4640937958e+00   5.9633987537e-04
6.4719101124e+00   5.7517378685e-04
6.4797264289e+00   5.5622591323e-04
6.4875427455e+00   5.3916135980e-04
6.4953590620e+00   5.2370944105e-04
6.5031753786e+00   5.0964899677e-04
6.5109916952e+00   4.9679756157e-04
6.5188080117e+00   4.8500325744e-04
6.5266243283e+00   4.7413864274e-04
6.5344406448e+00   4.6409598816e-04
6.5422569614e+00   4.5478360773e-04
6.5500732780e+00   4.4612297990e-04
6.5578895945e+00   4.3804646709e-04
6.5657059111e+00   4.3049549339e-04
6.5735222277e+00   4.2341907648e-04
6.5813385442e+00   4.1677263605e-04
6.5891548608e+00   4.1051701976e-04
6.5969711773e+00   4.0461770170e-04
6.6047874939e+00   3.9904411892e-04
6.6126038105e+00   3.9376911884e-04
6.6204201270e+00   3.8876849668e-04
6.6282364436e+00   3.8402060613e-04
6.6360527601e+00   3.7950603017e-04
6.6438690767e+00   3.7520730142e-04
6.6516853933e+00   3.7110866353e-04
6.6595017098e+00   3.6719586682e-04
6.6673180264e+00   3.6345599244e-04
6.6751343429e+00   3.5987730066e-04
6.6829506595e+00   3.5644909945e-04
6.6907669761e+00   3.5316163016e-04
6.6985832926e+00   3.5000596793e-04
6.7063996092e+00   3.4697393458e-04
6.7142159257e+00   3.4405802210e-04
6.7220322423e+00   3.4125132548e-04
6.7298485589e+00   3.3854748335e-04
6.7376648754e+00   3.3594062557e-04
6.7454811920e+00   3.3342532669e-04
6.7532975085e+00   3.3099656466e-04
6.7611138251e+00   3.2864968401e-04
6.7689301417e+00   3.2638036305e-04
6.7767464582e+00   3.2418458441e-04
6.7845627748e+00   3.2205860877e-04
6.7923790914e+00   3.1999895117e-04
6.8001954079e+00   3.1800235974e-04
6.8080117245e+00   3.1606579651e-04
6.8158280410e+00   3.1418642010e-04
6.8236443576e+00   3.1236157003e-04
6.8314606742e+00   3.1058875251e-04
6.8392769907e+00   3.0886562759e-04
6.8470933073e+00   3.0718999742e-04
6.8549096238e+00   3.0555979559e-04
6.8627259404e+00   3.0397307739e-04
6.8705422570e+00   3.0242801099e-04
6.8783585735e+00   3.0092286927e-04
6.8861748901e+00   2.9945602242e-04
6.8939912066e+00   2.9802593113e-04
6.9018075232e+00   2.9663114033e-04
6.9096238398e+00   2.9527027347e-04
6.9174401563e+00   2.9394202722e-04
6.9252564729e+00   2.9264516662e-04
6.9330727894e+00   2.9137852057e-04
6.9408891060e+00   2.9014097772e-04
6.9487054226e+00   2.8893148262e-04
6.9565217391e+00   2.8774903220e-04
6.9643380557e+00   2.8659267246e-04
6.9721543723e+00   2.8546149546e-04
6.9799706888e+00   2.8435463649e-04
6.9877870054e+00   2.8327127143e-04
6.9956033219e+00   2.8221061434e-04
7.0034196385e+00   2.8117191519e-04
7.0112359551e+00   2.8015445772e-04
7.0190522716e+00   2.7915755751e-04
7.0268685882e+00   2.7818056011e-04
7.0346849047e+00   2.7722283932e-04
7.0425012213e+00   2.7628379559e-04
7.0503175379e+00   2.7536285454e-04
7.0581338544e+00   2.7445946552e-04
7.0659501710e+00   2.7357310027e-04
7.0737664875e+00   2.7270325174e-04
7.0815828041e+00   2.7184943285e-04
7.0893991207e+00   2.7101117546e-04
7.0972154372e+00   2.7018802928e-04
7.1050317538e+00   2.6937956091e-04
7.1128480703e+00   2.6858535294e-04
7.1206643869e+00   2.6780500306e-04
7.1284807035e+00   2.6703812323e-04
7.1362970200e+00   2.6628433893e-04
7.1441133366e+00   2.6554328837e-04
7.1519296532e+00   2.6481462183e-04
7.1597459697e+00   2.6409800095e-04
7.1675622863e+00   2.6339309814e-04
7.1753786028e+00   2.6269959590e-04
7.1831949194e+00   2.6201718632e-04
7.1910112360e+00   2.6134557044e-04
7.1988275525e+00   2.6068445775e-04
7.2066438691e+00   2.6003356570e-04
7.2144601856e+00   2.5939261912e-04
7.2222765022e+00   2.5876134982e-04
7.2300928188e+00   2.5813949608e-04
7.2379091353e+00   2.5752680220e-04
7.2457254519e+00   2.5692301805e-04
7.2535417684e+00   2.5632789866e-04
7.2613580850e+00   2.5574120378e-04
7.2691744016e+00   2.5516269749e-04
7.2769907181e+00   2.5459214773e-04
7.2848070347e+00   2.5402932597e-04
7.2926233512e+00   2.5347400677e-04
7.3004396678e+00   2.5292596741e-04
7.3082559844e+00   2.5238498745e-04
7.3160723009e+00   2.5185084840e-04
7.3238886175e+00   2.5132333329e-04
7.3317049340e+00   2.5080222627e-04
7.3395212506e+00   2.5028731226e-04
7.3473375672e+00   2.4977837649e-04
7.3551538837e+00   2.4927520416e-04
7.3629702003e+00   2.4877758000e-04
7.3707865169e+00   2.4828528787e-04
7.3786028334e+00   2.4779811035e-04
7.3864191500e+00   2.4731582830e-04
7.3942354665e+00   2.4683822045e-04
7.4020517831e+00   2.4636506295e-04
7.4098680997e+00   2.4589612892e-04
7.4176844162e+00   2.4543118802e-04
7.4255007328e+00   2.4497000594e-04
7.4333170493e+00   2.4451234395e-04
7.4411333659e+00   2.4405795843e-04
7.4489496825e+00   2.4360660032e-04
7.4567659990e+00   2.4315801465e-04
7.4645823156e+00   2.4271193998e-04
7.4723986321e+00   2.4226810791e-04
7.4802149487e+00   2.4182624246e-04
7.4880312653e+00   2.4138605957e-04
7.4958475818e+00   2.4094726648e-04
7.5036638984e+00   2.4050956113e-04
7.5114802149e+00   2.4007263159e-04
7.5192965315e+00   2.3963615539e-04
7.5271128481e+00   2.3919979890e-04
7.5349291646e+00   2.3876321668e-04
7.5427454812e+00   2.3832605081e-04
7.5505617978e+00   2.3788793017e-04
7.5583781143e+00   2.3744846981e-04
7.5661944309e+00   2.3700727018e-04
7.5740107474e+00   2.3656391640e-04
7.5818270640e+00   2.3611797758e-04
7.5896433806e+00   2.3566900599e-04
7.5974596971e+00   2.3521653635e-04
7.6052760137e+00   2.3476008503e-04
7.6130923302e+00   2.3429914926e-04
7.6209086468e+00   2.3383320637e-04
7.6287249634e+00   2.3336171291e-04
7.6365412799e+00   2.3288410393e-04
7.6443575965e+00   2.3239979211e-04
7.6521739130e+00   2.3190816692e-04
7.6599902296e+00   2.3140859387e-04
7.6678065462e+00   2.3090041363e-04
7.6756228627e+00   2.3038294123e-04
7.6834391793e+00   2.2985546525e-04
7.6912554958e+00   2.2931724700e-04
7.6990718124e+00   2.6259748502e-04
7.7068881290e+00   3.1103258660e-04
7.7147044455e+00   3.7019898221e-04
7.7225207621e+00   4.4412639671e-04
7.7303370787e+00   5.3915192886e-04
7.7381533952e+00   6.6584753224e-04
7.7459697118e+00   8.4326722446e-04
7.7537860283e+00   1.1095883719e-03
7.7616023449e+00   1.5541392825e-03
7.7694186615e+00   2.4462138022e-03
7.7772349780e+00   5.1481867123e-03
7.7850512946e+00   3.6345963913e-01
7.7928676111e+00   5.4255554903e-03
7.8006839277e+00   2.8391958199e-03
7.8085002443e+00   1.9686823964e-03
7.8163165608e+00   1.5317951353e-03
7.8241328774e+00   1.2691132333e-03
7.8319491939e+00   1.0937446363e-03
7.8397655105e+00   9.6834687659e-04
7.8475818271e+00   8.7421481091e-04
7.8553981436e+00   8.0094326575e-04
7.8632144602e+00   7.4228308282e-04
7.8710307767e+00   6.9425451704e-04
7.8788470933e+00   6.5420279298e-04
7.8866634099e+00   6.2028907099e-04
7.8944797264e+00   5.9119934415e-04
7.9022960430e+00   5.6596966361e-04
7.9101123596e+00   5.4387684484e-04
7.9179286761e+00   5.2436771522e-04
7.9257449927e+00   5.0701192663e-04
7.9335613092e+00   4.9146965802e-04
7.9413776258e+00   4.7746900011e-04
7.9491939424e+00   4.6478979713e-04
7.9570102589e+00   4.5325189247e-04
7.9648265755e+00   4.4270643875e-04
7.9726428920e+00   4.3302937901e-04
7.9804592086e+00   4.2411649156e-04
7.9882755252e+00   4.1587957767e-04
7.9960918417e+00   4.0824349595e-04
8.0039081583e+00   4.0114383192e-04
8.0117244748e+00   3.9452504951e-04
8.0195407914e+00   3.8833901205e-04
8.0273571080e+00   3.8254378939e-04
8.0351734245e+00   3.7710268860e-04
8.0429897411e+00   3.7198346079e-04
8.0508060576e+00   3.6715764790e-04
8.0586223742e+00   3.6260004136e-04
8.0664386908e+00   3.5828823095e-04
8.0742550073e+00   3.5420222685e-04
8.0820713239e+00   3.5032414123e-04
8.0898876404e+00   3.4663791891e-04
8.0977039570e+00   3.4312910832e-04
8.1055202736e+00   3.3978466603e-04
8.1133365901e+00   3.3659278918e-04
8.1211529067e+00   3.3354277123e-04
8.1289692233e+00   3.3062487744e-04
8.1367855398e+00   3.2783023690e-04
8.1446018564e+00   3.2515074865e-04
8.1524181729e+00   3.2257899982e-04
8.1602344895e+00   3.2010819389e-04
8.1680508061e+00   3.1773208789e-04
8.1758671226e+00   3.1544493694e-04
8.1836834392e+00   3.1324144553e-04
8.1914997557e+00   3.1111672419e-04
8.1993160723e+00   3.0906625127e-04
8.2071323889e+00   3.0708583881e-04
8.2149487054e+00   3.0517160225e-04
8.2227650220e+00   3.0331993326e-04
8.2305813385e+00   3.0152747557e-04
8.2383976551e+00   2.9979110319e-04
8.2462139717e+00   2.9810790088e-04
8.2540302882e+00   2.9647514660e-04
8.2618466048e+00   2.9489029563e-04
8.2696629213e+00   2.9335096630e-04
8.2774792379e+00   2.9185492702e-04
8.2852955545e+00   2.9040008455e-04
8.2931118710e+00   2.8898447335e-04
8.3009281876e+00   2.8760624590e-04
8.3087445042e+00   2.8626366392e-04
8.3165608207e+00   2.8495509029e-04
8.3243771373e+00   2.8367898176e-04
8.3321934538e+00   2.8243388221e-04
8.3400097704e+00   2.8121841658e-04
8.3478260870e+00   2.8003128520e-04
8.3556424035e+00   2.7887125865e-04
8.3634587201e+00   2.7773717303e-04
8.3712750366e+00   2.7662792562e-04
8.3790913532e+00   2.7554247083e-04
8.3869076698e+00   2.7447981659e-04
8.3947239863e+00   2.7343902085e-04
8.4025403029e+00   2.7241918852e-04
8.4103566194e+00   2.7141946851e-04
8.4181729360e+00   2.7043905105e-04
8.4259892526e+00   2.6947716525e-04
8.4338055691e+00   2.6853307673e-04
8.4416218857e+00   2.6760608553e-04
8.4494382022e+00   2.6669552408e-04
8.4572545188e+00   2.6580075540e-04
8.4650708354e+00   2.6492117136e-04
8.4728871519e+00   2.6405619110e-04
8.4807034685e+00   2.6320525952e-04
8.4885197851e+00   2.6236784590e-04
8.4963361016e+00   2.6154344264e-04
8.5041524182e+00   2.6073156399e-04
8.5119687347e+00   2.5993174498e-04
8.5197850513e+00   2.5914354034e-04
8.5276013679e+00   2.5836652350e-04
8.5354176844e+00   2.5760028570e-04
8.5432340010e+00   2.5684443507e-04
8.5510503175e+00   2.5609859587e-04
8.5588666341e+00   2.5536240768e-04
8.5666829507e+00   2.5463552471e-04
8.5744992672e+00   2.5391761511e-04
8.5823155838e+00   2.5320836034e-04
8.5901319003e+00   2.5250745455e-04
8.5979482169e+00   2.5181460403e-04
8.6057645335e+00   2.5112952668e-04
8.6135808500e+00   2.5045195147e-04
8.6213971666e+00   2.4978161799e-04
8.6292134831e+00   2.4911827600e-04
8.6370297997e+00   2.4846168498e-04
8.6448461163e+00   2.4781161370e-04
8.6526624328e+00   2.4716783988e-04
8.6604787494e+00   2.4653014980e-04
8.6682950659e+00   2.4589833792e-04
8.6761113825e+00   2.4527220657e-04
8.6839276991e+00   2.4465156563e-04
8.6917440156e+00   2.4403623222e-04
8.6995603322e+00   2.4342603038e-04
8.7073766488e+00   2.4282079083e-04
8.7151929653e+00   2.4222035067e-04
8.7230092819e+00   2.4162455313e-04
8.7308255984e+00   2.4103324733e-04
8.7386419150e+00   2.4044628803e-04
8.7464582316e+00   2.3986353540e-04
8.7542745481e+00   2.3928485482e-04
8.7620908647e+00   2.3871011663e-04
8.7699071812e+00   2.3813919595e-04
8.7777234978e+00   2.3757197249e-04
8.7855398144e+00   2.3700833034e-04
8.7933561309e+00   2.3644815780e-04
8.8011724475e+00   2.3589134718e-04
8.8089887640e+00   2.3533779467e-04
8.8168050806e+00   2.3478740012e-04
8.8246213972e+00   2.3424006694e-04
8.8324377137e+00   2.3369570189e-04
8.8402540303e+00   2.3315421499e-04
8.8480703468e+00   2.3261551931e-04
8.8558866634e+00   2.3207953088e-04
8.8637029800e+00   2.3154616854e-04
8.8715192965e+00   2.3101535382e-04
8.8793356131e+00   2.3048701080e-04
8.8871519297e+00   2.2996106599e-04
8.8949682462e+00   2.2943744823e-04
8.9027845628e+00   2.2891608858e-04
8.9106008793e+00   2.2839692020e-04
8.9184171959e+00   2.2787987823e-04
8.9262335125e+00   2.2736489974e-04
8.9340498290e+00   2.2685192360e-04
8.9418661456e+00   2.2634089038e-04
8.9496824621e+00   2.2583174230e-04
8.9574987787e+00   2.2532442312e-04
8.9653150953e+00   2.2481887807e-04
8.9731314118e+00   2.2431505375e-04
8.9809477284e+00   2.2381289811e-04
8.9887640449e+00   2.2331236032e-04
8.9965803615e+00   2.2281339076e-04
9.0043966781e+00   2.2231594089e-04
9.0122129946e+00   2.2181996327e-04
9.0200293112e+00   2.2132541145e-04
9.0278456277e+00   2.2083223993e-04
9.0356619443e+00   2.2034040410e-04
9.0434782609e+00   2.1984986021e-04
9.0512945774e+00   2.1936056534e-04
9.0591108940e+00   2.1887247729e-04
9.0669272106e+00   2.1838555463e-04
9.0747435271e+00   2.1789975658e-04
9.0825598437e+00   2.1741504304e-04
9.0903761602e+00   2.1693137451e-04
9.0981924768e+00   2.1644871209e-04
9.1060087934e+00   2.1596701742e-04
9.1138251099e+00   2.1548625270e-04
9.1216414265e+00   2.1500638062e-04
9.1294577430e+00   2.1452736433e-04
9.1372740596e+00   2.1404916747e-04
9.1450903762e+00   2.1357175410e-04
9.1529066927e+00   2.1309508870e-04
9.1607230093e+00   2.1261913616e-04
9.1685393258e+00   2.1214386172e-04
9.1763556424e+00   2.1166923101e-04
9.1841719590e+00   2.1119521000e-04
9.1919882755e+00   2.1072176499e-04
9.1998045921e+00   2.1024886258e-04
9.2076209086e+00   2.0977646970e-04
9.2154372252e+00   2.0930455354e-04
9.2232535418e+00   2.0883308158e-04
9.2310698583e+00   2.0836202156e-04
9.2388861749e+00   2.0789134146e-04
9.2467024915e+00   2.0742100950e-04
9.2545188080e+00   2.0695099410e-04
9.2623351246e+00   2.0648126391e-04
9.2701514411e+00   2.0601178777e-04
9.2779677577e+00   2.0554253467e-04
9.2857840743e+00   2.0507347380e-04
9.2936003908e+00   2.0460457448e-04
9.3014167074e+00   2.0413580615e-04
9.3092330239e+00   2.0366713840e-04
9.3170493405e+00   2.0319854088e-04
9.3248656571e+00   2.0272998335e-04
9.3326819736e+00   2.2327525074e-04
9.3404982902e+00   2.4881381809e-04
9.3483146067e+00   2.7748630870e-04
9.3561309233e+00   3.0991690486e-04
9.3639472399e+00   3.4690734404e-04
9.3717635564e+00   3.8950488494e-04
9.3795798730e+00   4.3910408117e-04
9.3873961895e+00   4.9760375540e-04
9.3952125061e+00   5.6765757510e-04
9.4030288227e+00   6.5309053084e-04
9.4108451392e+00   7.5962536087e-04
9.4186614558e+00   8.9622613501e-04
9.4264777723e+00   1.0777716213e-03
9.4342940889e+00   1.3308972307e-03
9.4421104055e+00   1.7084655499e-03
9.4499267220e+00   2.3323894282e-03
9.4577430386e+00   3.5610451435e-03
9.4655593552e+00   7.1022813478e-03
9.4733756717e+00   1.2436816749e-01
9.4811919883e+00   8.4713201491e-03
9.4890083048e+00   4.2008415253e-03
9.4968246214e+00   2.8374088073e-03
9.5046409380e+00   2.1662594633e-03
9.5124572545e+00   1.7667857975e-03
9.5202735711e+00   1.5017259812e-03
9.5280898876e+00   1.3129575548e-03
9.5359062042e+00   1.1716472945e-03
9.5437225208e+00   1.0618660454e-03
9.5515388373e+00   9.7409625758e-04
9.5593551539e+00   9.0230102791e-04
9.5671714704e+00   8.4246626527e-04
9.5749877870e+00   7.9181894115e-04
9.5828041036e+00   7.4838187255e-04
9.5906204201e+00   7.1070733413e-04
9.5984367367e+00   6.7771095604e-04
9.6062530532e+00   6.4856446168e-04
9.6140693698e+00   6.2262428355e-04
9.6218856864e+00   5.9938279567e-04
9.6297020029e+00   5.7843422189e-04
9.6375183195e+00   5.5945031371e-04
9.6453346361e+00   5.4216268024e-04
9.6531509526e+00   5.2634974019e-04
9.6609672692e+00   5.1182694441e-04
9.6687835857e+00   4.9843935088e-04
9.6765999023e+00   4.8605591720e-04
9.6844162189e+00   4.7456506446e-04
9.6922325354e+00   4.6387119370e-04
9.7000488520e+00   4.5389192477e-04
9.7078651685e+00   4.4455588848e-04
9.7156814851e+00   4.3580094697e-04
9.7234978017e+00   4.2757274842e-04
9.7313141182e+00   4.1982354500e-04
9.7391304348e+00   4.1251121983e-04
9.7469467513e+00   4.0559848104e-04
9.7547630679e+00   3.9905219037e-04
9.7625793845e+00   3.9284280084e-04
9.7703957010e+00   3.8694388334e-04
9.7782120176e+00   3.8133172618e-04
9.7860283341e+00   3.7598499482e-04
9.7938446507e+00   3.7088444141e-04
9.8016609673e+00   3.6601265596e-04
9.8094772838e+00   3.6135385224e-04
9.8172936004e+00   3.5689368289e-04
9.8251099170e+00   3.5261907927e-04
9.8329262335e+00   3.4851811221e-04
9.8407425501e+00   3.4457987054e-04
9.8485588666e+00   3.4079435483e-04
9.8563751832e+00   3.3715238418e-04
9.8641914998e+00   3.3364551418e-04
9.8720078163e+00   3.3026596456e-04
9.8798241329e+00   3.2700655517e-04
9.8876404494e+00   3.2386064922e-04
9.8954567660e+00   3.2082210287e-04
9.9032730826e+00   3.1788522028e-04
9.9110893991e+00   3.1504471352e-04
9.9189057157e+00   3.1229566664e-04
9.9267220322e+00   3.0963350358e-04
9.9345383488e+00   3.0705395918e-04
9.9423546654e+00   3.0455305327e-04
9.9501709819e+00   3.0212706717e-04
9.9579872985e+00   2.9977252255e-04
9.9658036150e+00   2.9748616227e-04
9.9736199316e+00   2.9526493303e-04
9.9814362482e+00   2.9310596960e-04
9.9892525647e+00   2.9100658056e-04
9.9970688813e+00   2.8896423518e-04
1.0004885198e+01   2.8697655162e-04
1.0012701514e+01   2.8504128604e-04
1.0020517831e+01   2.8315632271e-04
1.0028334148e+01   2.8131966490e-04
1.0036150464e+01   2.7952942659e-04
1.0043966781e+01   2.7778382484e-04
1.0051783097e+01   2.7608117274e-04
1.0059599414e+01   2.7441987300e-04
1.0067415730e+01   2.7279841199e-04
1.0075232047e+01   2.7121535427e-04
1.0083048363e+01   2.6966933754e-04
1.0090864680e+01   2.6815906795e-04
1.0098680997e+01   2.6668331580e-04
1.0106497313e+01   2.6524091155e-04
1.0114313630e+01   2.6383074211e-04
1.0122129946e+01   2.6245174740e-04
1.0129946263e+01   2.6110291717e-04
1.0137762579e+01   2.5978328805e-04
1.0145578896e+01   2.5849194077e-04
1.0153395213e+01   2.5722799763e-04
1.0161211529e+01   2.5599062010e-04
1.0169027846e+01   2.5477900660e-04
1.0176844162e+01   2.5359239042e-04
1.0184660479e+01   2.5243003779e-04
1.0192476795e+01   2.5129124608e-04
1.0200293112e+01   2.5017534212e-04
1.0208109428e+01   2.4908168057e-04
1.0215925745e+01   2.4800964253e-04
1.0223742062e+01   2.4695863408e-04
1.0231558378e+01   2.4592808500e-04
1.0239374695e+01   2.4491744758e-04
1.0247191011e+01   2.4392619547e-04
1.0255007328e+01   2.4295382261e-04
1.0262823644e+01   2.4199984220e-04
1.0270639961e+01   2.4106378581e-04
1.0278456277e+01   2.4014520244e-04
1.0286272594e+01   2.3924365772e-04
1.0294088911e+01   2.3835873312e-04
1.0301905227e+01   2.3749002520e-04
1.0309721544e+01   2.3663714493e-04
1.0317537860e+01   2.3579971704e-04
1.0325354177e+01   2.3497737937e-04
1.0333170493e+01   2.3416978233e-04
1.0340986810e+01   2.3337658832e-04
1.0348803127e+01   2.3259747125e-04
1.0356619443e+01   2.3183211601e-04
1.0364435760e+01   2.3108021803e-04
1.0372252076e+01   2.3034148285e-04
1.0380068393e+01   2.2961562570e-04
1.0387884709e+01   2.2890237110e-04
1.0395701026e+01   2.2820145252e-04
1.0403517342e+01   2.2751261199e-04
1.0411333659e+01   2.2683559983e-04
1.0419149976e+01   2.2617017427e-04
1.0426966292e+01   2.2551610120e-04
1.0434782609e+01   2.2487315385e-04
1.0442598925e+01   2.2424111255e-04
1.0450415242e+01   2.2361976449e-04
1.0458231558e+01   2.2300890342e-04
1.0466047875e+01   2.2240832946e-04
1.0473864191e+01   2.2181784887e-04
1.0481680508e+01   2.2123727383e-04
1.0489496825e+01   2.2066642225e-04
1.0497313141e+01   2.2010511755e-04
1.0505129458e+01   2.1955318849e-04
1.0512945774e+01   2.1901046899e-04
1.0520762091e+01   2.1847679793e-04
1.0528578407e+01   2.1795201900e-04
1.0536394724e+01   2.1743598054e-04
1.0544211041e+01   2.1692853534e-04
1.0552027357e+01   2.1642954052e-04
1.0559843674e+01   2.1593885734e-04
1.0567659990e+01   2.1545635109e-04
1.0575476307e+01   2.1498189086e-04
1.0583292623e+01   2.1451534947e-04
1.0591108940e+01   2.1405660327e-04
1.0598925256e+01   2.1360553198e-04
1.0606741573e+01   2.1316201857e-04
1.0614557890e+01   2.1272594907e-04
1.0622374206e+01   2.1229721243e-04
1.0630190523e+01   2.1187570037e-04
1.0638006839e+01   2.1146130717e-04
1.0645823156e+01   2.1105392957e-04
1.0653639472e+01   2.1065346653e-04
1.0661455789e+01   2.1025981910e-04
1.0669272106e+01   2.0987289022e-04
1.0677088422e+01   2.0949258452e-04
1.0684904739e+01   2.0911880817e-04
1.0692721055e+01   2.0875146860e-04
1.0700537372e+01   2.0839047436e-04
1.0708353688e+01   2.0803573489e-04
1.0716170005e+01   2.0768716025e-04
1.0723986321e+01   2.0734466092e-04
1.0731802638e+01   2.0700814757e-04
1.0739618955e+01   2.0667753076e-04
1.0747435271e+01   2.0635272070e-04
1.0755251588e+01   2.0603362695e-04
1.0763067904e+01   2.0572015818e-04
1.0770884221e+01   2.0541222180e-04
1.0778700537e+01   2.0510972368e-04
1.0786516854e+01   2.0481256785e-04
1.0794333170e+01   2.0452065608e-04
1.0802149487e+01   2.0423388760e-04
1.0809965804e+01   2.0395215870e-04
1.0817782120e+01   2.0367536233e-04
1.0825598437e+01   2.0340338773e-04
1.0833414753e+01   2.0785706881e-04
1.0841231070e+01   2.3715338341e-04
1.0849047386e+01   2.7104420008e-04
1.0856863703e+01   3.1070537655e-04
1.0864680020e+01   3.5775130565e-04
1.0872496336e+01   4.1446037936e-04
1.0880312653e+01   4.8415549770e-04
1.0888128969e+01   5.7188011327e-04
1.0895945286e+01   6.8567742691e-04
1.0903761602e+01   8.3921019481e-04
1.0911577919e+01   1.0577071846e-03
1.0919394235e+01   1.3934874863e-03
1.0927210552e+01   1.9756651866e-03
1.0935026869e+01   3.2327270313e-03
1.0942843185e+01   7.9568068469e-03
1.0950659502e+01   2.1691736057e-02
1.0958475818e+01   4.8279621155e-03
1.0966292135e+01   2.7902143702e-03
1.0974108451e+01   1.9968686998e-03
1.0981924768e+01   1.5746340050e-03
1.0989741085e+01   1.3124465001e-03
1.0997557401e+01   1.1337877790e-03
1.1005373718e+01   1.0042121360e-03
1.1013190034e+01   9.0592460119e-04
1.1021006351e+01   8.2880467865e-04
1.1028822667e+01   7.6667176260e-04
1.1036638984e+01   7.1553793787e-04
1.1044455300e+01   6.7271481755e-04
1.1052271617e+01   6.3632407372e-04
1.1060087934e+01   6.0501370147e-04
1.1067904250e+01   5.7778573488e-04
1.1075720567e+01   5.5388747845e-04
1.1083536883e+01   5.3274051656e-04
1.1091353200e+01   5.1389303049e-04
1.1099169516e+01   4.9698695857e-04
1.1106985833e+01   4.8173487465e-04
1.1114802149e+01   4.6790338742e-04
1.1122618466e+01   4.5530101128e-04
1.1130434783e+01   4.4376916402e-04
1.1138251099e+01   4.3317538955e-04
1.1146067416e+01   4.2340818950e-04
1.1153883732e+01   4.1437303509e-04
1.1161700049e+01   4.0598925625e-04
1.1169516365e+01   3.9818759097e-04
1.1177332682e+01   3.9090823686e-04
1.1185148999e+01   3.8409928885e-04
1.1192965315e+01   3.7771547670e-04
1.1200781632e+01   3.7171713712e-04
1.1208597948e+01   3.6606937129e-04
1.1216414265e+01   3.6074134987e-04
1.1224230581e+01   3.5570573618e-04
1.1232046898e+01   3.5093820481e-04
1.1239863214e+01   3.4641703778e-04
1.1247679531e+01   3.4212278390e-04
1.1255495848e+01   3.3803797027e-04
1.1263312164e+01   3.3414685669e-04
1.1271128481e+01   3.3043522583e-04
1.1278944797e+01   3.2689020315e-04
1.1286761114e+01   3.2350010180e-04
1.1294577430e+01   3.2025428853e-04
1.1302393747e+01   3.1714306738e-04
1.1310210064e+01   3.1415757849e-04
1.1318026380e+01   3.1128970966e-04
1.1325842697e+01   3.0853201900e-04
1.1333659013e+01   3.0587766696e-04
1.1341475330e+01   3.0332035645e-04
1.1349291646e+01   3.0085428002e-04
1.1357107963e+01   2.9847407307e-04
1.1364924279e+01   2.9617477231e-04
1.1372740596e+01   2.9395177890e-04
1.1380556913e+01   2.9180082546e-04
1.1388373229e+01   2.8971794671e-04
1.1396189546e+01   2.8769945314e-04
1.1404005862e+01   2.8574190741e-04
1.1411822179e+01   2.8384210309e-04
1.1419638495e+01   2.8199704559e-04
1.1427454812e+01   2.8020393488e-04
1.1435271128e+01   2.7846014996e-04
1.1443087445e+01   2.7676323472e-04
1.1450903762e+01   2.7511088519e-04
1.1458720078e+01   2.7350093789e-04
1.1466536395e+01   2.7193135930e-04
1.1474352711e+01   2.7040023624e-04
1.1482169028e+01   2.6890576710e-04
1.1489985344e+01   2.6744625379e-04
1.1497801661e+01   2.6602009447e-04
1.1505617978e+01   2.6462577681e-04
1.1513434294e+01   2.6326187180e-04
1.1521250611e+01   2.6192702817e-04
1.1529066927e+01   2.6061996712e-04
1.1536883244e+01   2.5933947759e-04
1.1544699560e+01   2.5808441185e-04
1.1552515877e+01   2.5685368138e-04
1.1560332193e+01   2.5564625319e-04
1.1568148510e+01   2.5446114632e-04
1.1575964827e+01   2.5329742860e-04
1.1583781143e+01   2.5215421373e-04
1.1591597460e+01   2.5103065848e-04
1.1599413776e+01   2.4992596017e-04
1.1607230093e+01   2.4883935424e-04
1.1615046409e+01   2.4777011209e-04
1.1622862726e+01   2.4671753900e-04
1.1630679043e+01   2.4568097223e-04
1.1638495359e+01   2.4465977921e-04
1.1646311676e+01   2.4365335589e-04
1.1654127992e+01   2.4266112521e-04
1.1661944309e+01   2.4168253561e-04
1.1669760625e+01   2.4071705969e-04
1.1677576942e+01   2.3976419292e-04
1.1685393258e+01   2.3882345250e-04
1.1693209575e+01   2.3789437621e-04
1.1701025892e+01   2.3697652134e-04
1.1708842208e+01   2.3606946379e-04
1.1716658525e+01   2.3517279707e-04
1.1724474841e+01   2.3428613149e-04
1.1732291158e+01   2.3340909330e-04
1.1740107474e+01   2.3254132398e-04
1.1747923791e+01   2.3168247949e-04
1.1755740107e+01   2.3083222961e-04
1.1763556424e+01   2.2999025728e-04
1.1771372741e+01   2.2915625803e-04
1.1779189057e+01   2.2832993937e-04
1.1787005374e+01   2.2751102033e-04
1.1794821690e+01   2.2669923087e-04
1.1802638007e+01   2.2589431146e-04
1.1810454323e+01   2.2509601263e-04
1.1818270640e+01   2.2430409450e-04
1.1826086957e+01   2.2351832644e-04
1.1833903273e+01   2.2273848662e-04
1.1841719590e+01   2.2196436172e-04
1.1849535906e+01   2.2119574653e-04
1.1857352223e+01   2.2043244366e-04
1.1865168539e+01   2.1967426322e-04
1.1872984856e+01   2.1892102253e-04
1.1880801172e+01   2.1817254584e-04
1.1888617489e+01   2.1742866407e-04
1.1896433806e+01   2.1668921456e-04
1.1904250122e+01   2.1595404082e-04
1.1912066439e+01   2.1522299234e-04
1.1919882755e+01   2.1449592430e-04
1.1927699072e+01   2.1377269746e-04
1.1935515388e+01   2.1305317787e-04
1.1943331705e+01   2.1233723675e-04
1.1951148021e+01   2.1162475027e-04
1.1958964338e+01   2.1091559941e-04
1.1966780655e+01   2.1020966975e-04
1.1974596971e+01   2.0950685137e-04
1.1982413288e+01   2.0880703866e-04
1.1990229604e+01   2.0811013017e-04
1.1998045921e+01   2.0741602849e-04
1.2005862237e+01   2.0672464013e-04
1.2013678554e+01   2.0603587535e-04
1.2021494871e+01   2.0534964806e-04
1.2029311187e+01   2.0466587572e-04
1.2037127504e+01   2.0398447918e-04
1.2044943820e+01   2.0330538261e-04
1.2052760137e+01   2.0262851336e-04
1.2060576453e+01   2.0195380190e-04
1.2068392770e+01   2.0128118166e-04
1.2076209086e+01   2.0061058899e-04
1.2084025403e+01   1.9994196302e-04
1.2091841720e+01   1.9927524562e-04
1.2099658036e+01   1.9861038126e-04
1.2107474353e+01   1.9794731696e-04
1.2115290669e+01   1.9728600218e-04
1.2123106986e+01   1.9662638877e-04
1.2130923302e+01   1.9596843086e-04
1.2138739619e+01   1.9531208482e-04
1.2146555936e+01   1.9465730915e-04
1.2154372252e+01   1.9400406443e-04
1.2162188569e+01   1.9335231322e-04
1.2170004885e+01   1.9270202006e-04
1.2177821202e+01   1.9205315132e-04
1.2185637518e+01   1.9140567518e-04
1.2193453835e+01   1.9075956158e-04
1.2201270151e+01   1.9011478211e-04
1.2209086468e+01   1.8947131000e-04
1.2216902785e+01   1.8882912002e-04
1.2224719101e+01   1.8818818848e-04
1.2232535418e+01   1.8754849309e-04
1.2240351734e+01   1.8691001298e-04
1.2248168051e+01   1.8627272862e-04
1.2255984367e+01   1.8563662177e-04
1.2263800684e+01   1.8500167542e-04
1.2271617000e+01   1.8436787375e-04
1.2279433317e+01   1.8373520210e-04
1.2287249634e+01   1.8310364690e-04
1.2295065950e+01   1.8247319560e-04
1.2302882267e+01   1.8184383672e-04
1.2310698583e+01   1.8121555969e-04
1.2318514900e+01   1.8058835490e-04
1.2326331216e+01   1.7996221361e-04
1.2334147533e+01   1.7933712793e-04
1.2341963850e+01   1.7871309077e-04
1.2349780166e+01   1.7809009584e-04
1.2357596483e+01   1.7746813756e-04
1.2365412799e+01   1.7764045847e-04
1.2373229116e+01   1.9125853567e-04
1.2381045432e+01   2.0586186223e-04
1.2388861749e+01   2.2156836949e-04
1.2396678065e+01   2.3851564928e-04
1.2404494382e+01   2.5686522558e-04
1.2412310699e+01   2.7680799064e-04
1.2420127015e+01   2.9857119328e-04
1.2427943332e+01   3.2242752276e-04
1.2435759648e+01   3.4870705935e-04
1.2443575965e+01   3.7781320616e-04
1.2451392281e+01   4.1024424024e-04
1.2459208598e+01   4.4662293990e-04
1.2467024915e+01   4.8773805428e-04
1.2474841231e+01   5.3460353183e-04
1.2482657548e+01   5.8854506202e-04
1.2490473864e+01   6.5132984873e-04
1.2498290181e+01   7.2536709903e-04
1.2506106497e+01   8.1402867442e-04
1.2513922814e+01   9.2218325097e-04
1.2521739130e+01   1.0571305550e-03
1.2529555447e+01   1.2303351280e-03
1.2537371764e+01   1.4608907142e-03
1.2545188080e+01   1.7831328764e-03
1.2553004397e+01   2.2656395224e-03
1.2560820713e+01   3.0680950011e-03
1.2568637030e+01   4.6678223762e-03
1.2576453346e+01   9.4308630149e-03
1.2584269663e+01   8.8854270630e-01
1.2592085979e+01   9.9309272739e-03
1.2599902296e+01   5.0164393128e-03
1.2607718613e+01   3.3897851345e-03
1.2615534929e+01   2.5783579328e-03
1.2623351246e+01   2.0919553230e-03
1.2631167562e+01   1.7677709521e-03
1.2638983879e+01   1.5361757069e-03
1.2646800195e+01   1.3624025342e-03
1.2654616512e+01   1.2271551586e-03
1.2662432829e+01   1.1188642573e-03
1.2670249145e+01   1.0301717271e-03
1.2678065462e+01   9.5617441433e-04
1.2685881778e+01   8.9347911122e-04
1.2693698095e+01   8.3966286912e-04
1.2701514411e+01   7.9294934324e-04
1.2709330728e+01   7.5200659080e-04
1.2717147044e+01   7.1581628032e-04
1.2724963361e+01   6.8358652424e-04
1.2732779678e+01   6.5469225383e-04
1.2740595994e+01   6.2863349136e-04
1.2748412311e+01   6.0500555077e-04
1.2756228627e+01   5.8347736936e-04
1.2764044944e+01   5.6377549484e-04
1.2771861260e+01   5.4567207738e-04
1.2779677577e+01   5.2897574488e-04
1.2787493894e+01   5.1352458478e-04
1.2795310210e+01   4.9918068612e-04
1.2803126527e+01   4.8582585161e-04
1.2810942843e+01   4.7335819720e-04
1.2818759160e+01   4.6168943198e-04
1.2826575476e+01   4.5074266474e-04
1.2834391793e+01   4.4045062189e-04
1.2842208109e+01   4.3075418961e-04
1.2850024426e+01   4.2160121324e-04
1.2857840743e+01   4.1294550259e-04
1.2865657059e+01   4.0474600313e-04
1.2873473376e+01   3.9696610153e-04
1.2881289692e+01   3.8957304094e-04
1.2889106009e+01   3.8253742624e-04
1.2896922325e+01   3.7583280352e-04
1.2904738642e+01   3.6943530106e-04
1.2912554958e+01   3.6332332174e-04
1.2920371275e+01   3.5747727819e-04
1.2928187592e+01   3.5187936423e-04
1.2936003908e+01   3.4651335666e-04
1.2943820225e+01   3.4136444299e-04
1.2951636541e+01   3.3641907112e-04
1.2959452858e+01   3.3166481778e-04
1.2967269174e+01   3.2709027314e-04
1.2975085491e+01   3.2268493919e-04
1.2982901808e+01   3.1843914012e-04
1.2990718124e+01   3.1434394300e-04
1.2998534441e+01   3.1039108745e-04
1.3006350757e+01   3.0657292308e-04
1.3014167074e+01   3.0288235380e-04
1.3021983390e+01   2.9931278799e-04
1.3029799707e+01   2.9585809403e-04
1.3037616023e+01   2.9251256028e-04
1.3045432340e+01   2.8927085920e-04
1.3053248657e+01   2.8612801500e-04
1.3061064973e+01   2.8307937452e-04
1.3068881290e+01   2.8012058078e-04
1.3076697606e+01   2.7724754915e-04
1.3084513923e+01   2.7445644570e-04
1.3092330239e+01   2.7174366749e-04
1.3100146556e+01   2.6910582465e-04
1.3107962872e+01   2.6653972407e-04
1.3115779189e+01   2.6404235447e-04
1.3123595506e+01   2.6161087273e-04
1.3131411822e+01   2.5924259142e-04
1.3139228139e+01   2.5693496733e-04
1.3147044455e+01   2.5468559088e-04
1.3154860772e+01   2.5249217647e-04
1.3162677088e+01   2.5035255350e-04
1.3170493405e+01   2.4826465811e-04
1.3178309722e+01   2.4622652555e-04
1.3186126038e+01   2.4423628314e-04
1.3193942355e+01   2.4229214364e-04
1.3201758671e+01   2.4039239923e-04
1.3209574988e+01   2.3853541580e-04
1.3217391304e+01   2.3671962769e-04
1.3225207621e+01   2.3494353278e-04
1.3233023937e+01   2.3320568787e-04
1.3240840254e+01   2.3150470439e-04
1.3248656571e+01   2.2983924440e-04
1.3256472887e+01   2.2820801676e-04
1.3264289204e+01   2.2660977362e-04
1.3272105520e+01   2.2504330708e-04
1.3279921837e+01   2.2350744605e-04
1.3287738153e+01   2.2200105327e-04
1.3295554470e+01   2.2052302254e-04
1.3303370787e+01   2.1907227608e-04
1.3311187103e+01   2.1764776202e-04
1.3319003420e+01   2.1624845203e-04
1.3326819736e+01   2.1487333912e-04
1.3334636053e+01   2.1352143548e-04
1.3342452369e+01   2.1219177049e-04
1.3350268686e+01   2.1088338879e-04
1.3358085002e+01   2.0959534849e-04
1.3365901319e+01   2.0832671943e-04
1.3373717636e+01   2.0707658156e-04
1.3381533952e+01   2.0584402337e-04
1.3389350269e+01   2.0462814045e-04
1.3397166585e+01   2.0342803404e-04
1.3404982902e+01   2.0224280977e-04
1.3412799218e+01   2.0107157638e-04
1.3420615535e+01   1.9991344452e-04
1.3428431851e+01   1.9876752568e-04
1.3436248168e+01   1.9763293111e-04
1.3444064485e+01   1.9650877086e-04
1.3451880801e+01   1.9539415285e-04
1.3459697118e+01   1.9428818205e-04
1.3467513434e+01   1.9318995967e-04
1.3475329751e+01   1.9209858246e-04
1.3483146067e+01   1.9101314203e-04
1.3490962384e+01   1.8993272430e-04
1.3498778701e+01   1.8885640899e-04
1.3506595017e+01   1.8778326912e-04
1.3514411334e+01   1.8671237068e-04
1.3522227650e+01   1.8564277230e-04
1.3530043967e+01   1.8457352502e-04
1.3537860283e+01   1.8350367215e-04
1.3545676600e+01   1.8243224913e-04
1.3553492916e+01   1.8135828360e-04
1.3561309233e+01   1.8028079540e-04
1.3569125550e+01   1.7919879680e-04
1.3576941866e+01   1.7811129266e-04
1.3584758183e+01   1.7701728084e-04
1.3592574499e+01   1.7591575256e-04
1.3600390816e+01   1.7480569292e-04
1.3608207132e+01   1.7368608152e-04
1.3616023449e+01   1.7255589316e-04
1.3623839766e+01   1.7141409863e-04
1.3631656082e+01   1.7025966559e-04
1.3639472399e+01   1.6909155962e-04
1.3647288715e+01   1.6790874530e-04
1.3655105032e+01   1.6671018746e-04
1.3662921348e+01   1.6549485248e-04
1.3670737665e+01   1.6426170977e-04
1.3678553981e+01   1.6300973332e-04
1.3686370298e+01   1.6173790339e-04
1.3694186615e+01   1.6044520831e-04
1.3702002931e+01   1.5913064644e-04
1.3709819248e+01   1.5779322819e-04
1.3717635564e+01   1.5643197820e-04
1.3725451881e+01   1.5504593770e-04
1.3733268197e+01   1.5363416693e-04
1.3741084514e+01   1.5219574767e-04
1.3748900830e+01   1.5072978604e-04
1.3756717147e+01   1.4923541528e-04
1.3764533464e+01   1.4771179872e-04
1.3772349780e+01   1.4615813294e-04
1.3780166097e+01   1.4457365102e-04
1.3787982413e+01   1.4295762586e-04
1.3795798730e+01   1.4130937377e-04
1.3803615046e+01   1.3962825810e-04
1.3811431363e+01   1.3791369303e-04
1.3819247680e+01   1.3616514748e-04
1.3827063996e+01   1.3438214916e-04
1.3834880313e+01   1.3256428878e-04
1.3842696629e+01   1.3071122431e-04
1.3850512946e+01   1.2882268542e-04
1.3858329262e+01   1.2689847805e-04
1.3866145579e+01   1.2493848901e-04
1.3873961895e+01   1.2294269079e-04
1.3881778212e+01   1.2091114642e-04
1.3889594529e+01   1.1884401443e-04
1.3897410845e+01   1.1674155393e-04
1.3905227162e+01   1.1460412973e-04
1.3913043478e+01   1.1243221760e-04
1.3920859795e+01   1.1022640950e-04
1.3928676111e+01   1.0798741904e-04
1.3936492428e+01   1.0571608678e-04
1.3944308745e+01   1.0341338575e-04
1.3952125061e+01   1.1019999981e-04
1.3959941378e+01   1.2146260993e-04
1.3967757694e+01   1.3391127998e-04
1.3975574011e+01   1.4776490963e-04
1.3983390327e+01   1.6330044814e-04
1.3991206644e+01   1.8087347434e-04
1.3999022960e+01   2.0094819462e-04
1.4006839277e+01   2.2414230201e-04
1.4014655594e+01   2.5129605825e-04
1.4022471910e+01   2.8358236759e-04
1.4030288227e+01   3.2268933354e-04
1.4038104543e+01   3.7113784758e-04
1.4045920860e+01   4.3286711930e-04
1.4053737176e+01   5.1439503024e-04
1.4061553493e+01   6.2734046920e-04
1.4069369809e+01   7.9462633034e-04
1.4077186126e+01   1.0686429279e-03
1.4085002443e+01   1.6010177922e-03
1.4092818759e+01   3.0889211497e-03
1.4100635076e+01   3.1181102573e-02
1.4108451392e+01   3.9778913338e-03
1.4116267709e+01   1.8961814299e-03
1.4124084025e+01   1.2559320591e-03
1.4131900342e+01   9.4497233789e-04
1.4139716659e+01   7.6121088339e-04
1.4147532975e+01   6.3984113910e-04
1.4155349292e+01   5.5368971927e-04
1.4163165608e+01   4.8936242543e-04
1.4170981925e+01   4.3949288427e-04
1.4178798241e+01   3.9969456966e-04
1.4186614558e+01   3.6719242338e-04
1.4194430874e+01   3.4014509778e-04
1.4202247191e+01   3.1728272210e-04
1.4210063508e+01   2.9770116109e-04
1.4217879824e+01   2.8073918800e-04
1.4225696141e+01   2.6590204173e-04
1.4233512457e+01   2.5281214229e-04
1.4241328774e+01   2.4117633717e-04
1.4249145090e+01   2.3076355213e-04
1.4256961407e+01   2.2138918441e-04
1.4264777723e+01   2.1290397896e-04
1.4272594040e+01   2.0518595385e-04
1.4280410357e+01   1.9813444243e-04
1.4288226673e+01   1.9166563190e-04
1.4296042990e+01   1.8570917745e-04
1.4303859306e+01   1.8020560112e-04
1.4311675623e+01   1.7510427110e-04
1.4319491939e+01   1.7036181580e-04
1.4327308256e+01   1.6594086724e-04
1.4335124573e+01   1.6180905681e-04
1.4342940889e+01   1.5793820602e-04
1.4350757206e+01   1.5430366957e-04
1.4358573522e+01   1.5088379822e-04
1.4366389839e+01   1.4765949680e-04
1.4374206155e+01   1.4461385824e-04
1.4382022472e+01   1.4173185874e-04
1.4389838788e+01   1.3900010256e-04
1.4397655105e+01   1.3640660722e-04
1.4405471422e+01   1.3394062181e-04
1.4413287738e+01   1.3159247268e-04
1.4421104055e+01   1.2935343174e-04
1.4428920371e+01   1.2721560364e-04
1.4436736688e+01   1.2517182867e-04
1.4444553004e+01   1.2321559908e-04
1.4452369321e+01   1.2134098640e-04
1.4460185638e+01   1.1954257842e-04
1.4468001954e+01   1.1781542413e-04
1.4475818271e+01   1.1615498561e-04
1.4483634587e+01   1.1455709581e-04
1.4491450904e+01   1.1301792141e-04
1.4499267220e+01   1.1153393003e-04
1.4507083537e+01   1.1010186130e-04
1.4514899853e+01   1.0871870112e-04
1.4522716170e+01   1.0738165889e-04
1.4530532487e+01   1.0608814710e-04
1.4538348803e+01   1.0483576327e-04
1.4546165120e+01   1.0362227364e-04
1.4553981436e+01   1.0244559866e-04
1.4561797753e+01   1.0130379988e-04
1.4569614069e+01   1.0019506825e-04
1.4577430386e+01   9.9117713471e-05
1.4585246702e+01   9.8070154441e-05
1.4593063019e+01   9.7050910598e-05
1.4600879336e+01   9.6058594073e-05
1.4608695652e+01   9.5091902578e-05
1.4616511969e+01   9.4149612931e-05
1.4624328285e+01   9.3230575175e-05
1.4632144602e+01   9.2333707214e-05
1.4639960918e+01   9.1457989910e-05
1.4647777235e+01   9.0602462614e-05
1.4655593552e+01   8.9766219070e-05
1.4663409868e+01   8.8948403661e-05
1.4671226185e+01   8.8148207971e-05
1.4679042501e+01   8.7364867621e-05
1.4686858818e+01   8.6597659366e-05
1.4694675134e+01   8.5845898415e-05
1.4702491451e+01   8.5108935973e-05
1.4710307767e+01   8.4386156958e-05
1.4718124084e+01   8.3676977910e-05
1.4725940401e+01   8.2980845043e-05
1.4733756717e+01   8.2297232452e-05
1.4741573034e+01   8.1625640446e-05
1.4749389350e+01   8.0965594010e-05
1.4757205667e+01   8.0316641372e-05
1.4765021983e+01   7.9678352671e-05
1.4772838300e+01   7.9050318722e-05
1.4780654617e+01   7.8432149868e-05
1.4788470933e+01   7.7823474906e-05
1.4796287250e+01   7.7223940089e-05
1.4804103566e+01   7.6633208195e-05
1.4811919883e+01   7.6050957656e-05
1.4819736199e+01   7.5476881744e-05
1.4827552516e+01   7.4910687812e-05
1.4835368832e+01   7.4352096580e-05
1.4843185149e+01   7.3800841468e-05
1.4851001466e+01   7.3256667971e-05
1.4858817782e+01   7.2719333072e-05
1.4866634099e+01   7.2188604688e-05
1.4874450415e+01   7.1664261152e-05
1.4882266732e+01   7.1146090728e-05
1.4890083048e+01   7.0633891149e-05
1.4897899365e+01   7.0127469182e-05
1.4905715681e+01   6.9626640226e-05
1.4913531998e+01   6.9131227922e-05
1.4921348315e+01   6.8641063792e-05
1.4929164631e+01   6.8155986893e-05
1.4936980948e+01   6.7675843498e-05
1.4944797264e+01   6.7200486782e-05
1.4952613581e+01   6.6729776537e-05
1.4960429897e+01   6.6263578894e-05
1.4968246214e+01   6.5801766062e-05
1.4976062531e+01   6.5344216084e-05
1.4983878847e+01   6.4890812602e-05
1.4991695164e+01   6.4441444634e-05
1.4999511480e+01   6.3996006363e-05
1.5007327797e+01   6.3554396940e-05
1.5015144113e+01   6.3116520291e-05
1.5022960430e+01   6.2682284941e-05
1.5030776746e+01   6.2251603842e-05
1.5038593063e+01   6.1824394210e-05
1.5046409380e+01   6.1400577371e-05
1.5054225696e+01   6.0980078621e-05
1.5062042013e+01   6.0562827079e-05
1.5069858329e+01   6.0148755565e-05
1.5077674646e+01   5.9737800472e-05
1.5085490962e+01   5.9329901645e-05
1.5093307279e+01   5.8925002278e-05
1.5101123596e+01   5.8523048804e-05
1.5108939912e+01   5.8123990797e-05
1.5116756229e+01   5.7727780876e-05
1.5124572545e+01   5.7334374623e-05
1.5132388862e+01   5.6943730495e-05
1.5140205178e+01   5.6555809745e-05
1.5148021495e+01   5.6170576356e-05
1.5155837811e+01   5.5787996964e-05
1.5163654128e+01   5.5408040800e-05
1.5171470445e+01   5.5030679627e-05
1.5179286761e+01   5.4655887688e-05
1.5187103078e+01   5.4283641650e-05
1.5194919394e+01   5.3913920562e-05
1.5202735711e+01   5.3546705809e-05
1.5210552027e+01   5.3181981070e-05
1.5218368344e+01   5.2819732289e-05
1.5226184660e+01   5.2459947635e-05
1.5234000977e+01   5.2102617477e-05
1.5241817294e+01   5.1747734358e-05
1.5249633610e+01   5.1395292975e-05
1.5257449927e+01   5.1045290155e-05
1.5265266243e+01   5.0697724846e-05
1.5273082560e+01   5.0352598099e-05
1.5280898876e+01   5.1253607025e-05
1.5288715193e+01   5.3259572596e-05
1.5296531510e+01   5.5323175074e-05
1.5304347826e+01   5.7447643367e-05
1.5312164143e+01   5.9636479256e-05
1.5319980459e+01   6.1893487559e-05
1.5327796776e+01   6.4222810449e-05
1.5335613092e+01   6.6628966621e-05
1.5343429409e+01   6.9116896126e-05
1.5351245725e+01   7.1692011848e-05
1.5359062042e+01   7.4360258820e-05
1.5366878359e+01   7.7128182798e-05
1.5374694675e+01   8.0003009827e-05
1.5382510992e+01   8.2992738928e-05
1.5390327308e+01   8.6106250487e-05
1.5398143625e+01   8.9353433544e-05
1.5405959941e+01   9.2745335961e-05
1.5413776258e+01   9.6294342383e-05
1.5421592574e+01   1.0001438622e-04
1.5429408891e+01   1.0392120343e-04
1.5437225208e+01   1.0803263812e-04
1.5445041524e+01   1.1236901268e-04
1.5452857841e+01   1.1695357884e-04
1.5460674157e+01   1.2181307126e-04
1.5468490474e+01   1.2838522119e-04
1.5476306790e+01   1.3546880741e-04
1.5484123107e+01   1.4312934302e-04
1.5491939424e+01   1.5144401684e-04
1.5499755740e+01   1.6050441176e-04
1.5507572057e+01   1.7042001998e-04
1.5515388373e+01   1.8132284178e-04
1.5523204690e+01   1.9337347891e-04
1.5531021006e+01   2.0676932164e-04
1.5538837323e+01   2.2175572001e-04
1.5546653639e+01   2.3864149062e-04
1.5554469956e+01   2.5782085727e-04
1.5562286273e+01   2.7980517184e-04
1.5570102589e+01   3.0526990903e-04
1.5577918906e+01   3.3512626419e-04
1.5585735222e+01   3.7063381714e-04
1.5593551539e+01   4.1358464599e-04
1.5601367855e+01   4.6661800306e-04
1.5609184172e+01   5.3378804684e-04
1.5617000489e+01   6.2165879526e-04
1.5624816805e+01   7.4160209466e-04
1.5632633122e+01   9.1518630186e-04
1.5640449438e+01   1.1889066707e-03
1.5648265755e+01   1.6848281928e-03
1.5656082071e+01   2.8592002074e-03
1.5663898388e+01   9.1266263149e-03
1.5671714704e+01   7.8627371074e-03
1.5679531021e+01   2.7729502334e-03
1.5687347338e+01   1.6923258890e-03
1.5695163654e+01   1.2222628778e-03
1.5702979971e+01   9.5921468159e-04
1.5710796287e+01   7.9105933309e-04
1.5718612604e+01   6.7426201005e-04
1.5726428920e+01   5.8838651030e-04
1.5734245237e+01   5.2256980530e-04
1.5742061553e+01   4.7050409964e-04
1.5749877870e+01   4.2827568761e-04
1.5757694187e+01   3.9332755681e-04
1.5765510503e+01   3.6391839543e-04
1.5773326820e+01   3.3882134911e-04
1.5781143136e+01   3.1714709635e-04
1.5788959453e+01   2.9823523938e-04
1.5796775769e+01   2.8158509633e-04
1.5804592086e+01   2.6681016916e-04
1.5812408403e+01   2.5360734791e-04
1.5820224719e+01   2.4173557164e-04
1.5828041036e+01   2.3100072318e-04
1.5835857352e+01   2.2124473172e-04
1.5843673669e+01   2.1233757633e-04
1.5851489985e+01   2.0417132779e-04
1.5859306302e+01   1.9665564720e-04
1.5867122618e+01   1.8971434220e-04
1.5874938935e+01   1.8328270163e-04
1.5882755252e+01   1.7730541098e-04
1.5890571568e+01   1.7173983556e-04
1.5898387885e+01   1.6654026160e-04
1.5906204201e+01   1.6167096947e-04
1.5914020518e+01   1.5710076674e-04
1.5921836834e+01   1.5280229221e-04
1.5929653151e+01   1.4875144444e-04
1.5937469468e+01   1.4492690964e-04
1.5945285784e+01   1.4130976923e-04
1.5953102101e+01   1.3788317182e-04
1.5960918417e+01   1.3463205770e-04
1.5968734734e+01   1.3154292617e-04
1.5976551050e+01   1.2860363824e-04
1.5984367367e+01   1.2580324846e-04
1.5992183683e+01   1.2313186110e-04
1.6000000000e+01   1.2058050662e-04
1.6000000000e+01   1.2058050662e-04
