X    Y
7.8201368524e-02   1.5091297338e-03
1.5640273705e-01   8.1138245711e-04
2.3460410557e-01   5.7970042294e-04
3.1280547410e-01   4.6433081663e-04
3.9100684262e-01   3.9528250182e-04
4.6920821114e-01   3.4918774736e-04
5.4740957967e-01   3.1599721439e-04
6.2561094819e-01   2.9065436697e-04
7.0381231672e-01   2.7032114644e-04
7.8201368524e-01   2.5326930953e-04
8.6021505376e-01   2.3837773527e-04
9.3841642229e-01   2.2488245838e-04
1.0166177908e+00   2.1224351682e-04
1.0948191593e+00   2.0007025133e-04
1.1730205279e+00   1.9883953680e-04
1.2512218964e+00   2.0450453116e-04
1.3294232649e+00   2.0742172665e-04
1.4076246334e+00   2.0706266880e-04
1.4858260020e+00   2.0259623055e-04
1.5640273705e+00   1.9251170642e-04
1.6422287390e+00   1.8174375181e-04
1.7204301075e+00   2.8217405061e-04
1.7986314761e+00   2.5369652437e-04
1.8768328446e+00   2.2029935256e-04
1.9550342131e+00   2.1511671184e-04
2.0332355816e+00   2.3845204621e-04
2.1114369501e+00   2.5793572486e-04
2.1896383187e+00   2.7331852242e-04
2.2678396872e+00   2.8447985235e-04
2.3460410557e+00   2.9142359322e-04
2.4242424242e+00   2.9426913582e-04
2.5024437928e+00   2.9324055083e-04
2.5806451613e+00   2.8865710134e-04
2.6588465298e+00   2.8092764022e-04
2.7370478983e+00   2.7054934288e-04
2.8152492669e+00   2.6223272459e-04
2.8934506354e+00   2.9095694901e-04
2.9716520039e+00   3.1994375016e-04
3.0498533724e+00   3.5125113091e-04
3.1280547410e+00   3.8695588782e-04
3.2062561095e+00   4.2858710913e-04
3.2844574780e+00   4.7644443853e-04
3.3626588465e+00   5.2898056911e-04
3.4408602151e+00   5.8249124804e-04
3.5190615836e+00   6.3134381827e-04
3.5972629521e+00   6.6885859895e-04
3.6754643206e+00   6.8874728010e-04
3.7536656891e+00   6.8676976583e-04
3.8318670577e+00   6.6209384825e-04
3.9100684262e+00   6.1783034804e-04
3.9882697947e+00   5.6042178879e-04
4.0664711632e+00   4.9794921907e-04
4.1446725318e+00   4.3785778215e-04
4.2228739003e+00   3.8489791828e-04
4.3010752688e+00   3.4006639103e-04
4.3792766373e+00   3.0094840292e-04
4.4574780059e+00   2.6321406019e-04
4.5356793744e+00   2.2237403537e-04
4.6138807429e+00   2.4036088574e-04
4.6920821114e+00   2.7012945999e-04
4.7702834800e+00   3.0732829809e-04
4.8484848485e+00   3.5849808547e-04
4.9266862170e+00   3.7315108844e-04
5.0048875855e+00   3.7002255556e-04
5.0830889541e+00   3.9794207359e-04
5.1612903226e+00   3.9325176350e-04
5.2394916911e+00   3.8736000024e-04
5.3176930596e+00   3.8033580649e-04
5.3958944282e+00   3.7224908479e-04
5.4740957967e+00   3.6317075550e-04
5.5522971652e+00   3.5317294795e-04
5.6304985337e+00   3.4232923822e-04
5.7086999022e+00   3.3071492932e-04
5.7869012708e+00   3.1840737724e-04
5.8651026393e+00   3.0548638204e-04
5.9433040078e+00   2.9203469400e-04
6.0215053763e+00   2.7813873645e-04
6.0997067449e+00   2.6388972558e-04
6.1779081134e+00   2.4938547666e-04
6.2561094819e+00   2.3473331943e-04
6.3343108504e+00   2.2005468725e-04
6.4125122190e+00   2.0549206033e-04
6.4907135875e+00   2.0045994269e-04
6.5689149560e+00   2.0497203208e-04
6.6471163245e+00   2.1008322653e-04
6.7253176931e+00   2.1604559596e-04
6.8035190616e+00   2.2318401427e-04
6.8817204301e+00   2.3191154738e-04
6.9599217986e+00   2.4274275329e-04
7.0381231672e+00   2.5630205404e-04
7.1163245357e+00   2.7332355073e-04
7.1945259042e+00   2.9463797603e-04
7.2727272727e+00   3.2114206546e-04
7.3509286413e+00   3.5374566759e-04
7.4291300098e+00   3.9329262997e-04
7.5073313783e+00   4.4045314419e-04
7.5855327468e+00   4.9558807233e-04
7.6637341153e+00   5.5859004794e-04
7.7419354839e+00   6.0658948097e-04
7.8201368524e+00   6.3582605771e-04
7.8983382209e+00   6.6496137352e-04
7.9765395894e+00   6.9359073509e-04
8.0547409580e+00   7.2118069283e-04
8.1329423265e+00   7.4704596636e-04
8.2111436950e+00   7.7032719308e-04
8.2893450635e+00   7.8997227971e-04
8.3675464321e+00   8.0472530416e-04
8.4457478006e+00   8.1312823638e-04
8.5239491691e+00   8.1354218554e-04
8.6021505376e+00   8.0419640119e-04
8.6803519062e+00   7.8327460639e-04
8.7585532747e+00   7.4904818799e-04
8.8367546432e+00   7.0006024349e-04
8.9149560117e+00   6.3534327454e-04
8.9931573803e+00   7.0411285947e-04
9.0713587488e+00   7.7271082288e-04
9.1495601173e+00   8.3154176890e-04
9.2277614858e+00   8.7786807328e-04
9.3059628543e+00   9.0977203994e-04
9.3841642229e+00   9.2592896718e-04
9.4623655914e+00   9.2570058173e-04
9.5405669599e+00   9.0916192412e-04
9.6187683284e+00   8.7706509315e-04
9.6969696970e+00   8.3075859817e-04
9.7751710655e+00   7.7958905984e-04
9.8533724340e+00   8.8152495962e-04
9.9315738025e+00   9.7020790146e-04
1.0009775171e+01   1.0476028590e-03
1.0087976540e+01   1.1185542240e-03
1.0166177908e+01   1.1910152722e-03
1.0244379277e+01   1.2752535040e-03
1.0322580645e+01   1.3814810197e-03
1.0400782014e+01   1.5158756876e-03
1.0478983382e+01   1.6247460890e-03
1.0557184751e+01   1.6130983541e-03
1.0635386119e+01   1.4133822260e-03
1.0713587488e+01   1.3867527920e-03
1.0791788856e+01   1.3534337287e-03
1.0869990225e+01   1.3145852446e-03
1.0948191593e+01   1.2712604723e-03
1.1026392962e+01   1.2243988691e-03
1.1104594330e+01   1.1748256188e-03
1.1182795699e+01   1.1232553450e-03
1.1260997067e+01   1.0702987136e-03
1.1339198436e+01   1.0164707580e-03
1.1417399804e+01   9.6219997275e-04
1.1495601173e+01   9.0783738807e-04
1.1573802542e+01   8.5366501350e-04
1.1652003910e+01   8.3904082212e-04
1.1730205279e+01   8.7088234475e-04
1.1808406647e+01   8.9958977431e-04
1.1886608016e+01   9.2529319754e-04
1.1964809384e+01   9.4811838067e-04
1.2043010753e+01   9.6817944899e-04
1.2121212121e+01   9.8556516822e-04
1.2199413490e+01   1.0003173191e-03
1.2277614858e+01   1.0124113036e-03
1.2355816227e+01   8.7529715247e-04
1.2434017595e+01   8.8101612204e-04
1.2512218964e+01   8.8443947346e-04
1.2590420332e+01   8.8553748394e-04
1.2668621701e+01   8.8427258176e-04
1.2746823069e+01   8.8059948012e-04
1.2825024438e+01   8.7446539810e-04
1.2903225806e+01   8.6581039103e-04
1.2981427175e+01   8.5456782726e-04
1.3059628543e+01   8.4066507698e-04
1.3137829912e+01   8.2402452509e-04
1.3216031281e+01   8.0456508315e-04
1.3294232649e+01   7.8220443866e-04
1.3372434018e+01   7.5686230503e-04
1.3450635386e+01   7.2846486374e-04
1.3528836755e+01   6.9695035007e-04
1.3607038123e+01   6.6227527408e-04
1.3685239492e+01   6.2442009976e-04
1.3763440860e+01   5.8339245503e-04
1.3841642229e+01   5.3922539667e-04
1.3919843597e+01   4.9196834726e-04
1.3998044966e+01   4.7754391489e-04
1.4076246334e+01   4.9783552406e-04
1.4154447703e+01   5.1627442211e-04
1.4232649071e+01   5.3251094498e-04
1.4310850440e+01   5.4142751301e-04
1.4389051808e+01   6.4330200106e-04
1.4467253177e+01   6.6912518041e-04
1.4545454545e+01   6.9163182408e-04
1.4623655914e+01   7.1001841084e-04
1.4701857283e+01   7.2335242868e-04
1.4780058651e+01   7.3057784060e-04
1.4858260020e+01   7.3053290277e-04
1.4936461388e+01   7.2198413261e-04
1.5014662757e+01   7.0367974147e-04
1.5092864125e+01   6.7442432175e-04
1.5171065494e+01   6.3317328445e-04
1.5249266862e+01   5.7913923627e-04
1.5327468231e+01   6.5138728874e-04
1.5405669599e+01   7.2634468257e-04
1.5483870968e+01   7.9120941516e-04
1.5562072336e+01   8.4452094765e-04
1.5640273705e+01   1.0242274361e-03
1.5718475073e+01   1.0687255928e-03
1.5796676442e+01   1.0933829239e-03
1.5874877810e+01   1.0980638569e-03
1.5953079179e+01   1.0834225425e-03
1.6031280547e+01   1.0507970138e-03
1.6109481916e+01   1.0020582248e-03
1.6187683284e+01   9.3943855939e-04
1.6265884653e+01   9.3237390792e-04
1.6344086022e+01   1.0288478668e-03
1.6422287390e+01   1.1089056728e-03
1.6500488759e+01   1.1727426837e-03
1.6578690127e+01   1.2210626591e-03
1.6656891496e+01   1.2548665751e-03
1.6735092864e+01   1.2752589962e-03
1.6813294233e+01   1.2833483548e-03
1.6891495601e+01   1.2802889044e-03
1.6969696970e+01   1.2674245375e-03
1.7047898338e+01   1.2463885492e-03
1.7126099707e+01   1.2189767864e-03
1.7204301075e+01   1.1873562964e-03
1.7282502444e+01   1.2280169098e-03
1.7360703812e+01   1.1866424671e-03
1.7438905181e+01   1.1431121736e-03
1.7517106549e+01   1.0981087237e-03
1.7595307918e+01   1.0521828053e-03
1.7673509286e+01   1.0057693680e-03
1.7751710655e+01   9.5920368273e-04
1.7829912023e+01   9.1273648315e-04
1.7908113392e+01   8.6654776683e-04
1.7986314761e+01   8.2075905698e-04
1.8064516129e+01   8.4915663539e-04
1.8142717498e+01   8.8098598889e-04
1.8220918866e+01   9.0955857139e-04
1.8299120235e+01   9.3506074404e-04
1.8377321603e+01   9.5767246918e-04
1.8455522972e+01   9.7756803311e-04
1.8533724340e+01   9.9491980700e-04
1.8611925709e+01   1.0099078896e-03
1.8690127077e+01   1.0227400901e-03
1.8768328446e+01   1.0336884450e-03
1.8846529814e+01   1.0431498531e-03
1.8924731183e+01   1.0517387560e-03
1.9002932551e+01   1.0604182136e-03
1.9081133920e+01   1.0706713280e-03
1.9159335288e+01   1.0847070734e-03
1.9237536657e+01   1.1056830409e-03
1.9315738025e+01   1.1379130688e-03
1.9393939394e+01   1.1870119394e-03
1.9472140762e+01   1.2599151686e-03
1.9550342131e+01   1.2818790943e-03
1.9628543500e+01   1.2569306859e-03
1.9706744868e+01   1.2344686370e-03
1.9784946237e+01   1.2021308031e-03
1.9863147605e+01   1.1654363807e-03
1.9941348974e+01   1.1239748776e-03
2.0019550342e+01   1.0772725453e-03
2.0097751711e+01   1.0247953718e-03
2.0175953079e+01   9.6595697481e-04
2.0254154448e+01   9.0013304097e-04
2.0332355816e+01   8.3512504410e-04
2.0410557185e+01   8.9014718074e-04
2.0488758553e+01   9.4199796362e-04
2.0566959922e+01   9.8954205964e-04
2.0645161290e+01   1.0314257498e-03
2.0723362659e+01   1.0660727014e-03
2.0801564027e+01   1.0916964470e-03
2.0879765396e+01   1.1063405416e-03
2.0957966764e+01   1.1079664166e-03
2.1036168133e+01   1.0946260036e-03
2.1114369501e+01   1.0647844008e-03
2.1192570870e+01   1.0178962911e-03
2.1270772239e+01   9.5537570988e-04
2.1348973607e+01   7.9902833984e-04
2.1427174976e+01   9.1166201583e-04
2.1505376344e+01   1.0145965640e-03
2.1583577713e+01   1.1004509770e-03
2.1661779081e+01   1.1670096143e-03
2.1739980450e+01   1.2127880407e-03
2.1818181818e+01   1.2371103954e-03
2.1896383187e+01   1.2401170218e-03
2.1974584555e+01   1.2227115732e-03
2.2052785924e+01   1.1864710773e-03
2.2130987292e+01   1.1335523402e-03
2.2209188661e+01   1.0666263787e-03
2.2287390029e+01   9.8885105145e-04
2.2365591398e+01   1.0454657042e-03
2.2443792766e+01   1.1548515627e-03
2.2521994135e+01   1.2629786570e-03
2.2600195503e+01   1.3755896099e-03
2.2678396872e+01   1.4967076284e-03
2.2756598240e+01   1.6258717153e-03
2.2834799609e+01   1.7264787850e-03
2.2913000978e+01   1.5958833303e-03
2.2991202346e+01   1.6055328115e-03
2.3069403715e+01   1.6048036884e-03
2.3147605083e+01   1.5947992996e-03
2.3225806452e+01   1.5765805606e-03
2.3304007820e+01   1.5511466463e-03
2.3382209189e+01   1.5194228467e-03
2.3460410557e+01   1.4822540868e-03
2.3538611926e+01   1.4404027466e-03
2.3616813294e+01   1.3945495880e-03
2.3695014663e+01   1.3452967738e-03
2.3773216031e+01   1.2931721346e-03
2.3851417400e+01   1.2386340309e-03
2.3929618768e+01   1.1820764271e-03
2.4007820137e+01   1.1238341721e-03
2.4086021505e+01   1.0641889541e-03
2.4164222874e+01   1.0757314467e-03
2.4242424242e+01   1.1259503309e-03
2.4320625611e+01   1.1725279001e-03
2.4398826979e+01   1.2154537149e-03
2.4477028348e+01   1.2546633836e-03
2.4555229717e+01   1.2900205927e-03
2.4633431085e+01   1.3213087327e-03
2.4711632454e+01   1.3482458629e-03
2.4789833822e+01   1.3705410599e-03
2.4868035191e+01   1.3880120881e-03
2.4946236559e+01   1.4007818234e-03
2.5024437928e+01   1.4102308988e-03
2.5102639296e+01   1.4204172105e-03
2.5180840665e+01   1.2659859908e-03
2.5259042033e+01   1.2642005847e-03
2.5337243402e+01   1.2575399179e-03
2.5415444770e+01   1.2457846695e-03
2.5493646139e+01   1.2287099431e-03
2.5571847507e+01   1.2060888677e-03
2.5650048876e+01   1.1776971753e-03
2.5728250244e+01   1.1433189138e-03
2.5806451613e+01   1.1027534572e-03
2.5884652981e+01   1.0558239717e-03
2.5962854350e+01   1.0023874796e-03
2.6041055718e+01   9.4234661962e-04
2.6119257087e+01   8.7566311419e-04
2.6197458456e+01   8.0237277144e-04
2.6275659824e+01   7.2260149434e-04
2.6353861193e+01   6.8479979977e-04
2.6432062561e+01   7.2095962630e-04
2.6510263930e+01   7.5252347660e-04
2.6588465298e+01   7.7873482026e-04
2.6666666667e+01   7.9873817890e-04
2.6744868035e+01   8.1156437677e-04
2.6823069404e+01   8.1612246598e-04
2.6901270772e+01   8.1122881779e-04
2.6979472141e+01   7.9574521901e-04
2.7057673509e+01   7.6901935279e-04
2.7135874878e+01   7.1319429251e-04
2.7214076246e+01   8.6684868586e-04
2.7292277615e+01   8.0273089731e-04
2.7370478983e+01   7.6115649317e-04
2.7448680352e+01   8.5709385212e-04
2.7526881720e+01   9.3944394769e-04
2.7605083089e+01   1.0067812245e-03
2.7683284457e+01   1.0581427340e-03
2.7761485826e+01   1.0930644388e-03
2.7839687195e+01   1.1115877992e-03
2.7917888563e+01   1.1142484093e-03
2.7996089932e+01   1.1020676574e-03
2.8074291300e+01   1.0765716969e-03
2.8152492669e+01   1.0398510326e-03
2.8230694037e+01   9.9464133630e-04
2.8308895406e+01   9.4435294618e-04
2.8387096774e+01   9.0877598589e-04
2.8465298143e+01   1.0524862296e-03
2.8543499511e+01   1.2142999099e-03
2.8621700880e+01   1.3978086836e-03
2.8699902248e+01   1.6004830560e-03
2.8778103617e+01   1.8111767008e-03
2.8856304985e+01   2.0098642783e-03
2.8934506354e+01   2.1706669358e-03
2.9012707722e+01   2.2284411367e-03
2.9090909091e+01   2.2594544519e-03
2.9169110459e+01   2.2775001502e-03
2.9247311828e+01   2.4098415125e-03
2.9325513196e+01   2.4004724116e-03
2.9403714565e+01   2.3810125709e-03
2.9481915934e+01   2.3524135078e-03
2.9560117302e+01   2.3155538439e-03
2.9638318671e+01   2.2712372381e-03
2.9716520039e+01   2.2201927365e-03
2.9794721408e+01   2.1630768241e-03
2.9872922776e+01   2.1004766190e-03
2.9951124145e+01   2.0329137846e-03
3.0029325513e+01   1.9608488482e-03
3.0107526882e+01   1.8846856840e-03
3.0185728250e+01   1.8047759476e-03
3.0263929619e+01   1.7214231996e-03
3.0342130987e+01   1.6572773078e-03
3.0420332356e+01   1.7448645891e-03
3.0498533724e+01   1.8277439935e-03
3.0576735093e+01   1.9058082053e-03
3.0654936461e+01   1.9789587789e-03
3.0733137830e+01   2.0471317418e-03
3.0811339198e+01   2.1103379179e-03
3.0889540567e+01   2.1687202845e-03
3.0967741935e+01   2.2226280872e-03
3.1045943304e+01   2.2727030583e-03
3.1124144673e+01   2.3199669940e-03
3.1202346041e+01   2.3658927245e-03
3.1280547410e+01   2.4124333606e-03
3.1358748778e+01   2.4619794259e-03
3.1436950147e+01   2.5172122732e-03
3.1515151515e+01   2.5808272556e-03
3.1593352884e+01   2.6551131462e-03
3.1671554252e+01   2.7413957948e-03
3.1749755621e+01   2.8393827590e-03
3.1827956989e+01   2.9464783595e-03
3.1906158358e+01   3.0571699810e-03
3.1984359726e+01   3.1626096460e-03
3.2062561095e+01   3.2505227322e-03
3.2140762463e+01   3.0907725774e-03
3.2218963832e+01   2.8241427679e-03
3.2297165200e+01   2.6184925761e-03
3.2375366569e+01   2.7835797539e-03
3.2453567937e+01   2.9313127835e-03
3.2531769306e+01   3.0584206971e-03
3.2609970674e+01   3.1614261997e-03
3.2688172043e+01   3.2367367583e-03
3.2766373412e+01   3.2807685060e-03
3.2844574780e+01   3.2901022291e-03
3.2922776149e+01   3.2616666726e-03
3.3000977517e+01   3.1929396320e-03
3.3079178886e+01   3.0821524738e-03
3.3157380254e+01   2.9284799447e-03
3.3235581623e+01   2.7321958427e-03
3.3313782991e+01   2.4947777103e-03
3.3391984360e+01   2.6274605350e-03
3.3470185728e+01   2.8707399996e-03
3.3548387097e+01   3.0701360054e-03
3.3626588465e+01   3.2239874371e-03
3.3704789834e+01   3.3323568500e-03
3.3782991202e+01   3.3981662965e-03
3.3861192571e+01   3.4298194947e-03
3.3939393939e+01   3.4464648020e-03
3.4017595308e+01   3.4029419182e-03
3.4095796676e+01   3.2987625666e-03
3.4173998045e+01   3.1666682059e-03
3.4252199413e+01   3.0028824230e-03
3.4330400782e+01   2.8156205067e-03
3.4408602151e+01   2.6085649848e-03
3.4486803519e+01   2.8085686423e-03
3.4565004888e+01   3.0338794376e-03
3.4643206256e+01   3.2292684753e-03
3.4721407625e+01   3.3951325420e-03
3.4799608993e+01   3.5322448164e-03
3.4877810362e+01   3.6416672292e-03
3.4956011730e+01   3.7246724151e-03
3.5034213099e+01   3.7826765209e-03
3.5112414467e+01   3.8171831640e-03
3.5190615836e+01   3.8297379096e-03
3.5268817204e+01   3.8218915796e-03
3.5347018573e+01   3.7951694832e-03
3.5425219941e+01   3.7510425380e-03
3.5503421310e+01   3.6908957995e-03
3.5581622678e+01   3.6159908905e-03
3.5659824047e+01   3.5274218331e-03
3.5738025415e+01   3.4260688707e-03
3.5816226784e+01   3.3125612455e-03
3.5894428152e+01   3.1872658580e-03
3.5972629521e+01   3.0503220535e-03
3.6050830890e+01   2.9017412492e-03
3.6129032258e+01   2.7415824030e-03
3.6207233627e+01   2.8871069465e-03
3.6285434995e+01   3.0722446275e-03
3.6363636364e+01   3.2485605949e-03
3.6441837732e+01   3.4125112495e-03
3.6520039101e+01   3.5588240985e-03
3.6598240469e+01   3.6804739799e-03
3.6676441838e+01   3.7835335545e-03
3.6754643206e+01   3.8776236404e-03
3.6832844575e+01   3.9578113201e-03
3.6911045943e+01   4.0233290529e-03
3.6989247312e+01   4.0733545261e-03
3.7067448680e+01   4.0631690994e-03
3.7145650049e+01   4.0787036999e-03
3.7223851417e+01   4.0759594594e-03
3.7302052786e+01   4.0539535099e-03
3.7380254154e+01   4.0116897044e-03
3.7458455523e+01   3.9481767466e-03
3.7536656891e+01   3.8624513664e-03
3.7614858260e+01   3.7536072261e-03
3.7693059629e+01   3.6208301684e-03
3.7771260997e+01   3.4634402520e-03
3.7849462366e+01   3.2809407230e-03
3.7927663734e+01   3.0730736204e-03
3.8005865103e+01   2.8398810592e-03
3.8084066471e+01   2.5817703901e-03
3.8162267840e+01   2.4403861002e-03
3.8240469208e+01   2.5897124957e-03
3.8318670577e+01   2.7211889198e-03
3.8396871945e+01   2.8319060916e-03
3.8475073314e+01   2.9188653654e-03
3.8553274682e+01   2.9790866082e-03
3.8631476051e+01   3.0097641536e-03
3.8709677419e+01   3.0084893567e-03
3.8787878788e+01   2.9735626533e-03
3.8866080156e+01   2.9044157120e-03
3.8944281525e+01   2.8021447036e-03
3.9022482893e+01   2.6701026877e-03
3.9100684262e+01   2.5143923635e-03
3.9178885630e+01   2.3439217171e-03
3.9257086999e+01   2.3138572966e-03
3.9335288368e+01   2.4620019180e-03
3.9413489736e+01   2.5647898799e-03
3.9491691105e+01   2.6410987673e-03
3.9569892473e+01   2.7319603335e-03
3.9648093842e+01   2.8523431205e-03
3.9726295210e+01   2.9361487587e-03
3.9804496579e+01   2.9845496885e-03
3.9882697947e+01   2.9992557809e-03
3.9960899316e+01   2.9823829481e-03
4.0039100684e+01   2.9363266397e-03
4.0117302053e+01   2.8636472035e-03
4.0195503421e+01   2.7669713999e-03
4.0273704790e+01   2.6489120137e-03
4.0351906158e+01   2.5120057152e-03
4.0430107527e+01   2.3586679891e-03
4.0508308895e+01   2.1911630834e-03
4.0586510264e+01   2.2878830420e-03
4.0664711632e+01   2.4632075863e-03
4.0742913001e+01   2.6169266335e-03
4.0821114370e+01   2.7493242569e-03
4.0899315738e+01   2.8608731577e-03
4.0977517107e+01   2.9521919854e-03
4.1055718475e+01   3.0240076902e-03
4.1133919844e+01   3.0771229523e-03
4.1212121212e+01   3.1123885009e-03
4.1290322581e+01   3.1306799884e-03
4.1368523949e+01   3.1328790038e-03
4.1446725318e+01   3.1198577738e-03
4.1524926686e+01   3.0924670989e-03
4.1603128055e+01   3.0515270907e-03
4.1681329423e+01   2.9978203118e-03
4.1759530792e+01   2.9320869607e-03
4.1837732160e+01   2.8550217883e-03
4.1915933529e+01   2.7672724776e-03
4.1994134897e+01   2.6694392652e-03
4.2072336266e+01   2.5620756212e-03
4.2150537634e+01   2.4456898472e-03
4.2228739003e+01   2.3305941686e-03
4.2306940371e+01   2.5003869095e-03
4.2385141740e+01   2.6622015926e-03
4.2463343109e+01   2.8153323040e-03
4.2541544477e+01   2.9590235347e-03
4.2619745846e+01   3.0924661816e-03
4.2697947214e+01   3.2147944660e-03
4.2776148583e+01   3.3250840053e-03
4.2854349951e+01   3.4223513297e-03
4.2932551320e+01   3.5055551890e-03
4.3010752688e+01   3.5736000403e-03
4.3088954057e+01   3.6253423236e-03
4.3167155425e+01   3.6596001360e-03
4.3245356794e+01   3.6751665503e-03
4.3323558162e+01   3.6708277022e-03
4.3401759531e+01   3.6453860643e-03
4.3479960899e+01   3.5976895677e-03
4.3558162268e+01   3.5266670560e-03
4.3636363636e+01   3.4313703389e-03
4.3714565005e+01   3.3110227733e-03
4.3792766373e+01   3.1650738192e-03
4.3870967742e+01   2.9932583910e-03
4.3949169110e+01   2.7956590563e-03
4.4027370479e+01   2.5727682519e-03
4.4105571848e+01   2.3255467686e-03
4.4183773216e+01   2.3123779967e-03
4.4261974585e+01   2.4563513072e-03
4.4340175953e+01   2.5806262943e-03
4.4418377322e+01   2.6823877812e-03
4.4496578690e+01   2.7589216604e-03
4.4574780059e+01   2.8077260143e-03
4.4652981427e+01   2.8266301448e-03
4.4731182796e+01   2.8139139642e-03
4.4809384164e+01   2.7684187602e-03
4.4887585533e+01   2.6896397813e-03
4.4965786901e+01   2.5777916725e-03
4.5043988270e+01   2.4338395877e-03
4.5122189638e+01   2.2594916940e-03
4.5200391007e+01   2.0571523848e-03
4.5278592375e+01   2.1982065791e-03
4.5356793744e+01   2.3740649515e-03
4.5434995112e+01   2.5180032219e-03
4.5513196481e+01   2.6298132549e-03
4.5591397849e+01   2.7098905128e-03
4.5669599218e+01   2.7591480560e-03
4.5747800587e+01   2.7789207124e-03
4.5826001955e+01   2.7708669813e-03
4.5904203324e+01   2.7368752318e-03
4.5982404692e+01   2.6789780449e-03
4.6060606061e+01   2.5992781499e-03
4.6138807429e+01   2.4998869907e-03
4.6217008798e+01   2.3828761693e-03
4.6295210166e+01   2.2502410705e-03
4.6373411535e+01   2.1038753626e-03
4.6451612903e+01   2.0691160312e-03
4.6529814272e+01   2.2356958284e-03
4.6608015640e+01   2.3834670494e-03
4.6686217009e+01   2.5124975079e-03
4.6764418377e+01   2.6230243751e-03
4.6842619746e+01   2.7154209323e-03
4.6920821114e+01   2.7901666090e-03
4.6999022483e+01   2.8478204759e-03
4.7077223851e+01   2.8889981821e-03
4.7155425220e+01   2.9143522007e-03
4.7233626588e+01   2.9245551699e-03
4.7311827957e+01   2.9202860699e-03
4.7390029326e+01   2.9022189581e-03
4.7468230694e+01   2.8710139859e-03
4.7546432063e+01   2.8273104279e-03
4.7624633431e+01   2.7717214811e-03
4.7702834800e+01   2.7048306119e-03
4.7781036168e+01   2.6271892591e-03
4.7859237537e+01   2.5393157313e-03
4.7937438905e+01   2.4416951647e-03
4.8015640274e+01   2.3347804391e-03
4.8093841642e+01   2.2189939758e-03
4.8172043011e+01   2.2831986034e-03
4.8250244379e+01   2.4399573941e-03
4.8328445748e+01   2.5882953020e-03
4.8406647116e+01   2.7273975352e-03
4.8484848485e+01   2.8563998829e-03
4.8563049853e+01   2.9743872085e-03
4.8641251222e+01   3.0803933784e-03
4.8719452590e+01   3.1734029062e-03
4.8797653959e+01   3.2523546821e-03
4.8875855327e+01   3.3161483915e-03
4.8954056696e+01   3.3636537776e-03
4.9032258065e+01   3.3937234698e-03
4.9110459433e+01   3.4052098522e-03
4.9188660802e+01   3.3969864404e-03
4.9266862170e+01   3.3679742022e-03
4.9345063539e+01   3.3171731182e-03
4.9423264907e+01   3.2436990722e-03
4.9501466276e+01   3.1468258672e-03
4.9579667644e+01   3.0260317607e-03
4.9657869013e+01   2.8810494142e-03
4.9736070381e+01   2.7119175591e-03
4.9814271750e+01   2.5190320267e-03
4.9892473118e+01   2.3031931359e-03
4.9970674487e+01   2.0656458411e-03
5.0048875855e+01   2.2012259847e-03
5.0127077224e+01   2.3302163042e-03
5.0205278592e+01   2.4394422661e-03
5.0283479961e+01   2.5264994191e-03
5.0361681329e+01   2.5891536963e-03
5.0439882698e+01   2.6254355586e-03
5.0518084066e+01   2.6337346601e-03
5.0596285435e+01   2.6128885688e-03
5.0674486804e+01   2.5622586638e-03
5.0752688172e+01   2.4817866684e-03
5.0830889541e+01   2.3720264172e-03
5.0909090909e+01   2.2341473276e-03
5.0987292278e+01   2.0699084349e-03
5.1065493646e+01   1.8895267482e-03
5.1143695015e+01   2.0739673352e-03
5.1221896383e+01   2.2309542854e-03
5.1300097752e+01   2.3598436829e-03
5.1378299120e+01   2.4605196893e-03
5.1456500489e+01   2.5333373932e-03
5.1534701857e+01   2.5790546212e-03
5.1612903226e+01   2.5987582998e-03
5.1691104594e+01   2.5937902666e-03
5.1769305963e+01   2.5656769112e-03
5.1847507331e+01   2.5160651878e-03
5.1925708700e+01   2.4466669311e-03
5.2003910068e+01   2.3592122725e-03
5.2082111437e+01   2.2554122633e-03
5.2160312805e+01   2.1369302684e-03
5.2238514174e+01   2.0053612532e-03
5.2316715543e+01   1.8814683464e-03
5.2394916911e+01   2.0376467850e-03
5.2473118280e+01   2.1771971495e-03
5.2551319648e+01   2.3000571682e-03
5.2629521017e+01   2.4063132114e-03
5.2707722385e+01   2.4961743323e-03
5.2785923754e+01   2.5699484751e-03
5.2864125122e+01   2.6280210567e-03
5.2942326491e+01   2.6708359921e-03
5.3020527859e+01   2.6988791346e-03
5.3098729228e+01   2.7126640375e-03
5.3176930596e+01   2.7127198971e-03
5.3255131965e+01   2.6995815165e-03
5.3333333333e+01   2.6737811168e-03
5.3411534702e+01   2.6358418248e-03
5.3489736070e+01   2.5862726760e-03
5.3567937439e+01   2.5255649820e-03
5.3646138807e+01   2.4541899329e-03
5.3724340176e+01   2.3725973217e-03
5.3802541544e+01   2.2812152994e-03
5.3880742913e+01   2.1804510907e-03
5.3958944282e+01   2.0706926212e-03
5.4037145650e+01   2.1266363148e-03
5.4115347019e+01   2.2764027947e-03
5.4193548387e+01   2.4177059882e-03
5.4271749756e+01   2.5496794635e-03
5.4349951124e+01   2.6714136319e-03
5.4428152493e+01   2.7819562877e-03
5.4506353861e+01   2.8803148055e-03
5.4584555230e+01   2.9654603598e-03
5.4662756598e+01   3.0363346789e-03
5.4740957967e+01   3.0918592552e-03
5.4819159335e+01   3.1309481490e-03
5.4897360704e+01   3.1525239479e-03
5.4975562072e+01   3.1555378459e-03
5.5053763441e+01   3.1389938466e-03
5.5131964809e+01   3.1019772758e-03
5.5210166178e+01   3.0436875457e-03
5.5288367546e+01   2.9634748504e-03
5.5366568915e+01   2.8608801382e-03
5.5444770283e+01   2.7356773017e-03
5.5522971652e+01   2.5879160685e-03
5.5601173021e+01   2.4179635927e-03
5.5679374389e+01   2.2265422862e-03
5.5757575758e+01   2.0147610421e-03
5.5835777126e+01   2.0030917215e-03
5.5913978495e+01   2.1316225263e-03
5.5992179863e+01   2.2424295738e-03
5.6070381232e+01   2.3333866637e-03
5.6148582600e+01   2.4025160683e-03
5.6226783969e+01   2.4480640961e-03
5.6304985337e+01   2.4685766792e-03
5.6383186706e+01   2.4629702041e-03
5.6461388074e+01   2.4305925574e-03
5.6539589443e+01   2.3712696102e-03
5.6617790811e+01   2.2853331668e-03
5.6695992180e+01   2.1736276850e-03
5.6774193548e+01   2.0374947150e-03
5.6852394917e+01   1.8787357980e-03
5.6930596285e+01   1.8306284729e-03
5.7008797654e+01   1.9915215792e-03
5.7086999022e+01   2.1278434007e-03
5.7165200391e+01   2.2391740006e-03
5.7243401760e+01   2.3255080302e-03
5.7321603128e+01   2.3872064703e-03
5.7399804497e+01   2.4249419644e-03
5.7478005865e+01   2.4396415234e-03
5.7556207234e+01   2.4324301547e-03
5.7634408602e+01   2.4045777515e-03
5.7712609971e+01   2.3574511275e-03
5.7790811339e+01   2.2924722121e-03
5.7869012708e+01   2.2110829710e-03
5.7947214076e+01   2.1147170458e-03
5.8025415445e+01   2.0047777426e-03
5.8103616813e+01   1.8826217797e-03
5.8181818182e+01   1.7495480777e-03
5.8260019550e+01   1.8874795284e-03
5.8338220919e+01   2.0159852351e-03
5.8416422287e+01   2.1294323055e-03
5.8494623656e+01   2.2278237578e-03
5.8572825024e+01   2.3112700246e-03
5.8651026393e+01   2.3799700399e-03
5.8729227761e+01   2.4341940088e-03
5.8807429130e+01   2.4742679560e-03
5.8885630499e+01   2.5005600764e-03
5.8963831867e+01   2.5134688544e-03
5.9042033236e+01   2.5134128835e-03
5.9120234604e+01   2.5008222963e-03
5.9198435973e+01   2.4761317004e-03
5.9276637341e+01   2.4397745132e-03
5.9354838710e+01   2.3921785928e-03
5.9433040078e+01   2.3337630672e-03
5.9511241447e+01   2.2649362765e-03
5.9589442815e+01   2.1860947538e-03
5.9667644184e+01   2.0976231873e-03
5.9745845552e+01   1.9998953179e-03
5.9824046921e+01   1.8932757444e-03
5.9902248289e+01   2.0200583844e-03
5.9980449658e+01   2.1600229912e-03
6.0058651026e+01   2.2912428842e-03
6.0136852395e+01   2.4128192504e-03
6.0215053763e+01   2.5238192166e-03
6.0293255132e+01   2.6232787338e-03
6.0371456500e+01   2.7102073741e-03
6.0449657869e+01   2.7835955146e-03
6.0527859238e+01   2.8424238343e-03
6.0606060606e+01   2.8856757822e-03
6.0684261975e+01   2.9123531328e-03
6.0762463343e+01   2.9214948827e-03
6.0840664712e+01   2.9121996223e-03
6.0918866080e+01   2.8836513854e-03
6.0997067449e+01   2.8351488014e-03
6.1075268817e+01   2.7661371433e-03
6.1153470186e+01   2.6762425842e-03
6.1231671554e+01   2.5653076517e-03
6.1309872923e+01   2.4334265219e-03
6.1388074291e+01   2.2809784419e-03
6.1466275660e+01   2.1086572576e-03
6.1544477028e+01   1.9174947884e-03
6.1622678397e+01   1.8423120551e-03
6.1700879765e+01   1.9663710823e-03
6.1779081134e+01   2.0742713000e-03
6.1857282502e+01   2.1641420611e-03
6.1935483871e+01   2.2342497892e-03
6.2013685239e+01   2.2830591542e-03
6.2091886608e+01   2.3092936252e-03
6.2170087977e+01   2.3119918031e-03
6.2248289345e+01   2.2905558127e-03
6.2326490714e+01   2.2447882685e-03
6.2404692082e+01   2.1749149308e-03
6.2482893451e+01   2.0815910900e-03
6.2561094819e+01   1.9658908783e-03
6.2639296188e+01   1.8292799731e-03
6.2717497556e+01   1.6735733709e-03
6.2795698925e+01   1.7944113612e-03
6.2873900293e+01   1.9310909111e-03
6.2952101662e+01   2.0456314375e-03
6.3030303030e+01   2.1378113870e-03
6.3108504399e+01   2.2077333223e-03
6.3186705767e+01   2.2557833228e-03
6.3264907136e+01   2.2825870989e-03
6.3343108504e+01   2.2889653962e-03
6.3421309873e+01   2.2758908566e-03
6.3499511241e+01   2.2444479152e-03
6.3577712610e+01   2.1957967325e-03
6.3655913978e+01   2.1311419356e-03
6.3734115347e+01   2.0517063682e-03
6.3812316716e+01   1.9587097835e-03
6.3890518084e+01   1.8533521972e-03
6.3968719453e+01   1.7368014702e-03
6.4046920821e+01   1.6479633340e-03
6.4125122190e+01   1.7769019561e-03
6.4203323558e+01   1.8922469945e-03
6.4281524927e+01   1.9938549866e-03
6.4359726295e+01   2.0816907724e-03
6.4437927664e+01   2.1558113516e-03
6.4516129032e+01   2.2163508231e-03
6.4594330401e+01   2.2635065728e-03
6.4672531769e+01   2.2975268036e-03
6.4750733138e+01   2.3186994491e-03
6.4828934506e+01   2.3273424698e-03
6.4907135875e+01   2.3237955017e-03
6.4985337243e+01   2.3084128085e-03
6.5063538612e+01   2.2815574792e-03
6.5141739980e+01   2.2435968037e-03
6.5219941349e+01   2.1948987645e-03
6.5298142717e+01   2.1358295831e-03
6.5376344086e+01   2.0667522663e-03
6.5454545455e+01   1.9880261081e-03
6.5532746823e+01   1.9000071096e-03
6.5610948192e+01   1.8030492897e-03
6.5689149560e+01   1.8107639344e-03
6.5767350929e+01   1.9465379054e-03
6.5845552297e+01   2.0740160446e-03
6.5923753666e+01   2.1923186309e-03
6.6001955034e+01   2.3005403957e-03
6.6080156403e+01   2.3977540945e-03
6.6158357771e+01   2.4830160449e-03
6.6236559140e+01   2.5553735148e-03
6.6314760508e+01   2.6138745253e-03
6.6392961877e+01   2.6575801395e-03
6.6471163245e+01   2.6855794417e-03
6.6549364614e+01   2.6970073245e-03
6.6627565982e+01   2.6910651081e-03
6.6705767351e+01   2.6670438878e-03
6.6783968719e+01   2.6243503470e-03
6.6862170088e+01   2.5625345702e-03
6.6940371457e+01   2.4813191618e-03
6.7018572825e+01   2.3806287241e-03
6.7096774194e+01   2.2606184852e-03
6.7174975562e+01   2.1217006222e-03
6.7253176931e+01   1.9645666287e-03
6.7331378299e+01   1.7902039441e-03
6.7409579668e+01   1.7074167541e-03
6.7487781036e+01   1.8242667126e-03
6.7565982405e+01   1.9262101626e-03
6.7644183773e+01   2.0116120232e-03
6.7722385142e+01   2.0789679034e-03
6.7800586510e+01   2.1269538116e-03
6.7878787879e+01   2.1544746638e-03
6.7956989247e+01   2.1607088519e-03
6.8035190616e+01   2.1451461080e-03
6.8113391984e+01   2.1076161245e-03
6.8191593353e+01   2.0483058631e-03
6.8269794721e+01   1.9677641732e-03
6.8347996090e+01   1.8668931860e-03
6.8426197458e+01   1.7469268482e-03
6.8504398827e+01   1.6093978336e-03
6.8582600196e+01   1.6321714004e-03
6.8660801564e+01   1.7644751583e-03
6.8739002933e+01   1.8771177142e-03
6.8817204301e+01   1.9697597856e-03
6.8895405670e+01   2.0423445124e-03
6.8973607038e+01   2.0950670612e-03
6.9051808407e+01   2.1283409213e-03
6.9130009775e+01   2.1427628360e-03
6.9208211144e+01   2.1390781324e-03
6.9286412512e+01   2.1181476948e-03
6.9364613881e+01   2.0809175953e-03
6.9442815249e+01   2.0283920857e-03
6.9521016618e+01   1.9616102727e-03
6.9599217986e+01   1.8816265730e-03
6.9677419355e+01   1.7894948498e-03
6.9755620723e+01   1.6862559993e-03
6.9833822092e+01   1.5729286674e-03
6.9912023460e+01   1.5790979490e-03
6.9990224829e+01   1.6925280747e-03
7.0068426197e+01   1.7934574260e-03
7.0146627566e+01   1.8817494553e-03
7.0224828935e+01   1.9573585365e-03
7.0303030303e+01   2.0203171379e-03
7.0381231672e+01   2.0707238297e-03
7.0459433040e+01   2.1087322629e-03
7.0537634409e+01   2.1345412008e-03
7.0615835777e+01   2.1483856488e-03
7.0694037146e+01   2.1505290942e-03
7.0772238514e+01   2.1412568468e-03
7.0850439883e+01   2.1208704585e-03
7.0928641251e+01   2.0896831867e-03
7.1006842620e+01   2.0480164655e-03
7.1085043988e+01   1.9961973450e-03
7.1163245357e+01   1.9345568629e-03
7.1241446725e+01   1.8634293143e-03
7.1319648094e+01   1.7831523910e-03
7.1397849462e+01   1.6940681669e-03
7.1476050831e+01   1.6393017405e-03
7.1554252199e+01   1.7688095325e-03
7.1632453568e+01   1.8903743239e-03
7.1710654936e+01   2.0031442988e-03
7.1788856305e+01   2.1062503946e-03
7.1867057674e+01   2.1988105340e-03
7.1945259042e+01   2.2799356473e-03
7.2023460411e+01   2.3487374163e-03
7.2101661779e+01   2.4043381442e-03
7.2179863148e+01   2.4458827879e-03
7.2258064516e+01   2.4725532665e-03
7.2336265885e+01   2.4835850730e-03
7.2414467253e+01   2.4782861267e-03
7.2492668622e+01   2.4560576828e-03
7.2570869990e+01   2.4164169765e-03
7.2649071359e+01   2.3590211084e-03
7.2727272727e+01   2.2836914940e-03
7.2805474096e+01   2.1904380084e-03
7.2883675464e+01   2.0794817663e-03
7.2961876833e+01   1.9512753203e-03
7.3040078201e+01   1.8065189380e-03
7.3118279570e+01   1.6461715807e-03
7.3196480938e+01   1.5908888182e-03
7.3274682307e+01   1.6988441850e-03
7.3352883675e+01   1.7929430704e-03
7.3431085044e+01   1.8717668062e-03
7.3509286413e+01   1.9340229848e-03
7.3587487781e+01   1.9785858430e-03
7.3665689150e+01   2.0045350086e-03
7.3743890518e+01   2.0111905194e-03
7.3822091887e+01   1.9981420567e-03
7.3900293255e+01   1.9652705518e-03
7.3978494624e+01   1.9127607045e-03
7.4056695992e+01   1.8411034784e-03
7.4134897361e+01   1.7510882586e-03
7.4213098729e+01   1.6437850136e-03
7.4291300098e+01   1.5205174204e-03
7.4369501466e+01   1.4973729849e-03
7.4447702835e+01   1.6223559908e-03
7.4525904203e+01   1.7298133352e-03
7.4604105572e+01   1.8193524483e-03
7.4682306940e+01   1.8908248231e-03
7.4760508309e+01   1.9443030655e-03
7.4838709677e+01   1.9800548354e-03
7.4916911046e+01   1.9985152487e-03
7.4995112414e+01   2.0002591254e-03
7.5073313783e+01   1.9859740014e-03
7.5151515152e+01   1.9564349010e-03
7.5229716520e+01   1.9124814343e-03
7.5307917889e+01   1.8549975858e-03
7.5386119257e+01   1.7848943647e-03
7.5464320626e+01   1.7030953266e-03
7.5542521994e+01   1.6105248597e-03
7.5620723363e+01   1.5080990446e-03
7.5698924731e+01   1.4159830925e-03
7.5777126100e+01   1.5249226341e-03
7.5855327468e+01   1.6224876594e-03
7.5933528837e+01   1.7084753319e-03
7.6011730205e+01   1.7827695552e-03
7.6089931574e+01   1.8453302391e-03
7.6168132942e+01   1.8961830971e-03
7.6246334311e+01   1.9354101281e-03
7.6324535679e+01   1.9631408855e-03
7.6402737048e+01   1.9795446045e-03
7.6480938416e+01   1.9848232269e-03
7.6559139785e+01   1.9792053424e-03
7.6637341153e+01   1.9629410479e-03
7.6715542522e+01   1.9362977138e-03
7.6793743891e+01   1.8995566430e-03
7.6871945259e+01   1.8530105983e-03
7.6950146628e+01   1.7969621767e-03
7.7028347996e+01   1.7317230076e-03
7.7106549365e+01   1.6576137512e-03
7.7184750733e+01   1.5749648767e-03
7.7262952102e+01   1.4973912278e-03
7.7341153470e+01   1.6192318082e-03
7.7419354839e+01   1.7334182091e-03
7.7497556207e+01   1.8391346798e-03
7.7575757576e+01   1.9355561112e-03
7.7653958944e+01   2.0218528236e-03
7.7732160313e+01   2.0971969457e-03
7.7810361681e+01   2.1607703787e-03
7.7888563050e+01   2.2117745847e-03
7.7966764418e+01   2.2494422164e-03
7.8044965787e+01   2.2730506236e-03
7.8123167155e+01   2.2819371929e-03
7.8201368524e+01   2.2755163902e-03
7.8279569892e+01   2.2532982715e-03
7.8357771261e+01   2.2149081027e-03
7.8435972630e+01   2.1601065951e-03
7.8514173998e+01   2.0888101165e-03
7.8592375367e+01   2.0011100989e-03
7.8670576735e+01   1.8972907331e-03
7.8748778104e+01   1.7778439445e-03
7.8826979472e+01   1.6434805878e-03
7.8905180841e+01   1.4951368111e-03
7.8983382209e+01   1.4875219538e-03
7.9061583578e+01   1.5856911972e-03
7.9139784946e+01   1.6709243658e-03
7.9217986315e+01   1.7420003317e-03
7.9296187683e+01   1.7978201298e-03
7.9374389052e+01   1.8374396633e-03
7.9452590420e+01   1.8601004907e-03
7.9530791789e+01   1.8652571003e-03
7.9608993157e+01   1.8525991484e-03
7.9687194526e+01   1.8220673321e-03
7.9765395894e+01   1.7738618851e-03
7.9843597263e+01   1.7084430858e-03
7.9921798631e+01   1.6265236335e-03
8.0000000000e+01   1.4990918138e-03
8.0000000000e+01   1.4990918138e-03
