X    Y
0.0000000000e+00   0.0000000000e+00
3.9100684262e-02   1.1323362764e-04
7.8201368524e-02   1.0992616230e-04
1.1730205279e-01   1.0638982924e-04
1.5640273705e-01   1.2385006525e-04
1.9550342131e-01   1.1888196025e-04
2.3460410557e-01   1.1359025071e-04
2.7370478983e-01   5.5390897833e-05
3.1280547410e-01   5.2251544975e-05
3.5190615836e-01   4.8923345838e-05
3.9100684262e-01   7.1692837868e-06
4.3010752688e-01   5.8850605517e-05
4.6920821114e-01   6.9372024211e-05
5.0830889541e-01   8.0467180740e-05
5.4740957967e-01   1.9676725243e-04
5.8651026393e-01   2.2246821963e-04
6.2561094819e-01   2.4935480912e-04
6.6471163245e-01   2.4275203111e-04
7.0381231672e-01   2.6785044972e-04
7.4291300098e-01   2.9383058559e-04
7.8201368524e-01   1.9760856482e-05
8.2111436950e-01   2.1425536211e-05
8.6021505376e-01   2.3124278429e-05
8.9931573803e-01   3.0102942786e-07
9.3841642229e-01   4.0467101615e-04
9.7751710655e-01   4.3304462273e-04
1.0166177908e+00   4.6165624881e-04
1.0557184751e+00   6.1621257800e-04
1.0948191593e+00   6.5094739311e-04
1.1339198436e+00   3.7542646071e-04
1.1730205279e+00   3.9282843964e-04
1.2121212121e+00   4.9664214089e-05
1.2512218964e+00   3.4346944366e-04
1.2903225806e+00   3.5784414902e-04
1.3294232649e+00   8.2340948775e-04
1.3685239492e+00   7.4010557752e-04
1.4076246334e+00   8.6528678843e-05
1.4467253177e+00   2.1909680313e-07
1.4858260020e+00   7.3977562499e-04
1.5249266862e+00   9.3692333508e-04
1.5640273705e+00   5.0629689599e-04
1.6031280547e+00   6.2663661523e-05
1.6422287390e+00   5.7854526446e-04
1.6813294233e+00   7.9747480179e-04
1.7204301075e+00   9.1198899193e-04
1.7595307918e+00   1.5885908699e-04
1.7986314761e+00   9.8269552002e-06
1.8377321603e+00   6.7063172087e-04
1.8768328446e+00   9.1847521233e-04
1.9159335288e+00   5.5870180809e-04
1.9550342131e+00   5.3848664029e-05
1.9941348974e+00   2.9248656575e-04
2.0332355816e+00   7.7220867396e-04
2.0723362659e+00   7.4502420008e-04
2.1114369501e+00   6.7876504320e-04
2.1505376344e+00   6.4844353997e-04
2.1896383187e+00   1.3455500997e-04
2.2287390029e+00   1.2739515238e-04
2.2678396872e+00   1.3399207240e-05
2.3069403715e+00   4.2205109456e-04
2.3460410557e+00   3.9704482207e-04
2.3851417400e+00   5.1531680990e-04
2.4242424242e+00   4.8021504450e-04
2.4633431085e+00   4.4566665318e-04
2.5024437928e+00   2.5958568881e-04
2.5415444770e+00   2.3841985867e-04
2.5806451613e+00   2.1790190393e-04
2.6197458456e+00   1.8339214303e-05
2.6588465298e+00   9.1107954461e-05
2.6979472141e+00   8.2141736206e-05
2.7370478983e+00   7.3524764904e-05
2.7761485826e+00   1.9166868628e-04
2.8152492669e+00   1.6809565258e-04
2.8543499511e+00   1.4565129898e-04
2.8934506354e+00   1.1702691782e-04
2.9325513196e+00   9.7558413576e-05
2.9716520039e+00   8.8864709760e-05
3.0107526882e+00   2.5134562812e-05
3.0498533724e+00   2.6546053444e-05
3.0889540567e+00   2.7873658748e-05
3.1280547410e+00   3.8334991938e-06
3.1671554252e+00   8.6528712314e-05
3.2062561095e+00   8.9835606843e-05
3.2453567937e+00   9.2934142980e-05
3.2844574780e+00   1.3945989776e-04
3.3235581623e+00   1.4332480134e-04
3.3626588465e+00   1.4693411467e-04
3.4017595308e+00   1.0025020806e-04
3.4408602151e+00   1.0230098169e-04
3.4799608993e+00   1.0421047573e-04
3.5190615836e+00   1.0598710117e-04
3.5581622678e+00   8.5199721044e-06
3.5972629521e+00   4.3851295032e-05
3.6363636364e+00   4.4457831412e-05
3.6754643206e+00   4.5022169208e-05
3.7145650049e+00   4.5547108193e-05
3.7536656891e+00   1.5799610000e-04
3.7927663734e+00   1.5951261562e-04
3.8318670577e+00   1.6092006935e-04
3.8709677419e+00   1.6222595328e-04
3.9100684262e+00   1.6343731970e-04
3.9491691105e+00   1.6441306930e-04
3.9882697947e+00   1.6541169141e-04
4.0273704790e+00   1.6633305446e-04
4.0664711632e+00   1.6718225109e-04
4.1055718475e+00   1.6796399264e-04
4.1446725318e+00   1.6868262262e-04
4.1837732160e+00   1.6934212845e-04
4.2228739003e+00   5.1819430040e-05
4.2619745846e+00   5.1968433085e-05
4.3010752688e+00   5.2100596956e-05
4.3401759531e+00   5.2216392101e-05
4.3792766373e+00   5.2316116183e-05
4.4183773216e+00   5.2399869795e-05
4.4574780059e+00   5.2467521642e-05
4.4965786901e+00   5.2518658584e-05
4.5356793744e+00   5.2552513382e-05
4.5747800587e+00   7.6110894966e-06
4.6138807429e+00   1.2647500295e-04
4.6529814272e+00   1.2680347585e-04
4.6920821114e+00   1.2714577680e-04
4.7311827957e+00   1.2751268711e-04
4.7702834800e+00   1.2791945521e-04
4.8093841642e+00   1.2838880102e-04
4.8484848485e+00   1.2895664227e-04
4.8875855327e+00   1.2968393941e-04
4.9266862170e+00   1.3068394843e-04
4.9657869013e+00   1.3219475176e-04
5.0048875855e+00   1.3481845978e-04
5.0439882698e+00   1.4065131669e-04
5.0830889541e+00   1.6551244532e-04
5.1221896383e+00   1.9104510545e-04
5.1612903226e+00   1.9099497361e-04
5.2003910068e+00   1.9088972069e-04
5.2394916911e+00   1.9072872038e-04
5.2785923754e+00   1.9061522470e-04
5.3176930596e+00   1.9057069898e-04
5.3567937439e+00   1.9049144316e-04
5.3958944282e+00   1.9038279725e-04
5.4349951124e+00   1.9024710674e-04
5.4740957967e+00   1.9008524633e-04
5.5131964809e+00   1.8989726033e-04
5.5522971652e+00   1.8968266220e-04
5.5913978495e+00   1.8944058551e-04
5.6304985337e+00   1.3411075567e-04
5.6695992180e+00   1.3377544967e-04
5.7086999022e+00   1.3343449835e-04
5.7478005865e+00   1.3308341771e-04
5.7869012708e+00   1.3271828297e-04
5.8260019550e+00   1.3233553123e-04
5.8651026393e+00   1.3193182213e-04
5.9042033236e+00   1.3150393628e-04
5.9433040078e+00   1.3104869893e-04
5.9824046921e+00   8.5434071215e-06
6.0215053763e+00   4.0131219092e-05
6.0606060606e+00   3.9991751817e-05
6.0997067449e+00   3.9837540055e-05
6.1388074291e+00   3.9667805995e-05
6.1779081134e+00   3.9481669187e-05
6.2170087977e+00   3.9278147298e-05
6.2561094819e+00   3.9056155737e-05
6.2952101662e+00   1.5964590972e-04
6.3343108504e+00   1.5852624495e-04
6.3734115347e+00   1.5731526298e-04
6.4125122190e+00   1.5600647025e-04
6.4516129032e+00   1.5459292724e-04
6.4907135875e+00   1.6007668046e-04
6.5298142717e+00   1.5831220486e-04
6.5689149560e+00   1.5641264661e-04
6.6080156403e+00   1.5436852977e-04
6.6471163245e+00   5.3390670004e-05
6.6862170088e+00   5.2543298675e-05
6.7253176931e+00   5.1633501372e-05
6.7644183773e+00   5.0657177604e-05
6.8035190616e+00   7.2362563764e-06
6.8426197458e+00   9.2125336105e-05
6.8817204301e+00   8.9955954968e-05
6.9208211144e+00   8.7631255273e-05
6.9599217986e+00   1.3600067450e-04
6.9990224829e+00   1.3165990362e-04
7.0381231672e+00   1.2702391724e-04
7.0772238514e+00   8.8673289106e-05
7.1163245357e+00   8.4761577208e-05
7.1554252199e+00   8.0600523892e-05
7.1945259042e+00   4.0601855105e-06
7.2336265885e+00   1.7461576364e-05
7.2727272727e+00   1.7181853261e-05
7.3118279570e+00   2.0832289577e-05
7.3509286413e+00   1.2918411634e-04
7.3900293255e+00   1.5002447481e-04
7.4291300098e+00   1.7195015765e-04
7.4682306940e+00   2.1452141282e-04
7.5073313783e+00   2.4057098703e-04
7.5464320626e+00   2.6773842457e-04
7.5855327468e+00   1.1717505664e-04
7.6246334311e+00   1.2856501846e-04
7.6637341153e+00   1.4030634208e-04
7.7028347996e+00   2.1939416289e-05
7.7419354839e+00   2.5658710058e-04
7.7810361681e+00   2.7718038939e-04
7.8201368524e+00   2.9819395025e-04
7.8592375367e+00   5.4054126134e-04
7.8983382209e+00   5.7609576636e-04
7.9374389052e+00   4.6468422990e-04
7.9765395894e+00   4.9066575910e-04
8.0156402737e+00   2.0123004733e-05
8.0547409580e+00   9.1728025590e-05
8.0938416422e+00   9.6325596879e-05
8.1329423265e+00   6.8177859530e-04
8.1720430108e+00   7.0943695044e-04
8.2111436950e+00   8.0610886532e-04
8.2502443793e+00   3.4760593063e-04
8.2893450635e+00   5.2438896482e-05
8.3284457478e+00   5.2808088948e-04
8.3675464321e+00   9.2971196375e-04
8.4066471163e+00   7.0760795062e-04
8.4457478006e+00   1.8707834477e-05
8.4848484848e+00   9.0198205586e-05
8.5239491691e+00   9.7051417753e-04
8.5630498534e+00   1.1419321501e-03
8.6021505376e+00   5.1656038776e-04
8.6412512219e+00   6.0469930315e-05
8.6803519062e+00   4.6814756174e-04
8.7194525904e+00   9.1839842301e-04
8.7585532747e+00   7.5588647379e-04
8.7976539589e+00   6.4787428267e-06
8.8367546432e+00   2.4739101990e-05
8.8758553275e+00   6.9949052489e-04
8.9149560117e+00   8.1155065171e-04
8.9540566960e+00   7.8199903222e-04
8.9931573803e+00   3.7351686778e-04
9.0322580645e+00   3.5652962410e-04
9.0713587488e+00   4.5224874391e-05
9.1104594330e+00   3.2738522087e-04
9.1495601173e+00   3.1080261605e-04
9.1886608016e+00   5.8359819467e-04
9.2277614858e+00   5.4886189872e-04
9.2668621701e+00   4.2798638240e-04
9.3059628543e+00   3.9877178911e-04
9.3450635386e+00   3.7004952492e-04
9.3841642229e+00   8.9902062610e-06
9.4232649071e+00   8.2577475511e-06
9.4623655914e+00   7.5481600447e-06
9.5014662757e+00   8.7721172752e-08
9.5405669599e+00   2.3928832108e-04
9.5796676442e+00   2.1581444122e-04
9.6187683284e+00   1.9326381426e-04
9.6578690127e+00   2.0489468817e-04
9.6969696970e+00   1.7984136030e-04
9.7360703812e+00   1.5599421634e-04
9.7751710655e+00   6.8094725114e-05
9.8142717498e+00   5.6881754991e-05
9.8533724340e+00   5.0427047811e-05
9.8924731183e+00   6.7080188332e-06
9.9315738025e+00   4.8964267902e-05
9.9706744868e+00   5.1650439520e-05
1.0009775171e+01   5.4177621304e-05
1.0048875855e+01   1.2135672264e-04
1.0087976540e+01   1.2603488216e-04
1.0127077224e+01   1.3041799274e-04
1.0166177908e+01   1.1673120334e-04
1.0205278592e+01   1.1999065643e-04
1.0244379277e+01   1.2303412167e-04
1.0283479961e+01   1.0705980808e-05
1.0322580645e+01   1.0926417873e-05
1.0361681329e+01   1.1131610428e-05
1.0400782014e+01   1.1322459989e-05
1.0439882698e+01   9.6085059667e-08
1.0478983382e+01   1.2808532613e-04
1.0518084066e+01   1.2986412159e-04
1.0557184751e+01   1.3151811062e-04
1.0596285435e+01   1.3305546580e-04
1.0635386119e+01   1.6962147751e-04
1.0674486804e+01   1.7125035883e-04
1.0713587488e+01   1.7276014000e-04
1.0752688172e+01   1.7415879990e-04
1.0791788856e+01   1.7545382618e-04
1.0830889541e+01   9.8359869111e-05
1.0869990225e+01   9.8951745801e-05
1.0909090909e+01   9.9495996397e-05
1.0948191593e+01   9.9995563701e-05
1.0987292278e+01   1.0045314125e-04
1.1026392962e+01   1.0087117752e-04
1.1065493646e+01   1.0125187812e-04
1.1104594330e+01   1.2011941140e-05
1.1143695015e+01   7.7840328499e-05
1.1182795699e+01   7.8130163525e-05
1.1221896383e+01   7.8403973345e-05
1.1260997067e+01   7.8663849224e-05
1.1300097752e+01   7.8911935350e-05
1.1339198436e+01   7.9150482136e-05
1.1378299120e+01   7.9381917004e-05
1.1417399804e+01   7.9608941096e-05
1.1456500489e+01   7.9834665205e-05
1.1495601173e+01   1.8304633349e-04
1.1534701857e+01   1.8337373316e-04
1.1573802542e+01   1.8368990080e-04
1.1612903226e+01   1.8400066493e-04
1.1652003910e+01   1.8431371864e-04
1.1691104594e+01   1.8463990865e-04
1.1730205279e+01   1.8499564900e-04
1.1769305963e+01   1.8540780906e-04
1.1808406647e+01   1.8592465787e-04
1.1847507331e+01   1.8664391555e-04
1.1886608016e+01   1.8780012808e-04
1.1925708700e+01   1.9013745908e-04
1.1964809384e+01   1.9795574533e-04
1.2003910068e+01   2.9029757684e-04
1.2043010753e+01   1.8255661860e-04
1.2082111437e+01   1.7440525637e-04
1.2121212121e+01   1.7137964140e-04
1.2160312805e+01   1.6977438884e-04
1.2199413490e+01   1.6875435182e-04
1.2238514174e+01   1.6802604539e-04
1.2277614858e+01   1.6745949127e-04
1.2316715543e+01   1.6698800319e-04
1.2355816227e+01   1.6657358867e-04
1.2394916911e+01   1.6619277333e-04
1.2434017595e+01   1.6583004124e-04
1.2473118280e+01   1.6547450799e-04
1.2512218964e+01   2.3463723367e-05
1.2551319648e+01   2.3389920713e-05
1.2590420332e+01   2.3317467337e-05
1.2629521017e+01   2.3245146357e-05
1.2668621701e+01   2.3171941975e-05
1.2707722385e+01   2.3096976236e-05
1.2746823069e+01   2.3019465033e-05
1.2785923754e+01   2.2938686649e-05
1.2825024438e+01   2.2853958652e-05
1.2864125122e+01   5.7873500380e-07
1.2903225806e+01   1.3839792089e-04
1.2942326491e+01   1.3789741237e-04
1.2981427175e+01   1.3734884308e-04
1.3020527859e+01   1.3674927273e-04
1.3059628543e+01   1.3609545027e-04
1.3098729228e+01   1.3538380938e-04
1.3137829912e+01   1.3461046163e-04
1.3176930596e+01   1.7747492943e-04
1.3216031281e+01   1.7622381335e-04
1.3255131965e+01   1.7487339942e-04
1.3294232649e+01   1.7341637683e-04
1.3333333333e+01   1.7184495923e-04
1.3372434018e+01   1.0142224076e-04
1.3411534702e+01   1.0030663361e-04
1.3450635386e+01   9.9106610128e-05
1.3489736070e+01   9.7816158588e-05
1.3528836755e+01   1.0285971418e-05
1.3567937439e+01   5.9526786554e-05
1.3607038123e+01   5.8575537658e-05
1.3646138807e+01   5.7552531819e-05
1.3685239492e+01   5.6453191712e-05
1.3724340176e+01   1.4089579413e-04
1.3763440860e+01   1.3760062588e-04
1.3802541544e+01   1.3407009257e-04
1.3841642229e+01   1.2107526261e-04
1.3880742913e+01   1.1724100701e-04
1.3919843597e+01   1.1314629702e-04
1.3958944282e+01   2.0742812218e-05
1.3998044966e+01   1.9836041579e-05
1.4037145650e+01   1.8871493558e-05
1.4076246334e+01   1.6275963639e-06
1.4115347019e+01   7.3679548068e-05
1.4154447703e+01   7.0500514251e-05
1.4193548387e+01   8.5684782467e-05
1.4232649071e+01   1.4395658500e-04
1.4271749756e+01   1.6738509654e-04
1.4310850440e+01   1.9202719488e-04
1.4349951124e+01   1.3918168858e-04
1.4389051808e+01   1.5616534073e-04
1.4428152493e+01   1.7387115071e-04
1.4467253177e+01   1.8158646022e-05
1.4506353861e+01   1.0796805722e-04
1.4545454545e+01   1.1848186432e-04
1.4584555230e+01   1.2935345084e-04
1.4623655914e+01   4.0198407544e-04
1.4662756598e+01   4.3422041107e-04
1.4701857283e+01   4.6708089163e-04
1.4740957967e+01   4.8387791216e-04
1.4780058651e+01   5.1557239247e-04
1.4819159335e+01   1.3127643198e-04
1.4858260020e+01   1.3856068170e-04
1.4897360704e+01   1.7672204849e-05
1.4936461388e+01   4.9973702579e-04
1.4975562072e+01   5.2437070842e-04
1.5014662757e+01   7.7732181559e-04
1.5053763441e+01   8.0792548959e-04
1.5092864125e+01   5.4001586217e-04
1.5131964809e+01   4.8326951607e-05
1.5171065494e+01   2.6486687712e-04
1.5210166178e+01   8.5153488838e-04
1.5249266862e+01   8.3506276309e-04
1.5288367546e+01   2.2860965730e-04
1.5327468231e+01   3.3488859573e-05
1.5366568915e+01   7.1226612268e-04
1.5405669599e+01   9.7263077521e-04
1.5444770283e+01   3.1317805088e-03
1.5483870968e+01   4.6485572989e-05
1.5522971652e+01   2.0468944613e-04
1.5562072336e+01   8.4259861969e-04
1.5601173021e+01   8.9296585636e-04
1.5640273705e+01   2.9331943935e-04
1.5679374389e+01   3.9976055928e-05
1.5718475073e+01   5.5887246815e-04
1.5757575758e+01   8.6019330142e-04
1.5796676442e+01   5.9829048665e-04
1.5835777126e+01   5.7572964289e-04
1.5874877810e+01   3.3290901862e-05
1.5913978495e+01   1.4868839043e-04
1.5953079179e+01   1.4247440791e-04
1.5992179863e+01   6.0328589716e-04
1.6031280547e+01   5.7245904471e-04
1.6070381232e+01   5.6668613409e-04
1.6109481916e+01   5.3279221568e-04
1.6148582600e+01   1.8095011747e-04
1.6187683284e+01   1.6857013664e-04
1.6226783969e+01   1.5641268122e-04
1.6265884653e+01   2.1606883450e-05
1.6304985337e+01   2.4555072359e-04
1.6344086022e+01   2.2566170148e-04
1.6383186706e+01   2.0633005484e-04
1.6422287390e+01   2.9948043396e-04
1.6461388074e+01   2.7019248025e-04
1.6500488759e+01   2.4206799034e-04
1.6539589443e+01   1.5498473001e-04
1.6578690127e+01   1.3614222235e-04
1.6617790811e+01   1.1821203955e-04
1.6656891496e+01   4.9662543131e-06
1.6695992180e+01   1.9612994492e-05
1.6735092864e+01   1.6305894911e-05
1.6774193548e+01   1.5489930103e-05
1.6813294233e+01   9.3878497051e-05
1.6852394917e+01   9.9081316143e-05
1.6891495601e+01   1.0397614446e-04
1.6930596285e+01   1.1819313552e-04
1.6969696970e+01   1.2278921620e-04
1.7008797654e+01   1.2709515591e-04
1.7047898338e+01   5.2947912980e-05
1.7086999022e+01   5.4437698251e-05
1.7126099707e+01   5.5828568993e-05
1.7165200391e+01   8.3569882493e-06
1.7204301075e+01   8.8489118855e-05
1.7243401760e+01   9.0290521183e-05
1.7282502444e+01   9.1969481895e-05
1.7321603128e+01   9.3533425569e-05
1.7360703812e+01   1.6201140760e-04
1.7399804497e+01   1.6427073713e-04
1.7438905181e+01   1.6637025364e-04
1.7478005865e+01   1.6832029089e-04
1.7517106549e+01   1.2978612165e-04
1.7556207234e+01   1.3103336591e-04
1.7595307918e+01   1.3218795804e-04
1.7634408602e+01   1.3325595769e-04
1.7673509286e+01   1.3424303456e-04
1.7712609971e+01   4.4723964282e-06
1.7751710655e+01   1.9400561858e-05
1.7790811339e+01   1.9523660072e-05
1.7829912023e+01   1.9638419422e-05
1.7869012708e+01   1.9745517929e-05
1.7908113392e+01   1.9845602466e-05
1.7947214076e+01   1.9939293057e-05
1.7986314761e+01   2.0027187689e-05
1.8025415445e+01   1.6008898971e-04
1.8064516129e+01   1.6065247867e-04
1.8103616813e+01   1.6117799516e-04
1.8142717498e+01   1.6166909425e-04
1.8181818182e+01   1.6212926375e-04
1.8220918866e+01   1.6256198176e-04
1.8260019550e+01   1.6297078996e-04
1.8299120235e+01   1.6335939074e-04
1.8338220919e+01   1.6373178012e-04
1.8377321603e+01   1.8158715189e-04
1.8416422287e+01   1.8177314326e-04
1.8455522972e+01   1.8191966660e-04
1.8494623656e+01   1.8202403655e-04
1.8533724340e+01   1.8208162357e-04
1.8572825024e+01   1.8230168661e-04
1.8611925709e+01   1.8273703778e-04
1.8651026393e+01   1.8311194612e-04
1.8690127077e+01   1.8342853472e-04
1.8729227761e+01   1.8368856632e-04
1.8768328446e+01   1.8389345408e-04
1.8807429130e+01   1.8404427058e-04
1.8846529814e+01   1.8414175507e-04
1.8885630499e+01   2.5099296830e-04
1.8924731183e+01   1.0340858270e-04
1.8963831867e+01   9.1978350162e-05
1.9002932551e+01   8.8319962377e-05
1.9042033236e+01   8.6505883759e-05
1.9081133920e+01   8.5410439358e-05
1.9120234604e+01   8.4666120406e-05
1.9159335288e+01   8.4117123172e-05
1.9198435973e+01   8.3685958006e-05
1.9237536657e+01   8.3329605902e-05
1.9276637341e+01   8.3022145054e-05
1.9315738025e+01   8.2746906460e-05
1.9354838710e+01   8.2492570698e-05
1.9393939394e+01   1.1500604357e-05
1.9433040078e+01   1.0144370452e-04
1.9472140762e+01   1.0137359251e-04
1.9511241447e+01   1.0127247654e-04
1.9550342131e+01   1.0114171459e-04
1.9589442815e+01   1.0098200587e-04
1.9628543500e+01   1.0079353030e-04
1.9667644184e+01   1.0057604370e-04
1.9706744868e+01   1.0032894329e-04
1.9745845552e+01   1.0005131275e-04
1.9784946237e+01   1.8248130874e-04
1.9824046921e+01   1.8179434514e-04
1.9863147605e+01   1.8104784780e-04
1.9902248289e+01   1.8023757485e-04
1.9941348974e+01   1.7935893617e-04
1.9980449658e+01   1.7840697722e-04
2.0019550342e+01   1.7737636188e-04
2.0058651026e+01   1.4138906927e-04
2.0097751711e+01   1.4038677572e-04
2.0136852395e+01   1.3930718374e-04
2.0175953079e+01   1.3814438992e-04
2.0215053763e+01   1.3689212892e-04
2.0254154448e+01   2.4193654008e-06
2.0293255132e+01   9.6711671880e-06
2.0332355816e+01   9.5652328018e-06
2.0371456500e+01   9.4509129020e-06
2.0410557185e+01   9.3276422038e-06
2.0449657869e+01   1.3425681509e-04
2.0488758553e+01   1.3212256001e-04
2.0527859238e+01   1.2982811773e-04
2.0566959922e+01   1.2736319304e-04
2.0606060606e+01   1.4534052777e-04
2.0645161290e+01   1.4196439381e-04
2.0684261975e+01   1.3834770953e-04
2.0723362659e+01   6.4165816278e-05
2.0762463343e+01   6.2149603473e-05
2.0801564027e+01   5.9996610559e-05
2.0840664712e+01   7.9117866259e-06
2.0879765396e+01   6.1068678524e-05
2.0918866080e+01   5.8344615142e-05
2.0957966764e+01   5.5446146351e-05
2.0997067449e+01   1.0032022355e-04
2.1036168133e+01   9.3909260513e-05
2.1075268817e+01   1.1370217022e-04
2.1114369501e+01   1.1537905885e-04
2.1153470186e+01   1.3432588699e-04
2.1192570870e+01   1.5424905466e-04
2.1231671554e+01   3.7630983836e-07
2.1270772239e+01   1.6295164929e-06
2.1309872923e+01   1.8277362471e-06
2.1348973607e+01   2.0348196922e-06
2.1388074291e+01   2.6265009490e-04
2.1427174976e+01   2.8827425280e-04
2.1466275660e+01   3.1475375417e-04
2.1505376344e+01   4.1685812108e-04
2.1544477028e+01   4.5026603123e-04
2.1583577713e+01   4.8428716601e-04
2.1622678397e+01   2.6720095099e-04
2.1661779081e+01   2.8463505747e-04
2.1700879765e+01   3.8985141455e-05
2.1739980450e+01   2.9882728057e-04
2.1779081134e+01   3.1617543996e-04
2.1818181818e+01   6.8677439073e-04
2.1857282502e+01   7.2009730450e-04
2.1896383187e+01   6.3908355075e-04
2.1935483871e+01   6.6353078932e-04
2.1974584555e+01   3.5651829318e-05
2.2013685239e+01   5.2652829086e-07
2.2052785924e+01   7.1088154557e-04
2.2091886608e+01   8.8979041624e-04
2.2130987292e+01   4.7748272423e-04
2.2170087977e+01   6.1655550287e-05
2.2209188661e+01   4.4667608875e-04
2.2248289345e+01   9.5727435679e-04
2.2287390029e+01   7.3758084195e-04
2.2326490714e+01   7.1526808108e-05
2.2365591398e+01   7.1907321216e-08
2.2404692082e+01   6.7980523377e-04
2.2443792766e+01   9.6013503968e-04
2.2482893451e+01   5.6726728425e-04
2.2521994135e+01   5.9769574285e-05
2.2561094819e+01   3.4923467717e-04
2.2600195503e+01   8.4626287106e-04
2.2639296188e+01   7.6266439572e-04
2.2678396872e+01   1.2087581354e-04
2.2717497556e+01   6.8664325183e-06
2.2756598240e+01   5.7921078591e-04
2.2795698925e+01   5.5673088524e-04
2.2834799609e+01   7.1356544826e-04
2.2873900293e+01   6.7921557567e-04
2.2913000978e+01   3.8842345036e-04
2.2952101662e+01   3.6638783943e-04
2.2991202346e+01   3.5751292077e-05
2.3030303030e+01   1.9492093291e-04
2.3069403715e+01   1.8256116715e-04
2.3108504399e+01   1.7028984128e-04
2.3147605083e+01   4.1386672328e-04
2.3186705767e+01   3.8215362798e-04
2.3225806452e+01   3.5122502622e-04
2.3264907136e+01   2.9664769127e-04
2.3304007820e+01   2.6936734591e-04
2.3343108504e+01   2.4310306059e-04
2.3382209189e+01   4.5053480819e-05
2.3421309873e+01   3.9984340009e-05
2.3460410557e+01   3.5151013056e-05
2.3499511241e+01   3.3785264006e-06
2.3538611926e+01   1.0862865765e-04
2.3577712610e+01   9.2366132001e-05
2.3616813294e+01   7.6951369956e-05
2.3655913978e+01   9.9607597765e-05
2.3695014663e+01   1.0590130941e-04
2.3734115347e+01   1.1183106858e-04
2.3773216031e+01   7.4753428581e-05
2.3812316716e+01   7.8016680747e-05
2.3851417400e+01   8.1077322925e-05
2.3890518084e+01   7.7221123766e-06
2.3929618768e+01   4.3069527558e-05
2.3968719453e+01   4.4384820892e-05
2.4007820137e+01   4.5614721835e-05
2.4046920821e+01   1.3822445523e-04
2.4086021505e+01   1.4132943370e-04
2.4125122190e+01   1.4422451080e-04
2.4164222874e+01   1.4692203281e-04
2.4203323558e+01   1.4443014114e-04
2.4242424242e+01   1.4664020036e-04
2.4281524927e+01   1.4869399216e-04
2.4320625611e+01   1.5060137416e-04
2.4359726295e+01   3.9094385331e-05
2.4398826979e+01   3.9504972425e-05
2.4437927664e+01   3.9884928393e-05
2.4477028348e+01   4.0236210030e-05
2.4516129032e+01   4.0560648299e-05
2.4555229717e+01   5.3324313534e-06
2.4594330401e+01   1.2376268785e-04
2.4633431085e+01   1.2460575783e-04
2.4672531769e+01   1.2538899873e-04
2.4711632454e+01   1.2611687130e-04
2.4750733138e+01   1.2679358600e-04
2.4789833822e+01   1.2742312343e-04
2.4828934506e+01   1.8384752593e-04
2.4868035191e+01   1.8457321217e-04
2.4907135875e+01   1.8524192742e-04
2.4946236559e+01   1.8585755115e-04
2.4985337243e+01   1.8642366919e-04
2.5024437928e+01   1.8694358917e-04
2.5063538612e+01   1.8742035467e-04
2.5102639296e+01   1.8785675793e-04
2.5141739980e+01   1.2363468448e-04
2.5180840665e+01   1.2378396390e-04
2.5219941349e+01   1.2389796938e-04
2.5259042033e+01   1.2397483585e-04
2.5298142717e+01   1.2401155230e-04
2.5337243402e+01   1.2434812865e-04
2.5376344086e+01   1.2480968057e-04
2.5415444770e+01   1.2522423473e-04
2.5454545455e+01   1.2559402036e-04
2.5493646139e+01   1.2592098063e-04
2.5532746823e+01   1.2620678430e-04
2.5571847507e+01   1.0207055560e-05
2.5610948192e+01   5.5205113981e-05
2.5650048876e+01   5.6240292195e-05
2.5689149560e+01   5.8162838735e-05
2.5728250244e+01   6.3051413622e-05
2.5767350929e+01   1.0182961267e-04
2.5806451613e+01   5.1854649212e-05
2.5845552297e+01   5.1818891867e-05
2.5884652981e+01   5.1768313642e-05
2.5923753666e+01   5.1702829193e-05
2.5962854350e+01   5.1622258320e-05
2.6001955034e+01   5.1526323733e-05
2.6041055718e+01   5.1414648439e-05
2.6080156403e+01   5.1286752774e-05
2.6119257087e+01   1.7335761337e-04
2.6158357771e+01   1.7293486422e-04
2.6197458456e+01   1.7289723862e-04
2.6236559140e+01   1.7280999818e-04
2.6275659824e+01   1.7267821683e-04
2.6314760508e+01   1.7250497590e-04
2.6353861193e+01   1.7229198497e-04
2.6392961877e+01   1.7203996197e-04
2.6432062561e+01   1.7174887308e-04
2.6471163245e+01   1.7141808745e-04
2.6510263930e+01   1.7104647845e-04
2.6549364614e+01   1.7291355735e-04
2.6588465298e+01   1.7237499591e-04
2.6627565982e+01   1.7179608384e-04
2.6666666667e+01   1.7117309387e-04
2.6705767351e+01   1.7050212428e-04
2.6744868035e+01   1.6977906594e-04
2.6783968719e+01   1.6899957270e-04
2.6823069404e+01   5.1229532530e-05
2.6862170088e+01   5.0939545377e-05
2.6901270772e+01   5.0628477172e-05
2.6940371457e+01   5.0294516323e-05
2.6979472141e+01   4.9935753170e-05
2.7018572825e+01   4.9550171295e-05
2.7057673509e+01   6.8968120250e-06
2.7096774194e+01   1.1375402827e-04
2.7135874878e+01   1.1270820957e-04
2.7174975562e+01   1.1157869608e-04
2.7214076246e+01   1.1035969357e-04
2.7253176931e+01   1.0904504632e-04
2.7292277615e+01   1.6373319598e-04
2.7331378299e+01   1.6135994445e-04
2.7370478983e+01   1.5880797878e-04
2.7409579668e+01   1.5606549006e-04
2.7448680352e+01   1.0672744938e-04
2.7487781036e+01   1.0447843735e-04
2.7526881720e+01   1.0206781326e-04
2.7565982405e+01   6.7589984327e-06
2.7605083089e+01   3.1482519289e-05
2.7644183773e+01   3.0569525359e-05
2.7683284457e+01   2.9593101039e-05
2.7722385142e+01   1.1353669947e-04
2.7761485826e+01   1.0901356608e-04
2.7800586510e+01   1.0419466837e-04
2.7839687195e+01   1.0216039383e-04
2.7878787879e+01   9.6411926791e-05
2.7917888563e+01   9.0316194276e-05
2.7956989247e+01   3.8016715003e-05
2.7996089932e+01   4.5114292936e-05
2.8035190616e+01   5.2591983441e-05
2.8074291300e+01   8.5243347329e-06
2.8113391984e+01   1.2617288015e-04
2.8152492669e+01   1.4276503976e-04
2.8191593353e+01   1.6013693772e-04
2.8230694037e+01   2.8846475605e-04
2.8269794721e+01   3.1851011535e-04
2.8308895406e+01   3.4964654906e-04
2.8347996090e+01   2.8053145900e-04
2.8387096774e+01   3.0438647173e-04
2.8426197458e+01   3.2876990263e-04
2.8465298143e+01   1.9133605672e-05
2.8504398827e+01   9.2638889353e-05
2.8543499511e+01   9.9222629327e-05
2.8582600196e+01   1.0587940508e-04
2.8621700880e+01   5.5366946564e-04
2.8660801564e+01   5.8553348545e-04
2.8699902248e+01   6.5989617791e-04
2.8739002933e+01   6.9143622046e-04
2.8778103617e+01   2.7531646777e-04
2.8817204301e+01   2.8556345238e-04
2.8856304985e+01   4.3851745089e-05
2.8895405670e+01   5.1699781107e-04
2.8934506354e+01   8.7578375900e-04
2.8973607038e+01   6.6084664357e-04
2.9012707722e+01   2.8636249504e-05
2.9051808407e+01   1.3356610430e-04
2.9090909091e+01   8.5383180854e-04
2.9130009775e+01   8.9673414227e-04
2.9169110459e+01   3.1964239922e-04
2.9208211144e+01   5.3900008627e-05
2.9247311828e+01   3.4711093556e-04
2.9286412512e+01   9.4160856697e-04
2.9325513196e+01   7.8583421071e-04
2.9364613881e+01   1.8980816463e-05
2.9403714565e+01   7.5158749456e-05
2.9442815249e+01   7.6413608202e-04
2.9481915934e+01   8.7324426418e-04
2.9521016618e+01   3.9351312431e-04
2.9560117302e+01   5.2477285917e-05
2.9599217986e+01   4.2983492917e-04
2.9638318671e+01   7.7698850283e-04
2.9677419355e+01   7.4613326397e-04
2.9716520039e+01   5.7724836992e-04
2.9755620723e+01   5.4910735541e-04
2.9794721408e+01   5.8705019524e-06
2.9833822092e+01   2.2512788731e-05
2.9872922776e+01   2.1284133834e-05
2.9912023460e+01   4.5711636362e-04
2.9951124145e+01   4.2804606918e-04
2.9990224829e+01   3.9922002619e-04
3.0029325513e+01   4.3112764608e-04
3.0068426197e+01   3.9808972583e-04
3.0107526882e+01   3.6589352258e-04
3.0146627566e+01   1.6137166483e-04
3.0185728250e+01   1.4656436858e-04
3.0224828935e+01   1.3231567150e-04
3.0263929619e+01   1.6363078989e-05
3.0303030303e+01   1.1599664696e-04
3.0342130987e+01   1.0283547811e-04
3.0381231672e+01   9.0264758828e-05
3.0420332356e+01   1.5008877629e-04
3.0459433040e+01   1.2781119167e-04
3.0498533724e+01   1.0669936770e-04
3.0537634409e+01   8.0849655422e-05
3.0576735093e+01   8.6015001920e-05
3.0615835777e+01   9.0881688068e-05
3.0654936461e+01   1.7183050796e-06
3.0694037146e+01   1.7945172153e-06
3.0733137830e+01   1.8659835939e-06
3.0772238514e+01   1.0425844523e-08
3.0811339198e+01   1.0959547692e-04
3.0850439883e+01   1.1296832599e-04
3.0889540567e+01   1.1612182582e-04
3.0928641251e+01   1.4475221567e-04
3.0967741935e+01   1.4802575515e-04
3.1006842620e+01   1.5107729511e-04
3.1045943304e+01   1.5391981196e-04
3.1085043988e+01   8.1708991924e-05
3.1124144673e+01   8.2965599594e-05
3.1163245357e+01   8.4132783310e-05
3.1202346041e+01   8.5216126622e-05
3.1241446725e+01   1.0985219988e-05
3.1280547410e+01   7.8553835133e-05
3.1319648094e+01   7.9384423847e-05
3.1358748778e+01   8.0156485972e-05
3.1397849462e+01   8.0874085740e-05
3.1436950147e+01   8.1541064916e-05
3.1476050831e+01   1.7312771344e-04
3.1515151515e+01   1.7429873920e-04
3.1554252199e+01   1.7538364061e-04
3.1593352884e+01   1.7638848910e-04
3.1632453568e+01   1.7731897071e-04
3.1671554252e+01   1.7818040829e-04
3.1710654936e+01   1.5346014213e-04
3.1749755621e+01   1.5404380117e-04
3.1788856305e+01   1.5457639411e-04
3.1827956989e+01   1.5506073175e-04
3.1867057674e+01   1.5549928965e-04
3.1906158358e+01   1.5589419845e-04
3.1945259042e+01   1.5624722602e-04
3.1984359726e+01   1.5655974803e-04
3.2023460411e+01   1.1961802361e-05
3.2062561095e+01   1.1969411838e-05
3.2101661779e+01   1.1972489069e-05
3.2140762463e+01   1.2026730553e-05
3.2179863148e+01   1.2084683416e-05
3.2218963832e+01   1.2137609675e-05
3.2258064516e+01   1.2185784345e-05
3.2297165200e+01   1.2229450870e-05
3.2336265885e+01   1.2268822515e-05
3.2375366569e+01   1.2304083645e-05
3.2414467253e+01   1.2335390941e-05
3.2453567937e+01   1.2287335218e-07
3.2492668622e+01   1.5464680213e-04
3.2531769306e+01   1.5612631224e-04
3.2570869990e+01   1.5872774190e-04
3.2609970674e+01   1.6470412801e-04
3.2649071359e+01   1.9383920263e-04
3.2688172043e+01   1.4971703165e-04
3.2727272727e+01   1.4964673797e-04
3.2766373412e+01   1.4953346623e-04
3.2805474096e+01   1.4937687730e-04
3.2844574780e+01   1.4917636188e-04
3.2883675464e+01   1.4893103504e-04
3.2922776149e+01   1.4863972946e-04
3.2961876833e+01   1.4830098738e-04
3.3000977517e+01   1.8928525678e-04
3.3040078201e+01   1.8902428006e-04
3.3079178886e+01   1.8875656139e-04
3.3118279570e+01   1.8847653960e-04
3.3157380254e+01   1.8817989728e-04
3.3196480938e+01   1.8786303776e-04
3.3235581623e+01   1.8752277501e-04
3.3274682307e+01   1.8715613956e-04
3.3313782991e+01   1.8676025106e-04
3.3352883675e+01   1.8633223038e-04
3.3391984360e+01   1.8586913590e-04
3.3431085044e+01   1.0434217563e-04
3.3470185728e+01   1.0399118105e-04
3.3509286413e+01   1.0361932337e-04
3.3548387097e+01   1.0322392413e-04
3.3587487781e+01   1.0280227745e-04
3.3626588465e+01   1.0235161461e-04
3.3665689150e+01   1.0186907421e-04
3.3704789834e+01   1.1881580804e-05
3.3743890518e+01   7.5147597898e-05
3.3782991202e+01   7.4752226313e-05
3.3822091887e+01   7.4321684399e-05
3.3861192571e+01   7.3853652023e-05
3.3900293255e+01   7.3345611794e-05
3.3939393939e+01   7.2794843879e-05
3.3978494624e+01   1.6678321530e-04
3.4017595308e+01   1.6525034961e-04
3.4056695992e+01   1.6359666274e-04
3.4095796676e+01   1.6181362719e-04
3.4134897361e+01   1.5989219844e-04
3.4173998045e+01   1.4189343761e-04
3.4213098729e+01   1.3984599420e-04
3.4252199413e+01   1.3764539323e-04
3.4291300098e+01   1.3528141987e-04
3.4330400782e+01   1.7683541137e-05
3.4369501466e+01   1.7313500457e-05
3.4408602151e+01   1.6916973225e-05
3.4447702835e+01   2.0757954291e-07
3.4486803519e+01   1.0606605376e-04
3.4525904203e+01   1.0301280294e-04
3.4565004888e+01   9.9747709662e-05
3.4604105572e+01   1.2607514485e-04
3.4643206256e+01   1.2109570919e-04
3.4682306940e+01   1.1579084312e-04
3.4721407625e+01   6.4568639867e-05
3.4760508309e+01   6.0972039951e-05
3.4799608993e+01   5.7158123670e-05
3.4838709677e+01   6.7734231442e-06
3.4877810362e+01   4.6405553019e-05
3.4916911046e+01   5.4857565340e-05
3.4956011730e+01   6.3773687251e-05
3.4995112414e+01   1.8855257134e-04
3.5034213099e+01   2.1349174324e-04
3.5073313783e+01   2.3959376366e-04
3.5112414467e+01   2.5175374673e-04
3.5151515152e+01   2.7805277446e-04
3.5190615836e+01   3.0529297704e-04
3.5229716520e+01   6.2318627257e-05
3.5268817204e+01   6.7622388350e-05
3.5307917889e+01   7.3039529455e-05
3.5347018573e+01   6.5181899775e-06
3.5386119257e+01   3.7158561868e-04
3.5425219941e+01   3.9790426095e-04
3.5464320626e+01   4.2447294341e-04
3.5503421310e+01   6.1724113696e-04
3.5542521994e+01   6.5247218652e-04
3.5581622678e+01   4.2567295548e-04
3.5620723363e+01   4.4572921375e-04
3.5659824047e+01   4.5913215932e-05
3.5698924731e+01   2.6868477362e-04
3.5738025415e+01   2.8013064403e-04
3.5777126100e+01   7.9934015974e-04
3.5816226784e+01   7.7473931017e-04
3.5855327468e+01   1.8020287294e-04
3.5894428152e+01   2.2466571297e-05
3.5933528837e+01   6.8184668938e-04
3.5972629521e+01   9.4654717748e-04
3.6011730205e+01   5.7751011736e-04
3.6050830890e+01   5.6128877647e-05
3.6089931574e+01   4.1679295444e-04
3.6129032258e+01   6.8088091756e-04
3.6168132942e+01   9.4635818797e-04
3.6207233627e+01   2.7145713834e-04
3.6246334311e+01   3.3004966766e-05
3.6285434995e+01   6.1117516879e-04
3.6324535679e+01   9.2129757461e-04
3.6363636364e+01   6.2418142267e-04
3.6402737048e+01   4.4502591913e-05
3.6441837732e+01   2.1093737028e-04
3.6480938416e+01   7.4893078044e-04
3.6520039101e+01   7.3941601878e-04
3.6559139785e+01   7.0934521480e-04
3.6598240469e+01   2.1720023703e-04
3.6637341153e+01   2.0647334193e-04
3.6676441838e+01   2.8264050228e-05
3.6715542522e+01   4.0848042510e-04
3.6754643206e+01   3.8601949234e-04
3.6793743891e+01   5.5609579528e-04
3.6832844575e+01   5.2062028316e-04
3.6871945259e+01   4.8548854084e-04
3.6911045943e+01   3.1446017281e-04
3.6950146628e+01   2.9035810804e-04
3.6989247312e+01   2.6688853144e-04
3.7028347996e+01   1.5571195238e-05
3.7067448680e+01   6.8450000849e-05
3.7106549365e+01   6.2170432099e-05
3.7145650049e+01   5.6112517070e-05
3.7184750733e+01   2.1203964936e-04
3.7223851417e+01   1.8809736898e-04
3.7262952102e+01   1.6523622042e-04
3.7302052786e+01   1.4579173508e-04
3.7341153470e+01   1.2433424221e-04
3.7380254154e+01   1.0400401883e-04
3.7419354839e+01   3.3058899501e-05
3.7458455523e+01   3.5195408562e-05
3.7497556207e+01   3.7208399662e-05
3.7536656891e+01   5.7067416283e-06
3.7575757576e+01   7.4157720986e-05
3.7614858260e+01   7.7359423983e-05
3.7653958944e+01   8.0363308693e-05
3.7693059629e+01   1.3441348673e-04
3.7732160313e+01   1.3858276625e-04
3.7771260997e+01   1.4248044607e-04
3.7810361681e+01   1.0712679892e-04
3.7849462366e+01   1.0956609053e-04
3.7888563050e+01   1.1183944840e-04
3.7927663734e+01   1.1395651263e-04
3.7966764418e+01   5.6862144000e-06
3.8005865103e+01   2.6167665955e-05
3.8044965787e+01   2.6567883150e-05
3.8084066471e+01   2.6940391465e-05
3.8123167155e+01   2.7286991001e-05
3.8162267840e+01   1.4982582206e-04
3.8201368524e+01   1.5141242775e-04
3.8240469208e+01   1.5288564569e-04
3.8279569892e+01   1.5425318366e-04
3.8318670577e+01   1.5552230980e-04
3.8357771261e+01   1.6845985222e-04
3.8396871945e+01   1.6959165859e-04
3.8435972630e+01   1.7063733692e-04
3.8475073314e+01   1.7160263957e-04
3.8514173998e+01   1.7249291123e-04
3.8553274682e+01   1.7331310485e-04
3.8592375367e+01   6.8852472242e-05
3.8631476051e+01   6.9104349162e-05
3.8670576735e+01   6.9331731889e-05
3.8709677419e+01   6.9535693615e-05
3.8748778104e+01   6.9717118137e-05
3.8787878788e+01   6.9876686091e-05
3.8826979472e+01   7.0014854459e-05
3.8866080156e+01   7.0131826780e-05
3.8905180841e+01   1.0375962378e-05
3.8944281525e+01   1.1173696285e-04
3.8983382209e+01   1.1203614820e-04
3.9022482893e+01   1.1233085027e-04
3.9061583578e+01   1.1262565283e-04
3.9100684262e+01   1.1292620285e-04
3.9139784946e+01   1.1323975961e-04
3.9178885630e+01   1.1357607800e-04
3.9217986315e+01   1.1394889435e-04
3.9257086999e+01   1.1437856001e-04
3.9296187683e+01   1.1489701532e-04
3.9335288368e+01   1.1555795867e-04
3.9374389052e+01   1.9064171457e-04
3.9413489736e+01   1.9094856696e-04
3.9452590420e+01   1.9140416214e-04
3.9491691105e+01   1.9229806972e-04
3.9530791789e+01   1.9548345441e-04
3.9569892473e+01   1.8997928408e-04
3.9608993157e+01   1.8993301929e-04
3.9648093842e+01   1.8983203136e-04
3.9687194526e+01   1.8967576716e-04
3.9726295210e+01   1.8946333486e-04
3.9765395894e+01   1.8919349850e-04
3.9804496579e+01   1.8896049319e-04
3.9843597263e+01   1.8892027501e-04
3.9882697947e+01   1.4766150299e-04
3.9921798631e+01   1.4721728709e-04
3.9960899316e+01   1.4681764719e-04
4.0000000000e+01   8.1575024632e-08
4.0000000000e+01   8.1575024460e-08
