X    Y    Z
5.0000000000e-01   5.0000000000e-01   0.0000000000e+00
5.6081724864e-01   5.6785816329e-01   2.5563814046e-02
6.0025952853e-01   6.2226625980e-01   4.4322973791e-02
6.3643862667e-01   6.8435377792e-01   6.4488804138e-02
6.6880371904e-01   7.5821597134e-01   8.7378492809e-02
6.9988784152e-01   8.7463817598e-01   1.2229799320e-01
7.1047924947e-01   1.0050235977e+00   1.6148070199e-01
7.0434416366e-01   1.0988184313e+00   1.9083687620e-01
6.9542161634e-01   1.1553454944e+00   2.0943341675e-01
6.5833551616e-01   1.2888860533e+00   2.5806545000e-01
6.2285966515e-01   1.3703209057e+00   2.9342586595e-01
5.8167381326e-01   1.4391496705e+00   3.3030174277e-01
5.3530757444e-01   1.4934140940e+00   3.6998717457e-01
4.7149099938e-01   1.5326628279e+00   4.2498044151e-01
4.1348703243e-01   1.5289054427e+00   4.7817368536e-01
3.6474001351e-01   1.4862965700e+00   5.2767020955e-01
3.2641419957e-01   1.4130791614e+00   5.7197221495e-01
2.9823819256e-01   1.3191116951e+00   6.1009741519e-01
2.7929569091e-01   1.2138809338e+00   6.4158073687e-01
2.7113769221e-01   1.1397931091e+00   6.5921977247e-01
2.6648654983e-01   1.0658091503e+00   6.7390894318e-01
2.6517831414e-01   9.9015474174e-01   6.8624146371e-01
2.6910104842e-01   8.9171591902e-01   6.9840187366e-01
2.7945698115e-01   8.0258840015e-01   7.0547716706e-01
2.9626009722e-01   7.2392113965e-01   7.0818936446e-01
3.2755872442e-01   6.3914144857e-01   7.0645094526e-01
3.7235213103e-01   5.6997141651e-01   6.9996189858e-01
4.3179031391e-01   5.1813495423e-01   6.9007806959e-01
4.8783710222e-01   4.9006392902e-01   6.8111595569e-01
5.5431856656e-01   4.7161734043e-01   6.7146981719e-01
6.3195801573e-01   4.6307861871e-01   6.6163918007e-01
7.2105445554e-01   4.6521380337e-01   6.5212429448e-01
8.2109104297e-01   4.7943124969e-01   6.4345298370e-01
9.3015983129e-01   5.0796799481e-01   6.3621455137e-01
1.0077640510e+00   5.3726876180e-01   6.3244847149e-01
1.0860682329e+00   5.7627485182e-01   6.2991576874e-01
1.1656236163e+00   6.2942247092e-01   6.2893855167e-01
1.2623074306e+00   7.2690950686e-01   6.3119939749e-01
1.3123900801e+00   8.1131871823e-01   6.3571192106e-01
1.3336535370e+00   8.6910681362e-01   6.3976632895e-01
1.3511893750e+00   9.7734134528e-01   6.4908208538e-01
1.3495004037e+00   1.0482763823e+00   6.5630147459e-01
1.3247196709e+00   1.1740233036e+00   6.7128835146e-01
1.2967691259e+00   1.2512295017e+00   6.8204176497e-01
1.2301003478e+00   1.3773958276e+00   7.0291594267e-01
1.1801879415e+00   1.4476254795e+00   7.1702035430e-01
1.0852651361e+00   1.5490273963e+00   7.4285003881e-01
1.0245579841e+00   1.5969860551e+00   7.5935663726e-01
9.2235637856e-01   1.6513462453e+00   7.8796307606e-01
8.6324164731e-01   1.6673175670e+00   8.0529016000e-01
7.3275058281e-01   1.6550089509e+00   8.4661012618e-01
6.2887155126e-01   1.5806073130e+00   8.8378750447e-01
5.7408139178e-01   1.5044800237e+00   9.0554041734e-01
5.4716454165e-01   1.4524254453e+00   9.1692332573e-01
5.1115498291e-01   1.3589229167e+00   9.3304300293e-01
4.9451266734e-01   1.3009652444e+00   9.4092492733e-01
4.6736162426e-01   1.1593467963e+00   9.5475079489e-01
4.5695595931e-01   1.0258955487e+00   9.6128880909e-01
4.5820716532e-01   9.4266295877e-01   9.6201944284e-01
4.6568431601e-01   8.6652224990e-01   9.6008762397e-01
4.8713207725e-01   7.6981560694e-01   9.5319477678e-01
5.2073036585e-01   6.9005643070e-01   9.4240660359e-01
5.6652168057e-01   6.2651445922e-01   9.2870678197e-01
6.2485304526e-01   5.7823733603e-01   9.1298959157e-01
6.9616657469e-01   5.4443127331e-01   8.9606335236e-01
7.8073319698e-01   5.2472724578e-01   8.7866890770e-01
8.7828155299e-01   5.1939372208e-01   8.6150848579e-01
9.5613246685e-01   5.2506719455e-01   8.4965146608e-01
1.0718983942e+00   5.4765592738e-01   8.3456007569e-01
1.1922007706e+00   5.9013513808e-01   8.2174204863e-01
1.2726521783e+00   6.3260055668e-01   8.1477828070e-01
1.3478729137e+00   6.8807894506e-01   8.0962793955e-01
1.4156344725e+00   7.6202736906e-01   8.0663739597e-01
1.4779856959e+00   8.9265008073e-01   8.0752327754e-01
1.4886584364e+00   9.4885870916e-01   8.0954744855e-01
1.4864376846e+00   1.0701185071e+00   8.1649587595e-01
1.4726731439e+00   1.1360446522e+00   8.2162957317e-01
1.4207456349e+00   1.2685395215e+00   8.3491796307e-01
1.3825014351e+00   1.3348010999e+00   8.4328608718e-01
1.2886035518e+00   1.4547368876e+00   8.6258462783e-01
1.2336993831e+00   1.5074018077e+00   8.7367834572e-01
1.1189004326e+00   1.5874360891e+00   8.9728393392e-01
1.0596640876e+00   1.6143044342e+00   9.0990624727e-01
9.4768535372e-01   1.6375430345e+00   9.3499601688e-01
8.5218968898e-01   1.6245078454e+00   9.5802825418e-01
7.6956288933e-01   1.5814960761e+00   9.7947256299e-01
6.9822702565e-01   1.5109448080e+00   9.9929560091e-01
6.2508528946e-01   1.3859586457e+00   1.0209010295e+00
6.0502038656e-01   1.3356176228e+00   1.0269917245e+00
5.7515193404e-01   1.2346740216e+00   1.0359878476e+00
5.5220979529e-01   1.0979535790e+00   1.0421796932e+00
5.4761240337e-01   9.7245951343e-01   1.0417640385e+00
5.5375325253e-01   8.9577357007e-01   1.0381869026e+00
5.6691583089e-01   8.2678032209e-01   1.0322949618e+00
5.9804116615e-01   7.4109753778e-01   1.0202981549e+00
6.4291605784e-01   6.7277983325e-01   1.0051902767e+00
7.0141553532e-01   6.2104214408e-01   9.8793499448e-01
7.7351257104e-01   5.8513236048e-01   9.6941123338e-01
8.5894543178e-01   5.6468286175e-01   9.5042783257e-01
9.5678059441e-01   5.5996643098e-01   9.3175179419e-01
1.0340069104e+00   5.6694129550e-01   9.1888066504e-01
1.1469479222e+00   5.9250973176e-01   9.0254416143e-01
1.2610641282e+00   6.3922638100e-01   8.8871489141e-01
1.3347552158e+00   6.8510700264e-01   8.8121748348e-01
1.4007749896e+00   7.4412146773e-01   8.7566464983e-01
1.4561936391e+00   8.2132800151e-01   8.7238522930e-01
1.4978567397e+00   9.5384584257e-01   8.7302529294e-01
1.5003855805e+00   1.0093664896e+00   8.7496755535e-01
1.4826447720e+00   1.1260079673e+00   8.8167765219e-01
1.4617845251e+00   1.1875690003e+00   8.8660783295e-01
1.3988942267e+00   1.3070442368e+00   8.9921593685e-01
1.3570372536e+00   1.3644414384e+00   9.0704437148e-01
1.2605018753e+00   1.4633891759e+00   9.2479656036e-01
1.2064957739e+00   1.5041524362e+00   9.3482441425e-01
1.0971840533e+00   1.5603767444e+00   9.5576482874e-01
1.0421904345e+00   1.5757320946e+00   9.6674987806e-01
9.4016414407e-01   1.5793302431e+00   9.8815357453e-01
8.1928426783e-01   1.5316774731e+00   1.0155715480e+00
7.2673328432e-01   1.4380327548e+00   1.0382011734e+00
6.7975525872e-01   1.3578765211e+00   1.0500783017e+00
6.4465398284e-01   1.2707640240e+00   1.0588377759e+00
6.1953122457e-01   1.1771984853e+00   1.0645866428e+00
6.0242346688e-01   1.0521901301e+00   1.0669300681e+00
6.0326522981e-01   9.3877659222e-01   1.0634257812e+00
6.2004109098e-01   8.4067708111e-01   1.0550119096e+00
6.5150132932e-01   7.5926416857e-01   1.0426984861e+00
6.9694830777e-01   6.9461154508e-01   1.0274779190e+00
7.5598000964e-01   6.4625805191e-01   1.0102831115e+00
8.2819420227e-01   6.1373148444e-01   9.9197814536e-01
9.1282687270e-01   5.9690509871e-01   9.7337019693e-01
1.0082884811e+00   5.9624880035e-01   9.5523523430e-01
1.0781541968e+00   6.0568061661e-01   9.4353462107e-01
1.1506014177e+00   6.2394106748e-01   9.3261739896e-01
1.2269979095e+00   6.5359116490e-01   9.2233901752e-01
1.3267321433e+00   7.1430374057e-01   9.1082313597e-01
1.4090015627e+00   8.0039591254e-01   9.0337470210e-01
1.4481732461e+00   8.7444252610e-01   9.0117335326e-01
1.4686460719e+00   9.6080682851e-01   9.0169559262e-01
1.4658229009e+00   1.0623752982e+00   9.0551280007e-01
1.4383270013e+00   1.1640695719e+00   9.1236140000e-01
1.4105119013e+00   1.2251689076e+00   9.1797064318e-01
1.3470591938e+00   1.3226551793e+00   9.2973691354e-01
1.3006536894e+00   1.3754848603e+00   9.3807563751e-01
1.2134386097e+00   1.4493445800e+00   9.5377546147e-01
1.1579371822e+00   1.4827180609e+00   9.6396491973e-01
1.0219589656e+00   1.5242759739e+00   9.9008089985e-01
9.3605903578e-01   1.5190136967e+00   1.0076759646e+00
8.5958067137e-01   1.4888168244e+00   1.0241815027e+00
7.9168770637e-01   1.4349697679e+00   1.0394994075e+00
7.1991663871e-01   1.3347662910e+00   1.0561324388e+00
6.7242262721e-01   1.2194646120e+00   1.0667377606e+00
6.5252963152e-01   1.1390266588e+00   1.0704368934e+00
6.4169106416e-01   1.0603525786e+00   1.0713894554e+00
6.3932407911e-01   9.8226368985e-01   1.0696176212e+00
6.5000354948e-01   8.8522999533e-01   1.0630270167e+00
6.7559105464e-01   8.0307051592e-01   1.0524531916e+00
7.1512936823e-01   7.3660087896e-01   1.0388247222e+00
7.8490063847e-01   6.7450147576e-01   1.0183961194e+00
8.5376564902e-01   6.4350444070e-01   1.0010945510e+00
9.3399857056e-01   6.2799467291e-01   9.8350961784e-01
1.0236739044e+00   6.2850016845e-01   9.6640802489e-01
1.1194896590e+00   6.4618014894e-01   9.5055992082e-01
1.1896495536e+00   6.7063607161e-01   9.4034289607e-01
1.2823215541e+00   7.2238366638e-01   9.2857376917e-01
1.3610010383e+00   7.9681874370e-01   9.2039170711e-01
1.4007877567e+00   8.6116570020e-01   9.1735457951e-01
1.4250758330e+00   9.3648048199e-01   9.1671961253e-01
1.4300670479e+00   1.0255541548e+00   9.1894645216e-01
1.3982826142e+00   1.1582980959e+00   9.2724597271e-01
1.3513920718e+00   1.2479596563e+00   9.3636141234e-01
1.3148366041e+00   1.2982590997e+00   9.4305689070e-01
1.2427411869e+00   1.3721789204e+00   9.5603246139e-01
1.1613274810e+00   1.4286202598e+00   9.7082013223e-01
1.0724591820e+00   1.4639930475e+00   9.8748409477e-01
9.5533190963e-01   1.4689383084e+00   1.0106562498e+00
8.5502802248e-01   1.4269585018e+00   1.0317856063e+00
7.9914931681e-01   1.3771738246e+00   1.0440264468e+00
7.5376899559e-01   1.3151054954e+00   1.0540592165e+00
7.1736374779e-01   1.2416946684e+00   1.0618930739e+00
6.8490490608e-01   1.1349325496e+00   1.0679408726e+00
6.7119557515e-01   1.0306881134e+00   1.0686085547e+00
6.7416318011e-01   9.3523493092e-01   1.0644388223e+00
6.9219552670e-01   8.5215198012e-01   1.0561808318e+00
7.2412856853e-01   7.8315949739e-01   1.0446711919e+00
7.6909861024e-01   7.2888193970e-01   1.0307596573e+00
8.2632072587e-01   6.8944507611e-01   1.0152710877e+00
8.9480765895e-01   6.6490794599e-01   9.9899377306e-01
9.7302237532e-01   6.5556073700e-01   9.8268565999e-01
1.0584578293e+00   6.6211340225e-01   9.6709186756e-01
1.1471635511e+00   6.8576960326e-01   9.5296774605e-01
1.2333040089e+00   7.2812834242e-01   9.4110057312e-01
1.3089532266e+00   7.9078488951e-01   9.3231888495e-01
1.3644892263e+00   8.7444555742e-01   9.2747123569e-01
1.3900386739e+00   9.7743354840e-01   9.2734885555e-01
1.3862494798e+00   1.0559597433e+00   9.3028792204e-01
1.3638051420e+00   1.1379431178e+00   9.3581598939e-01
1.3207699062e+00   1.2225414629e+00   9.4436360457e-01
1.2342343922e+00   1.3250618256e+00   9.6027690142e-01
1.1287013566e+00   1.3961393565e+00   9.7964022406e-01
1.0537118955e+00   1.4207942413e+00   9.9383549081e-01
9.8098158735e-01   1.4246222407e+00   1.0081059184e+00
9.1090108223e-01   1.4070110219e+00   1.0223852127e+00
8.2928752600e-01   1.3518310233e+00   1.0396205646e+00
7.6786340770e-01   1.2713889445e+00   1.0527237716e+00
7.2653546966e-01   1.1776556267e+00   1.0609745119e+00
7.0384513426e-01   1.0808003552e+00   1.0642239560e+00
6.9800059186e-01   9.8826839185e-01   1.0627534115e+00
7.0738063482e-01   9.0487941859e-01   1.0571225651e+00
7.3068616477e-01   8.3339740009e-01   1.0480430157e+00
7.6689384175e-01   7.7520333296e-01   1.0362887373e+00
8.1510188419e-01   7.3089207321e-01   1.0226416775e+00
8.7430640151e-01   7.0073702225e-01   1.0078654572e+00
9.6366030900e-01   6.8328568934e-01   9.8851801317e-01
1.0415248197e+00   6.8682448804e-01   9.7390451219e-01
1.1225031871e+00   7.0648277520e-01   9.6054664299e-01
1.2014181586e+00   7.4347704039e-01   9.4918598311e-01
1.2713808658e+00   7.9894525697e-01   9.4058701004e-01
1.3241311923e+00   8.7322633280e-01   9.3551658435e-01
1.3511887203e+00   9.6468775420e-01   9.3467888733e-01
1.3508730779e+00   1.0387798212e+00   9.3701070084e-01
1.3206298533e+00   1.1455771883e+00   9.4447123410e-01
1.2582695616e+00   1.2459051101e+00   9.5659416774e-01
1.2014685086e+00   1.3033438263e+00   9.6711577828e-01
1.1371326514e+00   1.3472762487e+00   9.7903315554e-01
1.0661833752e+00   1.3753164901e+00   9.9242620838e-01
9.7084111124e-01   1.3807603023e+00   1.0110731160e+00
8.8689430527e-01   1.3498386628e+00   1.0281862013e+00
8.1942780788e-01   1.2902182258e+00   1.0422642387e+00
7.7018329949e-01   1.2120466997e+00   1.0523180756e+00
7.3885812919e-01   1.1252506920e+00   1.0578959771e+00
7.2423254032e-01   1.0379708794e+00   1.0590045570e+00
7.2487536811e-01   9.5607858692e-01   1.0559858712e+00
7.4584648532e-01   8.6514943445e-01   1.0470214656e+00
7.8879704573e-01   7.9168032126e-01   1.0332120908e+00
8.5139291084e-01   7.4050217546e-01   1.0163231974e+00
9.1028777691e-01   7.1733843969e-01   1.0024818621e+00
9.7714015574e-01   7.0817173650e-01   9.8852981043e-01
1.0493973671e+00   7.1361890049e-01   9.7515756410e-01
1.1233776804e+00   7.3451428382e-01   9.6305751015e-01
1.1940326853e+00   7.7178156696e-01   9.5293192999e-01
1.2549455307e+00   8.2606492478e-01   9.4548903702e-01
1.2987955288e+00   8.9703695885e-01   9.4141395860e-01
1.3185107554e+00   9.8238802741e-01   9.4129983347e-01
1.3091045199e+00   1.0767561441e+00   9.4553053729e-01
1.2696827994e+00   1.1712388341e+00   9.5412852145e-01
1.2275883948e+00   1.2298778211e+00   9.6227741694e-01
1.1758248832e+00   1.2796275777e+00   9.7200490258e-01
1.0904370818e+00   1.3289222375e+00   9.8807082605e-01
1.0030492474e+00   1.3453410249e+00   1.0049490340e+00
9.2275595909e-01   1.3285576734e+00   1.0209920404e+00
8.5548056766e-01   1.2835588685e+00   1.0347508433e+00
8.0405729936e-01   1.2184482847e+00   1.0451704808e+00
7.6911259006e-01   1.1420528960e+00   1.0516612124e+00
7.5005039315e-01   1.0622284758e+00   1.0540662723e+00
7.4578236424e-01   9.8507580907e-01   1.0525721983e+00
7.6071617976e-01   8.9469003340e-01   1.0454139196e+00
7.9687602175e-01   8.2173511306e-01   1.0335479767e+00
8.3704184277e-01   7.8003327417e-01   1.0223338131e+00
8.8692795687e-01   7.5088775077e-01   1.0099590505e+00
9.4503393126e-01   7.3479612757e-01   9.9709369784e-01
1.0278038391e+00   7.3407166700e-01   9.8099480619e-01
1.1164368785e+00   7.5787358818e-01   9.6617070028e-01
1.1985650514e+00   8.0820047896e-01   9.5456249598e-01
1.2481575101e+00   8.6430428834e-01   9.4883970679e-01
1.2797142645e+00   9.3462546568e-01   9.4643385603e-01
1.2877481365e+00   1.0158274358e+00   9.4779708473e-01
1.2692944367e+00   1.1017924870e+00   9.5313427207e-01
1.2253187211e+00   1.1837075253e+00   9.6227931050e-01
1.1610829002e+00   1.2514058268e+00   9.7461069579e-01
1.0849957243e+00   1.2958121464e+00   9.8906466062e-01
1.0063780037e+00   1.3114633612e+00   1.0042721239e+00
9.3326335357e-01   1.2978224022e+00   1.0187850369e+00
8.7117580737e-01   1.2588410625e+00   1.0313124538e+00
8.2304820425e-01   1.2012789152e+00   1.0408906608e+00
7.8983911206e-01   1.1327585844e+00   1.0469543400e+00
7.6867385960e-01   1.0402775104e+00   1.0493331068e+00
7.7006106976e-01   9.5017541727e-01   1.0458682413e+00
7.9278558431e-01   8.7282376315e-01   1.0373334601e+00
8.2288232507e-01   8.2567922577e-01   1.0282620078e+00
8.6289566099e-01   7.8977550275e-01   1.0176331440e+00
9.4373793438e-01   7.5750387705e-01   9.9906224667e-01
1.0218286906e+00   7.5527132573e-01   9.8372409185e-01
1.0836070381e+00   7.6921052489e-01   9.7305080944e-01
1.1432260450e+00   7.9720088272e-01   9.6389577329e-01
1.1957617103e+00   8.3944125842e-01   9.5686673593e-01
1.2437907333e+00   9.1311990154e-01   9.5188098959e-01
1.2603809371e+00   1.0071827554e+00   9.5235578295e-01
1.2462887280e+00   1.0844963013e+00   9.5685008865e-01
1.2094303561e+00   1.1586218965e+00   9.6479283037e-01
1.1539573721e+00   1.2208650932e+00   9.7565681864e-01
1.0868081759e+00   1.2632967830e+00   9.8853307040e-01
9.9393221768e-01   1.2808541831e+00   1.0065581225e+00
9.2906295126e-01   1.2645016313e+00   1.0194126190e+00
8.7434379221e-01   1.2264527432e+00   1.0303213292e+00
8.3229297463e-01   1.1726872982e+00   1.0384762871e+00
8.0380665476e-01   1.1098044456e+00   1.0434156495e+00
7.8690006822e-01   1.0257131586e+00   1.0448677361e+00
7.9091888166e-01   9.4427357395e-01   1.0410476391e+00
8.1475157564e-01   8.7482148996e-01   1.0327006867e+00
8.4470832413e-01   8.3295381991e-01   1.0240773090e+00
8.9592745881e-01   7.9500163465e-01   1.0111884523e+00
9.7783435413e-01   7.7400708007e-01   9.9350240780e-01
1.0335155805e+00   7.7730187091e-01   9.8300614384e-01
1.0897723226e+00   7.9343505930e-01   9.7347993901e-01
1.1562019997e+00   8.3313266818e-01   9.6363584984e-01
1.2086352239e+00   8.9565572237e-01   9.5734122461e-01
1.2343554425e+00   9.7682962489e-01   9.5596586918e-01
1.2310195834e+00   1.0457324127e+00   9.5861913627e-01
1.2069290515e+00   1.1145440073e+00   9.6447417713e-01
1.1643448733e+00   1.1759816618e+00   9.7320028568e-01
1.1082787128e+00   1.2227294360e+00   9.8412611562e-01
1.0276439002e+00   1.2524175825e+00   9.9974492488e-01
9.4750946210e-01   1.2439798813e+00   1.0154821992e+00
8.8098796398e-01   1.2006176029e+00   1.0285937707e+00
8.4353648857e-01   1.1511838924e+00   1.0356910306e+00
8.1844007349e-01   1.0938072319e+00   1.0398628331e+00
8.0570525403e-01   1.0338036401e+00   1.0410001179e+00
8.0962158600e-01   9.4329708496e-01   1.0369379451e+00
8.3337674056e-01   8.8036789328e-01   1.0289998379e+00
8.6238433256e-01   8.4270717081e-01   1.0209241842e+00
9.2494559830e-01   8.0363498870e-01   1.0058577038e+00
9.8798952627e-01   7.9240872893e-01   9.9271708817e-01
1.0393043449e+00   7.9741710775e-01   9.8318515224e-01
1.1039585969e+00   8.2137676390e-01   9.7251689754e-01
1.1731876199e+00   8.8044852260e-01   9.6297609028e-01
1.2009286806e+00   9.3091926006e-01   9.6020027249e-01
1.2128857034e+00   9.8950429213e-01   9.6018675383e-01
1.2067289687e+00   1.0521813351e+00   9.6310144539e-01
1.1725666850e+00   1.1292960683e+00   9.7093844916e-01
1.1125659741e+00   1.1920859520e+00   9.8295033097e-01
1.0388309782e+00   1.2258422967e+00   9.9731088716e-01
9.8207669669e-01   1.2280549270e+00   1.0084050300e+00
9.3019624443e-01   1.2106632307e+00   1.0185909305e+00
8.7640827266e-01   1.1651289318e+00   1.0289915629e+00
8.3330581797e-01   1.0835766385e+00   1.0364074012e+00
8.2185703293e-01   1.0289668974e+00   1.0373507897e+00
8.2142961663e-01   9.7579007950e-01   1.0356507822e+00
8.4184040029e-01   9.0138669455e-01   1.0282101036e+00
8.7616754031e-01   8.5425534296e-01   1.0186850833e+00
9.1109907606e-01   8.2914489489e-01   1.0101542873e+00
9.9316944796e-01   8.0966993534e-01   9.9276581658e-01
1.0402345469e+00   8.1531452300e-01   9.8407762772e-01
1.0865199878e+00   8.3220743406e-01   9.7634819748e-01
1.1600776653e+00   8.9501278286e-01   9.6600540217e-01
1.1837375874e+00   9.4202249097e-01   9.6370440850e-01
1.1929364115e+00   9.9582098018e-01   9.6394469852e-01
1.1810028936e+00   1.0682100711e+00   9.6811075190e-01
1.1295027155e+00   1.1505130338e+00   9.7918011092e-01
1.0834373428e+00   1.1859531132e+00   9.8831190039e-01
