X    Y    Z
0.0000000000e+00   4.0000000000e-01   0.0000000000e+00
-1.1002412309e-02   4.0204699736e-01   1.0511739817e-03
-2.2083375063e-02   4.0380187178e-01   1.9349821267e-03
-3.3230514816e-02   4.0526103103e-01   2.6705735526e-03
-4.4431870923e-02   4.0642119730e-01   3.2757922401e-03
-5.5675867574e-02   4.0727939804e-01   3.7671303414e-03
-6.6951284653e-02   4.0783295742e-01   4.1597069241e-03
-7.8247228125e-02   4.0807948861e-01   4.4672705005e-03
-8.9553100589e-02   4.0801688682e-01   4.7022229995e-03
-1.0085857257e-01   4.0764332308e-01   4.8756623607e-03
-1.1215355503e-01   4.0695723881e-01   4.9974406327e-03
-1.2342817354e-01   4.0595734100e-01   5.0762343354e-03
-1.3467274433e-01   4.0464259817e-01   5.1196238778e-03
-1.4587775255e-01   4.0301223684e-01   5.1341789657e-03
-1.5703383283e-01   4.0106573856e-01   5.1255471864e-03
-1.6813175215e-01   3.9880283749e-01   5.0985432661e-03
-1.7916239518e-01   3.9622351835e-01   5.0572368535e-03
-1.9011675183e-01   3.9332801468e-01   5.0050370613e-03
-2.0098590706e-01   3.9011680756e-01   4.9447723767e-03
-2.1176103281e-01   3.8659062438e-01   4.8787649156e-03
-2.2243338175e-01   3.8275043796e-01   4.8088983373e-03
-2.3299428287e-01   3.7859746572e-01   4.7366790430e-03
-2.4343513860e-01   3.7413316895e-01   4.6632905457e-03
-2.5374742329e-01   3.6935925219e-01   4.5896411271e-03
-2.6392268289e-01   3.6427766259e-01   4.5164050767e-03
-2.7395253570e-01   3.5889058926e-01   4.4440579513e-03
-2.8382867396e-01   3.5320046257e-01   4.3729063942e-03
-2.9354286616e-01   3.4720995348e-01   4.3031131206e-03
-3.0308696000e-01   3.4092197264e-01   4.2347177117e-03
-3.1245288577e-01   3.3433966957e-01   4.1676538691e-03
-3.2163266022e-01   3.2746643159e-01   4.1017637684e-03
-3.3061839072e-01   3.2030588272e-01   4.0368101176e-03
-3.3940227967e-01   3.1286188244e-01   3.9724864843e-03
-3.4797662919e-01   3.0513852428e-01   3.9084263966e-03
-3.5633384598e-01   2.9714013433e-01   3.8442116625e-03
-3.6446644635e-01   2.8887126957e-01   3.7793802844e-03
-3.7236706141e-01   2.8033671602e-01   3.7134342782e-03
-3.8002844250e-01   2.7154148685e-01   3.6458476373e-03
-3.8744346667e-01   2.6249082015e-01   3.5760746168e-03
-3.9460514242e-01   2.5319017671e-01   3.5035584490e-03
-4.0150661558e-01   2.4364523754e-01   3.4277405439e-03
-4.0814117540e-01   2.3386190118e-01   3.3480701751e-03
-4.1450226080e-01   2.2384628092e-01   3.2640146011e-03
-4.2058346687e-01   2.1360470176e-01   3.1750695349e-03
-4.2637855157e-01   2.0314369719e-01   3.0807698334e-03
-4.3188144255e-01   1.9247000576e-01   2.9807002542e-03
-4.3708624431e-01   1.8159056748e-01   2.8745061012e-03
-4.4198724542e-01   1.7051251991e-01   2.7619035645e-03
-4.4657892597e-01   1.5924319416e-01   2.6426895515e-03
-4.5085596515e-01   1.4779011053e-01   2.5167508000e-03
-4.5481324895e-01   1.3616097400e-01   2.3840720658e-03
-4.5844587793e-01   1.2436366945e-01   2.2447431873e-03
-4.6174917505e-01   1.1240625667e-01   2.0989648368e-03
-4.6471869352e-01   1.0029696505e-01   1.9470527920e-03
-4.6735022448e-01   8.8044188126e-02   1.7894405751e-03
-4.6963980477e-01   7.5656477835e-02   1.6266803410e-03
-4.7158372433e-01   6.3142538514e-02   1.4594419169e-03
-4.7317853355e-01   5.0511220693e-02   1.2885099328e-03
-4.7442105025e-01   3.7771514647e-02   1.1147790140e-03
-4.7530836633e-01   2.4932543726e-02   9.3924704263e-04
-4.7583785403e-01   1.2003557465e-02   7.6300653097e-04
-4.7600717180e-01   -1.0060755034e-03   5.8723418645e-04
-4.7581426953e-01   -1.4086874731e-02   4.1317878386e-04
-4.7525739337e-01   -2.7229255411e-02   2.4214749454e-04
-4.7433508984e-01   -4.0423536007e-02   7.5490855358e-05
-4.7304620934e-01   -5.3659946018e-02   -8.5413410122e-05
-4.7138990905e-01   -6.6928633882e-02   -2.3917747886e-04
-4.6936565498e-01   -8.0219674986e-02   -3.8442116204e-04
-4.6697322351e-01   -9.3523079774e-02   -5.1979000476e-04
-4.6421270201e-01   -1.0682880193e-01   -6.4397345784e-04
-4.6108448890e-01   -1.2012674660e-01   -7.5572281939e-04
-4.5758929290e-01   -1.3340677868e-01   -8.5386864121e-04
-4.5372813161e-01   -1.4665873108e-01   -9.3733729776e-04
-4.4950232946e-01   -1.5987241303e-01   -1.0051664242e-03
-4.4491351499e-01   -1.7303761834e-01   -1.0565189442e-03
-4.3996361756e-01   -1.8614413359e-01   -1.0906954278e-03
-4.3465486350e-01   -1.9918174636e-01   -1.1071445460e-03
-4.2898977180e-01   -2.1214025330e-01   -1.1054714160e-03
-4.2297114939e-01   -2.2500946815e-01   -1.0854436686e-03
-4.1660208604e-01   -2.3777922971e-01   -1.0469951048e-03
-4.0988594901e-01   -2.5043940963e-01   -9.9022685167e-04
-4.0282637746e-01   -2.6297992019e-01   -9.1540596944e-04
-3.9542727671e-01   -2.7539072186e-01   -8.2296150876e-04
-3.8769281251e-01   -2.8766183084e-01   -7.1347806122e-04
-3.7962740524e-01   -2.9978332641e-01   -5.8768689289e-04
-3.7123572421e-01   -3.1174535822e-01   -4.4645479451e-04
-3.6252268211e-01   -3.2353815342e-01   -2.9077082447e-04
-3.5349342961e-01   -3.3515202372e-01   -1.2173116026e-04
-3.4415335030e-01   -3.4657737230e-01   5.9477690531e-05
-3.3450805581e-01   -3.5780470063e-01   2.5159703727e-04
-3.2456338132e-01   -3.6882461526e-01   4.5331520346e-04
-3.1432538141e-01   -3.7962783445e-01   6.6328744598e-04
-3.0380032631e-01   -3.9020519476e-01   8.8015625522e-04
-2.9299469846e-01   -4.0054765757e-01   1.1025716878e-03
-2.8191518948e-01   -4.1064631558e-01   1.3292113846e-03
-2.7056869755e-01   -4.2049239922e-01   1.5587999333e-03
-2.5896232505e-01   -4.3007728303e-01   1.7901272515e-03
-2.4710337658e-01   -4.3939249210e-01   2.0220656841e-03
-2.3499935718e-01   -4.4842970836e-01   2.2535855429e-03
-2.2265797088e-01   -4.5718077693e-01   2.4837688436e-03
-2.1008711932e-01   -4.6563771254e-01   2.7118210417e-03
-1.9729490058e-01   -4.7379270577e-01   2.9370806098e-03
-1.8428960796e-01   -4.8163812948e-01   3.1590263473e-03
-1.7107972890e-01   -4.8916654511e-01   3.3772823672e-03
-1.5767394366e-01   -4.9637070905e-01   3.5916207559e-03
-1.4408112405e-01   -5.0324357901e-01   3.8019619568e-03
-1.3031033178e-01   -5.0977832031e-01   4.0083729809e-03
-1.1637081672e-01   -5.1596831229e-01   4.2110636009e-03
-1.0227201477e-01   -5.2180715456e-01   4.4103807339e-03
-8.8023545374e-02   -5.2728867334e-01   4.6068012604e-03
-7.3635208721e-02   -5.3240692765e-01   4.8009235702e-03
-5.9116982442e-02   -5.3715621558e-01   4.9934581570e-03
-4.4479017933e-02   -5.4153108037e-01   5.1852176101e-03
-2.9731636206e-02   -5.4552631652e-01   5.3771063696e-03
-1.4885323302e-02   -5.4913697574e-01   5.5701106230e-03
4.9274733686e-05   -5.5235837284e-01   5.7652887164e-03
1.5061357277e-02   -5.5518609147e-01   5.9637624514e-03
3.0139974942e-02   -5.5761598983e-01   6.1667096124e-03
4.5274035724e-02   -5.5964420610e-01   6.3753580462e-03
6.0452311440e-02   -5.6126716389e-01   6.5909815751e-03
7.5663444385e-02   -5.6248157739e-01   6.8148979784e-03
9.0895954168e-02   -5.6328445646e-01   7.0484692232e-03
1.0613824464e-01   -5.6367311156e-01   7.2931040620e-03
1.2137861083e-01   -5.6364515841e-01   7.5502630476e-03
1.3660524589e-01   -5.6319852265e-01   7.8214659418e-03
1.5180624788e-01   -5.6233144418e-01   8.1083014186e-03
1.6696962637e-01   -5.6104248144e-01   8.4124388823e-03
1.8208330887e-01   -5.5933051550e-01   8.7356421446e-03
1.9713514691e-01   -5.5719475401e-01   9.0797846252e-03
2.1211292179e-01   -5.5463473496e-01   9.4468656677e-03
2.2700435004e-01   -5.5165033041e-01   9.8390274918e-03
2.4179708848e-01   -5.4824175000e-01   1.0258572243e-02
2.5647873885e-01   -5.4440954437e-01   1.0707978544e-02
2.7103685221e-01   -5.4015460851e-01   1.1189916913e-02
2.8545893291e-01   -5.3547818499e-01   1.1707263374e-02
2.9973244244e-01   -5.3038186708e-01   1.2263110574e-02
3.1384480295e-01   -5.2486760181e-01   1.2860775711e-02
3.2778340084e-01   -5.1893769297e-01   1.3503804589e-02
3.4153559024e-01   -5.1259480396e-01   1.4195971134e-02
3.5508869676e-01   -5.0584196066e-01   1.4941271760e-02
3.6843002150e-01   -4.9868255409e-01   1.5743914014e-02
3.8154684550e-01   -4.9112034306e-01   1.6608299016e-02
3.9442643490e-01   -4.8315945669e-01   1.7538997283e-02
4.0705604688e-01   -4.7480439675e-01   1.8540717635e-02
4.1942293660e-01   -4.6606003985e-01   1.9618269003e-02
4.3151436537e-01   -4.5693163947e-01   2.0776515057e-02
4.4331761021e-01   -4.4742482775e-01   2.2020321734e-02
4.5481997497e-01   -4.3754561693e-01   2.3354497887e-02
4.6600880322e-01   -4.2730040058e-01   2.4783729389e-02
4.7687149304e-01   -4.1669595440e-01   2.6312507217e-02
4.8739551392e-01   -4.0573943658e-01   2.7945050174e-02
4.9756842574e-01   -3.9443838768e-01   2.9685223033e-02
5.0737790016e-01   -3.8280072999e-01   3.1536451073e-02
5.1681174429e-01   -3.7083476619e-01   3.3501632054e-02
5.2585792674e-01   -3.5854917742e-01   3.5583046840e-02
5.3450460610e-01   -3.4595302050e-01   3.7782269975e-02
5.4274016175e-01   -3.3305572436e-01   4.0100081584e-02
5.5055322693e-01   -3.1986708560e-01   4.2536382071e-02
5.5793272397e-01   -3.0639726300e-01   4.5090111122e-02
5.6486790147e-01   -2.9265677114e-01   4.7759172528e-02
5.7134837331e-01   -2.7865647279e-01   5.0540366384e-02
5.7736415912e-01   -2.6440757028e-01   5.3429330144e-02
5.8290572600e-01   -2.4992159561e-01   5.6420490010e-02
5.8796403113e-01   -2.3521039943e-01   5.9507024007e-02
5.9253056487e-01   -2.2028613870e-01   6.2680838022e-02
5.9659739399e-01   -2.0516126315e-01   6.5932555945e-02
6.0015720463e-01   -1.8984850046e-01   6.9251524878e-02
6.0320334436e-01   -1.7436084019e-01   7.2625836221e-02
6.0572986306e-01   -1.5871151647e-01   7.6042363223e-02
6.0773155210e-01   -1.4291398955e-01   7.9486815375e-02
6.0920398111e-01   -1.2698192609e-01   8.2943809786e-02
6.1014353221e-01   -1.1092917852e-01   8.6396959432e-02
6.1054743086e-01   -9.4769763244e-02   8.9828977919e-02
6.1041377306e-01   -7.8517838013e-02   9.3221800120e-02
6.0974154846e-01   -6.2187678467e-02   9.6556717814e-02
6.0853065883e-01   -4.5793653957e-02   9.9814529174e-02
6.0678193161e-01   -2.9350202804e-02   1.0297570071e-01
6.0449712824e-01   -1.2871807126e-02   1.0602054005e-01
6.0167894684e-01   3.6270326342e-03   1.0892937766e-01
5.9833101921e-01   2.0131823313e-02   1.1168275554e-01
5.9445790182e-01   3.6628104605e-02   1.1426162060e-01
5.9006506080e-01   5.3101474457e-02   1.1664752039e-01
5.8515885085e-01   6.9537614100e-02   1.1882279864e-01
5.7974648817e-01   8.5922312562e-02   1.2077078823e-01
5.7383601747e-01   1.0224149049e-01   1.2247599872e-01
5.6743627337e-01   1.1848122311e-01   1.2392429615e-01
5.6055683630e-01   1.3462776219e-01   1.2510307230e-01
5.5320798344e-01   1.5066755685e-01   1.2600140105e-01
5.4540063496e-01   1.6658727303e-01   1.2661017955e-01
5.3714629618e-01   1.8237381158e-01   1.2692225178e-01
5.2845699603e-01   1.9801432478e-01   1.2693251282e-01
5.1934522262e-01   2.1349623127e-01   1.2663799168e-01
5.0982385643e-01   2.2880722913e-01   1.2603791158e-01
4.9990610176e-01   2.4393530734e-01   1.2513372615e-01
4.8960541737e-01   2.5886875530e-01   1.2392913083e-01
4.7893544684e-01   2.7359617047e-01   1.2243004892e-01
4.6790994944e-01   2.8810646425e-01   1.2064459199e-01
4.5654273244e-01   3.0238886594e-01   1.1858299492e-01
4.4484758528e-01   3.1643292485e-01   1.1625752606e-01
4.3283821666e-01   3.3022851076e-01   1.1368237341e-01
4.2052819493e-01   3.4376581259e-01   1.1087350811e-01
4.0793089273e-01   3.5703533555e-01   1.0784852685e-01
3.9505943612e-01   3.7002789679e-01   1.0462647514e-01
3.8192665914e-01   3.8273461969e-01   1.0122765365e-01
3.6854506384e-01   3.9514692699e-01   9.7673410117e-02
3.5492678658e-01   4.0725653279e-01   9.3985919624e-02
3.4108357055e-01   4.1905543376e-01   9.0187956126e-02
3.2702674497e-01   4.3053589955e-01   8.6302658294e-02
3.1276721100e-01   4.4169046274e-01   8.2353292888e-02
2.9831543437e-01   4.5251190839e-01   7.8363018875e-02
2.8368144484e-01   4.6299326345e-01   7.4354655524e-02
2.6887484200e-01   4.7312778618e-01   7.0350457647e-02
2.5390480761e-01   4.8290895574e-01   6.6371901078e-02
2.3878012377e-01   4.9233046217e-01   6.2439481296e-02
2.2350919671e-01   5.0138619692e-01   5.8572527911e-02
2.0810008571e-01   5.1007024395e-01   5.4789037491e-02
1.9256053647e-01   5.1837687174e-01   5.1105526885e-02
1.7689801848e-01   5.2630052622e-01   4.7536908919e-02
1.6111976561e-01   5.3383582464e-01   4.4096391922e-02
1.4523281928e-01   5.4097755068e-01   4.0795404212e-02
1.2924407348e-01   5.4772065070e-01   3.7643544204e-02
1.1316032085e-01   5.5406023116e-01   3.4648556440e-02
9.6988299129e-02   5.5999155739e-01   3.1816333359e-02
8.0734737282e-02   5.6551005358e-01   2.9150942260e-02
6.4406400444e-02   5.7061130405e-01   2.6654676426e-02
4.8010133166e-02   5.7529105570e-01   2.4328129049e-02
3.1552900229e-02   5.7954522165e-01   2.2170288166e-02
1.5041824488e-02   5.8336988599e-01   2.0178650491e-02
-1.5157787825e-03   5.8676130956e-01   1.8349351741e-02
-1.8112371478e-02   5.8971593659e-01   1.6677310748e-02
-3.4740166554e-02   5.9223040225e-01   1.5156384460e-02
-5.1391106488e-02   5.9430154081e-01   1.3779530783e-02
-6.8056846512e-02   5.9592639441e-01   1.2538976067e-02
-8.4728742704e-02   5.9710222228e-01   1.1426384025e-02
-1.0139784495e-01   5.9782651025e-01   1.0433022881e-02
-1.1805489468e-01   5.9809698045e-01   9.5499275977e-03
-1.3469032723e-01   5.9791160107e-01   8.7680541775e-03
-1.5129427855e-01   5.9726859600e-01   8.0784232247e-03
-1.6785659589e-01   5.9616645439e-01   7.4722501848e-03
-1.8436685219e-01   5.9460393980e-01   6.9410599825e-03
-2.0081436357e-01   5.9258009900e-01   6.4767841147e-03
-2.1718820939e-01   5.9009427036e-01   6.0718386348e-03
-2.3347725455e-01   5.8714609161e-01   5.7191818744e-03
-2.4967017315e-01   5.8373550707e-01   5.4123511866e-03
-2.6575547308e-01   5.7986277427e-01   5.1454784479e-03
-2.8172152103e-01   5.7552846983e-01   4.9132845159e-03
-2.9755656706e-01   5.7073349482e-01   4.7110533031e-03
-3.1324876840e-01   5.6547907936e-01   4.5345865758e-03
-3.2878621195e-01   5.5976678672e-01   4.3801410225e-03
-3.4415693481e-01   5.5359851675e-01   4.2443495375e-03
-3.5934894266e-01   5.4697650888e-01   4.1241290393e-03
-3.7435022546e-01   5.3990334457e-01   4.0165774646e-03
-3.8914877032e-01   5.3238194952e-01   3.9188628566e-03
-4.0373257129e-01   5.2441559542e-01   3.8281076825e-03
-4.1808963603e-01   5.1600790160e-01   3.7412716704e-03
-4.3220798928e-01   5.0716283653e-01   3.6550365466e-03
-4.4607567334e-01   4.9788471918e-01   3.5656960697e-03
-4.5968074560e-01   4.8817822060e-01   3.4690547103e-03
-4.7301127361e-01   4.7804836541e-01   3.3603382004e-03
-4.8605532783e-01   4.6750053360e-01   3.2341189801e-03
-4.9880097269e-01   4.5654046251e-01   3.0842593137e-03
-5.1123625639e-01   4.4517424911e-01   2.9038745163e-03
-5.2334920008e-01   4.3340835255e-01   2.6853183503e-03
-5.3512778706e-01   4.2124959708e-01   2.4201922154e-03
-5.4655995253e-01   4.0870517518e-01   2.0993792715e-03
-5.5763357490e-01   3.9578265108e-01   1.7131041190e-03
-5.6833646906e-01   3.8248996443e-01   1.2510181147e-03
-5.7865638246e-01   3.6883543419e-01   7.0230984369e-04
-5.8858099467e-01   3.5482776256e-01   5.5839696156e-05
-5.9809792105e-01   3.4047603892e-01   -6.9970305580e-04
-6.0719472113e-01   3.2578974364e-01   -1.5756228365e-03
-6.1585891212e-01   3.1077875154e-01   -2.5830226677e-03
-6.2407798818e-01   2.9545333502e-01   -3.7325945373e-03
-6.3183944560e-01   2.7982416651e-01   -5.0343988113e-03
-6.3913081417e-01   2.6390232022e-01   -6.4976366285e-03
-6.4593969491e-01   2.4769927289e-01   -8.1304195249e-03
-6.5225380408e-01   2.3122690349e-01   -9.9395407545e-03
-6.5806102341e-01   2.1449749157e-01   -1.1930252923e-02
-6.6334945611e-01   1.9752371417e-01   -1.4106056605e-02
-6.6810748845e-01   1.8031864107e-01   -1.6468504583e-02
-6.7232385627e-01   1.6289572829e-01   -1.9017026228e-02
-6.7598771572e-01   1.4526880963e-01   -2.1748776321e-02
-6.7908871759e-01   1.2745208619e-01   -2.4658512305e-02
-6.8161708415e-01   1.0946011377e-01   -2.7738503587e-02
-6.8356368773e-01   9.1307787984e-02   -3.0978476010e-02
-6.8492012978e-01   7.3010327268e-02   -3.4365594087e-02
-6.8567881945e-01   5.4583253476e-02   -3.7884482982e-02
-6.8583305038e-01   3.6042370323e-02   -4.1517291535e-02
-6.8537707466e-01   1.7403739611e-02   -4.5243796953e-02
-6.8430617256e-01   -1.3163446528e-03   -4.9041551011e-02
-6.8261671706e-01   -2.0101384129e-02   -5.2886066885e-02
-6.8030623185e-01   -3.8934705850e-02   -5.6751044950e-02
-6.7737344191e-01   -5.7799493589e-02   -6.0608635127e-02
-6.7381831539e-01   -7.6678820672e-02   -6.4429732665e-02
-6.6964209624e-01   -9.5555683989e-02   -6.8184303522e-02
-6.6484732648e-01   -1.1441303896e-01   -7.1841734883e-02
-6.5943785772e-01   -1.3323383514e-01   -7.5371205814e-02
-6.5341885121e-01   -1.5200105221e-01   -7.8742072524e-02
-6.4679676636e-01   -1.7069773598e-01   -8.1924262334e-02
-6.3957933730e-01   -1.8930703411e-01   -8.4888670148e-02
-6.3177553774e-01   -2.0781223126e-01   -8.7607551027e-02
-6.2339553418e-01   -2.2619678325e-01   -9.0054902389e-02
-6.1445062801e-01   -2.4444435005e-01   -9.2206829401e-02
-6.0495318699e-01   -2.6253882709e-01   -9.4041887288e-02
-5.9491656686e-01   -2.8046437487e-01   -9.5541394548e-02
-5.8435502415e-01   -2.9820544631e-01   -9.6689711475e-02
-5.7328362107e-01   -3.1574681188e-01   -9.7474478872e-02
-5.6171812385e-01   -3.3307358206e-01   -9.7886812462e-02
-5.4967489587e-01   -3.5017122710e-01   -9.7921449190e-02
-5.3717078689e-01   -3.6702559390e-01   -9.7576842398e-02
-5.2422302001e-01   -3.8362291986e-01   -9.6855203700e-02
-5.1084907796e-01   -3.9994984377e-01   -9.5762490297e-02
-4.9706659008e-01   -4.1599341355e-01   -9.4308337408e-02
-4.8289322190e-01   -4.3174109105e-01   -9.2505936453e-02
-4.6834656856e-01   -4.4718075378e-01   -9.0371860602e-02
-4.5344405378e-01   -4.6230069393e-01   -8.7925840233e-02
-4.3820283562e-01   -4.7708961458e-01   -8.5190491775e-02
-4.2263972045e-01   -4.9153662346e-01   -8.2191004269e-02
-4.0677108625e-01   -5.0563122448e-01   -7.8954788744e-02
-3.9061281613e-01   -5.1936330714e-01   -7.5511096263e-02
-3.7418024309e-01   -5.3272313433e-01   -7.1890611029e-02
-3.5748810647e-01   -5.4570132859e-01   -6.8125025477e-02
-3.4055052065e-01   -5.5828885734e-01   -6.4246604596e-02
-3.2338095611e-01   -5.7047701735e-01   -6.0287746982e-02
-3.0599223296e-01   -5.8225741868e-01   -5.6280550162e-02
-2.8839652667e-01   -5.9362196864e-01   -5.2256387671e-02
-2.7060538551e-01   -6.0456285588e-01   -4.8245505160e-02
-2.5262975926e-01   -6.1507253513e-01   -4.4276642415e-02
-2.3448003816e-01   -6.2514371267e-01   -4.0376687676e-02
-2.1616610123e-01   -6.3476933303e-01   -3.6570369998e-02
-1.9769737282e-01   -6.4394256700e-01   -3.2879994624e-02
-1.7908288604e-01   -6.5265680124e-01   -2.9325225452e-02
-1.6033135176e-01   -6.6090562962e-01   -2.5922917738e-02
-1.4145123163e-01   -6.6868284656e-01   -2.2687003070e-02
-1.2245081377e-01   -6.7598244227e-01   -1.9628427612e-02
-1.0333828948e-01   -6.8279860015e-01   -1.6755143404e-02
-8.4121829474e-02   -6.8912569621e-01   -1.4072151418e-02
-6.4809658313e-02   -6.9495830059e-01   -1.1581593875e-02
-4.5410125573e-02   -7.0029118111e-01   -9.2828922708e-03
-2.5931772522e-02   -7.0511930872e-01   -7.1729264849e-03
-6.3833932361e-03   -7.0943786470e-01   -5.2462493992e-03
1.3225910813e-02   -7.1324224958e-01   -3.4953306099e-03
3.2886683422e-02   -7.1652809341e-01   -1.9108220805e-03
5.2589074112e-02   -7.1929126733e-01   -4.8183800988e-04
7.2322806689e-02   -7.2152789622e-01   8.0375922325e-04
9.2077155977e-02   -7.2323437209e-01   1.9590754245e-03
1.1184093258e-01   -7.2440736809e-01   2.9979116907e-03
1.3160247526e-01   -7.2504385300e-01   3.9345105589e-03
1.5134965033e-01   -7.2514110577e-01   4.7833291650e-03
1.7106985715e-01   -7.2469673017e-01   5.5588468496e-03
1.9075003887e-01   -7.2370866928e-01   6.2754139374e-03
2.1037669692e-01   -7.2217521966e-01   6.9471475185e-03
2.2993590817e-01   -7.2009504524e-01   7.5878790014e-03
2.4941334304e-01   -7.1746719071e-01   8.2111569945e-03
2.6879428324e-01   -7.1429109457e-01   8.8303077371e-03
2.8806363726e-01   -7.1056660173e-01   9.4585538551e-03
3.0720595227e-01   -7.0629397581e-01   1.0109190697e-02
3.2620542070e-01   -7.0147391133e-01   1.0795817937e-02
3.4504588009e-01   -6.9610754571e-01   1.1532622550e-02
3.6371080496e-01   -6.9019647161e-01   1.2334707683e-02
3.8218328929e-01   -6.8374274964e-01   1.3218460454e-02
4.0044601907e-01   -6.7674892165e-01   1.4201950244e-02
4.1848123376e-01   -6.6921802519e-01   1.5305347763e-02
4.3627067675e-01   -6.6115360908e-01   1.6551353986e-02
4.5379553435e-01   -6.5255975070e-01   1.7965627083e-02
4.7103636383e-01   -6.4344107513e-01   1.9577194685e-02
4.8797301106e-01   -6.3380277658e-01   2.1418838295e-02
5.0458451876e-01   -6.2365064229e-01   2.3527436375e-02
5.2084902677e-01   -6.1299107918e-01   2.5944252605e-02
5.3674366612e-01   -6.0183114354e-01   2.8715156119e-02
5.5224444892e-01   -5.9017857378e-01   3.1890761054e-02
5.6732615675e-01   -5.7804182650e-01   3.5526473640e-02
5.8196223002e-01   -5.6543011570e-01   3.9682436182e-02
5.9612466161e-01   -5.5235345530e-01   4.4423358731e-02
6.0978389796e-01   -5.3882270468e-01   4.9818230926e-02
6.2290875094e-01   -5.2484961704e-01   5.5939908432e-02
6.3546632430e-01   -5.1044689026e-01   6.2864570539e-02
6.4742195813e-01   -4.9562821984e-01   7.0671047840e-02
6.5873919494e-01   -4.8040835333e-01   7.9440021367e-02
6.6937977099e-01   -4.6480314568e-01   8.9253097168e-02
6.7930363601e-01   -4.4882961478e-01   1.0019176294e-01
6.8846900470e-01   -4.3250599625e-01   1.1233623602e-01
6.9683244245e-01   -4.1585179672e-01   1.2576421461e-01
7.0434898798e-01   -3.9888784454e-01   1.4054954671e-01
7.1097231468e-01   -3.8163633685e-01   1.5676083360e-01
7.1665493216e-01   -3.6412088194e-01   1.7445998689e-01
7.2134842875e-01   -3.4636653572e-01   1.9370076018e-01
7.2500375530e-01   -3.2839983123e-01   2.1452727800e-01
7.2757154965e-01   -3.1024879986e-01   2.3697258620e-01
7.2900250081e-01   -2.9194298331e-01   2.6105724862e-01
7.2924775076e-01   -2.7351343501e-01   2.8678801599e-01
7.2825933133e-01   -2.5499271012e-01   3.1415659252e-01
7.2599063285e-01   -2.3641484292e-01   3.4313852606e-01
7.2239690034e-01   -2.1781531089e-01   3.7369224635e-01
7.1743575270e-01   -1.9923098461e-01   4.0575827513e-01
7.1106771920e-01   -1.8070006284e-01   4.3925862996e-01
7.0325678757e-01   -1.6226199240e-01   4.7409644163e-01
6.9397095699e-01   -1.4395737242e-01   5.1015580239e-01
6.8318278905e-01   -1.2582784285e-01   5.4730185950e-01
6.7086994940e-01   -1.0791595743e-01   5.8538116497e-01
6.5701573255e-01   -9.0265041229e-02   6.2422228919e-01
6.4160956203e-01   -7.2919033283e-02   6.6363670180e-01
6.2464745837e-01   -5.5922315116e-02   7.0341991943e-01
6.0613246696e-01   -3.9319525952e-02   7.4335291563e-01
5.8607503877e-01   -2.3155365802e-02   7.8320378382e-01
5.6449335645e-01   -7.4743877379e-03   8.2272963997e-01
5.4141359953e-01   7.6792191085e-03   8.6167874759e-01
5.1687014249e-01   2.2261854116e-02   8.9979284306e-01
4.9090568042e-01   3.6230735438e-02   9.3680963610e-01
4.6357127775e-01   4.9544133944e-02   9.7246545602e-01
4.3492633644e-01   6.2161608674e-02   1.0064980116e+00
4.0503848093e-01   7.4044241588e-02   1.0386492291e+00
3.7398335826e-01   8.5154869273e-02   1.0686681322e+00
3.4184435297e-01   9.5458309273e-02   1.0963137222e+00
3.0871221733e-01   1.0492157865e-01   1.1213578215e+00
2.7468461889e-01   1.1351410247e-01   1.1435878366e+00
2.3986560830e-01   1.2120790987e-01   1.1628094013e+00
2.0436501161e-01   1.2797781557e-01   1.1788488596e+00
1.6829775248e-01   1.3380158468e-01   1.1915555504e+00
1.3178311068e-01   1.3866007893e-01   1.2008038566e+00
9.4943924246e-02   1.4253738251e-01   1.2064949847e+00
5.7905743889e-02   1.4542090605e-01   1.2085584468e+00
2.0795948565e-02   1.4730146733e-01   1.2069532147e+00
-1.6257167676e-02   1.4817334779e-01   1.2016685277e+00
-5.3125327227e-02   1.4803432390e-01   1.1927243347e+00
-8.9681207948e-02   1.4688567306e-01   1.1801713597e+00
-1.2579937854e-01   1.4473215372e-01   1.1640907841e+00
-1.6135721907e-01   1.4158195989e-01   1.1445935449e+00
-1.9623581545e-01   1.3744665041e-01   1.1218192545e+00
-2.3032081702e-01   1.3234105379e-01   1.0959347539e+00
-2.6350324667e-01   1.2628314955e-01   1.0671323148e+00
-2.9568025366e-01   1.1929392745e-01   1.0356275145e+00
-3.2675579982e-01   1.1139722612e-01   1.0016568115e+00
-3.5664127103e-01   1.0261955303e-01   9.6547485416e-01
-3.8525600647e-01   9.2989887664e-02   9.2735156018e-01
-4.1252773959e-01   8.2539470429e-02   8.8756900886e-01
-4.3839294603e-01   7.1301579412e-02   8.4641818969e-01
-4.6279709465e-01   5.9311297763e-02   8.0419565548e-01
-4.8569479969e-01   4.6605274228e-02   7.6120012855e-01
-5.0704987332e-01   3.3221479554e-02   7.1772911040e-01
-5.2683527910e-01   1.9198961477e-02   6.7407554494e-01
-5.4503298874e-01   4.5776009767e-03   6.3052458491e-01
-5.6163374553e-01   -1.0602127584e-02   5.8735050966e-01
-5.7663673945e-01   -2.6299389912e-02   5.4481383982e-01
-5.9004920016e-01   -4.2473216451e-02   5.0315869157e-01
-6.0188591519e-01   -5.9082716060e-02   4.6261040902e-01
-6.1216868183e-01   -7.6087276694e-02   4.2337350864e-01
-6.2092570195e-01   -9.3446751331e-02   3.8562996445e-01
-6.2819092994e-01   -1.1112162762e-01   3.4953785687e-01
-6.3400338442e-01   -1.2907318003e-01   3.1523040174e-01
-6.3840643470e-01   -1.4726360354e-01   2.8281536961e-01
-6.4144707339e-01   -1.6565612830e-01   2.5237489842e-01
-6.4317518628e-01   -1.8421511477e-01   2.2396569578e-01
-6.4364283070e-01   -2.0290612953e-01   1.9761962028e-01
-6.4290353300e-01   -2.2169600183e-01   1.7334462431e-01
-6.4101161520e-01   -2.4055286160e-01   1.5112603458e-01
-6.3802156024e-01   -2.5944615964e-01   1.3092814027e-01
-6.3398742428e-01   -2.7834667107e-01   1.1269605338e-01
-6.2896230332e-01   -2.9722648352e-01   9.6357800753e-02
-6.2299786028e-01   -3.1605897122e-01   8.1826603119e-02
-6.1614391752e-01   -3.3481875704e-01   6.9003293185e-02
-6.0844811801e-01   -3.5348166395e-01   5.7778822185e-02
-5.9995565738e-01   -3.7202465788e-01   4.8036802897e-02
-5.9070908703e-01   -3.9042578392e-01   3.9656036557e-02
-5.8074818765e-01   -4.0866409769e-01   3.2512971578e-02
-5.7010991039e-01   -4.2671959387e-01   2.6484043535e-02
-5.5882838198e-01   -4.4457313349e-01   2.1447848381e-02
-5.4693496860e-01   -4.6220637187e-01   1.7287104383e-02
-5.3445839203e-01   -4.7960168864e-01   1.3890362706e-02
-5.2142489080e-01   -4.9674212118e-01   1.1153431850e-02
-5.0785841774e-01   -5.1361130264e-01   8.9804872188e-03
-4.9378086509e-01   -5.3019340549e-01   7.2848438089e-03
-4.7921230740e-01   -5.4647309112e-01   5.9893772467e-03
-4.6417125235e-01   -5.6243546609e-01   5.0265860865e-03
-4.4867488949e-01   -5.7806604491e-01   4.3382961806e-03
-4.3273932700e-01   -5.9335071940e-01   3.8750159747e-03
-4.1637980691e-01   -6.0827573401e-01   3.5949595558e-03
-3.9961088992e-01   -6.2282766666e-01   3.4627620606e-03
-3.8244660159e-01   -6.3699341386e-01   3.4479194559e-03
-3.6490053285e-01   -6.5076017935e-01   3.5229915920e-03
-3.4698588876e-01   -6.6411546457e-01   3.6616136474e-03
-3.2871548107e-01   -6.7704705973e-01   3.8363664919e-03
-3.1010166129e-01   -6.8954303388e-01   4.0165609715e-03
-2.9115619294e-01   -7.0159172208e-01   4.1659945478e-03
-2.7189006296e-01   -7.1318170834e-01   4.2407410208e-03
-2.5231323434e-01   -7.2430180238e-01   4.1870351422e-03
-2.3243434353e-01   -7.3494100865e-01   3.9393137540e-03
-2.1226034797e-01   -7.4508848629e-01   3.4184736150e-03
-1.9179613073e-01   -7.5473349850e-01   2.5304033226e-03
-1.7104407091e-01   -7.6386535027e-01   1.1648427076e-03
-1.5000358964e-01   -7.7247331367e-01   -8.0538217245e-04
-1.2867068304e-01   -7.8054653997e-01   -3.5247067158e-03
-1.0703745428e-01   -7.8807395850e-01   -7.1547238679e-03
-8.5091658042e-02   -7.9504416214e-01   -1.1873602745e-02
-6.2816270838e-02   -8.0144528006e-01   -1.7875013096e-02
-4.0189101420e-02   -8.0726483844e-01   -2.5366548746e-02
-1.7182455121e-02   -8.1248961045e-01   -3.4567653415e-02
6.2371340446e-03   -8.1710545708e-01   -4.5707062900e-02
3.0109090388e-02   -8.2109716076e-01   -5.9019788207e-02
5.4478890373e-02   -8.2444825430e-01   -7.4743674705e-02
7.9398052139e-02   -8.2714084760e-01   -9.3115582552e-02
1.0492401107e-01   -8.2915545532e-01   -1.1436724323e-01
1.3111987347e-01   -8.3047082861e-01   -1.3872085583e-01
1.5805404226e-01   -8.3106379450e-01   -1.6638449476e-01
1.8579971097e-01   -8.3090910645e-01   -1.9754740715e-01
2.1443422443e-01   -8.2997930980e-01   -2.3237528390e-01
2.4403830705e-01   -8.2824462589e-01   -2.7100559216e-01
2.7469516228e-01   -8.2567285853e-01   -3.1354305993e-01
3.0648944920e-01   -8.2222932636e-01   -3.6005540381e-01
3.3950614508e-01   -8.1787682458e-01   -4.1056939058e-01
3.7382930485e-01   -8.1257561913e-01   -4.6506732043e-01
4.0954073144e-01   -8.0628347623e-01   -5.2348401547e-01
4.0954073144e-01   -8.0628347623e-01   -5.2348401547e-01
