X    Y
0.0000000000e+00   0.0000000000e+00
1.0000000000e-04   -4.0000608228e-05
1.1000000000e-03   -4.4007346774e-04
1.1100000000e-02   -4.4473512796e-03
8.9301368524e-02   -3.6132529862e-02
1.6750273705e-01   -6.8236491549e-02
2.4570410557e-01   -1.0049916546e-01
3.2390547410e-01   -1.3268001077e-01
4.0210684262e-01   -1.6455293336e-01
4.8030821114e-01   -1.9590216470e-01
5.5850957967e-01   -2.2651936021e-01
6.3671094819e-01   -2.5620189112e-01
7.1491231672e-01   -2.8475213842e-01
7.9311368524e-01   -3.1197754156e-01
8.7131505376e-01   -3.3769115489e-01
9.4951642229e-01   -3.6171251677e-01
9.4961642229e-01   -3.6174207599e-01
9.5061642229e-01   -3.6203750029e-01
9.6061642229e-01   -3.6497488261e-01
1.0388177908e+00   -3.8685277842e-01
1.1170191593e+00   -4.0667863308e-01
1.1952205279e+00   -4.2429939843e-01
1.2734218964e+00   -4.3957306770e-01
1.3516232649e+00   -4.5236974126e-01
1.4298246334e+00   -4.6257263601e-01
1.5080260020e+00   -4.7007902906e-01
1.5862273705e+00   -4.7480112803e-01
1.6644287390e+00   -4.7666686160e-01
1.7426301075e+00   -4.7562058442e-01
1.8208314761e+00   -4.7162369112e-01
1.8990328446e+00   -4.6465513444e-01
1.9772342131e+00   -4.5471184339e-01
2.0554355816e+00   -4.4180903735e-01
2.1336369501e+00   -4.2598043319e-01
2.2118383187e+00   -4.0727834266e-01
2.2900396872e+00   -3.8577365825e-01
2.3682410557e+00   -3.6155572645e-01
2.4464424242e+00   -3.3473210790e-01
2.5246437928e+00   -3.0542822516e-01
2.6028451613e+00   -2.7378689936e-01
2.6810465298e+00   -2.3996777820e-01
2.7592478983e+00   -2.0414665871e-01
2.7593478983e+00   -2.0409965084e-01
2.7603478983e+00   -2.0362940933e-01
2.7703478983e+00   -1.9891079128e-01
2.8485492669e+00   -1.6103815440e-01
2.9267506354e+00   -1.2159066973e-01
3.0049520039e+00   -8.0789386261e-02
3.0831533724e+00   -3.8867705529e-02
3.1613547410e+00   3.9297272314e-03
3.2395561095e+00   4.7348179516e-02
3.3177574780e+00   9.1124015980e-02
3.3959588465e+00   1.3498588604e-01
3.4741602151e+00   1.7865588269e-01
3.5523615836e+00   2.2185063091e-01
3.6305629521e+00   2.6428225135e-01
3.7087643206e+00   3.0565912709e-01
3.7869656891e+00   3.4568637883e-01
3.8651670577e+00   3.8406592053e-01
3.9433684262e+00   4.2049591780e-01
4.0215697947e+00   4.5466946387e-01
4.0997711632e+00   4.8627222092e-01
4.1779725318e+00   5.1497869120e-01
4.2561739003e+00   5.4044688537e-01
4.3343752688e+00   5.6231120123e-01
4.3344752688e+00   5.6233668753e-01
4.3354752688e+00   5.6259119072e-01
4.3454752688e+00   5.6510005903e-01
4.4236766373e+00   5.8235967519e-01
4.5018780059e+00   5.9511022046e-01
4.5800793744e+00   6.0285472542e-01
4.6582807429e+00   6.0504624568e-01
4.7364821114e+00   6.0110387739e-01
4.8146834800e+00   5.9045626815e-01
4.8928848485e+00   5.7262500583e-01
4.9710862170e+00   5.4735367764e-01
5.0492875855e+00   5.1476954696e-01
5.1274889541e+00   4.7553407389e-01
5.2056903226e+00   4.3090990868e-01
5.2838916911e+00   3.8267358298e-01
5.3620930596e+00   3.3285674775e-01
5.4402944282e+00   2.8338680861e-01
5.5184957967e+00   2.3575970457e-01
5.5966971652e+00   1.9086163172e-01
5.6748985337e+00   1.4897508046e-01
5.7530999022e+00   1.0992097350e-01
5.7531999022e+00   1.0987267219e-01
5.7541999022e+00   1.0938987396e-01
5.7641999022e+00   1.0458316059e-01
5.8424012708e+00   6.8210809961e-02
5.9206026393e+00   3.3613170551e-02
5.9988040078e+00   3.0139054391e-04
6.0770053763e+00   -3.2103899391e-02
6.1552067449e+00   -6.3853819297e-02
6.2334081134e+00   -9.5078860137e-02
6.3116094819e+00   -1.2580938648e-01
6.3898108504e+00   -1.5599977521e-01
6.4680122190e+00   -1.8555089659e-01
6.5462135875e+00   -2.1432859091e-01
6.6244149560e+00   -2.4217763668e-01
6.7026163245e+00   -2.6893173195e-01
6.7808176931e+00   -2.9442034705e-01
6.8590190616e+00   -3.1847337218e-01
6.9372204301e+00   -3.4092427522e-01
7.0154217986e+00   -3.6161236828e-01
7.0936231672e+00   -3.8038452292e-01
7.1718245357e+00   -3.9709656454e-01
7.2500259042e+00   -4.1161447419e-01
7.3282272727e+00   -4.2381546554e-01
7.4064286413e+00   -4.3358896915e-01
7.4846300098e+00   -4.4083753721e-01
7.5628313783e+00   -4.4547767204e-01
7.6410327468e+00   -4.4744057696e-01
7.7192341153e+00   -4.4667282603e-01
7.7974354839e+00   -4.4313694846e-01
7.8756368524e+00   -4.3681192347e-01
7.9538382209e+00   -4.2769358132e-01
8.0320395894e+00   -4.1579490707e-01
8.1102409580e+00   -4.0114624376e-01
8.1884423265e+00   -3.8379539244e-01
8.2666436950e+00   -3.6380760731e-01
8.2667436950e+00   -3.6378039330e-01
8.2677436950e+00   -3.6350802337e-01
8.2777436950e+00   -3.6076137983e-01
8.3559450635e+00   -3.3786434069e-01
8.4341464321e+00   -3.1252814802e-01
8.5123478006e+00   -2.8487173546e-01
8.5905491691e+00   -2.5503029970e-01
8.6687505376e+00   -2.2315477803e-01
8.7469519062e+00   -1.8941121326e-01
8.8251532747e+00   -1.5398001830e-01
8.9033546432e+00   -1.1705514933e-01
8.9815560117e+00   -7.8843195150e-02
9.0597573803e+00   -3.9562392027e-02
9.1379587488e+00   5.5842591075e-04
9.2161601173e+00   4.1280927929e-02
9.2943614858e+00   8.2358424348e-02
9.3725628543e+00   1.2353702194e-01
9.4507642229e+00   1.6455677332e-01
9.5289655914e+00   2.0515279064e-01
9.6071669599e+00   2.4505628937e-01
9.6853683284e+00   2.8399550894e-01
9.7635696970e+00   3.2169644531e-01
9.8417710655e+00   3.5788335662e-01
9.9199724340e+00   3.9227891796e-01
9.9200724340e+00   3.9232163559e-01
9.9210724340e+00   3.9274862547e-01
9.9310724340e+00   3.9699977026e-01
1.0009273803e+01   4.2900802261e-01
1.0087475171e+01   4.5862309687e-01
1.0165676540e+01   4.8555781075e-01
1.0243877908e+01   5.0951792011e-01
1.0322079277e+01   5.3019895399e-01
1.0400280645e+01   5.4728259869e-01
1.0478482014e+01   5.6043334188e-01
1.0556683382e+01   5.6929679143e-01
1.0634884751e+01   5.7350211168e-01
1.0713086119e+01   5.7267228134e-01
1.0791287488e+01   5.6644699399e-01
1.0869488856e+01   5.5452311688e-01
1.0947690225e+01   5.3671525390e-01
1.1025891593e+01   5.1303257976e-01
1.1104092962e+01   4.8375746069e-01
1.1182294330e+01   4.4949959737e-01
1.1260495699e+01   4.1119413028e-01
1.1338697067e+01   3.7002219913e-01
1.1416898436e+01   3.2725981814e-01
1.1495099804e+01   2.8409395325e-01
1.1495199804e+01   2.8403893132e-01
1.1496199804e+01   2.8348876310e-01
1.1506199804e+01   2.7799251356e-01
1.1584401173e+01   2.3549412996e-01
1.1662602542e+01   1.9418778028e-01
1.1740803910e+01   1.5429018336e-01
1.1819005279e+01   1.1575769725e-01
1.1897206647e+01   7.8388326781e-02
1.1975408016e+01   4.1919867584e-02
1.2053609384e+01   6.1049213711e-03
1.2131810753e+01   -2.9243320051e-02
1.2210012121e+01   -6.4231372305e-02
1.2288213490e+01   -9.8884616053e-02
1.2366414858e+01   -1.3315756295e-01
1.2444616227e+01   -1.6694887768e-01
1.2522817595e+01   -2.0011685448e-01
1.2601018964e+01   -2.3249298246e-01
1.2679220332e+01   -2.6389270470e-01
1.2757421701e+01   -2.9412339992e-01
1.2835623069e+01   -3.2299006999e-01
1.2913824438e+01   -3.5029934131e-01
1.2992025806e+01   -3.7586233055e-01
1.3070227175e+01   -3.9949679440e-01
1.3148428543e+01   -4.2102884642e-01
1.3226629912e+01   -4.4029441455e-01
1.3304831281e+01   -4.5714054003e-01
1.3304931281e+01   -4.5716047374e-01
1.3305931281e+01   -4.5735957989e-01
1.3315931281e+01   -4.5932749074e-01
1.3394132649e+01   -4.7323821078e-01
1.3472334018e+01   -4.8444210318e-01
1.3550535386e+01   -4.9282977400e-01
1.3628736755e+01   -4.9830659496e-01
1.3706938123e+01   -5.0079402817e-01
1.3785139492e+01   -5.0023056574e-01
1.3863340860e+01   -4.9657246032e-01
1.3941542229e+01   -4.8979431260e-01
1.4019743597e+01   -4.7988953836e-01
1.4097944966e+01   -4.6687072113e-01
1.4176146334e+01   -4.5076985086e-01
1.4254347703e+01   -4.3163844693e-01
1.4332549071e+01   -4.0954756418e-01
1.4410750440e+01   -3.8458768064e-01
1.4488951808e+01   -3.5686846656e-01
1.4567153177e+01   -3.2651843532e-01
1.4645354545e+01   -2.9368447745e-01
1.4723555914e+01   -2.5853128028e-01
1.4801757283e+01   -2.2124063694e-01
1.4879958651e+01   -1.8201064947e-01
1.4958160020e+01   -1.4105483261e-01
1.4958260020e+01   -1.4100145137e-01
1.4959260020e+01   -1.4046750427e-01
1.4969260020e+01   -1.3511466279e-01
1.5047461388e+01   -9.2467604478e-02
1.5125662757e+01   -4.8599222706e-02
1.5203864125e+01   -3.7646777093e-03
1.5282065494e+01   4.1770004357e-02
1.5360266862e+01   8.7729147753e-02
1.5438468231e+01   1.3382863963e-01
1.5516669599e+01   1.7977710036e-01
1.5594870968e+01   2.2527696049e-01
1.5673072336e+01   2.7002537516e-01
1.5751273705e+01   3.1371488171e-01
1.5829475073e+01   3.5603367026e-01
1.5907676442e+01   3.9666528574e-01
1.5985877810e+01   4.3528752256e-01
1.6064079179e+01   4.7157018661e-01
1.6142280547e+01   5.0517128226e-01
1.6220481916e+01   5.3573109849e-01
1.6298683284e+01   5.6286359778e-01
1.6376884653e+01   5.8614457760e-01
1.6455086022e+01   6.0509647833e-01
1.6455186022e+01   6.0511771656e-01
1.6456186022e+01   6.0532966052e-01
1.6466186022e+01   6.0740501133e-01
1.6544387390e+01   6.2073719850e-01
1.6622588759e+01   6.2845555189e-01
1.6700790127e+01   6.2981307065e-01
1.6778991496e+01   6.2398452546e-01
1.6857192864e+01   6.1013205700e-01
1.6935394233e+01   5.8754373686e-01
1.7013595601e+01   5.5585830916e-01
1.7091796970e+01   5.1534845073e-01
1.7169998338e+01   4.6716703573e-01
1.7248199707e+01   4.1340500988e-01
1.7326401075e+01   3.5683816343e-01
1.7404602444e+01   3.0038882604e-01
1.7482803812e+01   2.4651188957e-01
1.7561005181e+01   1.9677235331e-01
1.7639206549e+01   1.5175579667e-01
1.7717407918e+01   1.1126121684e-01
1.7717507918e+01   1.1121207286e-01
1.7718507918e+01   1.1072098021e-01
1.7728507918e+01   1.0584441645e-01
1.7806709286e+01   6.9681055319e-02
1.7884910655e+01   3.6408702110e-02
1.7963112023e+01   5.2407393772e-03
1.8041313392e+01   -2.4453699534e-02
1.8119514761e+01   -5.3122222715e-02
1.8197716129e+01   -8.1042098185e-02
1.8275917498e+01   -1.0835102795e-01
1.8354118866e+01   -1.3508174889e-01
1.8432320235e+01   -1.6119325795e-01
1.8510521603e+01   -1.8659588007e-01
1.8588722972e+01   -2.1116991181e-01
1.8666924340e+01   -2.3477873346e-01
1.8745125709e+01   -2.5727767859e-01
1.8823327077e+01   -2.7851990301e-01
1.8901528446e+01   -2.9836026018e-01
1.8979729814e+01   -3.1665792511e-01
1.9057931183e+01   -3.3327826195e-01
1.9136132551e+01   -3.4809424665e-01
1.9214333920e+01   -3.6098762836e-01
1.9292535288e+01   -3.7184993096e-01
1.9370736657e+01   -3.8058334709e-01
1.9448938025e+01   -3.8710154918e-01
1.9527139394e+01   -3.9133042715e-01
1.9605340762e+01   -3.9320875516e-01
1.9683542131e+01   -3.9268878570e-01
1.9761743500e+01   -3.8973676842e-01
1.9839944868e+01   -3.8433339000e-01
1.9918146237e+01   -3.7647413177e-01
1.9996347605e+01   -3.6616954172e-01
2.0074548974e+01   -3.5344541837e-01
2.0152750342e+01   -3.3834290394e-01
2.0230951711e+01   -3.2091848534e-01
2.0309153079e+01   -3.0124390169e-01
2.0387354448e+01   -2.7940595793e-01
2.0465555816e+01   -2.5550624480e-01
2.0543757185e+01   -2.2966076602e-01
2.0621958553e+01   -2.0199947429e-01
2.0700159922e+01   -1.7266571851e-01
2.0778361290e+01   -1.4181560549e-01
2.0856562659e+01   -1.0961728005e-01
2.0934764027e+01   -7.6250128395e-02
2.1012965396e+01   -4.1903910901e-02
2.1091166764e+01   -6.7778309613e-03
2.1169368133e+01   2.8920451671e-02
2.1247569501e+01   6.4975853559e-02
2.1325770870e+01   1.0116693507e-01
2.1403972239e+01   1.3726698972e-01
2.1482173607e+01   1.7304514021e-01
2.1560374976e+01   2.0826742401e-01
2.1638576344e+01   2.4269784852e-01
2.1716777713e+01   2.7609939399e-01
2.1794979081e+01   3.0823494014e-01
2.1873180450e+01   3.3886809227e-01
2.1951381818e+01   3.6776388481e-01
2.2029583187e+01   3.9468934737e-01
2.2107784555e+01   4.1941393355e-01
2.2185985924e+01   4.4170984207e-01
2.2264187292e+01   4.6135230803e-01
2.2342388661e+01   4.7812001894e-01
2.2420590029e+01   4.9179592156e-01
2.2498791398e+01   5.0216883393e-01
2.2576992766e+01   5.0903645176e-01
2.2655194135e+01   5.1221050321e-01
2.2733395503e+01   5.1152488525e-01
2.2811596872e+01   5.0684748456e-01
2.2889798240e+01   4.9809588343e-01
2.2967999609e+01   4.8525613738e-01
2.3046200978e+01   4.6840228090e-01
2.3124402346e+01   4.4771246485e-01
2.3202603715e+01   4.2347633841e-01
2.3280805083e+01   3.9608841855e-01
2.3359006452e+01   3.6602450806e-01
2.3437207820e+01   3.3380263287e-01
2.3515409189e+01   2.9993510129e-01
2.3593610557e+01   2.6488191762e-01
2.3671811926e+01   2.2901600957e-01
2.3750013294e+01   1.9260724737e-01
2.3828214663e+01   1.5582661940e-01
2.3906416031e+01   1.1876651994e-01
2.3984617400e+01   8.1469895849e-02
2.4062818768e+01   4.3960575961e-02
2.4141020137e+01   6.2688543486e-03
2.4219221505e+01   -3.1550892885e-02
2.4297422874e+01   -6.9411147495e-02
2.4375624242e+01   -1.0718944994e-01
2.4453825611e+01   -1.4473164638e-01
2.4532026979e+01   -1.8185787037e-01
2.4610228348e+01   -2.1836938688e-01
2.4688429717e+01   -2.5405507809e-01
2.4766631085e+01   -2.8869697095e-01
2.4844832454e+01   -3.2207466610e-01
2.4923033822e+01   -3.5396879189e-01
2.5001235191e+01   -3.8416370968e-01
2.5079436559e+01   -4.1244969704e-01
2.5157637928e+01   -4.3862478883e-01
2.5235839296e+01   -4.6249639933e-01
2.5314040665e+01   -4.8388280015e-01
2.5392242033e+01   -5.0261449417e-01
2.5470443402e+01   -5.1853550311e-01
2.5548644770e+01   -5.3150457543e-01
2.5626846139e+01   -5.4139631378e-01
2.5705047507e+01   -5.4810221775e-01
2.5783248876e+01   -5.5153163640e-01
2.5861450244e+01   -5.5161262490e-01
2.5939651613e+01   -5.4829269898e-01
2.6017852981e+01   -5.4153948145e-01
2.6017952981e+01   -5.4152864134e-01
2.6018952981e+01   -5.4141993010e-01
2.6028952981e+01   -5.4030179820e-01
2.6107154350e+01   -5.2961441495e-01
2.6185355718e+01   -5.1549370252e-01
2.6263557087e+01   -4.9797392229e-01
2.6341758456e+01   -4.7711051148e-01
2.6419959824e+01   -4.5298032045e-01
2.6498161193e+01   -4.2568157244e-01
2.6576362561e+01   -3.9533364368e-01
2.6654563930e+01   -3.6207669662e-01
2.6732765298e+01   -3.2607117936e-01
2.6810966667e+01   -2.8749719747e-01
2.6889168035e+01   -2.4655376398e-01
2.6967369404e+01   -2.0345793366e-01
2.7045570772e+01   -1.5844382967e-01
2.7123772141e+01   -1.1176157257e-01
2.7201973509e+01   -6.3676125104e-02
2.7280174878e+01   -1.4466069616e-02
2.7358376246e+01   3.5577659552e-02
2.7358476246e+01   3.5642058812e-02
2.7359476246e+01   3.6286099152e-02
2.7369476246e+01   4.2731146396e-02
2.7447677615e+01   9.3356948699e-02
2.7525878983e+01   1.4415760036e-01
2.7604080352e+01   1.9481149780e-01
2.7682281720e+01   2.4498953376e-01
2.7760483089e+01   2.9435578841e-01
2.7838684457e+01   3.4256775758e-01
2.7916885826e+01   3.8927586842e-01
2.7995087195e+01   4.3412191357e-01
2.8073288563e+01   4.7673586231e-01
2.8151489932e+01   5.1673025674e-01
2.8229691300e+01   5.5369105744e-01
2.8307892669e+01   5.8716336815e-01
2.8386094037e+01   6.1663001143e-01
2.8464295406e+01   6.4148068464e-01
2.8542496774e+01   6.6097001282e-01
2.8620698143e+01   6.7416559141e-01
2.8698899511e+01   6.7989462214e-01
2.8698999511e+01   6.7989658064e-01
2.8699999511e+01   6.7991536538e-01
2.8709999511e+01   6.8002250608e-01
2.8788200880e+01   6.7544495568e-01
2.8866402248e+01   6.6004083769e-01
2.8944603617e+01   6.3214831087e-01
2.9022804985e+01   5.9063365090e-01
2.9101006354e+01   5.3564117381e-01
2.9179207722e+01   4.6932604363e-01
2.9257409091e+01   3.9603442375e-01
2.9335610459e+01   3.2148845797e-01
2.9413811828e+01   2.5118798506e-01
2.9492013196e+01   1.8892029880e-01
2.9570214565e+01   1.3618166065e-01
2.9648415934e+01   9.2563234821e-02
2.9726617302e+01   5.6580583752e-02
2.9804818671e+01   2.6430826548e-02
2.9804918671e+01   2.6395267022e-02
2.9805918671e+01   2.6040044162e-02
2.9815918671e+01   2.2524422845e-02
2.9894120039e+01   -2.9683151432e-03
2.9972321408e+01   -2.5745840538e-02
3.0050522776e+01   -4.6697170580e-02
3.0128724145e+01   -6.6402801979e-02
3.0206925513e+01   -8.5209603234e-02
3.0285126882e+01   -1.0329932872e-01
3.0363328250e+01   -1.2074288834e-01
3.0363428250e+01   -1.2076478611e-01
3.0364428250e+01   -1.2098370595e-01
3.0374428250e+01   -1.2316710834e-01
3.0452629619e+01   -1.3986961689e-01
3.0530830987e+01   -1.5587294217e-01
3.0609032356e+01   -1.7110501882e-01
3.0687233724e+01   -1.8548146210e-01
3.0765435093e+01   -1.9891263882e-01
3.0843636461e+01   -2.1130813657e-01
3.0921837830e+01   -2.2257961894e-01
3.1000039198e+01   -2.3264270490e-01
3.1078240567e+01   -2.4141826928e-01
3.1156441935e+01   -2.4883340234e-01
3.1234643304e+01   -2.5482216497e-01
3.1312844673e+01   -2.5932621568e-01
3.1391046041e+01   -2.6229534928e-01
3.1469247410e+01   -2.6368796760e-01
3.1547448778e+01   -2.6347149105e-01
3.1625650147e+01   -2.6162271451e-01
3.1703851515e+01   -2.5812810761e-01
3.1782052884e+01   -2.5298405867e-01
3.1860254252e+01   -2.4619706068e-01
3.1938455621e+01   -2.3778383771e-01
3.2016656989e+01   -2.2777141046e-01
3.2094858358e+01   -2.1619709960e-01
3.2173059726e+01   -2.0310846616e-01
3.2251261095e+01   -1.8856318851e-01
3.2329462463e+01   -1.7262887568e-01
3.2407663832e+01   -1.5538281749e-01
3.2485865200e+01   -1.3691167206e-01
3.2564066569e+01   -1.1731109187e-01
3.2642267937e+01   -9.6685289777e-02
3.2720469306e+01   -7.5146546993e-02
3.2798670674e+01   -5.2814665323e-02
3.2876872043e+01   -2.9816366164e-02
3.2955073412e+01   -6.2846394177e-03
3.3033274780e+01   1.7641954463e-02
3.3111476149e+01   4.1820025720e-02
3.3189677517e+01   6.6102136092e-02
3.3267878886e+01   9.0337615323e-02
3.3346080254e+01   1.1437340956e-01
3.3424281623e+01   1.3805495797e-01
3.3502482991e+01   1.6122709420e-01
3.3580684360e+01   1.8373496998e-01
3.3658885728e+01   2.0542499880e-01
3.3737087097e+01   2.2614581886e-01
3.3815288465e+01   2.4574927579e-01
3.3893489834e+01   2.6409142732e-01
3.3971691202e+01   2.8103357377e-01
3.4049892571e+01   2.9644332020e-01
3.4128093939e+01   3.1019567700e-01
3.4206295308e+01   3.2217420629e-01
3.4284496676e+01   3.3227221974e-01
3.4362698045e+01   3.4039402935e-01
3.4440899413e+01   3.4645624465e-01
3.4519100782e+01   3.5038909337e-01
3.4597302151e+01   3.5213773676e-01
3.4675503519e+01   3.5166351258e-01
3.4753704888e+01   3.4894502430e-01
3.4831906256e+01   3.4397897136e-01
3.4910107625e+01   3.3678060245e-01
3.4988308993e+01   3.2738367783e-01
3.5066510362e+01   3.1583985331e-01
3.5144711730e+01   3.0221745197e-01
3.5222913099e+01   2.8659966616e-01
3.5301114467e+01   2.6908232142e-01
3.5379315836e+01   2.4977141692e-01
3.5457517204e+01   2.2878071049e-01
3.5535718573e+01   2.0622962982e-01
3.5613919941e+01   1.8224172909e-01
3.5692121310e+01   1.5694383609e-01
3.5770322678e+01   1.3046591063e-01
3.5848524047e+01   1.0294148429e-01
3.5926725415e+01   7.4508477801e-02
3.6004926784e+01   4.5310140874e-02
3.6083128152e+01   1.5495869778e-02
3.6161329521e+01   -1.4778285813e-02
3.6239530890e+01   -4.5349533137e-02
3.6317732258e+01   -7.6048685651e-02
3.6395933627e+01   -1.0670090543e-01
3.6474134995e+01   -1.3712675209e-01
3.6552336364e+01   -1.6714343869e-01
3.6630537732e+01   -1.9656620333e-01
3.6708739101e+01   -2.2520972615e-01
3.6786940469e+01   -2.5288954426e-01
3.6865141838e+01   -2.7942343763e-01
3.6943343206e+01   -3.0463277342e-01
3.7021544575e+01   -3.2834380496e-01
3.7099745943e+01   -3.5038892471e-01
3.7177947312e+01   -3.7060787157e-01
3.7256148680e+01   -3.8884889192e-01
3.7334350049e+01   -4.0496985215e-01
3.7412551417e+01   -4.1883929945e-01
3.7490752786e+01   -4.3033746686e-01
3.7568954154e+01   -4.3935721676e-01
3.7647155523e+01   -4.4580491801e-01
3.7725356891e+01   -4.4960125119e-01
3.7803558260e+01   -4.5068193665e-01
3.7881759629e+01   -4.4899838003e-01
3.7959960997e+01   -4.4451823065e-01
3.8038162366e+01   -4.3722584810e-01
3.8116363734e+01   -4.2712267339e-01
3.8194565103e+01   -4.1422750086e-01
3.8272766471e+01   -3.9857664815e-01
3.8350967840e+01   -3.8022402199e-01
3.8429169208e+01   -3.5924107796e-01
3.8507370577e+01   -3.3571667365e-01
3.8585571945e+01   -3.0975681477e-01
3.8663773314e+01   -2.8148429491e-01
3.8741974682e+01   -2.5103823059e-01
3.8820176051e+01   -2.1857349373e-01
3.8898377419e+01   -1.8426004514e-01
3.8976578788e+01   -1.4828217351e-01
3.9054780156e+01   -1.1083764551e-01
3.9132981525e+01   -7.2136774325e-02
3.9211182893e+01   -3.2401415338e-02
3.9289384262e+01   8.1361001493e-03
3.9367585630e+01   4.9234079914e-02
3.9445786999e+01   9.0642618130e-02
3.9523988368e+01   1.3210475472e-01
3.9602189736e+01   1.7335762142e-01
3.9602289736e+01   1.7341012568e-01
3.9603289736e+01   1.7393512529e-01
3.9613289736e+01   1.7918070744e-01
3.9691491105e+01   2.1986700570e-01
3.9769692473e+01   2.5976610394e-01
3.9847893842e+01   2.9860326750e-01
3.9926095210e+01   3.3610159952e-01
4.0004296579e+01   3.7198238598e-01
4.0082497947e+01   4.0596504072e-01
4.0160699316e+01   4.3776652938e-01
4.0238900684e+01   4.6710013915e-01
4.0317102053e+01   4.9367347046e-01
4.0395303421e+01   5.1718557886e-01
4.0473504790e+01   5.3732333111e-01
4.0551706158e+01   5.5375732133e-01
4.0629907527e+01   5.6613820390e-01
4.0708108895e+01   5.7409513079e-01
4.0786310264e+01   5.7723917284e-01
4.0864511632e+01   5.7517602969e-01
4.0942713001e+01   5.6753349525e-01
4.1020914370e+01   5.5400893402e-01
4.1099115738e+01   5.3443871399e-01
4.1177317107e+01   5.0888348584e-01
4.1255518475e+01   4.7771061915e-01
4.1255618475e+01   4.7766743063e-01
4.1256618475e+01   4.7723510293e-01
4.1266618475e+01   4.7286797321e-01
4.1344819844e+01   4.3618397640e-01
4.1423021212e+01   3.9583484843e-01
4.1501222581e+01   3.5312681178e-01
4.1579423949e+01   3.0938965434e-01
4.1657625318e+01   2.6578123715e-01
4.1735826686e+01   2.2314258970e-01
4.1814028055e+01   1.8194210288e-01
4.1892229423e+01   1.4230906878e-01
4.1970430792e+01   1.0412605421e-01
4.2048632160e+01   6.7140220584e-02
4.2126833529e+01   3.1062127000e-02
4.2205034897e+01   -4.3640216166e-03
4.2283236266e+01   -3.9321218105e-02
4.2361437634e+01   -7.3906116297e-02
4.2439639003e+01   -1.0813276098e-01
4.2517840371e+01   -1.4194562922e-01
4.2596041740e+01   -1.7523593032e-01
4.2674243109e+01   -2.0785734243e-01
4.2674343109e+01   -2.0789855913e-01
4.2675343109e+01   -2.0831065035e-01
4.2685343109e+01   -2.1242390697e-01
4.2763544477e+01   -2.4407099761e-01
4.2841745846e+01   -2.7466475052e-01
4.2919947214e+01   -3.0401399420e-01
4.2998148583e+01   -3.3192656419e-01
4.3076349951e+01   -3.5821296770e-01
4.3154551320e+01   -3.8268901369e-01
4.3232752688e+01   -4.0517780753e-01
4.3310954057e+01   -4.2551136739e-01
4.3389155425e+01   -4.4353201528e-01
4.3467356794e+01   -4.5909362555e-01
4.3545558162e+01   -4.7206277097e-01
4.3623759531e+01   -4.8231978349e-01
4.3701960899e+01   -4.8975973429e-01
4.3780162268e+01   -4.9429333195e-01
4.3858363636e+01   -4.9584773481e-01
4.3936565005e+01   -4.9436727284e-01
4.4014766373e+01   -4.8981407381e-01
4.4092967742e+01   -4.8216858928e-01
4.4171169110e+01   -4.7143001584e-01
4.4249370479e+01   -4.5761660777e-01
4.4327571848e+01   -4.4076587799e-01
4.4405773216e+01   -4.2093468466e-01
4.4483974585e+01   -3.9819920164e-01
4.4562175953e+01   -3.7265477178e-01
4.4640377322e+01   -3.4441564271e-01
4.4640477322e+01   -3.4437786156e-01
4.4641477322e+01   -3.4399981952e-01
4.4651477322e+01   -3.4019641183e-01
4.4729678690e+01   -3.0904352251e-01
4.4807880059e+01   -2.7550233706e-01
4.4886081427e+01   -2.3974349175e-01
4.4964282796e+01   -2.0195421572e-01
4.5042484164e+01   -1.6233749707e-01
4.5120685533e+01   -1.2111115378e-01
4.5198886901e+01   -7.8506818394e-02
4.5277088270e+01   -3.4768847890e-02
4.5355289638e+01   9.8468270436e-03
4.5433491007e+01   5.5073895145e-02
4.5511692375e+01   1.0063687685e-01
4.5589893744e+01   1.4625232560e-01
4.5668095112e+01   1.9162997947e-01
4.5746296481e+01   2.3647380764e-01
4.5824497849e+01   2.8048288568e-01
4.5902699218e+01   3.2335199134e-01
4.5980900587e+01   3.6477179020e-01
4.6059101955e+01   4.0442845866e-01
4.6137303324e+01   4.4200247200e-01
4.6137403324e+01   4.4204904779e-01
4.6138403324e+01   4.4251458885e-01
4.6148403324e+01   4.4714817149e-01
4.6226604692e+01   4.8194250920e-01
4.6304806061e+01   5.1393694472e-01
4.6383007429e+01   5.4277038594e-01
4.6461208798e+01   5.6805358334e-01
4.6539410166e+01   5.8935715457e-01
4.6617611535e+01   6.0619690479e-01
4.6695812903e+01   6.1801809699e-01
4.6774014272e+01   6.2418299955e-01
4.6852215640e+01   6.2397055244e-01
4.6930417009e+01   6.1660322853e-01
4.7008618377e+01   6.0132215522e-01
4.7086819746e+01   5.7753152120e-01
4.7165021114e+01   5.4501701846e-01
4.7243222483e+01   5.0420126913e-01
4.7321423851e+01   4.5633915933e-01
4.7321523851e+01   4.5627425939e-01
4.7322523851e+01   4.5562481081e-01
4.7332523851e+01   4.4908646801e-01
4.7410725220e+01   3.9576893238e-01
4.7488926588e+01   3.4052368497e-01
4.7567127957e+01   2.8598981842e-01
4.7645329326e+01   2.3424297974e-01
4.7723530694e+01   1.8649463618e-01
4.7801732063e+01   1.4308859175e-01
4.7879933431e+01   1.0371660904e-01
4.7958134800e+01   6.7710026889e-02
4.8036336168e+01   3.4294442531e-02
4.8114537537e+01   2.7586860509e-03
4.8192738905e+01   -2.7460917047e-02
4.8270940274e+01   -5.6757765914e-02
4.8349141642e+01   -8.5367881147e-02
4.8427343011e+01   -1.1339861465e-01
4.8427443011e+01   -1.1343410076e-01
4.8428443011e+01   -1.1378891129e-01
4.8438443011e+01   -1.1733193921e-01
4.8516644379e+01   -1.4470989092e-01
4.8594845748e+01   -1.7145010786e-01
4.8673047116e+01   -1.9744621564e-01
4.8751248485e+01   -2.2256664636e-01
4.8829449853e+01   -2.4666615772e-01
4.8907651222e+01   -2.6959360548e-01
4.8985852590e+01   -2.9119709785e-01
4.9064053959e+01   -3.1132743233e-01
4.9142255327e+01   -3.2984046600e-01
4.9220456696e+01   -3.4659884679e-01
4.9298658065e+01   -3.6147336832e-01
4.9376859433e+01   -3.7434410425e-01
4.9455060802e+01   -3.8510140319e-01
4.9533262170e+01   -3.9364678570e-01
4.9611463539e+01   -3.9989376166e-01
4.9689664907e+01   -4.0376857431e-01
4.9767866276e+01   -4.0521087161e-01
4.9846067644e+01   -4.0417430237e-01
4.9924269013e+01   -4.0062703410e-01
5.0002470381e+01   -3.9455218873e-01
5.0080671750e+01   -3.8594819287e-01
5.0158873118e+01   -3.7482903936e-01
5.0237074487e+01   -3.6122445757e-01
5.0315275855e+01   -3.4517999015e-01
5.0393477224e+01   -3.2675697465e-01
5.0471678592e+01   -3.0603242915e-01
5.0549879961e+01   -2.8309884131e-01
5.0628081329e+01   -2.5806386141e-01
5.0706282698e+01   -2.3104990030e-01
5.0784484066e+01   -2.0219363405e-01
5.0862685435e+01   -1.7164541805e-01
5.0940886804e+01   -1.3956861386e-01
5.1019088172e+01   -1.0613883333e-01
5.1097289541e+01   -7.1543105434e-02
5.1097389541e+01   -7.1498203020e-02
5.1098389541e+01   -7.1049091803e-02
5.1108389541e+01   -6.6549358692e-02
5.1186590909e+01   -3.0864343378e-02
5.1264792278e+01   5.5518792582e-03
5.1342993646e+01   4.2482570440e-02
5.1421195015e+01   7.9703682751e-02
5.1499396383e+01   1.1698495634e-01
5.1577597752e+01   1.5409102730e-01
5.1655799120e+01   1.9078253001e-01
5.1734000489e+01   2.2681717200e-01
5.1812201857e+01   2.6195075634e-01
5.1890403226e+01   2.9593812283e-01
5.1968604594e+01   3.2853397617e-01
5.2046805963e+01   3.5949356920e-01
5.2125007331e+01   3.8857320668e-01
5.2203208700e+01   4.1553054764e-01
5.2281410068e+01   4.4012470186e-01
5.2359611437e+01   4.6211615530e-01
5.2437812805e+01   4.8126662801e-01
5.2516014174e+01   4.9733907945e-01
5.2594215543e+01   5.1009824163e-01
5.2672416911e+01   5.1931228750e-01
5.2750618280e+01   5.2475651353e-01
5.2828819648e+01   5.2622017013e-01
5.2907021017e+01   5.2351768295e-01
5.2985222385e+01   5.1650526937e-01
5.3063423754e+01   5.0510309696e-01
5.3141625122e+01   4.8932143507e-01
5.3141725122e+01   4.8929849087e-01
5.3142725122e+01   4.8906866540e-01
5.3152725122e+01   4.8673214653e-01
5.3230926491e+01   4.6611166114e-01
5.3309127859e+01   4.4154875690e-01
5.3387329228e+01   4.1346522039e-01
5.3465530596e+01   3.8240189468e-01
5.3543731965e+01   3.4897473510e-01
5.3621933333e+01   3.1381380210e-01
5.3700134702e+01   2.7749844492e-01
5.3778336070e+01   2.4050417418e-01
5.3856537439e+01   2.0317325720e-01
5.3934738807e+01   1.6571323032e-01
5.4012940176e+01   1.2821925140e-01
5.4091141544e+01   9.0710755498e-02
5.4169342913e+01   5.3171627010e-02
5.4247544282e+01   1.5585242761e-02
5.4325745650e+01   -2.2040504916e-02
5.4403947019e+01   -5.9659397071e-02
5.4482148387e+01   -9.7182820223e-02
5.4560349756e+01   -1.3448263166e-01
5.4638551124e+01   -1.7139793624e-01
5.4716752493e+01   -2.0774326997e-01
5.4716852493e+01   -2.0778929789e-01
5.4717852493e+01   -2.0824950736e-01
5.4727852493e+01   -2.1284453881e-01
5.4806053861e+01   -2.4829034296e-01
5.4884255230e+01   -2.8271927854e-01
5.4962456598e+01   -3.1591492672e-01
5.5040657967e+01   -3.4766069679e-01
5.5118859335e+01   -3.7774298014e-01
5.5197060704e+01   -4.0595358942e-01
5.5275262072e+01   -4.3209173593e-01
5.5353463441e+01   -4.5596571924e-01
5.5431664809e+01   -4.7739443564e-01
5.5509866178e+01   -4.9620876458e-01
5.5588067546e+01   -5.1225286103e-01
5.5666268915e+01   -5.2538536464e-01
5.5744470283e+01   -5.3548052698e-01
5.5822671652e+01   -5.4242925383e-01
5.5900873021e+01   -5.4614005745e-01
5.5979074389e+01   -5.4653991299e-01
5.6057275758e+01   -5.4357501318e-01
5.6135477126e+01   -5.3721141546e-01
5.6213678495e+01   -5.2743557682e-01
5.6291879863e+01   -5.1425477153e-01
5.6370081232e+01   -4.9769738774e-01
5.6448282600e+01   -4.7781309963e-01
5.6448382600e+01   -4.7778557078e-01
5.6449382600e+01   -4.7750998944e-01
5.6459382600e+01   -4.7472491659e-01
5.6537583969e+01   -4.5112956951e-01
5.6615785337e+01   -4.2438538347e-01
5.6693986706e+01   -3.9460860966e-01
5.6772188074e+01   -3.6193613499e-01
5.6850389443e+01   -3.2652499521e-01
5.6928590811e+01   -2.8855176326e-01
5.7006792180e+01   -2.4821181706e-01
5.7084993548e+01   -2.0571849205e-01
5.7163194917e+01   -1.6130212613e-01
5.7241396285e+01   -1.1520900667e-01
5.7319597654e+01   -6.7700232031e-02
5.7397799022e+01   -1.9050503891e-02
5.7476000391e+01   3.0453128419e-02
5.7554201760e+01   8.0512543685e-02
5.7632403128e+01   1.3081980756e-01
5.7710604497e+01   1.8105836169e-01
5.7788805865e+01   2.3090406533e-01
5.7788905865e+01   2.3096741341e-01
5.7789905865e+01   2.3160082906e-01
5.7799905865e+01   2.3792832260e-01
5.7878107234e+01   2.8692030782e-01
5.7956308602e+01   3.3480274106e-01
5.8034509971e+01   3.8123072893e-01
5.8112711339e+01   4.2585141767e-01
5.8190912708e+01   4.6830125028e-01
5.8269114076e+01   5.0820106332e-01
5.8347315445e+01   5.4514802070e-01
5.8425516813e+01   5.7870300501e-01
5.8503718182e+01   6.0837168657e-01
5.8581919550e+01   6.3357726473e-01
5.8660120919e+01   6.5362332855e-01
5.8738322287e+01   6.6764751724e-01
5.8816523656e+01   6.7457275225e-01
5.8894725024e+01   6.7307590001e-01
5.8972926393e+01   6.6161654342e-01
5.8973026393e+01   6.6159481722e-01
5.8974026393e+01   6.6137651279e-01
5.8984026393e+01   6.5908856039e-01
5.9062227761e+01   6.3431133364e-01
5.9140429130e+01   5.9657647433e-01
5.9218630499e+01   5.4574523970e-01
5.9296831867e+01   4.8342604558e-01
5.9375033236e+01   4.1328298598e-01
5.9453234604e+01   3.4050050035e-01
5.9531435973e+01   2.7043586562e-01
5.9609637341e+01   2.0715182554e-01
5.9687838710e+01   1.5263826016e-01
5.9766040078e+01   1.0695839108e-01
5.9844241447e+01   6.8945986473e-02
5.9922442815e+01   3.6950413362e-02
6.0000644184e+01   9.3520650955e-03
6.0000744184e+01   9.3189796953e-03
6.0001744184e+01   8.9883978974e-03
6.0011744184e+01   5.7093116291e-03
6.0089945552e+01   -1.8481783716e-02
6.0168146921e+01   -4.0711623604e-02
6.0246348289e+01   -6.1609259912e-02
6.0324549658e+01   -8.1559807222e-02
6.0402751026e+01   -1.0077154146e-01
6.0480952395e+01   -1.1933163843e-01
6.0559153763e+01   -1.3724815614e-01
6.0637355132e+01   -1.5447975144e-01
6.0715556500e+01   -1.7095582252e-01
6.0793757869e+01   -1.8658971683e-01
6.0871959238e+01   -2.0128719644e-01
6.0950160606e+01   -2.1495182612e-01
6.1028361975e+01   -2.2748840209e-01
6.1106563343e+01   -2.3880518771e-01
6.1184764712e+01   -2.4881543714e-01
6.1262966080e+01   -2.5743849939e-01
6.1341167449e+01   -2.6460067379e-01
6.1419368817e+01   -2.7023591286e-01
6.1497570186e+01   -2.7428642415e-01
6.1575771554e+01   -2.7670319705e-01
6.1653972923e+01   -2.7744646709e-01
6.1732174291e+01   -2.7648611966e-01
6.1810375660e+01   -2.7380204137e-01
6.1888577028e+01   -2.6938441007e-01
6.1966778397e+01   -2.6323392519e-01
6.2044979765e+01   -2.5536197675e-01
6.2123181134e+01   -2.4579075122e-01
6.2201382502e+01   -2.3455327289e-01
6.2279583871e+01   -2.2169337948e-01
6.2357785239e+01   -2.0726563141e-01
6.2435986608e+01   -1.9133515425e-01
6.2514187977e+01   -1.7397741455e-01
6.2592389345e+01   -1.5527792955e-01
6.2670590714e+01   -1.3533191163e-01
6.2748792082e+01   -1.1424384900e-01
6.2826993451e+01   -9.2127024359e-02
6.2905194819e+01   -6.9102973870e-02
6.2983396188e+01   -4.5300888958e-02
6.3061597556e+01   -2.0856964124e-02
6.3139798925e+01   4.0863058961e-03
6.3218000293e+01   2.9380875847e-02
6.3296201662e+01   5.4873942565e-02
6.3374403030e+01   8.0408776236e-02
6.3452604399e+01   1.0582558610e-01
6.3530805767e+01   1.3096241631e-01
6.3609007136e+01   1.5565606805e-01
6.3687208504e+01   1.7974304435e-01
6.3765409873e+01   2.0306051493e-01
6.3843611241e+01   2.2544729970e-01
6.3921812610e+01   2.4674487078e-01
6.4000013978e+01   2.6679837550e-01
6.4078215347e+01   2.8545768477e-01
6.4156416716e+01   3.0257847457e-01
6.4234618084e+01   3.1802335080e-01
6.4312819453e+01   3.3166303030e-01
6.4391020821e+01   3.4337759207e-01
6.4469222190e+01   3.5305781089e-01
6.4547423558e+01   3.6060658045e-01
6.4625624927e+01   3.6594042150e-01
6.4703826295e+01   3.6899105188e-01
6.4782027664e+01   3.6970696869e-01
6.4860229032e+01   3.6805495904e-01
6.4938430401e+01   3.6402141874e-01
6.5016631769e+01   3.5761332560e-01
6.5094833138e+01   3.4885869531e-01
6.5173034506e+01   3.3780635617e-01
6.5251235875e+01   3.2452492405e-01
6.5329437243e+01   3.0910094495e-01
6.5407638612e+01   2.9163629253e-01
6.5485839980e+01   2.7224504137e-01
6.5564041349e+01   2.5105015258e-01
6.5642242718e+01   2.2818037304e-01
6.5720444086e+01   2.0376773375e-01
6.5798645455e+01   1.7794594484e-01
6.5876846823e+01   1.5084980850e-01
6.5955048192e+01   1.2261559004e-01
6.6033249560e+01   9.3382116150e-02
6.6111450929e+01   6.3292257246e-02
6.6189652297e+01   3.2494424013e-02
6.6267853666e+01   1.1437594270e-03
6.6346055034e+01   -3.0597186094e-02
6.6424256403e+01   -6.2558381439e-02
6.6502457771e+01   -9.4562815197e-02
6.6580659140e+01   -1.2642746560e-01
6.6658860508e+01   -1.5796459933e-01
6.6737061877e+01   -1.8898326171e-01
6.6815263245e+01   -2.1929084705e-01
6.6893464614e+01   -2.4869467268e-01
6.6971665982e+01   -2.7700351298e-01
6.7049867351e+01   -3.0402907439e-01
6.7128068719e+01   -3.2958740768e-01
6.7206270088e+01   -3.5350025742e-01
6.7284471457e+01   -3.7559635549e-01
6.7362672825e+01   -3.9571266686e-01
6.7440874194e+01   -4.1369557866e-01
6.7519075562e+01   -4.2940203656e-01
6.7597276931e+01   -4.4270062891e-01
6.7675478299e+01   -4.5347260031e-01
6.7753679668e+01   -4.6161280101e-01
6.7831881036e+01   -4.6703056837e-01
6.7910082405e+01   -4.6965052972e-01
6.7988283773e+01   -4.6941332148e-01
6.8066485142e+01   -4.6627621976e-01
6.8144686510e+01   -4.6021367801e-01
6.8222887879e+01   -4.5121776706e-01
6.8301089247e+01   -4.3929851372e-01
6.8379290616e+01   -4.2448413460e-01
6.8457491984e+01   -4.0682116231e-01
6.8535693353e+01   -3.8637446201e-01
6.8613894721e+01   -3.6322713692e-01
6.8692096090e+01   -3.3748032235e-01
6.8770297458e+01   -3.0925286835e-01
6.8848498827e+01   -2.7868091237e-01
6.8926700196e+01   -2.4591734389e-01
6.9004901564e+01   -2.1113116422e-01
6.9083102933e+01   -1.7450674576e-01
6.9161304301e+01   -1.3624299632e-01
6.9239505670e+01   -9.6552435322e-02
6.9317707038e+01   -5.5660190815e-02
6.9395908407e+01   -1.3802928051e-02
6.9474109775e+01   2.8772276903e-02
6.9552311144e+01   7.1809101612e-02
6.9552411144e+01   7.1864318350e-02
6.9553411144e+01   7.2416503398e-02
6.9563411144e+01   7.7940006328e-02
6.9641612512e+01   1.2118021838e-01
6.9719813881e+01   1.6430738248e-01
6.9798015249e+01   2.0704371738e-01
6.9876216618e+01   2.4910684697e-01
6.9954417986e+01   2.9021066101e-01
7.0032619355e+01   3.3006593729e-01
7.0110820723e+01   3.6838062063e-01
7.0189022092e+01   4.0485962285e-01
7.0267223460e+01   4.3920397163e-01
7.0345424829e+01   4.7110909894e-01
7.0423626197e+01   5.0026203163e-01
7.0501827566e+01   5.2633725329e-01
7.0580028935e+01   5.4899109327e-01
7.0658230303e+01   5.6785474985e-01
7.0736431672e+01   5.8252660260e-01
7.0814633040e+01   5.9256549936e-01
7.0892834409e+01   5.9748841369e-01
7.0971035777e+01   5.9677832136e-01
7.1049237146e+01   5.8991091476e-01
7.1127438514e+01   5.7641045418e-01
7.1127538514e+01   5.7638877873e-01
7.1128538514e+01   5.7617139552e-01
7.1138538514e+01   5.7393459359e-01
7.1216739883e+01   5.5246455505e-01
7.1294941251e+01   5.2398263067e-01
7.1373142620e+01   4.8889969245e-01
7.1451343988e+01   4.4814384593e-01
7.1529545357e+01   4.0314226366e-01
7.1607746725e+01   3.5565759688e-01
7.1685948094e+01   3.0750597351e-01
7.1764149462e+01   2.6024921180e-01
7.1842350831e+01   2.1497180867e-01
7.1920552199e+01   1.7220805513e-01
7.1998753568e+01   1.3201141077e-01
7.2076954936e+01   9.4106802299e-02
7.2155156305e+01   5.8058101141e-02
7.2233357674e+01   2.3404755509e-02
7.2311559042e+01   -1.0249958863e-02
7.2389760411e+01   -4.3196223582e-02
7.2467961779e+01   -7.5608393070e-02
7.2468061779e+01   -7.5649538793e-02
7.2469061779e+01   -7.6060954647e-02
7.2479061779e+01   -8.0170982801e-02
7.2557263148e+01   -1.1205204033e-01
7.2635464516e+01   -1.4344244501e-01
7.2713665885e+01   -1.7425577566e-01
7.2791867253e+01   -2.0436420096e-01
7.2870068622e+01   -2.3361378543e-01
7.2948269990e+01   -2.6183581348e-01
7.3026471359e+01   -2.8885476023e-01
7.3104672727e+01   -3.1449375288e-01
7.3182874096e+01   -3.3857830513e-01
7.3261075464e+01   -3.6093893989e-01
7.3339276833e+01   -3.8141313703e-01
7.3417478201e+01   -3.9984688126e-01
7.3495679570e+01   -4.1609597309e-01
7.3573880938e+01   -4.3002719196e-01
7.3652082307e+01   -4.4151935561e-01
7.3730283675e+01   -4.5046429504e-01
7.3808485044e+01   -4.5676775138e-01
7.3886686413e+01   -4.6035019440e-01
7.3964887781e+01   -4.6114755968e-01
7.4043089150e+01   -4.5911190005e-01
7.4121290518e+01   -4.5421194688e-01
7.4199491887e+01   -4.4643357707e-01
7.4277693255e+01   -4.3578018211e-01
7.4355894624e+01   -4.2227293533e-01
7.4434095992e+01   -4.0595095441e-01
7.4512297361e+01   -3.8687135677e-01
7.4590498729e+01   -3.6510920656e-01
7.4668700098e+01   -3.4075735239e-01
7.4746901466e+01   -3.1392615575e-01
7.4747001466e+01   -3.1389031075e-01
7.4748001466e+01   -3.1353164919e-01
7.4758001466e+01   -3.0992393386e-01
7.4836202835e+01   -2.8041836727e-01
7.4914404203e+01   -2.4872686754e-01
7.4992605572e+01   -2.1501185382e-01
7.5070806940e+01   -1.7945100120e-01
7.5149008309e+01   -1.4223643988e-01
7.5227209677e+01   -1.0357386561e-01
7.5305411046e+01   -6.3681569520e-02
7.5383612414e+01   -2.2789397181e-02
7.5461813783e+01   1.8862350985e-02
7.5540015152e+01   6.1024062743e-02
7.5618216520e+01   1.0343798184e-01
7.5696417889e+01   1.4583937713e-01
7.5774619257e+01   1.8795768291e-01
7.5852820626e+01   2.2951757244e-01
7.5931021994e+01   2.7023991599e-01
7.6009223363e+01   3.0984256232e-01
7.6087424731e+01   3.4804084494e-01
7.6165626100e+01   3.8454772629e-01
7.6243827468e+01   4.1907345901e-01
7.6322028837e+01   4.5132458267e-01
7.6400230205e+01   4.8100208501e-01
7.6400330205e+01   4.8103825757e-01
7.6401330205e+01   4.8139972399e-01
7.6411330205e+01   4.8498833433e-01
7.6489531574e+01   5.1135007945e-01
7.6567732942e+01   5.3446342703e-01
7.6645934311e+01   5.5398766321e-01
7.6724135679e+01   5.6955778518e-01
7.6802337048e+01   5.8077927170e-01
7.6880538416e+01   5.8722592779e-01
7.6958739785e+01   5.8844501409e-01
7.7036941153e+01   5.8397593529e-01
7.7115142522e+01   5.7339026836e-01
7.7193343891e+01   5.5635996807e-01
7.7271545259e+01   5.3275443680e-01
7.7349746628e+01   5.0275359549e-01
7.7427947996e+01   4.6694498742e-01
7.7506149365e+01   4.2635789150e-01
7.7584350733e+01   3.8239228235e-01
7.7662552102e+01   3.3663525612e-01
7.7740753470e+01   2.9061051387e-01
7.7818954839e+01   2.4554425223e-01
7.7897156207e+01   2.0222447758e-01
7.7897256207e+01   2.0217038747e-01
7.7898256207e+01   2.0162967630e-01
7.7908256207e+01   1.9624159943e-01
7.7986457576e+01   1.5530075712e-01
7.8064658944e+01   1.1637532392e-01
7.8142860313e+01   7.9171755846e-02
7.8221061681e+01   4.3313608686e-02
7.8299263050e+01   8.4405125876e-03
7.8377464418e+01   -2.5732911380e-02
7.8455665787e+01   -5.9392716077e-02
7.8533867155e+01   -9.2625295534e-02
7.8612068524e+01   -1.2543057590e-01
7.8690269892e+01   -1.5774064683e-01
7.8768471261e+01   -1.8943859185e-01
7.8846672630e+01   -2.2037477029e-01
7.8924873998e+01   -2.5037958824e-01
7.9003075367e+01   -2.7927286857e-01
7.9081276735e+01   -3.0687043639e-01
7.9159478104e+01   -3.3298866369e-01
7.9237679472e+01   -3.5744763821e-01
7.9315880841e+01   -3.8007346345e-01
7.9394082209e+01   -4.0070003421e-01
7.9472283578e+01   -4.1917050238e-01
7.9550484946e+01   -4.3533855563e-01
7.9628686315e+01   -4.4906957307e-01
7.9706887683e+01   -4.6024168849e-01
7.9785089052e+01   -4.6874677307e-01
7.9863290420e+01   -4.7449134019e-01
7.9941491789e+01   -4.7739737027e-01
8.0000000000e+01   -4.7767758553e-01
