X    Y
0.0000000000e+00   0.0000000000e+00
1.0000000000e-04   1.0000150006e-05
1.1000000000e-03   1.1001815754e-04
1.1100000000e-02   1.1118559158e-03
8.9301368524e-02   9.0538600614e-03
1.6750273705e-01   1.7198585078e-02
2.4570410557e-01   2.5563814046e-02
3.2390547410e-01   3.4168212304e-02
4.0210684262e-01   4.3031260285e-02
4.8030821114e-01   5.2173152807e-02
5.5850957967e-01   6.1614658565e-02
6.3671094819e-01   7.1376933339e-02
7.1491231672e-01   8.1481280569e-02
7.9311368524e-01   9.1948853515e-02
8.7131505376e-01   1.0280029438e-01
9.4951642229e-01   1.1405530770e-01
1.0277177908e+00   1.2573216792e-01
1.1059191593e+00   1.3784716487e-01
1.1841205279e+00   1.5041399491e-01
1.2623218964e+00   1.6344311115e-01
1.2624218964e+00   1.6346007133e-01
1.2634218964e+00   1.6362971541e-01
1.2734218964e+00   1.6533037801e-01
1.3516232649e+00   1.7889513670e-01
1.4298246334e+00   1.9293054090e-01
1.5080260020e+00   2.0743252963e-01
1.5862273705e+00   2.2239116864e-01
1.6644287390e+00   2.3779019118e-01
1.7426301075e+00   2.5360667603e-01
1.8208314761e+00   2.6981089241e-01
1.8990328446e+00   2.8636633482e-01
1.9772342131e+00   3.0322996077e-01
2.0554355816e+00   3.2035263385e-01
2.1336369501e+00   3.3767976207e-01
2.2118383187e+00   3.5515210968e-01
2.2900396872e+00   3.7270675056e-01
2.3682410557e+00   3.9027813409e-01
2.3683410557e+00   3.9030058567e-01
2.3693410557e+00   3.9052509689e-01
2.3793410557e+00   3.9276972499e-01
2.4575424242e+00   4.1027818186e-01
2.5357437928e+00   4.2765934489e-01
2.6139451613e+00   4.4484669040e-01
2.6921465298e+00   4.6177560330e-01
2.7703478983e+00   4.7838430482e-01
2.8485492669e+00   4.9461465705e-01
2.9267506354e+00   5.1041283024e-01
3.0049520039e+00   5.2572982591e-01
3.0831533724e+00   5.4052185630e-01
3.1613547410e+00   5.5475058588e-01
3.2395561095e+00   5.6838324525e-01
3.3177574780e+00   5.8139263061e-01
3.3959588465e+00   5.9375700420e-01
3.4741602151e+00   6.0545991149e-01
3.5523615836e+00   6.1648993114e-01
3.6305629521e+00   6.2684037317e-01
3.7087643206e+00   6.3650893946e-01
3.7869656891e+00   6.4549735928e-01
3.8651670577e+00   6.5381101123e-01
3.9433684262e+00   6.6145854098e-01
4.0215697947e+00   6.6845148280e-01
4.0997711632e+00   6.7480389220e-01
4.0998711632e+00   6.7481161200e-01
4.1008711632e+00   6.7488875384e-01
4.1108711632e+00   6.7565456420e-01
4.1890725318e+00   6.8129547578e-01
4.2672739003e+00   6.8633283288e-01
4.3454752688e+00   6.9078641147e-01
4.4236766373e+00   6.9467718494e-01
4.5018780059e+00   6.9802706459e-01
4.5800793744e+00   7.0085866503e-01
4.6582807429e+00   7.0319509420e-01
4.7364821114e+00   7.0505976724e-01
4.8146834800e+00   7.0647624348e-01
4.8928848485e+00   7.0746808497e-01
4.9710862170e+00   7.0805873557e-01
5.0492875855e+00   7.0827141897e-01
5.1274889541e+00   7.0812905427e-01
5.2056903226e+00   7.0765418763e-01
5.2838916911e+00   7.0686893864e-01
5.3620930596e+00   7.0579496006e-01
5.4402944282e+00   7.0445340966e-01
5.5184957967e+00   7.0286493300e-01
5.5966971652e+00   7.0104965615e-01
5.6748985337e+00   6.9902718731e-01
5.7530999022e+00   6.9681662663e-01
5.8313012708e+00   6.9443658348e-01
5.9095026393e+00   6.9190520053e-01
5.9877040078e+00   6.8924018433e-01
6.0659053763e+00   6.8645883280e-01
6.0660053763e+00   6.8645520894e-01
6.0670053763e+00   6.8641896136e-01
6.0770053763e+00   6.8605559982e-01
6.1552067449e+00   6.8316209218e-01
6.2334081134e+00   6.8018814818e-01
6.3116094819e+00   6.7715010073e-01
6.3898108504e+00   6.7406408680e-01
6.4680122190e+00   6.7094611090e-01
6.5462135875e+00   6.6781211397e-01
6.6244149560e+00   6.6467804821e-01
6.7026163245e+00   6.6155995813e-01
6.7808176931e+00   6.5847406809e-01
6.8590190616e+00   6.5543687693e-01
6.9372204301e+00   6.5246526004e-01
7.0154217986e+00   6.4957657923e-01
7.0936231672e+00   6.4678880080e-01
7.1718245357e+00   6.4412062199e-01
7.2500259042e+00   6.4159160554e-01
7.3282272727e+00   6.3922232210e-01
7.4064286413e+00   6.3703449938e-01
7.4846300098e+00   6.3505117620e-01
7.5628313783e+00   6.3329685868e-01
7.6410327468e+00   6.3179767441e-01
7.6411327468e+00   6.3179593238e-01
7.6421327468e+00   6.3177853752e-01
7.6521327468e+00   6.3160714653e-01
7.7303341153e+00   6.3043353320e-01
7.8085354839e+00   6.2957713009e-01
7.8867368524e+00   6.2907002051e-01
7.9649382209e+00   6.2894635402e-01
8.0431395894e+00   6.2924233831e-01
8.1213409580e+00   6.2999614640e-01
8.1995423265e+00   6.3124771207e-01
8.2777436950e+00   6.3303838358e-01
8.3559450635e+00   6.3541040308e-01
8.4341464321e+00   6.3840617961e-01
8.5123478006e+00   6.4206732745e-01
8.5905491691e+00   6.4643345057e-01
8.6687505376e+00   6.5154066950e-01
8.6688505376e+00   6.5154768868e-01
8.6698505376e+00   6.5161794998e-01
8.6798505376e+00   6.5232752453e-01
8.7580519062e+00   6.5831846414e-01
8.8362532747e+00   6.6510793529e-01
8.9144546432e+00   6.7270918856e-01
8.9926560117e+00   6.8112407787e-01
9.0708573803e+00   6.9034124425e-01
9.1490587488e+00   7.0033464605e-01
9.2272601173e+00   7.1106260247e-01
9.3054614858e+00   7.2246749335e-01
9.3836628543e+00   7.3447621051e-01
9.3837628543e+00   7.3449191732e-01
9.3847628543e+00   7.3464903192e-01
9.3947628543e+00   7.3622478750e-01
9.4729642229e+00   7.4881545578e-01
9.5511655914e+00   7.6180794616e-01
9.6293669599e+00   7.7509177849e-01
9.7075683284e+00   7.8855026553e-01
9.7857696970e+00   8.0206379650e-01
9.8639710655e+00   8.1551310739e-01
9.9421724340e+00   8.2878234220e-01
1.0020373803e+01   8.4176174851e-01
1.0098575171e+01   8.5434990043e-01
1.0176776540e+01   8.6645539328e-01
1.0254977908e+01   8.7799800127e-01
1.0333179277e+01   8.8890932680e-01
1.0411380645e+01   8.9913299656e-01
1.0489582014e+01   9.0862447541e-01
1.0489682014e+01   9.0863612856e-01
1.0490682014e+01   9.0875259107e-01
1.0500682014e+01   9.0991031184e-01
1.0578883382e+01   9.1852570860e-01
1.0657084751e+01   9.2635077500e-01
1.0735286119e+01   9.3337400641e-01
1.0813487488e+01   9.3959253328e-01
1.0891688856e+01   9.4501110201e-01
1.0969890225e+01   9.4964105839e-01
1.1048091593e+01   9.5349936371e-01
1.1126292962e+01   9.5660766542e-01
1.1204494330e+01   9.5899143683e-01
1.1282695699e+01   9.6067919452e-01
1.1360897067e+01   9.6170179743e-01
1.1439098436e+01   9.6209182813e-01
1.1517299804e+01   9.6188305409e-01
1.1517399804e+01   9.6188241845e-01
1.1518399804e+01   9.6187601130e-01
1.1528399804e+01   9.6180688071e-01
1.1606601173e+01   9.6095651070e-01
1.1684802542e+01   9.5958159544e-01
1.1763003910e+01   9.5771693677e-01
1.1841205279e+01   9.5539703957e-01
1.1919406647e+01   9.5265590423e-01
1.1997608016e+01   9.4952686541e-01
1.2075809384e+01   9.4604247137e-01
1.2154010753e+01   9.4223439903e-01
1.2232212121e+01   9.3813339978e-01
1.2310413490e+01   9.3376927217e-01
1.2388614858e+01   9.2917085771e-01
1.2466816227e+01   9.2436605662e-01
1.2545017595e+01   9.1938186084e-01
1.2623218964e+01   9.1424440203e-01
1.2701420332e+01   9.0897901276e-01
1.2779621701e+01   9.0361029927e-01
1.2857823069e+01   8.9816222483e-01
1.2936024438e+01   8.9265820284e-01
1.3014225806e+01   8.8712119910e-01
1.3092427175e+01   8.8157383071e-01
1.3092527175e+01   8.8156673995e-01
1.3093527175e+01   8.8149583348e-01
1.3103527175e+01   8.8078688749e-01
1.3181728543e+01   8.7525505996e-01
1.3259929912e+01   8.6976072761e-01
1.3338131281e+01   8.6432625006e-01
1.3416332649e+01   8.5897418949e-01
1.3494534018e+01   8.5372746263e-01
1.3572735386e+01   8.4860950057e-01
1.3650936755e+01   8.4364441570e-01
1.3729138123e+01   8.3885717490e-01
1.3807339492e+01   8.3427377679e-01
1.3885540860e+01   8.2992143033e-01
1.3963742229e+01   8.2582873023e-01
1.4041943597e+01   8.2202582313e-01
1.4120144966e+01   8.1854455584e-01
1.4198346334e+01   8.1541859431e-01
1.4276547703e+01   8.1268349828e-01
1.4276647703e+01   8.1268026681e-01
1.4277647703e+01   8.1264799058e-01
1.4287647703e+01   8.1232909731e-01
1.4365849071e+01   8.1008627341e-01
1.4444050440e+01   8.0831679162e-01
1.4522251808e+01   8.0706179738e-01
1.4600453177e+01   8.0636368062e-01
1.4678654545e+01   8.0626553258e-01
1.4756855914e+01   8.0681038421e-01
1.4835057283e+01   8.0804019675e-01
1.4913258651e+01   8.0999458564e-01
1.4991460020e+01   8.1270927579e-01
1.5069661388e+01   8.1621431140e-01
1.5147862757e+01   8.2053207561e-01
1.5226064125e+01   8.2567521255e-01
1.5226164125e+01   8.2568231948e-01
1.5227164125e+01   8.2575346321e-01
1.5237164125e+01   8.2647233874e-01
1.5315365494e+01   8.3255828486e-01
1.5393566862e+01   8.3945467551e-01
1.5471768231e+01   8.4713138646e-01
1.5549969599e+01   8.5554217924e-01
1.5628170968e+01   8.6462458805e-01
1.5706372336e+01   8.7430061456e-01
1.5784573705e+01   8.8447824337e-01
1.5862775073e+01   8.9505370931e-01
1.5862875073e+01   8.9506744002e-01
1.5863875073e+01   8.9520477272e-01
1.5873875073e+01   8.9658061401e-01
1.5952076442e+01   9.0747226229e-01
1.6030277810e+01   9.1851383051e-01
1.6108479179e+01   9.2958490460e-01
1.6186680547e+01   9.4056677395e-01
1.6264881916e+01   9.5134550168e-01
1.6343083284e+01   9.6181455157e-01
1.6421284653e+01   9.7187687660e-01
1.6499486022e+01   9.8144643031e-01
1.6577687390e+01   9.9044911017e-01
1.6655888759e+01   9.9882317942e-01
1.6734090127e+01   1.0065192380e+00
1.6812291496e+01   1.0134998256e+00
1.6890492864e+01   1.0197387431e+00
1.6890592864e+01   1.0197462385e+00
1.6891592864e+01   1.0198211244e+00
1.6901592864e+01   1.0205631584e+00
1.6979794233e+01   1.0259363452e+00
1.7057995601e+01   1.0305453927e+00
1.7136196970e+01   1.0343932625e+00
1.7214398338e+01   1.0374899880e+00
1.7292599707e+01   1.0398516201e+00
1.7370801075e+01   1.0414992283e+00
1.7449002444e+01   1.0424579754e+00
1.7527203812e+01   1.0427562762e+00
1.7605405181e+01   1.0424250456e+00
1.7683606549e+01   1.0414970380e+00
1.7761807918e+01   1.0400062732e+00
1.7840009286e+01   1.0379875478e+00
1.7918210655e+01   1.0354760232e+00
1.7996412023e+01   1.0325068855e+00
1.7996512023e+01   1.0325028107e+00
1.7997512023e+01   1.0324620249e+00
1.8007512023e+01   1.0320503819e+00
1.8085713392e+01   1.0286013779e+00
1.8163914761e+01   1.0247690069e+00
1.8242116129e+01   1.0205869989e+00
1.8320317498e+01   1.0160883110e+00
1.8398518866e+01   1.0113050497e+00
1.8476720235e+01   1.0062684255e+00
1.8554921603e+01   1.0010087362e+00
1.8633122972e+01   9.9555537445e-01
1.8711324340e+01   9.8993685759e-01
1.8789525709e+01   9.8418087452e-01
1.8867727077e+01   9.7831434942e-01
1.8945928446e+01   9.7236351902e-01
1.9024129814e+01   9.6635402242e-01
1.9102331183e+01   9.6031100184e-01
1.9180532551e+01   9.5425921360e-01
1.9258733920e+01   9.4822314840e-01
1.9336935288e+01   9.4222716036e-01
1.9415136657e+01   9.3629560411e-01
1.9493338025e+01   9.3045297961e-01
1.9571539394e+01   9.2472408356e-01
1.9649740762e+01   9.1913416658e-01
1.9727942131e+01   9.1370905394e-01
1.9728042131e+01   9.1370223334e-01
1.9729042131e+01   9.1363404452e-01
1.9739042131e+01   9.1295388962e-01
1.9817243500e+01   9.0774953476e-01
1.9895444868e+01   9.0276809562e-01
1.9973646237e+01   8.9803835651e-01
2.0051847605e+01   8.9359034127e-01
2.0130048974e+01   8.8945542973e-01
2.0208250342e+01   8.8566644132e-01
2.0286451711e+01   8.8225767212e-01
2.0364653079e+01   8.7926486811e-01
2.0442854448e+01   8.7672511434e-01
2.0521055816e+01   8.7467661599e-01
2.0599257185e+01   8.7315834560e-01
2.0677458553e+01   8.7220952890e-01
2.0755659922e+01   8.7186894359e-01
2.0833861290e+01   8.7217400972e-01
2.0912062659e+01   8.7315966057e-01
2.0912162659e+01   8.7316137046e-01
2.0913162659e+01   8.7317853344e-01
2.0923162659e+01   8.7335658132e-01
2.1001364027e+01   8.7515716314e-01
2.1079565396e+01   8.7769827193e-01
2.1157766764e+01   8.8099742671e-01
2.1235968133e+01   8.8506308574e-01
2.1314169501e+01   8.8989295182e-01
2.1392370870e+01   8.9547247028e-01
2.1470572239e+01   9.0177366511e-01
2.1548773607e+01   9.0875445378e-01
2.1626974976e+01   9.1635855675e-01
2.1705176344e+01   9.2451607417e-01
2.1705276344e+01   9.2452682596e-01
2.1706276344e+01   9.2463438633e-01
2.1716276344e+01   9.2571419355e-01
2.1794477713e+01   9.3440244123e-01
2.1872679081e+01   9.4345523849e-01
2.1950880450e+01   9.5277087529e-01
2.2029081818e+01   9.6224277485e-01
2.2107283187e+01   9.7176245633e-01
2.2185484555e+01   9.8122245711e-01
2.2263685924e+01   9.9051904451e-01
2.2341887292e+01   9.9955458213e-01
2.2420088661e+01   1.0082394599e+00
2.2498290029e+01   1.0164935422e+00
2.2576491398e+01   1.0242471299e+00
2.2654692766e+01   1.0314414647e+00
2.2732894135e+01   1.0380288277e+00
2.2811095503e+01   1.0439722985e+00
2.2811195503e+01   1.0439794741e+00
2.2812195503e+01   1.0440511694e+00
2.2822195503e+01   1.0447620748e+00
2.2900396872e+01   1.0499382523e+00
2.2978598240e+01   1.0544251625e+00
2.3056799609e+01   1.0582156596e+00
2.3135000978e+01   1.0613102836e+00
2.3213202346e+01   1.0637163092e+00
2.3291403715e+01   1.0654468058e+00
2.3369605083e+01   1.0665197358e+00
2.3447806452e+01   1.0669571088e+00
2.3526007820e+01   1.0667842058e+00
2.3604209189e+01   1.0660288783e+00
2.3682410557e+01   1.0647209274e+00
2.3760611926e+01   1.0628915596e+00
2.3838813294e+01   1.0605729196e+00
2.3917014663e+01   1.0577976930e+00
2.3995216031e+01   1.0545987753e+00
2.3995316031e+01   1.0545944275e+00
2.3996316031e+01   1.0545509142e+00
2.4006316031e+01   1.0541122817e+00
2.4084517400e+01   1.0504696766e+00
2.4162718768e+01   1.0464733616e+00
2.4240920137e+01   1.0421553752e+00
2.4319121505e+01   1.0375471706e+00
2.4397322874e+01   1.0326795333e+00
2.4475524242e+01   1.0275825308e+00
2.4553725611e+01   1.0222854907e+00
2.4631926979e+01   1.0168170022e+00
2.4710128348e+01   1.0112049400e+00
2.4788329717e+01   1.0054765062e+00
2.4866531085e+01   9.9965828757e-01
2.4944732454e+01   9.9377632750e-01
2.5022933822e+01   9.8785621019e-01
2.5101135191e+01   9.8192315529e-01
2.5179336559e+01   9.7600212243e-01
2.5257537928e+01   9.7011792402e-01
2.5335739296e+01   9.6429534547e-01
2.5413940665e+01   9.5855927144e-01
2.5492142033e+01   9.5293481694e-01
2.5570343402e+01   9.4744746128e-01
2.5648544770e+01   9.4212318278e-01
2.5726746139e+01   9.3698859097e-01
2.5726846139e+01   9.3698215814e-01
2.5727846139e+01   9.3691784942e-01
2.5737846139e+01   9.3627672600e-01
2.5816047507e+01   9.3139220512e-01
2.5894248876e+01   9.2675694556e-01
2.5972450244e+01   9.2240025904e-01
2.6050651613e+01   9.1835249430e-01
2.6128852981e+01   9.1464506375e-01
2.6207054350e+01   9.1131041888e-01
2.6285255718e+01   9.0838195936e-01
2.6363457087e+01   9.0589385817e-01
2.6441658456e+01   9.0388078372e-01
2.6519859824e+01   9.0237749910e-01
2.6598061193e+01   9.0141831938e-01
2.6676262561e+01   9.0103641101e-01
2.6754463930e+01   9.0126292351e-01
2.6832665298e+01   9.0212595333e-01
2.6910866667e+01   9.0364935348e-01
2.6910966667e+01   9.0365173279e-01
2.6911966667e+01   9.0367558695e-01
2.6921966667e+01   9.0392024442e-01
2.7000168035e+01   9.0621973847e-01
2.7078369404e+01   9.0921021460e-01
2.7156570772e+01   9.1289340042e-01
2.7234772141e+01   9.1726122472e-01
2.7312973509e+01   9.2229475223e-01
2.7391174878e+01   9.2796343639e-01
2.7469376246e+01   9.3422478782e-01
2.7547577615e+01   9.4102453270e-01
2.7625778983e+01   9.4829729909e-01
2.7703980352e+01   9.5596782532e-01
2.7782181720e+01   9.6395264016e-01
2.7782281720e+01   9.6396301419e-01
2.7783281720e+01   9.6406677462e-01
2.7793281720e+01   9.6510635885e-01
2.7871483089e+01   9.7334021060e-01
2.7949684457e+01   9.8169181206e-01
2.8027885826e+01   9.9006624865e-01
2.8106087195e+01   9.9836988232e-01
2.8184288563e+01   1.0065125384e+00
2.8262489932e+01   1.0144094136e+00
2.8340691300e+01   1.0219826383e+00
2.8418892669e+01   1.0291624582e+00
2.8497094037e+01   1.0358880305e+00
2.8575295406e+01   1.0421078567e+00
2.8653496774e+01   1.0477798878e+00
2.8731698143e+01   1.0528713536e+00
2.8809899511e+01   1.0573583685e+00
2.8888100880e+01   1.0612253693e+00
2.8966302248e+01   1.0644644353e+00
2.9044503617e+01   1.0670745366e+00
2.9044603617e+01   1.0670774731e+00
2.9045603617e+01   1.0671067827e+00
2.9055603617e+01   1.0673942676e+00
2.9133804985e+01   1.0692926518e+00
2.9212006354e+01   1.0705793986e+00
2.9290207722e+01   1.0712700345e+00
2.9368409091e+01   1.0713838089e+00
2.9446610459e+01   1.0709430250e+00
2.9524811828e+01   1.0699724325e+00
2.9603013196e+01   1.0684986826e+00
2.9681214565e+01   1.0665498474e+00
2.9759415934e+01   1.0641550032e+00
2.9837617302e+01   1.0613438728e+00
2.9915818671e+01   1.0581465247e+00
2.9994020039e+01   1.0545931247e+00
3.0072221408e+01   1.0507137346e+00
3.0150422776e+01   1.0465381535e+00
3.0228624145e+01   1.0420957984e+00
3.0306825513e+01   1.0374156178e+00
3.0385026882e+01   1.0325260356e+00
3.0463228250e+01   1.0274549216e+00
3.0541429619e+01   1.0222295855e+00
3.0619630987e+01   1.0168767897e+00
3.0697832356e+01   1.0114227812e+00
3.0697932356e+01   1.0114157531e+00
3.0698932356e+01   1.0113454658e+00
3.0708932356e+01   1.0106419266e+00
3.0787133724e+01   1.0051038390e+00
3.0865335093e+01   9.9951925456e-01
3.0943536461e+01   9.9391316102e-01
3.1021737830e+01   9.8831030118e-01
3.1099939198e+01   9.8273526345e-01
3.1178140567e+01   9.7721257895e-01
3.1256341935e+01   9.7176682368e-01
3.1334543304e+01   9.6642272389e-01
3.1412744673e+01   9.6120526263e-01
3.1490946041e+01   9.5613978481e-01
3.1569147410e+01   9.5125209784e-01
3.1647348778e+01   9.4656856360e-01
3.1725550147e+01   9.4211617708e-01
3.1803751515e+01   9.3792262546e-01
3.1881952884e+01   9.3401632022e-01
3.1960154252e+01   9.3042639330e-01
3.2038355621e+01   9.2718264674e-01
3.2116556989e+01   9.2431544380e-01
3.2194758358e+01   9.2185552818e-01
3.2194858358e+01   9.2185265649e-01
3.2195858358e+01   9.2182397904e-01
3.2205858358e+01   9.2154115971e-01
3.2284059726e+01   9.1958407087e-01
3.2362261095e+01   9.1810002699e-01
3.2440462463e+01   9.1711874749e-01
3.2518663832e+01   9.1666851883e-01
3.2596865200e+01   9.1677544589e-01
3.2675066569e+01   9.1746258007e-01
3.2753267937e+01   9.1874893923e-01
3.2831469306e+01   9.2064844756e-01
3.2909670674e+01   9.2316883762e-01
3.2987872043e+01   9.2631057155e-01
3.3066073412e+01   9.3006585053e-01
3.3144274780e+01   9.3441778968e-01
3.3222476149e+01   9.3933983703e-01
3.3300677517e+01   9.4479550796e-01
3.3378878886e+01   9.5073849091e-01
3.3378978886e+01   9.5074637966e-01
3.3379978886e+01   9.5082530601e-01
3.3389978886e+01   9.5161842969e-01
3.3468180254e+01   9.5804935730e-01
3.3546381623e+01   9.6483822222e-01
3.3624582991e+01   9.7191296328e-01
3.3702784360e+01   9.7919622300e-01
3.3780985728e+01   9.8660717971e-01
3.3859187097e+01   9.9406348335e-01
3.3937388465e+01   1.0014831885e+00
3.4015589834e+01   1.0087865856e+00
3.4093791202e+01   1.0158978478e+00
3.4171992571e+01   1.0227464309e+00
3.4250193939e+01   1.0292681889e+00
3.4328395308e+01   1.0354061899e+00
3.4406596676e+01   1.0411112357e+00
3.4484798045e+01   1.0463421080e+00
3.4562999413e+01   1.0510655713e+00
3.4641200782e+01   1.0552561718e+00
3.4719402151e+01   1.0588958732e+00
3.4797603519e+01   1.0619735691e+00
3.4797703519e+01   1.0619771422e+00
3.4798703519e+01   1.0620128227e+00
3.4808703519e+01   1.0623645249e+00
3.4886904888e+01   1.0647949773e+00
3.4965106256e+01   1.0666602340e+00
3.5043307625e+01   1.0679670453e+00
3.5121508993e+01   1.0687265171e+00
3.5199710362e+01   1.0689534879e+00
3.5277911730e+01   1.0686659396e+00
3.5356113099e+01   1.0678844503e+00
3.5434314467e+01   1.0666316954e+00
3.5512515836e+01   1.0649319992e+00
3.5590717204e+01   1.0628109388e+00
3.5668918573e+01   1.0602949975e+00
3.5747119941e+01   1.0574112686e+00
3.5825321310e+01   1.0541872037e+00
3.5903522678e+01   1.0506504050e+00
3.5981724047e+01   1.0468284559e+00
3.6059925415e+01   1.0427487882e+00
3.6138126784e+01   1.0384385803e+00
3.6216328152e+01   1.0339246851e+00
3.6294529521e+01   1.0292335829e+00
3.6372730890e+01   1.0243913570e+00
3.6450932258e+01   1.0194236888e+00
3.6529133627e+01   1.0143558718e+00
3.6529233627e+01   1.0143493379e+00
3.6530233627e+01   1.0142839922e+00
3.6540233627e+01   1.0136298700e+00
3.6618434995e+01   1.0084781622e+00
3.6696636364e+01   1.0032793204e+00
3.6774837732e+01   9.9805765506e-01
3.6853039101e+01   9.9283727898e-01
3.6931240469e+01   9.8764217778e-01
3.7009441838e+01   9.8249628533e-01
3.7087643206e+01   9.7742356334e-01
3.7165844575e+01   9.7244808253e-01
3.7244045943e+01   9.6759410336e-01
3.7322247312e+01   9.6288615333e-01
3.7400448680e+01   9.5834909765e-01
3.7478650049e+01   9.5400819931e-01
3.7556851417e+01   9.4988916377e-01
3.7635052786e+01   9.4601816251e-01
3.7713254154e+01   9.4242182884e-01
3.7791455523e+01   9.3912721813e-01
3.7869656891e+01   9.3616172365e-01
3.7947858260e+01   9.3355293834e-01
3.8026059629e+01   9.3132845246e-01
3.8104260997e+01   9.2951557655e-01
3.8182462366e+01   9.2814098062e-01
3.8182562366e+01   9.2813951451e-01
3.8183562366e+01   9.2812489517e-01
3.8193562366e+01   9.2798288644e-01
3.8271763734e+01   9.2713997349e-01
3.8349965103e+01   9.2678808209e-01
3.8428166471e+01   9.2694848219e-01
3.8506367840e+01   9.2763931755e-01
3.8584569208e+01   9.2887479300e-01
3.8662770577e+01   9.3066431847e-01
3.8740971945e+01   9.3301164615e-01
3.8819173314e+01   9.3591404723e-01
3.8897374682e+01   9.3936158139e-01
3.8975576051e+01   9.4333651676e-01
3.9053777419e+01   9.4781295632e-01
3.9131978788e+01   9.5275672017e-01
3.9210180156e+01   9.5812551960e-01
3.9288381525e+01   9.6386944083e-01
3.9366582893e+01   9.6993173391e-01
3.9444784262e+01   9.7624988100e-01
3.9444884262e+01   9.7625809590e-01
3.9445884262e+01   9.7634026192e-01
3.9455884262e+01   9.7716359045e-01
3.9534085631e+01   9.8369179065e-01
3.9612286999e+01   9.9032877372e-01
3.9690488368e+01   9.9700301159e-01
3.9768689736e+01   1.0036433036e+00
3.9846891105e+01   1.0101802615e+00
3.9925092473e+01   1.0165476566e+00
4.0003293842e+01   1.0226835829e+00
4.0081495210e+01   1.0285314021e+00
4.0159696579e+01   1.0340404573e+00
4.0237897947e+01   1.0391665540e+00
4.0316099316e+01   1.0438722217e+00
4.0394300684e+01   1.0481267764e+00
4.0472502053e+01   1.0519062127e+00
4.0550703421e+01   1.0551929549e+00
4.0628904790e+01   1.0579754981e+00
4.0707106158e+01   1.0602479700e+00
4.0785307527e+01   1.0620096392e+00
4.0863508895e+01   1.0632643946e+00
4.0941710264e+01   1.0640202147e+00
4.1019911632e+01   1.0642886437e+00
4.1098113001e+01   1.0640842877e+00
4.1098213001e+01   1.0640837308e+00
4.1099213001e+01   1.0640781209e+00
4.1109213001e+01   1.0640179309e+00
4.1187414370e+01   1.0632948379e+00
4.1265615738e+01   1.0621383838e+00
4.1343817107e+01   1.0605698644e+00
4.1422018475e+01   1.0586119078e+00
4.1500219844e+01   1.0562881602e+00
4.1578421212e+01   1.0536230121e+00
4.1656622581e+01   1.0506413632e+00
4.1734823949e+01   1.0473684245e+00
4.1813025318e+01   1.0438295540e+00
4.1891226686e+01   1.0400501248e+00
4.1969428055e+01   1.0360554208e+00
4.2047629423e+01   1.0318705590e+00
4.2125830792e+01   1.0275204355e+00
4.2204032160e+01   1.0230296905e+00
4.2282233529e+01   1.0184226939e+00
4.2360434897e+01   1.0137235450e+00
4.2438636266e+01   1.0089560875e+00
4.2516837634e+01   1.0041439358e+00
4.2595039003e+01   9.9931051157e-01
4.2673240371e+01   9.9447908952e-01
4.2751441740e+01   9.8967284865e-01
4.2829643109e+01   9.8491492907e-01
4.2907844477e+01   9.8022849133e-01
4.2986045846e+01   9.7563677630e-01
4.3064247214e+01   9.7116312282e-01
4.3064347214e+01   9.7115748772e-01
4.3065347214e+01   9.7110114955e-01
4.3075347214e+01   9.7053905203e-01
4.3153548583e+01   9.6622898478e-01
4.3231749951e+01   9.6208765083e-01
4.3309951320e+01   9.5813911492e-01
4.3388152688e+01   9.5440771501e-01
4.3466354057e+01   9.5091805142e-01
4.3544555425e+01   9.4769494758e-01
4.3622756794e+01   9.4476337542e-01
4.3700958162e+01   9.4214833842e-01
4.3779159531e+01   9.3987470470e-01
4.3857360899e+01   9.3796698282e-01
4.3935562268e+01   9.3644903337e-01
4.4013763636e+01   9.3534371106e-01
4.4091965005e+01   9.3467243408e-01
4.4170166373e+01   9.3445468097e-01
4.4248367742e+01   9.3470741981e-01
4.4326569110e+01   9.3544448011e-01
4.4326669110e+01   9.3544573741e-01
4.4327669110e+01   9.3545835496e-01
4.4337669110e+01   9.3558898339e-01
4.4415870479e+01   9.3689111623e-01
4.4494071848e+01   9.3869350570e-01
4.4572273216e+01   9.4099573707e-01
4.4650474585e+01   9.4379153561e-01
4.4728675953e+01   9.4706825881e-01
4.4806877322e+01   9.5080652993e-01
4.4885078690e+01   9.5498005204e-01
4.4963280059e+01   9.5955563428e-01
4.5041481427e+01   9.6449345111e-01
4.5119682796e+01   9.6974754076e-01
4.5197884164e+01   9.7526653328e-01
4.5276085533e+01   9.8099458267e-01
4.5354286901e+01   9.8687246272e-01
4.5432488270e+01   9.9283877505e-01
4.5510689638e+01   9.9883121356e-01
4.5588891007e+01   1.0047878258e+00
4.5588991007e+01   1.0047953939e+00
4.5589991007e+01   1.0048710657e+00
4.5599991007e+01   1.0056268884e+00
4.5678192375e+01   1.0114688677e+00
4.5756393744e+01   1.0171489627e+00
4.5834595112e+01   1.0226136262e+00
4.5912796481e+01   1.0278138093e+00
4.5990997849e+01   1.0327055433e+00
4.6069199218e+01   1.0372503407e+00
4.6147400587e+01   1.0414154215e+00
4.6225601955e+01   1.0451737823e+00
4.6303803324e+01   1.0485041267e+00
4.6382004692e+01   1.0513906807e+00
4.6460206061e+01   1.0538229164e+00
4.6538407429e+01   1.0557952065e+00
4.6616608798e+01   1.0573064314e+00
4.6694810166e+01   1.0583595570e+00
4.6773011535e+01   1.0589612007e+00
4.6851212903e+01   1.0591211976e+00
4.6929414272e+01   1.0588521786e+00
4.7007615640e+01   1.0581691684e+00
4.7085817009e+01   1.0570892087e+00
4.7164018377e+01   1.0556310140e+00
4.7242219746e+01   1.0538146557e+00
4.7320421114e+01   1.0516612790e+00
4.7398622483e+01   1.0491928563e+00
4.7398722483e+01   1.0491895077e+00
4.7399722483e+01   1.0491559954e+00
4.7409722483e+01   1.0488182533e+00
4.7487923851e+01   1.0460177130e+00
4.7566125220e+01   1.0429510128e+00
4.7644326588e+01   1.0396414631e+00
4.7722527957e+01   1.0361125018e+00
4.7800729326e+01   1.0323875955e+00
4.7878930694e+01   1.0284901626e+00
4.7957132063e+01   1.0244435168e+00
4.8035333431e+01   1.0202708294e+00
4.8113534800e+01   1.0159951075e+00
4.8191736168e+01   1.0116391861e+00
4.8269937537e+01   1.0072257329e+00
4.8348138905e+01   1.0027772636e+00
4.8426340274e+01   9.9831616497e-01
4.8504541642e+01   9.9386472595e-01
4.8582743011e+01   9.8944517243e-01
4.8660944379e+01   9.8507970565e-01
4.8739145748e+01   9.8079054130e-01
4.8817347116e+01   9.7659994709e-01
4.8895548485e+01   9.7253027632e-01
4.8973749853e+01   9.6860399447e-01
4.9051951222e+01   9.6484369558e-01
4.9130152590e+01   9.6127210448e-01
4.9208353959e+01   9.5791206084e-01
4.9286555327e+01   9.5478648011e-01
4.9364756696e+01   9.5191828637e-01
4.9442958065e+01   9.4933031162e-01
4.9521159433e+01   9.4704515581e-01
4.9599360802e+01   9.4508500253e-01
4.9677562170e+01   9.4347138533e-01
4.9755763539e+01   9.4222490117e-01
4.9833964907e+01   9.4136486734e-01
4.9834064907e+01   9.4136402272e-01
4.9835064907e+01   9.4135561286e-01
4.9845064907e+01   9.4127515806e-01
4.9923266276e+01   9.4087789882e-01
5.0001467644e+01   9.4090228111e-01
5.0079669013e+01   9.4136080957e-01
5.0157870381e+01   9.4226276750e-01
5.0236071750e+01   9.4361367173e-01
5.0314273118e+01   9.4541473627e-01
5.0392474487e+01   9.4766237168e-01
5.0470675855e+01   9.5034775017e-01
5.0548877224e+01   9.5345646805e-01
5.0627078592e+01   9.5696833564e-01
5.0705279961e+01   9.6085732124e-01
5.0783481329e+01   9.6509166903e-01
5.0861682698e+01   9.6963420144e-01
5.0939884066e+01   9.7444280570e-01
5.1018085435e+01   9.7947109267e-01
5.1096286804e+01   9.8466920429e-01
5.1174488172e+01   9.8998473644e-01
5.1252689541e+01   9.9536373646e-01
5.1330890909e+01   1.0007517564e+00
5.1330990909e+01   1.0007586289e+00
5.1331990909e+01   1.0008273505e+00
5.1341990909e+01   1.0015141358e+00
5.1420192278e+01   1.0068465841e+00
5.1498393646e+01   1.0120744082e+00
5.1576595015e+01   1.0171479318e+00
5.1654796383e+01   1.0220207212e+00
5.1732997752e+01   1.0266502065e+00
5.1811199120e+01   1.0309981579e+00
5.1889400489e+01   1.0350310191e+00
5.1967601857e+01   1.0387201038e+00
5.2045803226e+01   1.0420416637e+00
5.2124004594e+01   1.0449768471e+00
5.2202205963e+01   1.0475115607e+00
5.2280407331e+01   1.0496362566e+00
5.2358608700e+01   1.0513456593e+00
5.2436810068e+01   1.0526384500e+00
5.2515011437e+01   1.0535169252e+00
5.2593212805e+01   1.0539866395e+00
5.2671414174e+01   1.0540560471e+00
5.2749615543e+01   1.0537361484e+00
5.2827816911e+01   1.0530401507e+00
5.2906018280e+01   1.0519831476e+00
5.2984219648e+01   1.0505818208e+00
5.3062421017e+01   1.0488541675e+00
5.3140622385e+01   1.0468192547e+00
5.3218823754e+01   1.0444970029e+00
5.3297025122e+01   1.0419079894e+00
5.3375226491e+01   1.0390732790e+00
5.3453427859e+01   1.0360142846e+00
5.3531629228e+01   1.0327526484e+00
5.3531729228e+01   1.0327483571e+00
5.3532729228e+01   1.0327054283e+00
5.3542729228e+01   1.0322745237e+00
5.3620930596e+01   1.0288081156e+00
5.3699131965e+01   1.0251857675e+00
5.3777333333e+01   1.0214292981e+00
5.3855534702e+01   1.0175604731e+00
5.3933736070e+01   1.0136009778e+00
5.4011937439e+01   1.0095724025e+00
5.4090138807e+01   1.0054962383e+00
5.4168340176e+01   1.0013938818e+00
5.4246541544e+01   9.9728664699e-01
5.4324742913e+01   9.9319578225e-01
5.4402944282e+01   9.8914249062e-01
5.4481145650e+01   9.8514795187e-01
5.4559347019e+01   9.8123334360e-01
5.4637548387e+01   9.7741985955e-01
5.4715749756e+01   9.7372872225e-01
5.4793951124e+01   9.7018118745e-01
5.4872152493e+01   9.6679853705e-01
5.4950353861e+01   9.6360205716e-01
5.5028555230e+01   9.6061299760e-01
5.5106756598e+01   9.5785250875e-01
5.5184957967e+01   9.5534155165e-01
5.5263159335e+01   9.5310077711e-01
5.5341360704e+01   9.5115036984e-01
5.5419562072e+01   9.4950985395e-01
5.5497763441e+01   9.4819785705e-01
5.5575964809e+01   9.4723183161e-01
5.5654166178e+01   9.4662773358e-01
5.5732367546e+01   9.4639966092e-01
5.5810568915e+01   9.4655945738e-01
5.5888770283e+01   9.4711628989e-01
5.5966971652e+01   9.4807621191e-01
5.6045173021e+01   9.4944172880e-01
5.6123374389e+01   9.5121138559e-01
5.6201575758e+01   9.5337939702e-01
5.6279777126e+01   9.5593534410e-01
5.6279877126e+01   9.5593885488e-01
5.6280877126e+01   9.5597399619e-01
5.6290877126e+01   9.5632875628e-01
5.6369078495e+01   9.5930874665e-01
5.6447279863e+01   9.6263792010e-01
5.6525481232e+01   9.6629044967e-01
5.6603682600e+01   9.7023578880e-01
5.6681883969e+01   9.7443900489e-01
5.6760085337e+01   9.7886125369e-01
5.6838286706e+01   9.8346038109e-01
5.6916488074e+01   9.8819163153e-01
5.6994689443e+01   9.9300843562e-01
5.7072890811e+01   9.9786324562e-01
5.7151092180e+01   1.0027083853e+00
5.7229293548e+01   1.0074968816e+00
5.7307494917e+01   1.0121832476e+00
5.7385696285e+01   1.0167241926e+00
5.7463897654e+01   1.0210792380e+00
5.7542099022e+01   1.0252112269e+00
5.7620300391e+01   1.0290867213e+00
5.7698501760e+01   1.0326762837e+00
5.7776703128e+01   1.0359546495e+00
5.7854904497e+01   1.0389007975e+00
5.7933105865e+01   1.0414979287e+00
5.8011307234e+01   1.0437333673e+00
5.8089508602e+01   1.0455983968e+00
5.8167709971e+01   1.0470880439e+00
5.8245911339e+01   1.0482008254e+00
5.8324112708e+01   1.0489384683e+00
5.8402314076e+01   1.0493056160e+00
5.8480515445e+01   1.0493095222e+00
5.8558716813e+01   1.0489597654e+00
5.8636918182e+01   1.0482679701e+00
5.8637018182e+01   1.0482668720e+00
5.8638018182e+01   1.0482558619e+00
5.8648018182e+01   1.0481428104e+00
5.8726219550e+01   1.0470768919e+00
5.8804420919e+01   1.0456994430e+00
5.8882622287e+01   1.0440267933e+00
5.8960823656e+01   1.0420762975e+00
5.9039025024e+01   1.0398661445e+00
5.9117226393e+01   1.0374151878e+00
5.9195427761e+01   1.0347427972e+00
5.9273629130e+01   1.0318687314e+00
5.9351830499e+01   1.0288130303e+00
5.9430031867e+01   1.0255959246e+00
5.9508233236e+01   1.0222377631e+00
5.9586434604e+01   1.0187589553e+00
5.9664635973e+01   1.0151799267e+00
5.9742837341e+01   1.0115210878e+00
5.9821038710e+01   1.0078028125e+00
5.9899240078e+01   1.0040454261e+00
5.9977441447e+01   1.0002692005e+00
6.0055642815e+01   9.9649435520e-01
6.0133844184e+01   9.9274106198e-01
6.0212045552e+01   9.8902945217e-01
6.0290246921e+01   9.8537962399e-01
6.0368448289e+01   9.8181164805e-01
6.0446649658e+01   9.7834556904e-01
6.0524851026e+01   9.7500140076e-01
6.0603052395e+01   9.7179911230e-01
6.0681253763e+01   9.6875860207e-01
6.0759455132e+01   9.6589965700e-01
6.0837656500e+01   9.6324189340e-01
6.0915857869e+01   9.6080467633e-01
6.0994059238e+01   9.5860701425e-01
6.1072260606e+01   9.5666742591e-01
6.1150461975e+01   9.5500377692e-01
6.1228663343e+01   9.5363304911e-01
6.1306864712e+01   9.5257115590e-01
6.1385066080e+01   9.5183271759e-01
6.1463267449e+01   9.5143073195e-01
6.1463367449e+01   9.5143043826e-01
6.1464367449e+01   9.5142753259e-01
6.1474367449e+01   9.5140160766e-01
6.1552568817e+01   9.5139722551e-01
6.1630770186e+01   9.5175016860e-01
6.1708971554e+01   9.5246617763e-01
6.1787172923e+01   9.5354795959e-01
6.1865374291e+01   9.5499485258e-01
6.1943575660e+01   9.5680252286e-01
6.2021777028e+01   9.5896271163e-01
6.2099978397e+01   9.6146304929e-01
6.2178179765e+01   9.6428695397e-01
6.2256381134e+01   9.6741362837e-01
6.2334582502e+01   9.7081816558e-01
6.2412783871e+01   9.7447176904e-01
6.2490985239e+01   9.7834208654e-01
6.2569186608e+01   9.8239365134e-01
6.2647387977e+01   9.8658841795e-01
6.2725589345e+01   9.9088637433e-01
6.2803790714e+01   9.9524620840e-01
6.2881992082e+01   9.9962600384e-01
6.2960193451e+01   1.0039839394e+00
6.3038394819e+01   1.0082789664e+00
6.3116596188e+01   1.0124714751e+00
6.3194797556e+01   1.0165238610e+00
6.3194897556e+01   1.0165289380e+00
6.3195897556e+01   1.0165796920e+00
6.3205897556e+01   1.0170856381e+00
6.3284098925e+01   1.0209352050e+00
6.3362300293e+01   1.0245729627e+00
6.3440501662e+01   1.0279703874e+00
6.3518703030e+01   1.0311024399e+00
6.3596904399e+01   1.0339476960e+00
6.3675105767e+01   1.0364883967e+00
6.3753307136e+01   1.0387104248e+00
6.3831508504e+01   1.0406032198e+00
6.3909709873e+01   1.0421596406e+00
6.3987911241e+01   1.0433757874e+00
6.4066112610e+01   1.0442507925e+00
6.4144313979e+01   1.0447865900e+00
6.4222515347e+01   1.0449876729e+00
6.4300716716e+01   1.0448608448e+00
6.4378918084e+01   1.0444149726e+00
6.4457119453e+01   1.0436607453e+00
6.4535320821e+01   1.0426104430e+00
6.4613522190e+01   1.0412777193e+00
6.4691723558e+01   1.0396773986e+00
6.4769924927e+01   1.0378252910e+00
6.4848126295e+01   1.0357380240e+00
6.4926327664e+01   1.0334328928e+00
6.5004529032e+01   1.0309277274e+00
6.5082730401e+01   1.0282407778e+00
6.5160931769e+01   1.0253906123e+00
6.5239133138e+01   1.0223960344e+00
6.5317334506e+01   1.0192760166e+00
6.5395535875e+01   1.0160496415e+00
6.5473737243e+01   1.0127360568e+00
6.5551938612e+01   1.0093544408e+00
6.5630139980e+01   1.0059239761e+00
6.5708341349e+01   1.0024638313e+00
6.5786542718e+01   9.9899314820e-01
6.5864744086e+01   9.9553103342e-01
6.5942945455e+01   9.9209655251e-01
6.6021146823e+01   9.8870872522e-01
6.6099348192e+01   9.8538651976e-01
6.6177549560e+01   9.8214884422e-01
6.6255750929e+01   9.7901453322e-01
6.6333952297e+01   9.7600232738e-01
6.6412153666e+01   9.7313084344e-01
6.6490355034e+01   9.7041853253e-01
6.6568556403e+01   9.6788362403e-01
6.6646757771e+01   9.6554405254e-01
6.6724959140e+01   9.6341736536e-01
6.6803160508e+01   9.6152060835e-01
6.6881361877e+01   9.5987018790e-01
6.6881461877e+01   9.5986824189e-01
6.6882461877e+01   9.5984880535e-01
6.6892461877e+01   9.5965680360e-01
6.6970663245e+01   9.5830671342e-01
6.7048864614e+01   9.5723515728e-01
6.7127065982e+01   9.5645535081e-01
6.7205267351e+01   9.5597902864e-01
6.7283468719e+01   9.5581618176e-01
6.7361670088e+01   9.5597477959e-01
6.7439871457e+01   9.5646048335e-01
6.7518072825e+01   9.5727636010e-01
6.7596274194e+01   9.5842260780e-01
6.7674475562e+01   9.5989630394e-01
6.7752676931e+01   9.6169119085e-01
6.7830878299e+01   9.6379751143e-01
6.7909079668e+01   9.6620190820e-01
6.7987281036e+01   9.6888739748e-01
6.8065482405e+01   9.7183342753e-01
6.8143683773e+01   9.7501602655e-01
6.8221885142e+01   9.7840804206e-01
6.8300086510e+01   9.8197946866e-01
6.8378287879e+01   9.8569785680e-01
6.8456489247e+01   9.8952879063e-01
6.8534690616e+01   9.9343641945e-01
6.8612891984e+01   9.9738402458e-01
6.8691093353e+01   1.0013346020e+00
6.8769294721e+01   1.0052514434e+00
6.8769394721e+01   1.0052564151e+00
6.8770394721e+01   1.0053061250e+00
6.8780394721e+01   1.0058025812e+00
6.8858596090e+01   1.0096371214e+00
6.8936797458e+01   1.0133628318e+00
6.9014998827e+01   1.0169473618e+00
6.9093200196e+01   1.0203606526e+00
6.9171401564e+01   1.0235752597e+00
6.9249602933e+01   1.0265666012e+00
6.9327804301e+01   1.0293131323e+00
6.9406005670e+01   1.0317964507e+00
6.9484207038e+01   1.0340013347e+00
6.9562408407e+01   1.0359157240e+00
6.9640609775e+01   1.0375306497e+00
6.9718811144e+01   1.0388401210e+00
6.9797012512e+01   1.0398409789e+00
6.9875213881e+01   1.0405327234e+00
6.9953415249e+01   1.0409173225e+00
7.0031616618e+01   1.0409990098e+00
7.0109817986e+01   1.0407840769e+00
7.0188019355e+01   1.0402806656e+00
7.0266220723e+01   1.0394985634e+00
7.0344422092e+01   1.0384490079e+00
7.0422623460e+01   1.0371445000e+00
7.0500824829e+01   1.0355986296e+00
7.0579026197e+01   1.0338259156e+00
7.0657227566e+01   1.0318416585e+00
7.0735428935e+01   1.0296618093e+00
7.0813630303e+01   1.0273028514e+00
7.0891831672e+01   1.0247816953e+00
7.0970033040e+01   1.0221155890e+00
7.1048234409e+01   1.0193220426e+00
7.1126435777e+01   1.0164187618e+00
7.1204637146e+01   1.0134235933e+00
7.1282838514e+01   1.0103544794e+00
7.1361039883e+01   1.0072294212e+00
7.1439241251e+01   1.0040664496e+00
7.1517442620e+01   1.0008836009e+00
7.1595643988e+01   9.9769889755e-01
7.1673845357e+01   9.9453033223e-01
7.1752046725e+01   9.9139585233e-01
7.1830248094e+01   9.8831334507e-01
7.1908449462e+01   9.8530062043e-01
7.1986650831e+01   9.8237539055e-01
7.2064852199e+01   9.7955524353e-01
7.2143053568e+01   9.7685760983e-01
7.2221254936e+01   9.7429971921e-01
7.2299456305e+01   9.7189854610e-01
7.2377657674e+01   9.6967074147e-01
7.2455859042e+01   9.6763254915e-01
7.2534060411e+01   9.6579970492e-01
7.2612261779e+01   9.6418731682e-01
7.2690463148e+01   9.6280972564e-01
7.2768664516e+01   9.6168034519e-01
7.2846865885e+01   9.6081148258e-01
7.2925067253e+01   9.6021413987e-01
7.3003268622e+01   9.5989779958e-01
7.3081469990e+01   9.5987019766e-01
7.3159671359e+01   9.6013708928e-01
7.3237872727e+01   9.6070201385e-01
7.3316074096e+01   9.6156606751e-01
7.3394275464e+01   9.6272769204e-01
7.3472476833e+01   9.6418249044e-01
7.3550678201e+01   9.6592307958e-01
7.3628879570e+01   9.6793899015e-01
7.3707080938e+01   9.7021662348e-01
7.3785282307e+01   9.7273927299e-01
7.3863483675e+01   9.7548721594e-01
7.3941685044e+01   9.7843787829e-01
7.4019886413e+01   9.8156607213e-01
7.4098087781e+01   9.8484430184e-01
7.4176289150e+01   9.8824313162e-01
7.4254490518e+01   9.9173160416e-01
7.4332691887e+01   9.9527769747e-01
7.4410893255e+01   9.9884880561e-01
7.4489094624e+01   1.0024122278e+00
7.4567295992e+01   1.0059356505e+00
7.4645497361e+01   1.0093876090e+00
7.4723698729e+01   1.0127379145e+00
7.4801900098e+01   1.0159580375e+00
7.4880101466e+01   1.0190214386e+00
7.4958302835e+01   1.0219038426e+00
7.5036504203e+01   1.0245834525e+00
7.5114705572e+01   1.0270411033e+00
7.5192906940e+01   1.0292603588e+00
7.5271108309e+01   1.0312275533e+00
7.5349309677e+01   1.0329317853e+00
7.5427511046e+01   1.0343648678e+00
7.5505712414e+01   1.0355212420e+00
7.5583913783e+01   1.0363978622e+00
7.5662115152e+01   1.0369940558e+00
7.5740316520e+01   1.0373113681e+00
7.5818517889e+01   1.0373533941e+00
7.5896719257e+01   1.0371256052e+00
7.5974920626e+01   1.0366351734e+00
7.6053121994e+01   1.0358907972e+00
7.6131323363e+01   1.0349025328e+00
7.6209524731e+01   1.0336816325e+00
7.6287726100e+01   1.0322403915e+00
7.6365927468e+01   1.0305920062e+00
7.6444128837e+01   1.0287504430e+00
7.6522330205e+01   1.0267303190e+00
7.6600531574e+01   1.0245467946e+00
7.6678732942e+01   1.0222154774e+00
7.6756934311e+01   1.0197523383e+00
7.6835135679e+01   1.0171736366e+00
7.6913337048e+01   1.0144958568e+00
7.6991538416e+01   1.0117356532e+00
7.7069739785e+01   1.0089098031e+00
7.7147941153e+01   1.0060351673e+00
7.7226142522e+01   1.0031286555e+00
7.7304343891e+01   1.0002071976e+00
7.7382545259e+01   9.9728771770e-01
7.7460746628e+01   9.9438711053e-01
7.7538947996e+01   9.9152221856e-01
7.7617149365e+01   9.8870980841e-01
7.7695350733e+01   9.8596654507e-01
7.7773552102e+01   9.8330896233e-01
7.7851753470e+01   9.8075342779e-01
7.7929954839e+01   9.7831610088e-01
7.8008156207e+01   9.7601288200e-01
7.8086357576e+01   9.7385935140e-01
7.8164558944e+01   9.7187069605e-01
7.8242760313e+01   9.7006162314e-01
7.8320961681e+01   9.6844625906e-01
7.8399163050e+01   9.6703803288e-01
7.8477364418e+01   9.6584954413e-01
7.8555565787e+01   9.6489241481e-01
7.8633767155e+01   9.6417712671e-01
7.8711968524e+01   9.6371284577e-01
7.8790169892e+01   9.6350723607e-01
7.8868371261e+01   9.6356626732e-01
7.8946572630e+01   9.6389402066e-01
7.9024773998e+01   9.6449249879e-01
7.9102975367e+01   9.6536144701e-01
7.9181176735e+01   9.6649819319e-01
7.9259378104e+01   9.6789751432e-01
7.9337579472e+01   9.6955153804e-01
7.9415780841e+01   9.7144968668e-01
7.9493982209e+01   9.7357867066e-01
7.9572183578e+01   9.7592253651e-01
7.9650384946e+01   9.7846277301e-01
7.9728586315e+01   9.8117847649e-01
7.9806787683e+01   9.8404657391e-01
7.9884989052e+01   9.8704209976e-01
7.9963190420e+01   9.9013852012e-01
8.0000000000e+01   9.9162306355e-01
