X    Y
0.0000000000e+00   2.0000000000e-01
1.0000000000e-04   2.0010804068e-01
1.1000000000e-03   2.0119292767e-01
1.1100000000e-02   2.1249540412e-01
2.6740273705e-02   2.3188795763e-01
4.2380547410e-02   2.5352215152e-01
5.8020821114e-02   2.7760869500e-01
7.3661094819e-02   3.0439074788e-01
8.9301368524e-02   3.3412897162e-01
1.0494164223e-01   3.6708363800e-01
1.2058191593e-01   4.0349162408e-01
1.3622218964e-01   4.4353571870e-01
1.5186246334e-01   4.8730333687e-01
1.6750273705e-01   5.3473165932e-01
1.8314301075e-01   5.8553671291e-01
1.9878328446e-01   6.3912552359e-01
2.1442355816e-01   6.9449401263e-01
2.1452355816e-01   6.9485078978e-01
2.1552355816e-01   6.9841915148e-01
2.2552355816e-01   7.3405898865e-01
2.4116383187e-01   7.8861167273e-01
2.5680410557e-01   8.3937021143e-01
2.7244437928e-01   8.8308660660e-01
2.8808465298e-01   9.1600694329e-01
3.0372492669e-01   9.3418760177e-01
3.1936520039e-01   9.3401029956e-01
3.3500547410e-01   9.1285439935e-01
3.5064574780e-01   8.6979678186e-01
3.6628602151e-01   8.0613263373e-01
3.8192629521e-01   7.2550326235e-01
3.9756656891e-01   6.3352009069e-01
4.1320684262e-01   5.3694945951e-01
4.2884711632e-01   4.4263828929e-01
4.4448739003e-01   3.5630413810e-01
4.6012766373e-01   2.8122116107e-01
4.7576793744e-01   2.1715369015e-01
4.9140821114e-01   1.6084106266e-01
5.0704848485e-01   1.2182544895e-01
5.0714848485e-01   1.2161584959e-01
5.0814848485e-01   1.1954633035e-01
5.1814848485e-01   1.0139901430e-01
5.3378875855e-01   8.1401042111e-02
5.4942903226e-01   6.9915384030e-02
5.6506930596e-01   6.5112705250e-02
5.8070957967e-01   6.5411687514e-02
5.9634985337e-01   6.9529393129e-02
6.1199012708e-01   7.6481921943e-02
6.2763040078e-01   8.5557800249e-02
6.4327067449e-01   9.6279502545e-02
6.5891094819e-01   1.0836251686e-01
6.7455122190e-01   1.2167704281e-01
6.9019149560e-01   1.3621470890e-01
7.0583176931e-01   1.5206131164e-01
7.2147204301e-01   1.6937608669e-01
7.3711231672e-01   1.8837790654e-01
7.5275259042e-01   2.0933853084e-01
7.6839286413e-01   2.3258220950e-01
7.8403313783e-01   2.5848939389e-01
7.9967341153e-01   2.8750019368e-01
8.1531368524e-01   3.2011095016e-01
8.3095395894e-01   3.5685548606e-01
8.4659423265e-01   3.9826189142e-01
8.6223450635e-01   4.4477669431e-01
8.7787478006e-01   4.9665134412e-01
8.9351505376e-01   5.5379125061e-01
9.0915532747e-01   6.1557502386e-01
9.2479560117e-01   6.8015879927e-01
9.2489560117e-01   6.8058278651e-01
9.2589560117e-01   6.8482925604e-01
9.3589560117e-01   7.2786168051e-01
9.5153587488e-01   7.9625969091e-01
9.6717614858e-01   8.6358272001e-01
9.8281642229e-01   9.2614503577e-01
9.9845669599e-01   9.7921287686e-01
1.0140969697e+00   1.0172152242e+00
1.0297372434e+00   1.0342864693e+00
1.0453775171e+00   1.0251865054e+00
1.0610177908e+00   9.8650254594e-01
1.0766580645e+00   9.1784039627e-01
1.0922983382e+00   8.2257683033e-01
1.1079386119e+00   7.0784537874e-01
1.1235788856e+00   5.8382181811e-01
1.1391353375e+00   4.6332169677e-01
1.1543884651e+00   3.6004705251e-01
1.1696621172e+00   2.8017745820e-01
1.1851272462e+00   2.2007065885e-01
1.2006702419e+00   1.5188046900e-01
1.2007702419e+00   1.5139415712e-01
1.2017702419e+00   1.4657436766e-01
1.2117702419e+00   1.0265503151e-01
1.2274105156e+00   4.8793032124e-02
1.2430507894e+00   1.0944303533e-02
1.2586910631e+00   -1.3746965108e-02
1.2743313368e+00   -2.8196851036e-02
1.2899716105e+00   -3.5056884206e-02
1.3056118842e+00   -3.6559631408e-02
1.3212521579e+00   -3.4479807635e-02
1.3368924316e+00   -3.0162246858e-02
1.3525327053e+00   -2.4582597675e-02
1.3681729790e+00   -1.8420860575e-02
1.3838132527e+00   -1.2137762401e-02
1.3994535264e+00   -6.0481327467e-03
1.4150938001e+00   -3.8484354173e-04
1.4307340738e+00   4.6556826564e-03
1.4463743475e+00   8.8964515018e-03
1.4620146212e+00   1.2198634643e-02
1.4776548949e+00   1.4516565317e-02
1.4932951686e+00   1.5980662077e-02
1.5089354423e+00   1.6991948064e-02
1.5245757160e+00   1.8307131614e-02
1.5402159897e+00   2.1093011701e-02
1.5558562634e+00   2.6933058445e-02
1.5714965372e+00   3.7776207606e-02
1.5871368109e+00   5.5826649811e-02
1.6027770846e+00   8.3382267467e-02
1.6184173583e+00   1.2263731184e-01
1.6340576320e+00   1.7547123220e-01
1.6496979057e+00   2.4324985831e-01
1.6653381794e+00   3.2666714510e-01
1.6809784531e+00   4.2565523126e-01
1.6966187268e+00   4.7934150974e-01
1.7122590005e+00   5.4737377803e-01
1.7123590005e+00   5.4785489966e-01
1.7133590005e+00   5.5269839093e-01
1.7233590005e+00   6.0436025459e-01
1.7389992742e+00   6.9685092428e-01
1.7546395479e+00   8.0308069964e-01
1.7702798216e+00   9.2142095650e-01
1.7859200953e+00   1.0483249459e+00
1.7860200953e+00   1.0491518544e+00
1.7870200953e+00   1.0574258834e+00
1.7970200953e+00   1.1401787664e+00
1.8126603690e+00   1.2645463264e+00
1.8283006427e+00   1.3703073916e+00
1.8439409164e+00   1.4394567871e+00
1.8440409164e+00   1.4397376902e+00
1.8450409164e+00   1.4424175718e+00
1.8550409164e+00   1.4552579427e+00
1.8702781789e+00   1.4185029541e+00
1.8852021281e+00   1.3082548173e+00
1.9008424018e+00   1.1162799600e+00
1.9009424018e+00   1.1148331384e+00
1.9019424018e+00   1.1002309301e+00
1.9119424018e+00   9.4242165250e-01
1.9234579854e+00   7.4237612464e-01
1.9235579854e+00   7.4059265970e-01
1.9245579854e+00   7.2273663400e-01
1.9339442979e+00   5.5485676006e-01
1.9441271444e+00   3.7822785548e-01
1.9555864148e+00   1.9586197427e-01
1.9556864148e+00   1.9437105387e-01
1.9566864148e+00   1.7956752451e-01
1.9666864148e+00   4.2704162782e-02
1.9768038463e+00   -7.3835102523e-02
1.9899331457e+00   -1.9204505465e-01
1.9900331457e+00   -1.9280865767e-01
1.9910331457e+00   -2.0033608856e-01
2.0010331457e+00   -2.6524647117e-01
2.0135619614e+00   -3.2295888818e-01
2.0292022351e+00   -3.6608511472e-01
2.0448425088e+00   -3.8656610517e-01
2.0604827825e+00   -3.9276792727e-01
2.0605827825e+00   -3.9277618013e-01
2.0615827825e+00   -3.9284131874e-01
2.0715827825e+00   -3.9201256684e-01
2.0872230562e+00   -3.8725344086e-01
2.1028633299e+00   -3.8107318234e-01
2.1185036036e+00   -3.7562940513e-01
2.1341438773e+00   -3.7226629550e-01
2.1497841510e+00   -3.7177701886e-01
2.1654244247e+00   -3.7459090288e-01
2.1810646984e+00   -3.8090204488e-01
2.1967049721e+00   -3.9075473745e-01
2.2123452458e+00   -4.0409759112e-01
2.2279855195e+00   -4.2081480406e-01
2.2436257933e+00   -4.4074032929e-01
2.2592660670e+00   -4.6365872810e-01
2.2749063407e+00   -4.8929511672e-01
2.2905466144e+00   -5.1729565787e-01
2.3061868881e+00   -5.4719940866e-01
2.3218271618e+00   -5.7842719187e-01
2.3219271618e+00   -5.7862973044e-01
2.3229271618e+00   -5.8065650618e-01
2.3329271618e+00   -6.0101811158e-01
2.3485674355e+00   -6.3277389150e-01
2.3642077092e+00   -6.6348757902e-01
2.3798479829e+00   -6.9192829135e-01
2.3954882566e+00   -7.1670097734e-01
2.4111285303e+00   -7.3630520725e-01
2.4267688040e+00   -7.4923403228e-01
2.4424090777e+00   -7.5411264600e-01
2.4580493514e+00   -7.4986646126e-01
2.4736896251e+00   -7.3589584444e-01
2.4893298988e+00   -7.1222388219e-01
2.5049701725e+00   -6.7957957203e-01
2.5206104462e+00   -6.3938645775e-01
2.5362507199e+00   -5.9364654920e-01
2.5518909936e+00   -5.4473517009e-01
2.5675312673e+00   -4.9514257170e-01
2.5831715411e+00   -4.4720303593e-01
2.5988118148e+00   -4.0284409310e-01
2.6144520885e+00   -3.6338527799e-01
2.6300923622e+00   -3.2943700998e-01
2.6457326359e+00   -3.0098572260e-01
2.6613729096e+00   -2.7773856332e-01
2.6770131833e+00   -2.5965380724e-01
2.6926534570e+00   -2.4730095608e-01
2.7082937307e+00   -2.4149520899e-01
2.7239340044e+00   -2.4196094799e-01
2.7395742781e+00   -2.4588921424e-01
2.7552145518e+00   -2.4867682104e-01
2.7708548255e+00   -2.4918185202e-01
2.7864950992e+00   -2.5835911136e-01
2.8021353729e+00   -3.0304779478e-01
2.8177756466e+00   -4.1103542648e-01
2.8334159203e+00   -5.6968058855e-01
2.8490561940e+00   -6.7672395634e-01
2.8646964677e+00   -5.4010225893e-01
2.8803367414e+00   -5.0695736160e-01
2.8959770151e+00   -4.7588524695e-01
2.9116172889e+00   -4.4746063163e-01
2.9272575626e+00   -4.2214804183e-01
2.9428978363e+00   -4.0028470948e-01
2.9585381100e+00   -3.8207558726e-01
2.9741783837e+00   -3.6760124554e-01
2.9898186574e+00   -3.5683583489e-01
3.0054589311e+00   -3.4967087339e-01
3.0210992048e+00   -3.4594063964e-01
3.0367394785e+00   -3.4544585094e-01
3.0523797522e+00   -3.4797341536e-01
3.0680200259e+00   -3.5331115378e-01
3.0836602996e+00   -3.6125721709e-01
3.0993005733e+00   -3.7162447035e-01
3.1149408470e+00   -3.8424040193e-01
3.1305811207e+00   -3.9894321011e-01
3.1462213944e+00   -4.1557469967e-01
3.1618616681e+00   -4.3397055458e-01
3.1775019418e+00   -4.5394849690e-01
3.1931422155e+00   -4.7529484135e-01
3.2087824892e+00   -4.9775004384e-01
3.2244227629e+00   -5.2099404572e-01
3.2400630367e+00   -5.4463254738e-01
3.2557033104e+00   -5.6818578793e-01
3.2713435841e+00   -5.9108193309e-01
3.2869838578e+00   -6.1265767494e-01
3.3026241315e+00   -6.3216893934e-01
3.3182644052e+00   -6.4881452380e-01
3.3339046789e+00   -6.6177469223e-01
3.3495449526e+00   -6.7026504321e-01
3.3651852263e+00   -6.7360328875e-01
3.3808255000e+00   -6.7128312906e-01
3.3964657737e+00   -6.6304588021e-01
3.4121060474e+00   -6.4893796806e-01
3.4277463211e+00   -6.2934206254e-01
3.4433865948e+00   -6.0497236975e-01
3.4590268685e+00   -5.7683042294e-01
3.4746671422e+00   -5.4612543917e-01
3.4903074159e+00   -5.1417074945e-01
3.5059476896e+00   -4.8227284002e-01
3.5215879633e+00   -4.5163015278e-01
3.5372282370e+00   -4.2325565118e-01
3.5528685107e+00   -3.9793084949e-01
3.5685087845e+00   -3.7619215279e-01
3.5841490582e+00   -3.5834467256e-01
3.5997893319e+00   -3.4449535020e-01
3.6154296056e+00   -3.3459637716e-01
3.6310698793e+00   -3.2849096201e-01
3.6467101530e+00   -3.2595558890e-01
3.6623504267e+00   -3.2673523395e-01
3.6779907004e+00   -3.3057001911e-01
3.6936309741e+00   -3.3721324013e-01
3.7092712478e+00   -3.4644158167e-01
3.7249115215e+00   -3.5805872890e-01
3.7405517952e+00   -3.7189364544e-01
3.7561920689e+00   -3.8779465194e-01
3.7718323426e+00   -4.0562021970e-01
3.7874726163e+00   -4.2522717103e-01
3.8031128900e+00   -4.4645680912e-01
3.8187531637e+00   -4.6911942487e-01
3.8343934374e+00   -4.9297767713e-01
3.8500337111e+00   -5.1772953850e-01
3.8656739848e+00   -5.4299185743e-01
3.8813142585e+00   -5.6828610875e-01
3.8969545323e+00   -5.9302853310e-01
3.9125948060e+00   -6.1652756513e-01
3.9282350797e+00   -6.3799193346e-01
3.9438753534e+00   -6.5655298031e-01
3.9595156271e+00   -6.7130410671e-01
3.9751559008e+00   -6.8135853743e-01
3.9907961745e+00   -6.8592364315e-01
4.0064364482e+00   -6.8438597418e-01
4.0220767219e+00   -6.7639667897e-01
4.0377169956e+00   -6.6194336395e-01
4.0533572693e+00   -6.4139328630e-01
4.0689975430e+00   -6.1549536486e-01
4.0846378167e+00   -5.8533512590e-01
4.1002780904e+00   -5.5224611652e-01
4.1159183641e+00   -5.1769081194e-01
4.1315586378e+00   -4.8313083733e-01
4.1471989115e+00   -4.4990754467e-01
4.1628391852e+00   -4.1915043554e-01
4.1784794589e+00   -3.9172312283e-01
4.1941197326e+00   -3.6820796761e-01
4.2097600064e+00   -3.4892342069e-01
4.2254002801e+00   -3.3396400288e-01
4.2410405538e+00   -3.2325192899e-01
4.2566808275e+00   -3.1659083388e-01
4.2723211012e+00   -3.1371474570e-01
4.2879613749e+00   -3.1432833112e-01
4.3036016486e+00   -3.1813691087e-01
4.3192419223e+00   -3.2486639104e-01
4.3348821960e+00   -3.3427429082e-01
4.3505224697e+00   -3.4615340698e-01
4.3661627434e+00   -3.6032966861e-01
4.3818030171e+00   -3.7665551712e-01
4.3974432908e+00   -3.9499984156e-01
4.4130835645e+00   -4.1523519977e-01
4.4287238382e+00   -4.3722281981e-01
4.4443641119e+00   -4.6079574592e-01
4.4600043856e+00   -4.8574050064e-01
4.4756446593e+00   -5.1177780718e-01
4.4912849330e+00   -5.3854327862e-01
4.5069252067e+00   -5.6556954637e-01
4.5225654804e+00   -5.9227204183e-01
4.5382057542e+00   -6.1794151850e-01
4.5538460279e+00   -6.4174718562e-01
4.5694863016e+00   -6.6275479706e-01
4.5851265753e+00   -6.7996379903e-01
4.6007668490e+00   -6.9236612659e-01
4.6164071227e+00   -6.9902624588e-01
4.6320473964e+00   -6.9917741271e-01
4.6476876701e+00   -6.9232352818e-01
4.6633279438e+00   -6.7833079556e-01
4.6789682175e+00   -6.5749062578e-01
4.6946084912e+00   -6.3053685752e-01
4.7102487649e+00   -5.9860725685e-01
4.7258890386e+00   -5.6315041429e-01
4.7415293123e+00   -5.2579151236e-01
4.7571695860e+00   -4.8817991276e-01
4.7728098597e+00   -4.5184494023e-01
4.7884501334e+00   -4.1808239608e-01
4.8040904071e+00   -3.8788542224e-01
4.8197306808e+00   -3.6192233815e-01
4.8353709545e+00   -3.4055481071e-01
4.8510112282e+00   -3.2388417931e-01
4.8666515020e+00   -3.1181235069e-01
4.8822917757e+00   -3.0410542307e-01
4.8979320494e+00   -3.0045158451e-01
4.9135723231e+00   -3.0050846297e-01
4.9292125968e+00   -3.0393823307e-01
4.9448528705e+00   -3.1043077520e-01
4.9604931442e+00   -3.1971646636e-01
4.9761334179e+00   -3.3157055267e-01
4.9917736916e+00   -3.4581103139e-01
5.0074139653e+00   -3.6229166145e-01
5.0230542390e+00   -3.8089131685e-01
5.0386945127e+00   -4.0150049914e-01
5.0543347864e+00   -4.2400549977e-01
5.0699750601e+00   -4.4827049223e-01
5.0856153338e+00   -4.7411776805e-01
5.1012556075e+00   -5.0130644328e-01
5.1168958812e+00   -5.2951028294e-01
5.1325361549e+00   -5.5829585277e-01
5.1481764286e+00   -5.8710301958e-01
5.1638167023e+00   -6.1523084334e-01
5.1794569760e+00   -6.4183302561e-01
5.1950972498e+00   -6.6592797619e-01
5.2107375235e+00   -6.8642895620e-01
5.2263777972e+00   -7.0219882156e-01
5.2420180709e+00   -7.1213130160e-01
5.2576583446e+00   -7.1525596680e-01
5.2732986183e+00   -7.1085744737e-01
5.2889388920e+00   -6.9859232353e-01
5.3045791657e+00   -6.7858174229e-01
5.3202194394e+00   -6.5145701351e-01
5.3358597131e+00   -6.1834123579e-01
5.3514999868e+00   -5.8076227080e-01
5.3671402605e+00   -5.4050810864e-01
5.3827805342e+00   -4.9944965582e-01
5.3984208079e+00   -4.5936342989e-01
5.4140610816e+00   -4.2178444612e-01
5.4297013553e+00   -3.8790994598e-01
5.4453416290e+00   -3.5856068870e-01
5.4609819027e+00   -3.3419388288e-01
5.4766221764e+00   -3.1495357786e-01
5.4922624501e+00   -3.0074155931e-01
5.5079027238e+00   -2.9129346517e-01
5.5235429976e+00   -2.8624898237e-01
5.5391832713e+00   -2.8520966542e-01
5.5548235450e+00   -2.8778201838e-01
5.5704638187e+00   -2.9360612846e-01
5.5861040924e+00   -3.0237182722e-01
5.6017443661e+00   -3.1382485372e-01
5.6173846398e+00   -3.2776546683e-01
5.6330249135e+00   -3.4404155393e-01
5.6486651872e+00   -3.6253775787e-01
5.6643054609e+00   -3.8316162118e-01
5.6799457346e+00   -4.0582730130e-01
5.6955860083e+00   -4.3043708726e-01
5.7112262820e+00   -4.5686077307e-01
5.7268665557e+00   -4.8491294778e-01
5.7425068294e+00   -5.1432848157e-01
5.7581471031e+00   -5.4473696801e-01
5.7737873768e+00   -5.7563766438e-01
5.7894276505e+00   -6.0637757388e-01
5.8050679242e+00   -6.3613667057e-01
5.8207081979e+00   -6.6392569922e-01
5.8363484716e+00   -6.8860310191e-01
5.8519887454e+00   -7.0891781795e-01
5.8676290191e+00   -7.2358312541e-01
5.8832692928e+00   -7.3138264452e-01
5.8989095665e+00   -7.3130273941e-01
5.9145498402e+00   -7.2267660104e-01
5.9301901139e+00   -7.0531645453e-01
5.9458303876e+00   -6.7960509192e-01
5.9614706613e+00   -6.4651992711e-01
5.9771109350e+00   -6.0757385206e-01
5.9927512087e+00   -5.6467559926e-01
6.0083914824e+00   -5.1993250609e-01
6.0240317561e+00   -4.7543316463e-01
6.0396720298e+00   -4.3305099218e-01
6.0553123035e+00   -3.9430112719e-01
6.0709525772e+00   -3.6026683660e-01
6.0865928509e+00   -3.3159382794e-01
6.1022331246e+00   -3.0853766373e-01
6.1178733983e+00   -2.9104335844e-01
6.1335136720e+00   -2.7883673240e-01
6.1491539457e+00   -2.7151176970e-01
6.1647942194e+00   -2.6860430878e-01
6.1804344932e+00   -2.6964800687e-01
6.1960747669e+00   -2.7421239824e-01
6.2117150406e+00   -2.8192530008e-01
6.2273553143e+00   -2.9248269691e-01
6.2429955880e+00   -3.0564928960e-01
6.2586358617e+00   -3.2125242506e-01
6.2742761354e+00   -3.3917145350e-01
6.2899164091e+00   -3.5932387468e-01
6.3055566828e+00   -3.8164903078e-01
6.3211969565e+00   -4.0608962822e-01
6.3368372302e+00   -4.3257104722e-01
6.3524775039e+00   -4.6097824630e-01
6.3681177776e+00   -4.9113012141e-01
6.3837580513e+00   -5.2275148227e-01
6.3993983250e+00   -5.5544342814e-01
6.4150385987e+00   -5.8865390322e-01
6.4306788724e+00   -6.2165162592e-01
6.4463191461e+00   -6.5350836010e-01
6.4619594198e+00   -6.8309635400e-01
6.4775996935e+00   -7.0910931453e-01
6.4932399672e+00   -7.3011549651e-01
6.5088802410e+00   -7.4464940940e-01
6.5245205147e+00   -7.5134314715e-01
6.5401607884e+00   -7.4908908137e-01
6.5558010621e+00   -7.3721378070e-01
6.5714413358e+00   -7.1563176880e-01
6.5870816095e+00   -6.8494206490e-01
6.6027218832e+00   -6.4643518997e-01
6.6183621569e+00   -6.0199525262e-01
6.6340024306e+00   -5.5390725912e-01
6.6496427043e+00   -5.0460517452e-01
6.6652829780e+00   -4.5641188570e-01
6.6809232517e+00   -4.1132115074e-01
6.6965635254e+00   -3.7085637116e-01
6.7122037991e+00   -3.3601761900e-01
6.7278440728e+00   -3.0730680777e-01
6.7434843465e+00   -2.8480738149e-01
6.7591246202e+00   -2.6829114249e-01
6.7747648939e+00   -2.5732864518e-01
6.7904051676e+00   -2.5138712917e-01
6.8060454413e+00   -2.4990780559e-01
6.8216857151e+00   -2.5236064281e-01
6.8373259888e+00   -2.5827851309e-01
6.8529662625e+00   -2.6727460647e-01
6.8686065362e+00   -2.7904729912e-01
6.8842468099e+00   -2.9337625462e-01
6.8998870836e+00   -3.1011271026e-01
6.9155273573e+00   -3.2916600037e-01
6.9311676310e+00   -3.5048754522e-01
6.9468079047e+00   -3.7405285343e-01
6.9624481784e+00   -3.9984156909e-01
6.9780884521e+00   -4.2781524600e-01
6.9937287258e+00   -4.5789236478e-01
7.0093689995e+00   -4.8992015382e-01
7.0250092732e+00   -5.2364309534e-01
7.0406495469e+00   -5.5866867847e-01
7.0562898206e+00   -5.9443210563e-01
7.0719300943e+00   -6.3016334740e-01
7.0875703680e+00   -6.6486216008e-01
7.1032106417e+00   -6.9728920161e-01
7.1188509154e+00   -7.2598359830e-01
7.1344911891e+00   -7.4931832909e-01
7.1501314629e+00   -7.6560279430e-01
7.1657717366e+00   -7.7323573214e-01
7.1814120103e+00   -7.7090013992e-01
7.1970522840e+00   -7.5777633369e-01
7.2126925577e+00   -7.3373382047e-01
7.2283328314e+00   -6.9945405671e-01
7.2439731051e+00   -6.5644142045e-01
7.2596133788e+00   -6.0690176042e-01
7.2752536525e+00   -5.5350193876e-01
7.2908939262e+00   -4.9905757498e-01
7.3065341999e+00   -4.4621611162e-01
7.3221744736e+00   -3.9719916009e-01
7.3378147473e+00   -3.5364599027e-01
7.3534550210e+00   -3.1656826708e-01
7.3690952947e+00   -2.8639866449e-01
7.3847355684e+00   -2.6310047747e-01
7.4003758421e+00   -2.4630302869e-01
7.4160161158e+00   -2.3543459372e-01
7.4316563895e+00   -2.2983518914e-01
7.4472966632e+00   -2.2884176952e-01
7.4629369369e+00   -2.3184546120e-01
7.4785772107e+00   -2.3832479002e-01
7.4942174844e+00   -2.4786032226e-01
7.5098577581e+00   -2.6013612705e-01
7.5254980318e+00   -2.7493258028e-01
7.5411383055e+00   -2.9211386293e-01
7.5567785792e+00   -3.1161236183e-01
7.5724188529e+00   -3.3341119732e-01
7.5880591266e+00   -3.5752531754e-01
7.6036994003e+00   -3.8398100795e-01
7.6193396740e+00   -4.1279324987e-01
7.6349799477e+00   -4.4394012071e-01
7.6506202214e+00   -4.7733338591e-01
7.6662604951e+00   -5.1278464933e-01
7.6819007688e+00   -5.4996701266e-01
7.6975410425e+00   -5.8837328900e-01
7.7131813162e+00   -6.2727357220e-01
7.7288215899e+00   -6.6567750635e-01
7.7444618636e+00   -7.0230978766e-01
7.7601021373e+00   -7.3561088680e-01
7.7757424110e+00   -7.6377755504e-01
7.7913826847e+00   -7.8485766466e-01
7.8070229585e+00   -7.9690888948e-01
7.8226632322e+00   -7.9821882152e-01
7.8383035059e+00   -7.8756517290e-01
7.8539437796e+00   -7.6447255035e-01
7.8695840533e+00   -7.2940521261e-01
7.8852243270e+00   -6.8383391654e-01
7.9008646007e+00   -6.3013681923e-01
7.9165048744e+00   -5.7133693369e-01
7.9321451481e+00   -5.1072720784e-01
7.9477854218e+00   -4.5146812982e-01
7.9634256955e+00   -3.9624673801e-01
7.9790659692e+00   -3.4705955337e-01
7.9947062429e+00   -3.0513974997e-01
8.0103465166e+00   -2.7100923586e-01
8.0259867903e+00   -2.4461297021e-01
8.0416270640e+00   -2.2548835401e-01
8.0572673377e+00   -2.1293165588e-01
8.0729076114e+00   -2.0613804018e-01
8.0885478851e+00   -2.0430578536e-01
8.1041881588e+00   -2.0670477044e-01
8.1198284325e+00   -2.1271495212e-01
8.1354687063e+00   -2.2184221469e-01
8.1511089800e+00   -2.3371873470e-01
8.1667492537e+00   -2.4809368130e-01
8.1823895274e+00   -2.6481848050e-01
8.1980298011e+00   -2.8382938424e-01
8.2136700748e+00   -3.0512885306e-01
8.2293103485e+00   -3.2876630337e-01
8.2449506222e+00   -3.5481805249e-01
8.2605908959e+00   -3.8336576856e-01
8.2762311696e+00   -4.1447236608e-01
8.2918714433e+00   -4.4815407736e-01
8.3075117170e+00   -4.8434741346e-01
8.3231519907e+00   -5.2286999971e-01
8.3387922644e+00   -5.6337498418e-01
8.3544325381e+00   -6.0530009376e-01
8.3700728118e+00   -6.4781468775e-01
8.3857130855e+00   -6.8977156440e-01
8.4013533592e+00   -7.2967464803e-01
8.4169936329e+00   -7.6567856615e-01
8.4326339066e+00   -7.9564000905e-01
8.4482741803e+00   -8.1724049181e-01
8.4639144541e+00   -8.2819354278e-01
8.4795547278e+00   -8.2653147292e-01
8.4951950015e+00   -8.1093982161e-01
8.5108352752e+00   -7.8107630562e-01
8.5264755489e+00   -7.3778939739e-01
8.5421158226e+00   -6.8315540189e-01
8.5577560963e+00   -6.2029112839e-01
8.5733963700e+00   -5.5296407172e-01
8.5890366437e+00   -4.8508748753e-01
8.6046769174e+00   -4.2022382746e-01
8.6203171911e+00   -3.6120807911e-01
8.6359574648e+00   -3.0995434510e-01
8.6515977385e+00   -2.6744686085e-01
8.6672380122e+00   -2.3387010452e-01
8.6828782859e+00   -2.0881325669e-01
8.6985185596e+00   -1.9148967427e-01
8.7141588333e+00   -1.8093090923e-01
8.7297991070e+00   -1.7613566997e-01
8.7454393807e+00   -1.7617056830e-01
8.7610796544e+00   -1.8022861665e-01
8.7767199281e+00   -1.8765562018e-01
8.7923602019e+00   -1.9795452541e-01
8.8080004756e+00   -2.1077619659e-01
8.8236407493e+00   -2.2590286711e-01
8.8392810230e+00   -2.4322841508e-01
8.8549212967e+00   -2.6273789216e-01
8.8705615704e+00   -2.8448742881e-01
8.8862018441e+00   -3.0858468365e-01
8.9018421178e+00   -3.3516931097e-01
8.9174823915e+00   -3.6439240769e-01
8.9331226652e+00   -3.9639351325e-01
8.9487629389e+00   -4.3127345567e-01
8.9644032126e+00   -4.6906119193e-01
8.9800434863e+00   -5.0967287236e-01
8.9956837600e+00   -5.5286184182e-01
9.0113240337e+00   -5.9815944982e-01
9.0269643074e+00   -6.4480872577e-01
9.0426045811e+00   -6.9169665907e-01
9.0582448548e+00   -7.3729611354e-01
9.0738851285e+00   -7.7963521670e-01
9.0895254022e+00   -8.1631904086e-01
9.1051656759e+00   -8.4463268316e-01
9.1208059497e+00   -8.6175092052e-01
9.1364462234e+00   -8.6506385073e-01
9.1520864971e+00   -8.5259407496e-01
9.1677267708e+00   -8.2343647850e-01
9.1833670445e+00   -7.7811031946e-01
9.1990073182e+00   -7.1870090672e-01
9.2146475919e+00   -6.4870542358e-01
9.2302878656e+00   -5.7258307982e-01
9.2459281393e+00   -4.9511106453e-01
9.2615684130e+00   -4.2071515944e-01
9.2772086867e+00   -3.5294258880e-01
9.2928489604e+00   -2.9417945825e-01
9.3084892341e+00   -2.4562427308e-01
9.3241295078e+00   -2.0745631874e-01
9.3397697815e+00   -1.7910675435e-01
9.3554100552e+00   -1.5954787647e-01
9.3710503289e+00   -1.4754429537e-01
9.3711503289e+00   -1.4748911908e-01
9.3721503289e+00   -1.4695143012e-01
9.3821503289e+00   -1.4291796080e-01
9.3977906026e+00   -1.4097681754e-01
9.4134308763e+00   -1.4346467523e-01
9.4290711500e+00   -1.4953530657e-01
9.4447114238e+00   -1.5853984221e-01
9.4603516975e+00   -1.7001492886e-01
9.4759919712e+00   -1.8366165068e-01
9.4916322449e+00   -1.9932106901e-01
9.5072725186e+00   -2.1694982741e-01
9.5229127923e+00   -2.3659751881e-01
9.5385530660e+00   -2.5838630525e-01
9.5541933397e+00   -2.8249246683e-01
9.5698336134e+00   -3.0912899140e-01
9.5854738871e+00   -3.3852787563e-01
9.6011141608e+00   -3.7092039575e-01
9.6167544345e+00   -4.0651317541e-01
9.6323947082e+00   -4.4545746028e-01
9.6480349819e+00   -4.8780874017e-01
9.6636752556e+00   -5.3347399781e-01
9.6793155293e+00   -5.8213062749e-01
9.6949558030e+00   -6.3319073589e-01
9.7105960767e+00   -6.8567426916e-01
9.7106960767e+00   -6.8601156942e-01
9.7116960767e+00   -6.8938451064e-01
9.7216960767e+00   -7.2301084708e-01
9.7373363504e+00   -7.7426395091e-01
9.7529766241e+00   -8.2171231389e-01
9.7686168978e+00   -8.6238505419e-01
9.7842571716e+00   -8.9288997478e-01
9.7998974453e+00   -9.0970103354e-01
9.8155377190e+00   -9.0961150587e-01
9.8311779927e+00   -8.9031378032e-01
9.8468182664e+00   -8.5099559943e-01
9.8624585401e+00   -7.9278210079e-01
9.8780988138e+00   -7.1884798056e-01
9.8937390875e+00   -6.3410510631e-01
9.9093793612e+00   -5.4451180868e-01
9.9250196349e+00   -4.5615708575e-01
9.9406599086e+00   -3.7426105697e-01
9.9563001823e+00   -3.0217317647e-01
9.9719404560e+00   -2.4061076466e-01
9.9875807297e+00   -1.8790584868e-01
1.0003221003e+01   -1.4229370019e-01
1.0003321003e+01   -1.4208562638e-01
1.0004321003e+01   -1.4003026927e-01
1.0014321003e+01   -1.2192729407e-01
1.0029961277e+01   -1.0174195481e-01
1.0045601551e+01   -8.9915059894e-02
1.0061241825e+01   -8.4757164464e-02
1.0076882098e+01   -8.4785118300e-02
1.0092522372e+01   -8.8780198140e-02
1.0108162646e+01   -9.5797520055e-02
1.0123802919e+01   -1.0514734988e-01
1.0139443193e+01   -1.1636300499e-01
1.0155083467e+01   -1.2916467729e-01
1.0170723740e+01   -1.4342446707e-01
1.0186364014e+01   -1.5913528328e-01
1.0202004288e+01   -1.7638482758e-01
1.0217644562e+01   -1.9533526788e-01
1.0233284835e+01   -2.1620894147e-01
1.0248925109e+01   -2.3928000463e-01
1.0264565383e+01   -2.6487098190e-01
1.0280205656e+01   -2.9335153962e-01
1.0295845930e+01   -3.2513471388e-01
1.0311486204e+01   -3.6066375957e-01
1.0327126478e+01   -4.0038143301e-01
1.0342766751e+01   -4.4467357864e-01
1.0358407025e+01   -4.9378093352e-01
1.0374047299e+01   -5.4767739719e-01
1.0389687572e+01   -6.0591959346e-01
1.0405327846e+01   -6.6748092332e-01
1.0405427846e+01   -6.6787882854e-01
1.0406427846e+01   -6.7186346307e-01
1.0416427846e+01   -7.1218238273e-01
1.0432068120e+01   -7.7606570227e-01
1.0447708393e+01   -8.3876121876e-01
1.0463348667e+01   -8.9696246111e-01
1.0478988941e+01   -9.4647291866e-01
1.0494629215e+01   -9.8239440452e-01
1.0510269488e+01   -9.9958661837e-01
1.0525909762e+01   -9.9343159102e-01
1.0541550036e+01   -9.6082763509e-01
1.0557190309e+01   -9.0118634147e-01
1.0572830583e+01   -8.1709447145e-01
1.0588470857e+01   -7.1435525051e-01
1.0604111130e+01   -6.0139480406e-01
1.0619751404e+01   -4.8830448172e-01
1.0635350623e+01   -3.8582196418e-01
1.0650990896e+01   -3.0170441441e-01
1.0666631170e+01   -2.3658262823e-01
1.0682271444e+01   -1.7427122636e-01
1.0682371444e+01   -1.7383599795e-01
1.0683371444e+01   -1.6952196714e-01
1.0693371444e+01   -1.3016151767e-01
1.0709011718e+01   -8.1736348378e-02
1.0724651991e+01   -4.7589209723e-02
1.0740292265e+01   -2.5304833120e-02
1.0755932539e+01   -1.2398616820e-02
1.0771572812e+01   -6.5936037139e-03
1.0787213086e+01   -5.9585098335e-03
1.0802853360e+01   -8.9491765633e-03
1.0818493633e+01   -1.4392183527e-02
1.0834133907e+01   -2.1438811818e-02
1.0849774181e+01   -2.9506687544e-02
1.0865414455e+01   -3.8218530644e-02
1.0881054728e+01   -4.7343673942e-02
1.0896695002e+01   -5.6747894752e-02
1.0912335276e+01   -6.6358639061e-02
1.0927975549e+01   -7.6153294676e-02
1.0943615823e+01   -8.6175793549e-02
1.0959256097e+01   -9.6581122948e-02
1.0974896371e+01   -1.0769967464e-01
1.0990536644e+01   -1.2010616359e-01
1.1006176918e+01   -1.3467345758e-01
1.1021817192e+01   -1.5259151637e-01
1.1037457465e+01   -1.7533592766e-01
1.1053097739e+01   -2.0457835465e-01
1.1068738013e+01   -2.4204106114e-01
1.1084378286e+01   -2.8930789333e-01
1.1100018560e+01   -3.4761319149e-01
1.1115658834e+01   -4.1763692267e-01
1.1131299108e+01   -4.9933805561e-01
1.1146939381e+01   -5.9185833049e-01
1.1147039381e+01   -5.9230946216e-01
1.1148039381e+01   -5.9684423260e-01
1.1158039381e+01   -6.4450124435e-01
1.1173679655e+01   -7.2702347639e-01
1.1189319929e+01   -8.1797900351e-01
1.1204960202e+01   -9.1480703704e-01
1.1220600476e+01   -1.0132718823e+00
1.1220700476e+01   -1.0138941882e+00
1.1221700476e+01   -1.0201065166e+00
1.1231700476e+01   -1.0807231444e+00
1.1247340750e+01   -1.1657332609e+00
1.1262981023e+01   -1.2292929829e+00
1.1278621297e+01   -1.2592973272e+00
1.1294261571e+01   -1.2441868064e+00
1.1309901845e+01   -1.1761207971e+00
1.1323968739e+01   -1.0689088438e+00
1.1337971594e+01   -9.2478156167e-01
1.1350586119e+01   -7.7238353775e-01
1.1350686119e+01   -7.7111917098e-01
1.1351686119e+01   -7.5844127276e-01
1.1361686119e+01   -6.2941332715e-01
1.1375032364e+01   -4.5790486294e-01
1.1390064052e+01   -2.7902089624e-01
1.1390164052e+01   -2.7790944564e-01
1.1391164052e+01   -2.6686086774e-01
1.1401164052e+01   -1.6339827681e-01
1.1414349021e+01   -4.8172867023e-02
1.1429989295e+01   5.6460212291e-02
1.1445629569e+01   1.2928742341e-01
1.1445729569e+01   1.2966215931e-01
1.1446729569e+01   1.3335096288e-01
1.1456729569e+01   1.6472837368e-01
1.1472369842e+01   1.9671747954e-01
1.1488010116e+01   2.1320595667e-01
1.1503650390e+01   2.1940372734e-01
1.1519290663e+01   2.1940293643e-01
1.1534930937e+01   2.1624221310e-01
1.1550571211e+01   2.1208324851e-01
1.1566211485e+01   2.0840979754e-01
1.1581851758e+01   2.0620878541e-01
1.1597492032e+01   2.0612184592e-01
1.1613132306e+01   2.0855282424e-01
1.1613232306e+01   2.0857707329e-01
1.1614232306e+01   2.0882582658e-01
1.1624232306e+01   2.1194956722e-01
1.1639872579e+01   2.1922994773e-01
1.1655512853e+01   2.2955244610e-01
1.1671153127e+01   2.4304126355e-01
1.1686793401e+01   2.5982702795e-01
1.1702433674e+01   2.8006015707e-01
1.1718073948e+01   3.0391627304e-01
1.1733714222e+01   3.3159427504e-01
1.1749354495e+01   3.6330681742e-01
1.1764994769e+01   3.9926206406e-01
1.1780635043e+01   4.3963469776e-01
1.1796275316e+01   4.8452330567e-01
1.1811915590e+01   5.3389058744e-01
1.1827555864e+01   5.8748265365e-01
1.1843196138e+01   6.4472458702e-01
1.1843296138e+01   6.4510051181e-01
1.1844296138e+01   6.4886573851e-01
1.1854296138e+01   6.8704211362e-01
1.1869936411e+01   7.4788647520e-01
1.1885576685e+01   8.0822119174e-01
1.1901216959e+01   8.6517099394e-01
1.1916857232e+01   9.1504732073e-01
1.1932497506e+01   9.5347023459e-01
1.1948137780e+01   9.7571234986e-01
1.1963778054e+01   9.7730809773e-01
1.1979418327e+01   9.5489276416e-01
1.1995058601e+01   9.0711335111e-01
1.2010698875e+01   8.3533987170e-01
1.2026339148e+01   7.4390052361e-01
1.2041979422e+01   6.3974750934e-01
1.2057619696e+01   5.3174759224e-01
1.2073259969e+01   4.2981347905e-01
1.2088900243e+01   3.4337945826e-01
1.2104540517e+01   2.7748445389e-01
1.2120180791e+01   2.2493070691e-01
1.2135821064e+01   1.5818393323e-01
1.2151461338e+01   1.0350170813e-01
1.2151561338e+01   1.0320191758e-01
1.2152561338e+01   1.0023742131e-01
1.2162561338e+01   7.3822838636e-02
1.2178201612e+01   4.3231397802e-02
1.2193841885e+01   2.3602678001e-02
1.2209482159e+01   1.2566286778e-02
1.2225122433e+01   7.9934151568e-03
1.2240762706e+01   8.1024006087e-03
1.2256402980e+01   1.1482786446e-02
1.2272043254e+01   1.7071994369e-02
1.2287683528e+01   2.4109192585e-02
1.2303323801e+01   3.2081756154e-02
1.2318964075e+01   4.0672725453e-02
1.2334604349e+01   4.9713237596e-02
1.2350244622e+01   5.9141779682e-02
1.2365884896e+01   6.8971689792e-02
1.2381525170e+01   7.9268750296e-02
1.2397165444e+01   9.0141033445e-02
1.2412805717e+01   1.0174261679e-01
1.2428445991e+01   1.1429105071e-01
1.2444086265e+01   1.2809568709e-01
1.2459726538e+01   1.4359070680e-01
1.2475366812e+01   1.6136363369e-01
1.2491007086e+01   1.8216798347e-01
1.2506647359e+01   2.0690798419e-01
1.2522287633e+01   2.3658430946e-01
1.2537927907e+01   2.7219256354e-01
1.2553568181e+01   3.1457076598e-01
1.2569208454e+01   3.6419810821e-01
1.2584848728e+01   4.2095451712e-01
1.2600489002e+01   4.8385869862e-01
1.2616129275e+01   5.5081087577e-01
1.2631769549e+01   6.2257725432e-01
1.2631869549e+01   6.2306071284e-01
1.2632869549e+01   6.2791205768e-01
1.2642869549e+01   6.7805716129e-01
1.2658509823e+01   7.6187401189e-01
1.2674150097e+01   8.5057060664e-01
1.2689790370e+01   9.4097711082e-01
1.2705430644e+01   1.0281937508e+00
1.2705530644e+01   1.0287273879e+00
1.2706530644e+01   1.0340410033e+00
1.2716530644e+01   1.0844592960e+00
1.2732170918e+01   1.1491896850e+00
1.2747811191e+01   1.1880005438e+00
1.2763451465e+01   1.1909908066e+00
1.2779091739e+01   1.1503324879e+00
1.2794732012e+01   1.0629456102e+00
1.2810372286e+01   9.3263368592e-01
1.2825336089e+01   7.7791776084e-01
1.2839887035e+01   6.1294848531e-01
1.2839987035e+01   6.1179862153e-01
1.2840987035e+01   6.0030136016e-01
1.2850987035e+01   4.8635704431e-01
1.2865470389e+01   3.3055271638e-01
1.2881110663e+01   1.8401443302e-01
1.2881210663e+01   1.8316586471e-01
1.2882210663e+01   1.7474564197e-01
1.2892210663e+01   9.7208149621e-02
1.2907327989e+01   3.1057621389e-03
1.2922968262e+01   -6.6867881072e-02
1.2938608536e+01   -1.1326061950e-01
1.2954248810e+01   -1.4125766540e-01
1.2969889084e+01   -1.5587410151e-01
1.2969989084e+01   -1.5593423356e-01
1.2970989084e+01   -1.5651554336e-01
1.2980989084e+01   -1.6052412735e-01
1.2996629357e+01   -1.6175610260e-01
1.3012269631e+01   -1.5925109154e-01
1.3027909905e+01   -1.5506396934e-01
1.3043550178e+01   -1.5063860629e-01
1.3059190452e+01   -1.4695496368e-01
1.3074830726e+01   -1.4465665020e-01
1.3090470999e+01   -1.4415428399e-01
1.3106111273e+01   -1.4570594729e-01
1.3121751547e+01   -1.4947825928e-01
1.3137391821e+01   -1.5559208863e-01
1.3153032094e+01   -1.6415669031e-01
1.3168672368e+01   -1.7529555436e-01
1.3184312642e+01   -1.8916670476e-01
1.3199952915e+01   -2.0597967982e-01
1.3215593189e+01   -2.2601100705e-01
1.3231233463e+01   -2.4961967394e-01
1.3246873737e+01   -2.7726389482e-01
1.3262514010e+01   -3.0952037568e-01
1.3278154284e+01   -3.4710727394e-01
1.3293794558e+01   -3.8736755880e-01
1.3293894558e+01   -3.8764163592e-01
1.3294894558e+01   -3.9039432896e-01
1.3304894558e+01   -4.1913037925e-01
1.3320534831e+01   -4.6861085848e-01
1.3336175105e+01   -5.2378303743e-01
1.3351815379e+01   -5.8462475973e-01
1.3367455652e+01   -6.5076951217e-01
1.3383095926e+01   -7.2133469870e-01
1.3398736200e+01   -7.9471145156e-01
1.3414376474e+01   -8.6833348011e-01
1.3414476474e+01   -8.6879763463e-01
1.3415476474e+01   -8.7343133258e-01
1.3425476474e+01   -9.1873801679e-01
1.3441116747e+01   -9.8343939066e-01
1.3456757021e+01   -1.0353939609e+00
1.3472397295e+01   -1.0679260818e+00
1.3488037568e+01   -1.0743568876e+00
1.3503677842e+01   -1.0492982665e+00
1.3519318116e+01   -9.9019249864e-01
1.3534958390e+01   -8.9861332794e-01
1.3550598663e+01   -7.8072031260e-01
1.3566238937e+01   -6.4646696150e-01
1.3581879211e+01   -5.0767481153e-01
1.3597519484e+01   -3.7510493744e-01
1.3597619484e+01   -3.7429810767e-01
1.3598619484e+01   -3.6626448113e-01
1.3608619484e+01   -2.8972003724e-01
1.3624259758e+01   -1.8592178283e-01
1.3639900032e+01   -1.0343375398e-01
1.3655540305e+01   -4.1802343253e-02
1.3671180579e+01   1.3210497008e-03
1.3686820853e+01   2.9192869559e-02
1.3686920853e+01   2.9329457807e-02
1.3687920853e+01   3.0668999472e-02
1.3697920853e+01   4.1605267610e-02
1.3713561127e+01   5.1187389744e-02
1.3729201400e+01   5.4013086011e-02
1.3744841674e+01   5.2331398649e-02
1.3760481948e+01   4.7858135492e-02
1.3776122221e+01   4.1843468309e-02
1.3791762495e+01   3.5157277774e-02
1.3807402769e+01   2.8373308600e-02
1.3823043042e+01   2.1843428271e-02
1.3838683316e+01   1.5759188887e-02
1.3854323590e+01   1.0200946796e-02
1.3869963864e+01   5.1761005531e-03
1.3885604137e+01   6.4827165610e-04
1.3901244411e+01   -3.4410676173e-03
1.3916884685e+01   -7.1575906420e-03
1.3932524958e+01   -1.0565389789e-02
1.3948165232e+01   -1.3724587708e-02
1.3963805506e+01   -1.6695477572e-02
1.3979445780e+01   -1.9549193262e-02
1.3995086053e+01   -2.2384401167e-02
1.4010726327e+01   -2.5348694225e-02
1.4026366601e+01   -2.8662267646e-02
1.4042006874e+01   -3.2640057217e-02
1.4057647148e+01   -3.7706795558e-02
1.4073287422e+01   -4.4397343012e-02
1.4088927695e+01   -5.3332128350e-02
1.4104567969e+01   -6.5154554403e-02
1.4120208243e+01   -8.0413785694e-02
1.4135848517e+01   -9.9372500818e-02
1.4151488790e+01   -1.2171511407e-01
1.4167129064e+01   -1.4612792401e-01
1.4182769338e+01   -1.6971906661e-01
1.4198409611e+01   -1.8724367120e-01
1.4214049885e+01   -1.9009911087e-01
1.4229690159e+01   -1.6505785148e-01
1.4245330433e+01   -9.2712581633e-02
1.4260970706e+01   5.4378196631e-02
1.4276610980e+01   3.1383407916e-01
1.4292251254e+01   3.0494049200e-01
1.4307891527e+01   3.0166411987e-01
1.4323531801e+01   3.0416598700e-01
1.4339172075e+01   3.1243066715e-01
1.4339272075e+01   3.1250189179e-01
1.4340272075e+01   3.1322691400e-01
1.4350272075e+01   3.2175009596e-01
1.4365912348e+01   3.3968472410e-01
1.4381552622e+01   3.6318378047e-01
1.4397192896e+01   3.9221440108e-01
1.4412833170e+01   4.2676046529e-01
1.4428473443e+01   4.6679107046e-01
1.4444113717e+01   5.1220945316e-01
1.4459753991e+01   5.6278014475e-01
1.4475394264e+01   6.1803172584e-01
1.4491034538e+01   6.7713402062e-01
1.4506674812e+01   7.3875319086e-01
1.4506774812e+01   7.3915137532e-01
1.4507774812e+01   7.4313441090e-01
1.4517774812e+01   7.8294963603e-01
1.4533415085e+01   8.4382176948e-01
1.4549055359e+01   8.9992121796e-01
1.4564695633e+01   9.4700268086e-01
1.4580335907e+01   9.8019212935e-01
1.4595976180e+01   9.9446848449e-01
1.4611616454e+01   9.8543687366e-01
1.4627256728e+01   9.5030455038e-01
1.4642897001e+01   8.8882470833e-01
1.4658537275e+01   8.0387008216e-01
1.4674177549e+01   7.0134257549e-01
1.4689817823e+01   5.8935271062e-01
1.4705458096e+01   4.7686841825e-01
1.4721098370e+01   3.7206528081e-01
1.4736552489e+01   2.8139237733e-01
1.4752192763e+01   2.0193959276e-01
1.4752292763e+01   2.0148493497e-01
1.4753292763e+01   1.9697602245e-01
1.4763292763e+01   1.5563719218e-01
1.4778933036e+01   1.0422047930e-01
1.4794573310e+01   6.7481793683e-02
1.4810213584e+01   4.3164022893e-02
1.4825853857e+01   2.8822583215e-02
1.4841494131e+01   2.2151605305e-02
1.4857134405e+01   2.1158589657e-02
1.4872774679e+01   2.4229630489e-02
1.4888414952e+01   3.0126624341e-02
1.4904055226e+01   3.7947769165e-02
1.4919695500e+01   4.7071093282e-02
1.4935335773e+01   5.7092081192e-02
1.4950976047e+01   6.7762519919e-02
1.4966616321e+01   7.8937999535e-02
1.4982256595e+01   9.0543503136e-02
1.4997896868e+01   1.0256677407e-01
1.5013537142e+01   1.1508520830e-01
1.5029177416e+01   1.2832382768e-01
1.5044817689e+01   1.4273180363e-01
1.5060457963e+01   1.5905657132e-01
1.5076098237e+01   1.7839088374e-01
1.5091738510e+01   2.0217061702e-01
1.5107378784e+01   2.3210920804e-01
1.5123019058e+01   2.7006628024e-01
1.5138659332e+01   3.1786067318e-01
1.5154299605e+01   3.7704926385e-01
1.5169939879e+01   4.4870078023e-01
1.5185580153e+01   5.3319714664e-01
1.5201220426e+01   6.3009337812e-01
1.5201320426e+01   6.3054104244e-01
1.5202320426e+01   6.3503834315e-01
1.5212320426e+01   6.8201586768e-01
1.5227960700e+01   7.6211819449e-01
1.5243600974e+01   8.4846334600e-01
1.5259241247e+01   9.3781129800e-01
1.5274881521e+01   1.0252686875e+00
1.5274981521e+01   1.0258081192e+00
1.5275981521e+01   1.0311826815e+00
1.5285981521e+01   1.0825113089e+00
1.5301621795e+01   1.1497495194e+00
1.5317262069e+01   1.1922743279e+00
1.5332902342e+01   1.1998469651e+00
1.5348542616e+01   1.1640284258e+00
1.5364182890e+01   1.0809064119e+00
1.5379823163e+01   9.5342391015e-01
1.5394594972e+01   8.0162431768e-01
1.5408653282e+01   6.4137514594e-01
1.5408753282e+01   6.4021205659e-01
1.5409753282e+01   6.2857661543e-01
1.5419753282e+01   5.1269988340e-01
1.5434116182e+01   3.5395971993e-01
1.5449756456e+01   2.0168676462e-01
1.5449856456e+01   2.0080018825e-01
1.5450856456e+01   1.9199973558e-01
1.5460856456e+01   1.1069000896e-01
1.5475698423e+01   1.2848107889e-02
1.5491338697e+01   -6.2200258329e-02
1.5506978970e+01   -1.1252584892e-01
1.5522619244e+01   -1.4336343284e-01
1.5522719244e+01   -1.4350933964e-01
1.5523719244e+01   -1.4493667363e-01
1.5533719244e+01   -1.5629150780e-01
1.5549359518e+01   -1.6546969836e-01
1.5564999791e+01   -1.6752780624e-01
1.5580640065e+01   -1.6545627534e-01
1.5596280339e+01   -1.6144906301e-01
1.5611920613e+01   -1.5705449965e-01
1.5627560886e+01   -1.5332798808e-01
1.5643201160e+01   -1.5096589938e-01
1.5658841434e+01   -1.5041481884e-01
1.5674481707e+01   -1.5195730425e-01
1.5690121981e+01   -1.5577807627e-01
1.5705762255e+01   -1.6201518882e-01
1.5721402529e+01   -1.7080036085e-01
1.5737042802e+01   -1.8229189016e-01
1.5752683076e+01   -1.9670275842e-01
1.5768323350e+01   -2.1432586931e-01
1.5783963623e+01   -2.3555792669e-01
1.5799603897e+01   -2.6092326224e-01
1.5815244171e+01   -2.9109891169e-01
1.5815344171e+01   -2.9128767993e-01
1.5816344171e+01   -2.9318488070e-01
1.5826344171e+01   -3.1312711970e-01
1.5841984444e+01   -3.4801890623e-01
1.5857624718e+01   -3.8773923347e-01
1.5873264992e+01   -4.3262215944e-01
1.5888905266e+01   -4.8293200547e-01
1.5904545539e+01   -5.3879188520e-01
1.5920185813e+01   -6.0008278935e-01
1.5935826087e+01   -6.6630699165e-01
1.5951466360e+01   -7.3641298778e-01
1.5951566360e+01   -7.3687029337e-01
1.5952566360e+01   -7.4144805445e-01
1.5962566360e+01   -7.8756592379e-01
1.5978206634e+01   -8.5958043132e-01
1.5993846908e+01   -9.2819718099e-01
1.6000000000e+01   -9.5324919370e-01
