X    Y
0.0000000000e+00   2.0000000000e-01
1.5640273705e-02   2.1790469845e-01
3.1280547410e-02   2.3792873598e-01
4.6920821114e-02   2.6025142347e-01
6.2561094819e-02   2.8509433188e-01
7.8201368524e-02   3.1270733496e-01
8.2562143084e-02   3.2093568977e-01
9.8202416789e-02   3.5247341072e-01
1.1384269049e-01   3.8736701169e-01
1.2948296420e-01   4.2582696096e-01
1.4512323790e-01   4.6798763848e-01
1.4985739318e-01   4.8148465445e-01
1.6549766688e-01   5.2845412151e-01
1.6769012616e-01   5.3532126007e-01
1.8333039987e-01   5.8616394507e-01
1.9897067357e-01   6.3978111490e-01
2.1231612634e-01   6.8697953320e-01
2.2795640005e-01   7.4268139208e-01
2.3774690493e-01   7.7691722224e-01
2.4941786710e-01   8.1606406660e-01
2.5420655937e-01   8.3133318592e-01
2.6984683307e-01   8.7646806915e-01
2.8043091732e-01   9.0149433386e-01
2.9607119102e-01   9.2737429398e-01
2.9792971480e-01   9.2941275218e-01
3.1356998850e-01   9.3641192704e-01
3.2921026221e-01   9.2324167879e-01
3.4485053591e-01   8.8827518624e-01
3.5966047180e-01   8.3543878839e-01
3.6821552637e-01   7.9701002940e-01
3.8385580008e-01   7.1463465096e-01
3.8954599014e-01   6.8168461723e-01
4.0518626384e-01   5.8644301411e-01
4.0802279208e-01   5.6881205290e-01
4.1071642168e-01   5.5206011036e-01
4.2635669538e-01   4.5627614303e-01
4.2810755494e-01   4.4586664556e-01
4.4374782865e-01   3.5761576218e-01
4.4743721865e-01   3.3829652931e-01
4.6307749235e-01   2.6404702220e-01
4.6942016736e-01   2.3771623965e-01
4.8506044106e-01   1.8242295709e-01
5.0070071477e-01   1.4041062867e-01
5.0579948104e-01   1.2938965027e-01
5.2143975475e-01   1.0294146444e-01
5.3421073329e-01   8.8596103981e-02
5.4571895237e-01   8.0343536837e-02
5.6135922608e-01   7.4933137476e-02
5.7699949978e-01   7.4800388915e-02
5.9263977349e-01   7.8663003647e-02
6.0828004719e-01   8.5528449790e-02
6.2392032090e-01   9.4672524267e-02
6.3956059460e-01   1.0560432381e-01
6.5520086831e-01   1.1802752232e-01
6.7084114201e-01   1.3180363616e-01
6.8648141572e-01   1.4692002990e-01
7.0212168942e-01   1.6346360908e-01
7.1776196313e-01   1.8160004614e-01
7.3340223683e-01   2.0155782545e-01
7.4904251054e-01   2.2361600564e-01
7.5972999870e-01   2.4006019602e-01
7.7537027240e-01   2.6639310969e-01
7.9101054611e-01   2.9575164980e-01
8.0665081981e-01   3.2851777615e-01
8.2229109352e-01   3.6507136415e-01
8.3793136722e-01   4.0576658932e-01
8.5357164093e-01   4.5089706924e-01
8.6921191463e-01   5.0064534815e-01
8.8253972972e-01   5.4668966214e-01
8.8873464378e-01   5.6919843629e-01
9.0437491749e-01   6.2889586185e-01
9.2001519119e-01   6.9200444584e-01
9.2082814105e-01   6.9535492952e-01
9.2895763961e-01   7.2911150227e-01
9.4459791331e-01   7.9447392178e-01
9.5036098051e-01   8.1828279974e-01
9.6600125421e-01   8.8037020318e-01
9.7253896928e-01   9.0452827809e-01
9.8817924298e-01   9.5540276892e-01
1.0038195167e+00   9.9234489496e-01
1.0088157342e+00   1.0003316159e+00
1.0244560080e+00   1.0107568430e+00
1.0400962817e+00   9.9581387488e-01
1.0552104825e+00   9.5490326744e-01
1.0569919308e+00   9.4835139064e-01
1.0726322045e+00   8.7602681712e-01
1.0882724782e+00   7.8056409866e-01
1.0937539144e+00   7.4288575333e-01
1.1003403365e+00   6.9552159246e-01
1.1159806102e+00   5.7779345387e-01
1.1162302144e+00   5.7589100484e-01
1.1187262557e+00   5.5687602240e-01
1.1343665294e+00   4.4004169172e-01
1.1385889219e+00   4.0981669334e-01
1.1542291956e+00   3.0575558752e-01
1.1588810585e+00   2.7766331437e-01
1.1665116742e+00   2.3477867733e-01
1.1680706794e+00   2.2652185339e-01
1.1836607313e+00   1.5360198581e-01
1.1899989468e+00   1.2893872736e-01
1.2056392205e+00   7.9714624254e-02
1.2102214501e+00   6.8214540467e-02
1.2258617238e+00   3.7724419256e-02
1.2395527908e+00   2.0586551237e-02
1.2411467050e+00   1.9084234787e-02
1.2567869788e+00   8.8937799206e-03
1.2724272525e+00   5.4054266522e-03
1.2841804843e+00   6.0275518825e-03
1.2998207580e+00   9.9326404157e-03
1.3154610317e+00   1.6272468518e-02
1.3236123476e+00   2.0243943892e-02
1.3392526213e+00   2.8738321409e-02
1.3548928950e+00   3.8024791288e-02
1.3705331687e+00   4.7845790725e-02
1.3861734424e+00   5.8092507018e-02
1.4018137161e+00   6.8767629114e-02
1.4174539898e+00   7.9956976296e-02
1.4330942635e+00   9.1808915086e-02
1.4487345372e+00   1.0452029461e-01
1.4643748109e+00   1.1832763825e-01
1.4800150846e+00   1.3350245000e-01
1.4956553583e+00   1.5034960412e-01
1.5112956320e+00   1.6920790130e-01
1.5269359057e+00   1.9045191942e-01
1.5425761794e+00   2.1449426035e-01
1.5582164531e+00   2.4178710944e-01
1.5738567268e+00   2.7282178922e-01
1.5894970005e+00   3.0812438717e-01
1.6045272997e+00   3.4658300103e-01
1.6201675734e+00   3.9185408492e-01
1.6358078471e+00   4.4299420747e-01
1.6429165332e+00   4.6829924737e-01
1.6585568070e+00   5.2869536369e-01
1.6681100321e+00   5.6881943158e-01
1.6837503058e+00   6.3968121801e-01
1.6921312734e+00   6.8012197113e-01
1.7077715472e+00   7.5944107604e-01
1.7146466893e+00   7.9550517100e-01
1.7302869630e+00   8.7865643552e-01
1.7398657911e+00   9.2904579495e-01
1.7420388977e+00   9.4027714580e-01
1.7576791714e+00   1.0169756268e+00
1.7645764392e+00   1.0473570517e+00
1.7685197199e+00   1.0634111319e+00
1.7841599936e+00   1.1147347032e+00
1.7931416245e+00   1.1329251301e+00
1.7976063076e+00   1.1382581502e+00
1.8132465813e+00   1.1345014829e+00
1.8288868550e+00   1.0916915027e+00
1.8395866419e+00   1.0388160178e+00
1.8552269156e+00   9.2940503603e-01
1.8565480447e+00   9.1861558742e-01
1.8697593359e+00   8.0024100233e-01
1.8711609321e+00   7.8675303205e-01
1.8851768942e+00   6.4598443644e-01
1.8898796329e+00   5.9752289973e-01
1.8928026921e+00   5.6740394873e-01
1.9074639985e+00   4.1981631426e-01
1.9095483531e+00   3.9967738342e-01
1.9138074462e+00   3.5944695660e-01
1.9290474659e+00   2.2787831695e-01
1.9298384509e+00   2.2164865150e-01
1.9377483008e+00   1.6289708986e-01
1.9432154092e+00   1.2614479311e-01
1.9588556829e+00   3.8459910234e-02
1.9638553628e+00   1.5697655860e-02
1.9794956365e+00   -4.0606862026e-02
1.9829083038e+00   -5.0162426450e-02
1.9985485775e+00   -8.3405862210e-02
2.0045837137e+00   -9.2231125358e-02
2.0202239874e+00   -1.0702270850e-01
2.0309114467e+00   -1.1189488482e-01
2.0465517204e+00   -1.1374154010e-01
2.0621919941e+00   -1.1154367066e-01
2.0735726370e+00   -1.0850934771e-01
2.0892129108e+00   -1.0348106485e-01
2.1048531845e+00   -9.8372760402e-02
2.1204934582e+00   -9.3873336382e-02
2.1361337319e+00   -9.0422210451e-02
2.1517740056e+00   -8.8286281367e-02
2.1674142793e+00   -8.7619756571e-02
2.1830545530e+00   -8.8509472019e-02
2.1986948267e+00   -9.1008526890e-02
2.2143351004e+00   -9.5160861131e-02
2.2299753741e+00   -1.0101903740e-01
2.2456156478e+00   -1.0865710991e-01
2.2612559215e+00   -1.1818003386e-01
2.2768961952e+00   -1.2973079316e-01
2.2925364689e+00   -1.4349605418e-01
2.3081767426e+00   -1.5971090309e-01
2.3238170163e+00   -1.7866293389e-01
2.3394572900e+00   -2.0069566568e-01
2.3550975637e+00   -2.2621091714e-01
2.3707378374e+00   -2.5566931976e-01
2.3863781111e+00   -2.8958753223e-01
2.4020183848e+00   -3.2852985289e-01
2.4112641646e+00   -3.5415458128e-01
2.4269044383e+00   -4.0231756318e-01
2.4425447120e+00   -4.5702064112e-01
2.4450185743e+00   -4.6630522247e-01
2.4606588480e+00   -5.2915444249e-01
2.4704005012e+00   -5.7197797832e-01
2.4860407749e+00   -6.4656718481e-01
2.4913788809e+00   -6.7359598997e-01
2.5070191547e+00   -7.5683145471e-01
2.5140464037e+00   -7.9584931104e-01
2.5296866774e+00   -8.8472192697e-01
2.5374787444e+00   -9.2912697930e-01
2.5395400430e+00   -9.4078192857e-01
2.5551803167e+00   -1.0261259285e+00
2.5594478341e+00   -1.0479015927e+00
2.5750881078e+00   -1.1182806649e+00
2.5756933889e+00   -1.1206271368e+00
2.5817461994e+00   -1.1421711204e+00
2.5973864731e+00   -1.1784089124e+00
2.5987675497e+00   -1.1800318991e+00
2.6125783151e+00   -1.1796789267e+00
2.6282185888e+00   -1.1388261427e+00
2.6347853096e+00   -1.1080507928e+00
2.6504255833e+00   -1.0033002010e+00
2.6536642941e+00   -9.7651371279e-01
2.6585296495e+00   -9.3339517309e-01
2.6740699854e+00   -7.7703272711e-01
2.6771477645e+00   -7.4361904929e-01
2.6817765991e+00   -6.9245870248e-01
2.6958614944e+00   -5.3442534620e-01
2.7006157833e+00   -4.8180616420e-01
2.7033130777e+00   -4.5240576643e-01
2.7171397801e+00   -3.0955069981e-01
2.7208852960e+00   -2.7373105407e-01
2.7261924383e+00   -2.2547067775e-01
2.7275000607e+00   -2.1405186308e-01
2.7405762851e+00   -1.1074217901e-01
2.7418886129e+00   -1.0149257633e-01
2.7550118909e+00   -2.0209237564e-02
2.7554437684e+00   -1.7874039360e-02
2.7597625441e+00   4.3305516324e-03
2.7754028178e+00   6.8378849495e-02
2.7772366405e+00   7.4344929796e-02
2.7928769142e+00   1.1402720893e-01
2.7950326377e+00   1.1809225835e-01
2.8106729114e+00   1.3940274862e-01
2.8263131851e+00   1.4950939768e-01
2.8269935477e+00   1.4975694264e-01
2.8337971739e+00   1.5153046919e-01
2.8494374476e+00   1.5181500177e-01
2.8631297924e+00   1.4930171370e-01
2.8787700661e+00   1.4499601135e-01
2.8944103398e+00   1.4046070608e-01
2.8978503237e+00   1.3953183692e-01
2.9134905974e+00   1.3594382889e-01
2.9291308711e+00   1.3376946189e-01
2.9447711448e+00   1.3335849095e-01
2.9604114185e+00   1.3492899802e-01
2.9760516922e+00   1.3862194117e-01
2.9916919659e+00   1.4454149219e-01
3.0073322396e+00   1.5278437395e-01
3.0229725133e+00   1.6346089571e-01
3.0386127870e+00   1.7670976970e-01
3.0542530607e+00   1.9270831675e-01
3.0698933344e+00   2.1167910858e-01
3.0855336081e+00   2.3389358927e-01
3.1011738818e+00   2.5967269737e-01
3.1168141556e+00   2.8938389745e-01
3.1324544293e+00   3.2343331638e-01
3.1480947030e+00   3.6225076777e-01
3.1637349767e+00   4.0626434808e-01
3.1724131632e+00   4.3307231252e-01
3.1880534369e+00   4.8589649596e-01
3.2036937106e+00   5.4466336670e-01
3.2117203553e+00   5.7712010114e-01
3.2273606290e+00   6.4460920712e-01
3.2376431626e+00   6.9172635548e-01
3.2384649861e+00   6.9557385841e-01
3.2466832208e+00   7.3461312920e-01
3.2623234945e+00   8.1087731309e-01
3.2635580319e+00   8.1694743417e-01
3.2759034054e+00   8.7734060437e-01
3.2847727063e+00   9.1961853812e-01
3.3004129800e+00   9.8882583236e-01
3.3110763488e+00   1.0295015280e+00
3.3157232428e+00   1.0449250812e+00
3.3313635165e+00   1.0834340379e+00
3.3470037902e+00   1.0957230222e+00
3.3571886534e+00   1.0865889774e+00
3.3728289271e+00   1.0432534455e+00
3.3753694915e+00   1.0327815547e+00
3.3910097653e+00   9.4800336280e-01
3.3962241161e+00   9.1254505613e-01
3.4118643898e+00   7.8885411576e-01
3.4150164959e+00   7.6144405401e-01
3.4306567696e+00   6.1856258864e-01
3.4379721915e+00   5.5026750302e-01
3.4416222013e+00   5.1642375035e-01
3.4450669293e+00   4.8480343063e-01
3.4607072030e+00   3.4814681856e-01
3.4612782556e+00   3.4344133231e-01
3.4669887817e+00   2.9773369121e-01
3.4826290554e+00   1.8659851431e-01
3.4866734058e+00   1.6148295407e-01
3.4913837654e+00   1.3416666934e-01
3.5070240391e+00   5.8198027857e-02
3.5226643128e+00   3.3352520828e-03
3.5230983026e+00   2.0856999457e-03
3.5274382003e+00   -9.6642001051e-03
3.5430784740e+00   -4.1801425499e-02
3.5525100633e+00   -5.4591308110e-02
3.5681503370e+00   -6.7347319648e-02
3.5826835486e+00   -7.2118631401e-02
3.5983238223e+00   -7.2091506049e-02
3.6139640960e+00   -6.8693018943e-02
3.6296043697e+00   -6.3429229071e-02
3.6452446434e+00   -5.7365678470e-02
3.6600875643e+00   -5.1529507932e-02
3.6757278380e+00   -4.5739812201e-02
3.6913681117e+00   -4.0593012753e-02
3.7070083854e+00   -3.6236155691e-02
3.7226486591e+00   -3.2727490603e-02
3.7382889328e+00   -3.0069870028e-02
3.7539292065e+00   -2.8235078658e-02
3.7695694802e+00   -2.7181086657e-02
3.7852097539e+00   -2.6863962808e-02
3.8008500276e+00   -2.7245862567e-02
3.8164903013e+00   -2.8300261333e-02
3.8321305750e+00   -3.0015327721e-02
3.8477708487e+00   -3.2396134183e-02
3.8634111224e+00   -3.5466230935e-02
3.8790513961e+00   -3.9268976323e-02
3.8946916698e+00   -4.3868916137e-02
3.9103319436e+00   -4.9353430755e-02
3.9259722173e+00   -5.5834817192e-02
3.9416124910e+00   -6.3452937663e-02
3.9572527647e+00   -7.2378550037e-02
3.9728930384e+00   -8.2817379974e-02
3.9885333121e+00   -9.5015054669e-02
4.0041735858e+00   -1.0926290039e-01
4.0177326657e+00   -1.2353825786e-01
4.0333729394e+00   -1.4257952252e-01
4.0490132131e+00   -1.6482267418e-01
4.0646534868e+00   -1.9080452006e-01
4.0802937605e+00   -2.2114421798e-01
4.0959340342e+00   -2.5654856603e-01
4.1115743079e+00   -2.9781264158e-01
4.1272145816e+00   -3.4581166842e-01
4.1281872944e+00   -3.4904030346e-01
4.1379144227e+00   -3.8300786844e-01
4.1535546964e+00   -4.4446257533e-01
4.1559913663e+00   -4.5484492010e-01
4.1716316400e+00   -5.2701515728e-01
4.1827990293e+00   -5.8464615627e-01
4.1856782278e+00   -6.0035204730e-01
4.2013185015e+00   -6.9174737076e-01
4.2018472988e+00   -6.9501432461e-01
4.2071352717e+00   -7.2829859698e-01
4.2227755454e+00   -8.3282246228e-01
4.2273580131e+00   -8.6494286692e-01
4.2429982868e+00   -9.7794737930e-01
4.2485675170e+00   -1.0187672898e+00
4.2513992761e+00   -1.0394794432e+00
4.2670395498e+00   -1.1507801959e+00
4.2684006300e+00   -1.1600200063e+00
4.2820114314e+00   -1.2452877803e+00
4.2869382350e+00   -1.2718756237e+00
4.2880244007e+00   -1.2773497784e+00
4.2988860573e+00   -1.3229036182e+00
4.3000361384e+00   -1.3266235419e+00
4.3115369490e+00   -1.3498440115e+00
4.3160325818e+00   -1.3512059128e+00
4.3316728555e+00   -1.3166902389e+00
4.3408088470e+00   -1.2660719917e+00
4.3422731449e+00   -1.2558211173e+00
4.3558177710e+00   -1.1340742682e+00
4.3564979195e+00   -1.1267472348e+00
4.3632994038e+00   -1.0477922050e+00
4.3645416493e+00   -1.0323287285e+00
4.3761535782e+00   -8.7510010402e-01
4.3797072872e+00   -8.2339238593e-01
4.3815043434e+00   -7.9679861131e-01
4.3924243804e+00   -6.3156499807e-01
4.3969423175e+00   -5.6285465026e-01
4.3986576491e+00   -5.3693093987e-01
4.4094285690e+00   -3.7864327909e-01
4.4134320424e+00   -3.2270189650e-01
4.4158949451e+00   -2.8928923289e-01
4.4208120328e+00   -2.2513423760e-01
4.4218020794e+00   -2.1265536014e-01
4.4317025457e+00   -9.6671994714e-02
4.4342637791e+00   -6.9398235700e-02
4.4394251418e+00   -1.7962811508e-02
4.4417821088e+00   3.9502995015e-03
4.4542293858e+00   1.0356640770e-01
4.4567309144e+00   1.2042767907e-01
4.4704958759e+00   1.9600891347e-01
4.4729544452e+00   2.0669144021e-01
4.4885244738e+00   2.5773348247e-01
4.4942354710e+00   2.7031330735e-01
4.5098757447e+00   2.9209028721e-01
4.5154294787e+00   2.9631251165e-01
4.5310697524e+00   3.0144698097e-01
4.5399581588e+00   3.0128153164e-01
4.5555984325e+00   2.9808354059e-01
4.5706840237e+00   2.9366677117e-01
4.5863242974e+00   2.8957900965e-01
4.6019645711e+00   2.8724011766e-01
4.6137976407e+00   2.8713377872e-01
4.6294379144e+00   2.8960631178e-01
4.6427440391e+00   2.9426912104e-01
4.6583843128e+00   3.0292578175e-01
4.6740245865e+00   3.1511754260e-01
4.6896648602e+00   3.3090769501e-01
4.7053051339e+00   3.5033522199e-01
4.7209454076e+00   3.7342487397e-01
4.7365856813e+00   4.0018559532e-01
4.7522259550e+00   4.3059825053e-01
4.7678662287e+00   4.6459284767e-01
4.7835065024e+00   5.0201496851e-01
4.7991467761e+00   5.4258105628e-01
4.8115337621e+00   5.7663884349e-01
4.8271740358e+00   6.2150485151e-01
4.8428143095e+00   6.6753700536e-01
4.8500546310e+00   6.8888538302e-01
4.8656949047e+00   7.3410046013e-01
4.8813351785e+00   7.7642596642e-01
4.8923043707e+00   8.0312243018e-01
4.9079446444e+00   8.3487734252e-01
4.9235849181e+00   8.5665587290e-01
4.9287927905e+00   8.6120886793e-01
4.9444330642e+00   8.6546982687e-01
4.9600733379e+00   8.5411267602e-01
4.9757136116e+00   8.2613204123e-01
4.9913538853e+00   7.8192690619e-01
5.0031095814e+00   7.3914947002e-01
5.0165739692e+00   6.8201961756e-01
5.0322142429e+00   6.0816898363e-01
5.0398979155e+00   5.7029202607e-01
5.0555381892e+00   4.9289379415e-01
5.0606920747e+00   4.6789481074e-01
5.0763323484e+00   3.9556594899e-01
5.0890076409e+00   3.4242672916e-01
5.0912693562e+00   3.3356497570e-01
5.1069096299e+00   2.7795634161e-01
5.1166465578e+00   2.4855427997e-01
5.1322868316e+00   2.0974989086e-01
5.1428144884e+00   1.8923979641e-01
5.1584547621e+00   1.6639207930e-01
5.1740950358e+00   1.5158940940e-01
5.1897353095e+00   1.4356780323e-01
5.2053755832e+00   1.4112484615e-01
5.2210158569e+00   1.4320643346e-01
5.2366561306e+00   1.4894717724e-01
5.2522964044e+00   1.5767916251e-01
5.2679366781e+00   1.6892155738e-01
5.2835769518e+00   1.8236015608e-01
5.2872547067e+00   1.8581792240e-01
5.3028949805e+00   2.0174520068e-01
5.3185352542e+00   2.1964483772e-01
5.3341755279e+00   2.3957726750e-01
5.3498158016e+00   2.6167289864e-01
5.3654560753e+00   2.8611386105e-01
5.3810963490e+00   3.1311657614e-01
5.3967366227e+00   3.4291373343e-01
5.4123768964e+00   3.7573387076e-01
5.4280171701e+00   4.1177645037e-01
5.4436574438e+00   4.5117997536e-01
5.4512161921e+00   4.7144383861e-01
5.4668564658e+00   5.1585532429e-01
5.4824967395e+00   5.6341114150e-01
5.4900758276e+00   5.8745684078e-01
5.5057161013e+00   6.3869850321e-01
5.5192926831e+00   6.8427240002e-01
5.5233363912e+00   6.9790087095e-01
5.5389766649e+00   7.5004996554e-01
5.5546169386e+00   7.9961584486e-01
5.5599050692e+00   8.1532796411e-01
5.5755453430e+00   8.5710075321e-01
5.5911856167e+00   8.8919566596e-01
5.6054973365e+00   9.0707935025e-01
5.6128820184e+00   9.1113259437e-01
5.6285222921e+00   9.0642853974e-01
5.6441625658e+00   8.8217025197e-01
5.6598028395e+00   8.3799801035e-01
5.6709273521e+00   7.9527905903e-01
5.6865676258e+00   7.2194233002e-01
5.6943492513e+00   6.8098384566e-01
5.7099895250e+00   5.9322835950e-01
5.7145182867e+00   5.6713713268e-01
5.7301585604e+00   4.7758539742e-01
5.7340605784e+00   4.5581222424e-01
5.7497008521e+00   3.7299769317e-01
5.7568872465e+00   3.3803356311e-01
5.7604584328e+00   3.2150774179e-01
5.7760987065e+00   2.5638603409e-01
5.7780581222e+00   2.4909479980e-01
5.7936983959e+00   1.9794052800e-01
5.8071078485e+00   1.6379083327e-01
5.8146626363e+00   1.4824925021e-01
5.8303029100e+00   1.2372185281e-01
5.8423587984e+00   1.1102691976e-01
5.8511840498e+00   1.0467796043e-01
5.8668243235e+00   9.8580006404e-02
5.8824645972e+00   9.7860911159e-02
5.8981048709e+00   1.0131936086e-01
5.9137451446e+00   1.0801002574e-01
5.9293854183e+00   1.1723251952e-01
5.9450256920e+00   1.2850477387e-01
5.9606659657e+00   1.4153055234e-01
5.9763062394e+00   1.5616698139e-01
5.9919465131e+00   1.7239517873e-01
6.0075867868e+00   1.9029522774e-01
6.0232270605e+00   2.1002559990e-01
6.0388673342e+00   2.3180642032e-01
6.0545076079e+00   2.5590552977e-01
6.0701478816e+00   2.8262597682e-01
6.0857881553e+00   3.1229327353e-01
6.0997320168e+00   3.4149826391e-01
6.1153722905e+00   3.7764110093e-01
6.1310125642e+00   4.1763899850e-01
6.1466528379e+00   4.6170740531e-01
6.1474074925e+00   4.6393893587e-01
6.1549540393e+00   4.8678904980e-01
6.1705943130e+00   5.3720484843e-01
6.1759657748e+00   5.5544062418e-01
6.1916060485e+00   6.1098641555e-01
6.2072463222e+00   6.6956049014e-01
6.2152310971e+00   7.0025952962e-01
6.2308713708e+00   7.6087883348e-01
6.2412394388e+00   8.0051442231e-01
6.2456547830e+00   8.1702271255e-01
6.2505273670e+00   8.3485897846e-01
6.2661676407e+00   8.8813001746e-01
6.2720748679e+00   9.0608123171e-01
6.2877151416e+00   9.4545517257e-01
6.2982870454e+00   9.6355797922e-01
6.3139273191e+00   9.7436268479e-01
6.3295675928e+00   9.6273181713e-01
6.3452078665e+00   9.2641067428e-01
6.3608481402e+00   8.6555450979e-01
6.3705458002e+00   8.1669750717e-01
6.3861860739e+00   7.2365870895e-01
6.3917101676e+00   6.8767532345e-01
6.4073504413e+00   5.8109981681e-01
6.4084974553e+00   5.7316145014e-01
6.4199675955e+00   4.9424475533e-01
6.4253938559e+00   4.5772378314e-01
6.4410341296e+00   3.5828375162e-01
6.4437966366e+00   3.4188499907e-01
6.4594369103e+00   2.5717810379e-01
6.4654204506e+00   2.2872632692e-01
6.4810607243e+00   1.6517069552e-01
6.4920177106e+00   1.2978856811e-01
6.4988152642e+00   1.1141153610e-01
6.5144555379e+00   7.8569485068e-02
6.5300958116e+00   5.7124925943e-02
6.5403131406e+00   4.8196428169e-02
6.5559534143e+00   4.0746936808e-02
6.5715936880e+00   3.9158609594e-02
6.5872339617e+00   4.1866303157e-02
6.6028742354e+00   4.7653750656e-02
6.6185145091e+00   5.5625691209e-02
6.6341547828e+00   6.5162955838e-02
6.6497950565e+00   7.5873422390e-02
6.6654353302e+00   8.7546062954e-02
6.6810756039e+00   1.0011137302e-01
6.6967158776e+00   1.1360934870e-01
6.7123561513e+00   1.2816479516e-01
6.7279964250e+00   1.4396917217e-01
6.7436366987e+00   1.6126789176e-01
6.7592769724e+00   1.8035187569e-01
6.7749172461e+00   2.0155217095e-01
6.7905575198e+00   2.2523635831e-01
6.8061977935e+00   2.5180542144e-01
6.8218380672e+00   2.8168952197e-01
6.8374783409e+00   3.1534077772e-01
6.8518774776e+00   3.5004945450e-01
6.8675177513e+00   3.9222018360e-01
6.8831580250e+00   4.3944207852e-01
6.8931306099e+00   4.7233881170e-01
6.9087708836e+00   5.2843484886e-01
6.9191906547e+00   5.6885225259e-01
6.9348309284e+00   6.3386068048e-01
6.9504712021e+00   7.0339563951e-01
6.9548284068e+00   7.2340383309e-01
6.9704686805e+00   7.9656760274e-01
6.9744509487e+00   8.1532237147e-01
6.9900912224e+00   8.8792373428e-01
6.9977042268e+00   9.2178315372e-01
6.9988018031e+00   9.2653692480e-01
7.0097775671e+00   9.7168676638e-01
7.0254178408e+00   1.0254846875e+00
7.0309355357e+00   1.0404464759e+00
7.0465758094e+00   1.0678737032e+00
7.0622160832e+00   1.0681781287e+00
7.0718683722e+00   1.0526059147e+00
7.0875086459e+00   1.0000663879e+00
7.0977366598e+00   9.4776234203e-01
7.1038287990e+00   9.1039385688e-01
7.1194690727e+00   7.9663060752e-01
7.1220404472e+00   7.7593378745e-01
7.1376807209e+00   6.4254601889e-01
7.1431352666e+00   5.9439835119e-01
7.1458719722e+00   5.7019800535e-01
7.1615122459e+00   4.3460053348e-01
7.1653112366e+00   4.0306262155e-01
7.1724906861e+00   3.4572177502e-01
7.1728221279e+00   3.4315448064e-01
7.1761365463e+00   3.1790365618e-01
7.1917768200e+00   2.1021987931e-01
7.1952345537e+00   1.8917301540e-01
7.2108748274e+00   1.0699747273e-01
7.2134024407e+00   9.5699666454e-02
7.2290427144e+00   3.7350175515e-02
7.2352622006e+00   1.9295568125e-02
7.2509024743e+00   -1.4926107498e-02
7.2612179382e+00   -3.0021344410e-02
7.2768582119e+00   -4.4018882360e-02
7.2924984856e+00   -4.9942515824e-02
7.3005435959e+00   -5.0683678225e-02
7.3161838696e+00   -4.8967376705e-02
7.3318241433e+00   -4.4450896392e-02
7.3474644170e+00   -3.8370604517e-02
7.3631046907e+00   -3.1586678988e-02
7.3787449644e+00   -2.4665866260e-02
7.3943852381e+00   -1.7954466638e-02
7.4100255118e+00   -1.1638656633e-02
7.4256657855e+00   -5.7920958308e-03
7.4413060593e+00   -4.1214477659e-04
7.4569463330e+00   4.5535154837e-03
7.4725866067e+00   9.1880204664e-03
7.4882268804e+00   1.3592539997e-02
7.5038671541e+00   1.7878159647e-02
7.5195074278e+00   2.2161248704e-02
7.5351477015e+00   2.6561401298e-02
7.5507879752e+00   3.1201250690e-02
7.5664282489e+00   3.6207644806e-02
7.5820685226e+00   4.1713825360e-02
7.5977087963e+00   4.7862377002e-02
7.6133490700e+00   5.4808810807e-02
7.6289893437e+00   6.2725722333e-02
7.6446296174e+00   7.1806564835e-02
7.6602698911e+00   8.2272885621e-02
7.6759101648e+00   9.4378551588e-02
7.6915504385e+00   1.0841671595e-01
7.7064160359e+00   1.2385984073e-01
7.7220563096e+00   1.4269374614e-01
7.7376965833e+00   1.6462547813e-01
7.7533368570e+00   1.9017797637e-01
7.7689771307e+00   2.1995166499e-01
7.7846174044e+00   2.5462970865e-01
7.8002576781e+00   2.9497880763e-01
7.8158979518e+00   3.4184169635e-01
7.8192914407e+00   3.5295648557e-01
7.8349317145e+00   4.0895840650e-01
7.8449847046e+00   4.4939151807e-01
7.8606249783e+00   5.1979982892e-01
7.8727869353e+00   5.8122723540e-01
7.8745631835e+00   5.9070141667e-01
7.8902034572e+00   6.7966902326e-01
7.8930397567e+00   6.9685332817e-01
7.9086800304e+00   7.9699618437e-01
7.9115966022e+00   8.1659179566e-01
7.9272368759e+00   9.2542627615e-01
7.9278144240e+00   9.2953592715e-01
7.9335899056e+00   9.7081708733e-01
7.9362842640e+00   9.9013708056e-01
7.9402902640e+00   1.0188395422e+00
7.9559305377e+00   1.1282668668e+00
7.9613171964e+00   1.1638229455e+00
7.9640332730e+00   1.1810890434e+00
7.9796735467e+00   1.2680491275e+00
7.9810348683e+00   1.2743353039e+00
7.9832491069e+00   1.2840235921e+00
7.9988893806e+00   1.3299682734e+00
8.0017319835e+00   1.3333739364e+00
8.0173722572e+00   1.3190937316e+00
8.0204287476e+00   1.3092107754e+00
8.0360690213e+00   1.2199204072e+00
8.0432698427e+00   1.1573282451e+00
8.0438880864e+00   1.1513564250e+00
8.0500705229e+00   1.0867658114e+00
8.0535851670e+00   1.0463443152e+00
8.0661395408e+00   8.8395537527e-01
8.0694355684e+00   8.3769959451e-01
8.0723383820e+00   7.9609429297e-01
8.0836073282e+00   6.3018961070e-01
8.0882404621e+00   5.6158539892e-01
8.0900629602e+00   5.3477261822e-01
8.1011005228e+00   3.7700628701e-01
8.1055505916e+00   3.1670789598e-01
8.1084841615e+00   2.7830247384e-01
8.1121268686e+00   2.3226125094e-01
8.1233591505e+00   1.0313206707e-01
8.1254342374e+00   8.1545381203e-02
8.1297730797e+00   3.8782533315e-02
8.1330073238e+00   9.0074876189e-03
8.1454911495e+00   -8.9314867994e-02
8.1488966444e+00   -1.1171752935e-01
8.1627885475e+00   -1.8529427225e-01
8.1655352699e+00   -1.9674504807e-01
8.1811755436e+00   -2.4566753131e-01
8.1860442626e+00   -2.5605206697e-01
8.2016845363e+00   -2.7763167777e-01
8.2081377593e+00   -2.8241218800e-01
8.2237780330e+00   -2.8721246872e-01
8.2333359028e+00   -2.8692566351e-01
8.2489761765e+00   -2.8368185318e-01
8.2643409567e+00   -2.7930977770e-01
8.2799812304e+00   -2.7544178057e-01
8.2956215041e+00   -2.7334447942e-01
8.3019801436e+00   -2.7318244672e-01
8.3176204173e+00   -2.7478167626e-01
8.3332606910e+00   -2.7949710341e-01
8.3489009647e+00   -2.8754969144e-01
8.3645412384e+00   -2.9907077358e-01
8.3801815121e+00   -3.1414465727e-01
8.3958217858e+00   -3.3283455691e-01
8.4114620595e+00   -3.5519508016e-01
8.4271023332e+00   -3.8127332548e-01
8.4427426069e+00   -4.1109952168e-01
8.4583828806e+00   -4.4466732046e-01
8.4703492675e+00   -4.7283434726e-01
8.4859895412e+00   -5.1276077744e-01
8.4939163953e+00   -5.3425927839e-01
8.5022444692e+00   -5.5768084778e-01
8.5120129094e+00   -5.8612536079e-01
8.5276531831e+00   -6.3339162376e-01
8.5432934568e+00   -6.8183982488e-01
8.5475696189e+00   -6.9511049699e-01
8.5632098926e+00   -7.4289356634e-01
8.5788501663e+00   -7.8785877479e-01
8.5877320519e+00   -8.1118845848e-01
8.6033723256e+00   -8.4646305132e-01
8.6190125993e+00   -8.7168324903e-01
8.6258239749e+00   -8.7873525445e-01
8.6414642486e+00   -8.8424102499e-01
8.6571045223e+00   -8.7305540099e-01
8.6727447960e+00   -8.4397347644e-01
8.6883850697e+00   -7.9733931237e-01
8.6945828876e+00   -7.7440860811e-01
8.7067203062e+00   -7.2323578203e-01
8.7157884978e+00   -6.8055143661e-01
8.7314287715e+00   -6.0101869296e-01
8.7377018398e+00   -5.6799139927e-01
8.7533421135e+00   -4.8575421409e-01
8.7546231798e+00   -4.7913204245e-01
8.7674338433e+00   -4.1487241662e-01
8.7830741170e+00   -3.4325056313e-01
8.7848800451e+00   -3.3557973644e-01
8.8005203188e+00   -2.7503294687e-01
8.8054528108e+00   -2.5822494746e-01
8.8210930845e+00   -2.1233355164e-01
8.8317970569e+00   -1.8726427874e-01
8.8474373306e+00   -1.5922792082e-01
8.8622375285e+00   -1.4108229438e-01
8.8778778022e+00   -1.2943038738e-01
8.8935180759e+00   -1.2415214847e-01
8.9091583496e+00   -1.2400077609e-01
8.9247986234e+00   -1.2792870337e-01
8.9404388971e+00   -1.3510802604e-01
8.9560791708e+00   -1.4492439561e-01
8.9717194445e+00   -1.5695640155e-01
8.9873597182e+00   -1.7094895239e-01
9.0029999919e+00   -1.8678569476e-01
9.0186402656e+00   -2.0446326779e-01
9.0342805393e+00   -2.2406856243e-01
9.0499208130e+00   -2.4575905849e-01
9.0655610867e+00   -2.6974564597e-01
9.0812013604e+00   -2.9627681093e-01
9.0927294994e+00   -3.1761885855e-01
9.1047001975e+00   -3.4151684463e-01
9.1203404712e+00   -3.7560187266e-01
9.1359807449e+00   -4.1314376750e-01
9.1516210186e+00   -4.5431327564e-01
9.1573205173e+00   -4.7023426458e-01
9.1729607910e+00   -5.1642073930e-01
9.1886010647e+00   -5.6609267656e-01
9.1946289352e+00   -5.8607999406e-01
9.2102692089e+00   -6.3974086325e-01
9.2235977565e+00   -6.8689949734e-01
9.2392380302e+00   -7.4260761668e-01
9.2490675289e+00   -7.7697351225e-01
9.2607480816e+00   -8.1613111304e-01
9.2655642788e+00   -8.3147336491e-01
9.2812045525e+00   -8.7653722319e-01
9.2918815831e+00   -9.0169476533e-01
9.3075218568e+00   -9.2737224006e-01
9.3091214979e+00   -9.2911799799e-01
9.3247617716e+00   -9.3618344968e-01
9.3404020453e+00   -9.2310110189e-01
9.3560423190e+00   -8.8824040898e-01
9.3708965352e+00   -8.3532904575e-01
9.3794436493e+00   -7.9697459035e-01
9.3950839230e+00   -7.1467725836e-01
9.4007877279e+00   -6.8167502136e-01
9.4164280016e+00   -5.8650101238e-01
9.4192815962e+00   -5.6877568755e-01
9.4219863396e+00   -5.5196563748e-01
9.4376266133e+00   -4.5624591432e-01
9.4393858104e+00   -4.4579416953e-01
9.4550260841e+00   -3.5760832613e-01
9.4587184724e+00   -3.3828816844e-01
9.4743587461e+00   -2.6409718813e-01
9.4806994043e+00   -2.3779533838e-01
9.4963396780e+00   -1.8254421967e-01
9.5119799517e+00   -1.4056342524e-01
9.5170728171e+00   -1.2956266038e-01
9.5327130908e+00   -1.0313011212e-01
9.5454148260e+00   -8.8855234271e-02
9.5569860866e+00   -8.0548825109e-02
9.5726263603e+00   -7.5140413223e-02
9.5882666340e+00   -7.5008837577e-02
9.6039069077e+00   -7.8872889597e-02
9.6195471814e+00   -8.5740809332e-02
9.6351874551e+00   -9.4888926379e-02
9.6508277288e+00   -1.0582669607e-01
9.6664680026e+00   -1.1825803182e-01
9.6821082763e+00   -1.3204461286e-01
9.6977485500e+00   -1.4717392031e-01
9.7133888237e+00   -1.6373294898e-01
9.7290290974e+00   -1.8188744245e-01
9.7446693711e+00   -2.0186593787e-01
9.7603096448e+00   -2.2394751858e-01
9.7706348579e+00   -2.3983154172e-01
9.7862751316e+00   -2.6612658027e-01
9.8019154053e+00   -2.9544093454e-01
9.8175556790e+00   -3.2815604771e-01
9.8331959527e+00   -3.6465147155e-01
9.8488362264e+00   -4.0528135553e-01
9.8644765001e+00   -4.5033975567e-01
9.8801167739e+00   -5.0001036286e-01
9.8933695262e+00   -5.4571755026e-01
9.8998027824e+00   -5.6906367842e-01
9.9154430561e+00   -6.2872181948e-01
9.9310833298e+00   -6.9178759571e-01
9.9319997952e+00   -6.9556251128e-01
9.9411644492e+00   -7.3362145520e-01
9.9568047229e+00   -7.9891141862e-01
9.9612674557e+00   -8.1731739615e-01
9.9769077294e+00   -8.7941540647e-01
9.9835991857e+00   -9.0414526947e-01
9.9992394594e+00   -9.5500398674e-01
1.0014879733e+01   -9.9195372112e-01
1.0019959835e+01   -1.0000654206e+00
1.0035600109e+01   -1.0104140352e+00
1.0051240382e+01   -9.9540994953e-01
1.0066418146e+01   -9.5423749886e-01
1.0068149625e+01   -9.4785988946e-01
1.0083789898e+01   -8.7551591348e-01
1.0099430172e+01   -7.8007682584e-01
1.0104970237e+01   -7.4200468330e-01
1.0111480477e+01   -6.9520968817e-01
1.0127120751e+01   -5.7757707667e-01
1.0127329888e+01   -5.7598443830e-01
1.0129421265e+01   -5.6006392880e-01
1.0145061539e+01   -4.4317671267e-01
1.0148857445e+01   -4.1592546364e-01
1.0164497719e+01   -3.1121006144e-01
1.0168703984e+01   -2.8553061827e-01
1.0176510301e+01   -2.4103600179e-01
1.0179724861e+01   -2.2395571915e-01
1.0195365135e+01   -1.5147795441e-01
1.0202045166e+01   -1.2585258067e-01
1.0217685440e+01   -7.7593698762e-02
1.0220878297e+01   -6.9628245813e-02
1.0236518571e+01   -3.8764453490e-02
1.0250452490e+01   -2.1119076982e-02
1.0252528738e+01   -1.9163574710e-02
1.0268169012e+01   -9.1013456446e-03
1.0283809286e+01   -5.7051119354e-03
1.0295485094e+01   -6.3663212188e-03
1.0311125368e+01   -1.0306426010e-02
1.0326765641e+01   -1.6672228973e-02
1.0334641311e+01   -2.0514535187e-02
1.0350281585e+01   -2.9011634349e-02
1.0365921858e+01   -3.8306897467e-02
1.0381562132e+01   -4.8142008642e-02
1.0397202406e+01   -5.8407637046e-02
1.0412842679e+01   -6.9106174848e-02
1.0428482953e+01   -8.0323344643e-02
1.0444123227e+01   -9.2207593018e-02
1.0459763501e+01   -1.0495600330e-01
1.0475403774e+01   -1.1880546617e-01
1.0491044048e+01   -1.3402796586e-01
1.0506684322e+01   -1.5092894890e-01
1.0522324595e+01   -1.6984785562e-01
1.0537964869e+01   -1.9115993803e-01
1.0553605143e+01   -2.1527845934e-01
1.0569245416e+01   -2.4265618305e-01
1.0584885690e+01   -2.7378482044e-01
1.0600525964e+01   -3.0919049974e-01
1.0615298480e+01   -3.4705452603e-01
1.0630938754e+01   -3.9235152737e-01
1.0646579028e+01   -4.4351401015e-01
1.0653617313e+01   -4.6857018404e-01
1.0669257586e+01   -5.2894910137e-01
1.0678808216e+01   -5.6904590235e-01
1.0694448490e+01   -6.3986908403e-01
1.0702882392e+01   -6.8054265481e-01
1.0718522666e+01   -7.5981058627e-01
1.0725355594e+01   -7.9562020896e-01
1.0740995867e+01   -8.7867328643e-01
1.0750596665e+01   -9.2910298207e-01
1.0752789382e+01   -9.4041595265e-01
1.0768429655e+01   -1.0169463449e+00
1.0775357172e+01   -1.0473670340e+00
1.0779311009e+01   -1.0634009939e+00
1.0794951282e+01   -1.1144354123e+00
1.0803986707e+01   -1.1325186440e+00
1.0808174079e+01   -1.1374782963e+00
1.0823814352e+01   -1.1339071567e+00
1.0839454626e+01   -1.0913754412e+00
1.0850184269e+01   -1.0385604238e+00
1.0865824542e+01   -9.2945629117e-01
1.0867162155e+01   -9.1855835618e-01
1.0880538279e+01   -7.9885675904e-01
1.0882136014e+01   -7.8348050069e-01
1.0897434519e+01   -6.2955937050e-01
1.0903062101e+01   -5.7163431868e-01
1.0904224631e+01   -5.5969334942e-01
1.0915849930e+01   -4.4238142625e-01
1.0917651664e+01   -4.2473401306e-01
1.0932851884e+01   -2.8494075462e-01
1.0940071422e+01   -2.2556014934e-01
1.0941311976e+01   -2.1587358648e-01
1.0953717521e+01   -1.2780746836e-01
1.0956803701e+01   -1.0843097471e-01
1.0958721268e+01   -9.6901173905e-02
1.0974361542e+01   -1.7073112066e-02
1.0979842686e+01   5.2057194862e-03
1.0982605084e+01   1.5392047657e-02
1.0998245358e+01   6.1122057086e-02
1.1009601695e+01   8.3336847938e-02
1.1015320914e+01   9.1633820984e-02
1.1030961188e+01   1.0639521910e-01
1.1041771751e+01   1.1129203949e-01
1.1057412025e+01   1.1308795283e-01
1.1073052298e+01   1.1086011305e-01
1.1084650881e+01   1.0774630696e-01
1.1100291154e+01   1.0269685208e-01
1.1115931428e+01   9.7580380661e-02
1.1131571702e+01   9.3077863189e-02
1.1147211975e+01   8.9623072754e-02
1.1162852249e+01   8.7478961199e-02
1.1178492523e+01   8.6796998595e-02
1.1194132797e+01   8.7662104831e-02
1.1209773070e+01   9.0125983723e-02
1.1225413344e+01   9.4231472467e-02
1.1241053618e+01   1.0003015372e-01
1.1256693891e+01   1.0759510067e-01
1.1272334165e+01   1.1703020004e-01
1.1279706684e+01   1.2216518775e-01
1.1295346958e+01   1.3462199526e-01
1.1310987232e+01   1.4937980190e-01
1.1326627505e+01   1.6669632666e-01
1.1342267779e+01   1.8688337839e-01
1.1356196841e+01   2.0757636637e-01
1.1371837115e+01   2.3424647990e-01
1.1387477389e+01   2.6501447409e-01
1.1403117662e+01   3.0041499358e-01
1.1418757936e+01   3.4102659352e-01
1.1422459005e+01   3.5146482036e-01
1.1438099279e+01   3.9935170738e-01
1.1453739552e+01   4.5376815302e-01
1.1457549068e+01   4.6806893517e-01
1.1473189341e+01   5.3125346176e-01
1.1482659589e+01   5.7306334831e-01
1.1498299862e+01   6.4790660160e-01
1.1503856940e+01   6.7615587483e-01
1.1519497214e+01   7.5974759786e-01
1.1526250871e+01   7.9737742915e-01
1.1541891145e+01   8.8651239073e-01
1.1549487061e+01   9.2992436716e-01
1.1551777003e+01   9.4290824706e-01
1.1567417276e+01   1.0284303921e+00
1.1571185969e+01   1.0477333459e+00
1.1586826243e+01   1.1186726804e+00
1.1587782730e+01   1.1224036219e+00
1.1597347605e+01   1.1547547651e+00
1.1612987879e+01   1.1837762709e+00
1.1616369238e+01   1.1853871030e+00
1.1632009511e+01   1.1676334904e+00
1.1647649785e+01   1.1049165032e+00
1.1656639962e+01   1.0482942820e+00
1.1658660177e+01   1.0336116295e+00
1.1674153068e+01   8.9996825585e-01
1.1675470536e+01   8.8710583270e-01
1.1688645216e+01   7.4926748898e-01
1.1692954033e+01   7.0159170682e-01
1.1694368733e+01   6.8577574904e-01
1.1708181239e+01   5.3024031846e-01
1.1713233330e+01   4.7423986839e-01
1.1715218175e+01   4.5256376226e-01
1.1729022205e+01   3.0941702434e-01
1.1732741253e+01   2.7371139316e-01
1.1738009688e+01   2.2559732285e-01
1.1739293017e+01   2.1433778849e-01
1.1752126312e+01   1.1225772639e-01
1.1753080232e+01   1.0545191351e-01
1.1762619438e+01   4.3376705207e-02
1.1766505336e+01   2.1160500550e-02
1.1782145610e+01   -5.1400113292e-02
1.1789366916e+01   -7.6586387439e-02
1.1791842795e+01   -8.4138555254e-02
1.1807483069e+01   -1.2066876882e-01
1.1811518067e+01   -1.2735314361e-01
1.1827158341e+01   -1.4494033485e-01
1.1840038945e+01   -1.5173530823e-01
1.1844452093e+01   -1.5288353502e-01
1.1860092367e+01   -1.5351695961e-01
1.1874324286e+01   -1.5104039992e-01
1.1889964559e+01   -1.4678023495e-01
1.1905604833e+01   -1.4225538765e-01
1.1909036540e+01   -1.4132833262e-01
1.1924676814e+01   -1.3773281017e-01
1.1940317087e+01   -1.3555066736e-01
1.1955957361e+01   -1.3514017588e-01
1.1971597635e+01   -1.3672505134e-01
1.1987237909e+01   -1.4044989249e-01
1.2002878182e+01   -1.4642118411e-01
1.2018518456e+01   -1.5473711548e-01
1.2034158730e+01   -1.6550894752e-01
1.2049799003e+01   -1.7887603771e-01
1.2065439277e+01   -1.9501614856e-01
1.2081079551e+01   -2.1415209524e-01
1.2096719824e+01   -2.3655527416e-01
1.2112360098e+01   -2.6254608264e-01
1.2128000372e+01   -2.9249061612e-01
1.2143640646e+01   -3.2679230332e-01
1.2159280919e+01   -3.6587621569e-01
1.2174921193e+01   -4.1016267869e-01
1.2185147047e+01   -4.4211299649e-01
1.2200787320e+01   -4.9577433312e-01
1.2212716985e+01   -5.4067881860e-01
1.2221342931e+01   -5.7527471468e-01
1.2236983204e+01   -6.4233158464e-01
1.2247502760e+01   -6.9025065879e-01
1.2248935894e+01   -6.9693046410e-01
1.2263267239e+01   -7.6528549362e-01
1.2268371501e+01   -7.9011640114e-01
1.2284011775e+01   -8.6637448205e-01
1.2294062262e+01   -9.1421111551e-01
1.2309702536e+01   -9.8337801150e-01
1.2320390750e+01   -1.0243174491e+00
1.2326202437e+01   -1.0435233790e+00
1.2341842711e+01   -1.0811183037e+00
1.2357482985e+01   -1.0925027761e+00
1.2367835759e+01   -1.0825614202e+00
1.2383476033e+01   -1.0382317432e+00
1.2384480751e+01   -1.0341515563e+00
1.2394527930e+01   -9.8534930213e-01
1.2405930203e+01   -9.1342347181e-01
1.2408727069e+01   -8.9336915400e-01
1.2424367342e+01   -7.6723101952e-01
1.2428823504e+01   -7.2795517820e-01
1.2431953045e+01   -6.9978175274e-01
1.2447593319e+01   -5.5548693477e-01
1.2450838238e+01   -5.2555763455e-01
1.2466478512e+01   -3.8639108340e-01
1.2472876595e+01   -3.3334909920e-01
1.2475644194e+01   -3.1131541866e-01
1.2491284468e+01   -1.9871903858e-01
1.2495068692e+01   -1.7475336701e-01
1.2510708966e+01   -8.9787665867e-02
1.2513931570e+01   -7.5058732111e-02
1.2529571844e+01   -1.6166679324e-02
1.2534119819e+01   -2.6824899068e-03
1.2549760093e+01   3.2883266027e-02
1.2561552204e+01   5.0295510389e-02
1.2577192478e+01   6.3791849678e-02
1.2592618150e+01   6.9209267462e-02
1.2608258424e+01   6.9288463748e-02
1.2623898697e+01   6.5941294653e-02
1.2639538971e+01   6.0674905672e-02
1.2655179245e+01   5.4557259184e-02
1.2669216101e+01   4.8942095593e-02
1.2684856375e+01   4.2979999939e-02
1.2700496648e+01   3.7603585706e-02
1.2716136922e+01   3.2965162846e-02
1.2731777196e+01   2.9124841744e-02
1.2747417469e+01   2.6084392322e-02
1.2763057743e+01   2.3811931925e-02
1.2778698017e+01   2.2259425130e-02
1.2794338290e+01   2.1374728401e-02
1.2809978564e+01   2.1109600860e-02
1.2825618838e+01   2.1424853831e-02
1.2841259112e+01   2.2293539863e-02
1.2856899385e+01   2.3702880563e-02
1.2872539659e+01   2.5655458915e-02
1.2888179933e+01   2.8170066120e-02
1.2903820206e+01   3.1282489662e-02
1.2919460480e+01   3.5046453414e-02
1.2935100754e+01   3.9534867285e-02
1.2950741028e+01   4.4841508470e-02
1.2966381301e+01   5.1083234609e-02
1.2982021575e+01   5.8402817126e-02
1.2997661849e+01   6.6972496648e-02
1.3013302122e+01   7.6998266121e-02
1.3028942396e+01   8.8725073481e-02
1.3044582670e+01   1.0244289960e-01
1.3060222943e+01   1.1849377776e-01
1.3067439243e+01   1.2679482854e-01
1.3083079516e+01   1.4699684276e-01
1.3098719790e+01   1.7064718994e-01
1.3114360064e+01   1.9833265455e-01
1.3130000338e+01   2.3072941669e-01
1.3145640611e+01   2.6860805654e-01
1.3161280885e+01   3.1283263804e-01
1.3175963150e+01   3.6096523919e-01
1.3183469464e+01   3.8832114643e-01
1.3199109737e+01   4.5189082050e-01
1.3200434969e+01   4.5770850327e-01
1.3213687290e+01   5.1981676309e-01
1.3225229403e+01   5.7996807894e-01
1.3226570868e+01   5.8733579397e-01
1.3239985513e+01   6.6537508165e-01
1.3243099156e+01   6.8461700171e-01
1.3258739430e+01   7.8741977462e-01
1.3263025251e+01   8.1725637074e-01
1.3278665525e+01   9.3100024486e-01
1.3280430235e+01   9.4420285284e-01
1.3296070509e+01   1.0623622423e+00
1.3298130373e+01   1.0778565685e+00
1.3313770647e+01   1.1913097751e+00
1.3319167719e+01   1.2274282056e+00
1.3320599393e+01   1.2366242286e+00
1.3334916129e+01   1.3165933028e+00
1.3341936184e+01   1.3454403594e+00
1.3343832583e+01   1.3517757283e+00
1.3359472856e+01   1.3754988528e+00
1.3365185117e+01   1.3695884013e+00
1.3380825390e+01   1.3073226410e+00
1.3386670502e+01   1.2659716958e+00
1.3400592863e+01   1.1292777763e+00
1.3403102291e+01   1.0993917617e+00
1.3414864280e+01   9.4191568050e-01
1.3419679564e+01   8.7084604958e-01
1.3423120746e+01   8.1840412729e-01
1.3424357281e+01   7.9929508382e-01
1.3434867861e+01   6.3370185604e-01
1.3438694378e+01   5.7312785036e-01
1.3439368821e+01   5.6249330662e-01
1.3441088406e+01   5.3546676036e-01
1.3451525702e+01   3.7593943560e-01
1.3454645056e+01   3.3041762076e-01
1.3456444498e+01   3.0472906081e-01
1.3467327967e+01   1.5974491157e-01
1.3469950347e+01   1.2776175809e-01
1.3471394719e+01   1.1066984728e-01
1.3482806140e+01   -1.0833517297e-02
1.3484627148e+01   -2.7971499859e-02
1.3496982860e+01   -1.2821961882e-01
1.3499748826e+01   -1.4697745468e-01
1.3513339314e+01   -2.2147249067e-01
1.3515545035e+01   -2.3102676973e-01
1.3530939496e+01   -2.8125920797e-01
1.3535959210e+01   -2.9231286655e-01
1.3539216589e+01   -2.9832149726e-01
1.3554856862e+01   -3.1677133666e-01
1.3557234056e+01   -3.1834556096e-01
1.3572874330e+01   -3.2308222134e-01
1.3579473471e+01   -3.2292775612e-01
1.3595113745e+01   -3.1973784626e-01
1.3608369301e+01   -3.1566557689e-01
1.3624009574e+01   -3.1111348399e-01
1.3639649848e+01   -3.0817222518e-01
1.3653895506e+01   -3.0766334883e-01
1.3669535779e+01   -3.1000027688e-01
1.3685176053e+01   -3.1567813340e-01
1.3700816327e+01   -3.2486902785e-01
1.3716456601e+01   -3.3765389375e-01
1.3732096874e+01   -3.5406131162e-01
1.3747737148e+01   -3.7408890493e-01
1.3763377422e+01   -3.9771076166e-01
1.3779017695e+01   -4.2487293514e-01
1.3794657969e+01   -4.5547816474e-01
1.3810298243e+01   -4.8936032811e-01
1.3825938517e+01   -5.2624888803e-01
1.3839143232e+01   -5.5942909679e-01
1.3854783506e+01   -6.0061319792e-01
1.3867911398e+01   -6.3618162683e-01
1.3880974010e+01   -6.7179189188e-01
1.3896614284e+01   -7.1355565582e-01
1.3912254557e+01   -7.5270895261e-01
1.3927117650e+01   -7.8559659959e-01
1.3942757924e+01   -8.1339759613e-01
1.3958398198e+01   -8.3178753660e-01
1.3974038471e+01   -8.3842426556e-01
1.3989678745e+01   -8.3142287058e-01
1.4005319019e+01   -8.0971620279e-01
1.4020959292e+01   -7.7336899485e-01
1.4036599566e+01   -7.2375031740e-01
1.4048030817e+01   -6.8056057330e-01
1.4063671091e+01   -6.1475160511e-01
1.4072836678e+01   -5.7402049422e-01
1.4088476952e+01   -5.0364766570e-01
1.4098007512e+01   -4.6162948080e-01
1.4113647785e+01   -3.9645361382e-01
1.4125160408e+01   -3.5278673233e-01
1.4140800682e+01   -3.0072073370e-01
1.4156440956e+01   -2.5780383781e-01
1.4168988504e+01   -2.3007792407e-01
1.4184628778e+01   -2.0348963836e-01
1.4194680418e+01   -1.9072189008e-01
1.4210320692e+01   -1.7685110747e-01
1.4225960966e+01   -1.6934003076e-01
1.4236361985e+01   -1.6735622734e-01
1.4252002258e+01   -1.6820728938e-01
1.4267642532e+01   -1.7295252028e-01
1.4283282806e+01   -1.8094325936e-01
1.4295052492e+01   -1.8879797649e-01
1.4310692765e+01   -2.0140212400e-01
1.4326333039e+01   -2.1627547129e-01
1.4341973313e+01   -2.3330597459e-01
1.4357613586e+01   -2.5247784134e-01
1.4373253860e+01   -2.7385102093e-01
1.4388894134e+01   -2.9754163648e-01
1.4404534407e+01   -3.2370284443e-01
1.4420174681e+01   -3.5250507183e-01
1.4435814955e+01   -3.8411419262e-01
1.4451455229e+01   -4.1866586552e-01
1.4467095502e+01   -4.5623406104e-01
1.4482735776e+01   -4.9679175414e-01
1.4498376050e+01   -5.4016209686e-01
1.4512365994e+01   -5.8102942981e-01
1.4528006268e+01   -6.2844514306e-01
1.4543646541e+01   -6.7673595581e-01
1.4546929644e+01   -6.8686260740e-01
1.4562569918e+01   -7.3431560855e-01
1.4578210192e+01   -7.7895748426e-01
1.4588593980e+01   -8.0587530646e-01
1.4604234253e+01   -8.4029109714e-01
1.4619874527e+01   -8.6470492403e-01
1.4625453566e+01   -8.7042697344e-01
1.4634598237e+01   -8.7591237556e-01
1.4650238511e+01   -8.7288619398e-01
1.4665878785e+01   -8.5282256480e-01
1.4681519058e+01   -8.1533243192e-01
1.4697159332e+01   -7.6164512211e-01
1.4711876955e+01   -6.9888939885e-01
1.4714828755e+01   -6.8517588177e-01
1.4730469029e+01   -6.0823883304e-01
1.4737956708e+01   -5.6985910965e-01
1.4753596982e+01   -4.8953984104e-01
1.4755622850e+01   -4.7930706265e-01
1.4771263124e+01   -4.0329446302e-01
1.4783783477e+01   -3.4779198036e-01
1.4784822978e+01   -3.4344545722e-01
1.4795217989e+01   -3.0241321838e-01
1.4810858263e+01   -2.4951349320e-01
1.4819711065e+01   -2.2441254663e-01
1.4825114003e+01   -2.1079326196e-01
1.4840754277e+01   -1.7832387339e-01
1.4856394550e+01   -1.5536118882e-01
1.4872034824e+01   -1.4062505619e-01
1.4886466460e+01   -1.3315736484e-01
1.4902106733e+01   -1.3051275681e-01
1.4917747007e+01   -1.3245025260e-01
1.4933387281e+01   -1.3805546823e-01
1.4949027555e+01   -1.4662460599e-01
1.4964667828e+01   -1.5765186239e-01
1.4980308102e+01   -1.7080680401e-01
1.4995948376e+01   -1.8590815728e-01
1.5011588649e+01   -2.0289785923e-01
1.5027228923e+01   -2.2181729678e-01
1.5042869197e+01   -2.4278631377e-01
1.5058509471e+01   -2.6598474833e-01
1.5074149744e+01   -2.9163561641e-01
1.5081005966e+01   -3.0371680933e-01
1.5096646240e+01   -3.3333609136e-01
1.5107519271e+01   -3.5572254283e-01
1.5123159545e+01   -3.9068863892e-01
1.5138799818e+01   -4.2909169654e-01
1.5153925480e+01   -4.6961323916e-01
1.5169565754e+01   -5.1500369229e-01
1.5185206028e+01   -5.6374921594e-01
1.5192275042e+01   -5.8677022163e-01
1.5207915315e+01   -6.3947308394e-01
1.5221335439e+01   -6.8598677661e-01
1.5236975713e+01   -7.4038984927e-01
1.5247140180e+01   -7.7496588488e-01
1.5259641207e+01   -8.1546070508e-01
1.5264210452e+01   -8.2943110155e-01
1.5279850726e+01   -8.7238369660e-01
1.5291537599e+01   -8.9794598556e-01
1.5307177873e+01   -9.2038843236e-01
1.5311085926e+01   -9.2350899779e-01
1.5326726199e+01   -9.2451752841e-01
1.5342366473e+01   -9.0539456610e-01
1.5358006747e+01   -8.6515138476e-01
1.5373647020e+01   -8.0487781328e-01
1.5375536894e+01   -7.9637460639e-01
1.5391177168e+01   -7.1767875044e-01
1.5397693392e+01   -6.8134561287e-01
1.5413333665e+01   -5.8916398261e-01
1.5416853919e+01   -5.6793864203e-01
1.5432494193e+01   -4.7437758640e-01
1.5435878385e+01   -4.5465806590e-01
1.5451518658e+01   -3.6817275726e-01
1.5457456072e+01   -3.3788507327e-01
1.5473096345e+01   -2.6630645809e-01
1.5479165684e+01   -2.4198015196e-01
1.5494805957e+01   -1.8846522092e-01
1.5510446231e+01   -1.4775756885e-01
1.5515342968e+01   -1.3747059515e-01
1.5530983242e+01   -1.1167522428e-01
1.5537921125e+01   -1.0334890174e-01
1.5551268074e+01   -9.1959916839e-02
1.5566908348e+01   -8.5149104807e-02
1.5582548622e+01   -8.3917763992e-02
1.5598188895e+01   -8.6966020322e-02
1.5613829169e+01   -9.3270561422e-02
1.5629469443e+01   -1.0207162708e-01
1.5645109716e+01   -1.1284318949e-01
1.5660749990e+01   -1.2525707623e-01
1.5676390264e+01   -1.3914747203e-01
1.5692030538e+01   -1.5447913030e-01
1.5707670811e+01   -1.7132063361e-01
1.5723311085e+01   -1.8982283166e-01
1.5738951359e+01   -2.1020185706e-01
1.5754591632e+01   -2.3272571913e-01
1.5758399870e+01   -2.3856896535e-01
1.5774040144e+01   -2.6419426053e-01
1.5789680418e+01   -2.9269823310e-01
1.5805320692e+01   -3.2444158672e-01
1.5820960965e+01   -3.5978507705e-01
1.5836601239e+01   -3.9906722506e-01
1.5852241513e+01   -4.4257212175e-01
1.5863033801e+01   -4.7515596312e-01
1.5870764519e+01   -4.9979997387e-01
1.5886404793e+01   -5.5293532216e-01
1.5888134526e+01   -5.5907292976e-01
1.5903774800e+01   -6.1674205892e-01
1.5919415074e+01   -6.7773928271e-01
1.5925506328e+01   -7.0214221717e-01
1.5941146601e+01   -7.6550156530e-01
1.5950003695e+01   -8.0116178493e-01
1.5965643968e+01   -8.6176783459e-01
1.5975991762e+01   -8.9870637542e-01
1.5980722513e+01   -9.1435297042e-01
1.5996362786e+01   -9.5851403026e-01
1.6000000000e+01   -9.6675045180e-01
