X    Y
0.0000000000e+00   1.0000000000e-01
1.0000000000e-04   9.9600559350e-02
1.1000000000e-03   9.5666901144e-02
5.9851978505e-03   7.7931864075e-02
1.0870395701e-02   6.2364185046e-02
1.5755593552e-02   4.8609240518e-02
2.0640791402e-02   3.6359519445e-02
2.5525989253e-02   2.5347370059e-02
3.0411187103e-02   1.5338754695e-02
3.5296384954e-02   6.1278611056e-03
4.0181582804e-02   -2.4675592328e-03
4.5066780655e-02   -1.0610236775e-02
4.9951978505e-02   -1.8446908737e-02
5.4837176356e-02   -2.6111404991e-02
5.9722374206e-02   -3.3727365565e-02
6.4607572057e-02   -4.1410650690e-02
6.9492769907e-02   -4.9271496128e-02
7.4377967758e-02   -5.7416459532e-02
7.9263165608e-02   -6.5950197653e-02
8.4148363459e-02   -7.4977109090e-02
8.9033561309e-02   -8.4602872845e-02
9.3918759160e-02   -9.4935909126e-02
9.8803957010e-02   -1.0608878534e-01
1.0368915486e-01   -1.1817958706e-01
1.0857435271e-01   -1.3133327069e-01
1.1345955056e-01   -1.4568301139e-01
1.1834474841e-01   -1.6137155646e-01
1.2322994626e-01   -1.7855259047e-01
1.2811514411e-01   -1.9739211378e-01
1.3300034196e-01   -2.1806983012e-01
1.3788553981e-01   -2.4078053117e-01
1.4277073766e-01   -2.6573545657e-01
1.4765593552e-01   -2.9316359240e-01
1.4775593552e-01   -2.9375258801e-01
1.4875593552e-01   -2.9970570570e-01
1.5364113337e-01   -3.3050390960e-01
1.5852633122e-01   -3.6435424308e-01
1.6341152907e-01   -4.0154990688e-01
1.6829672692e-01   -4.4240499082e-01
1.7318192477e-01   -4.8725392900e-01
1.7806712262e-01   -5.3644998618e-01
1.8295232047e-01   -5.9036240659e-01
1.8305232047e-01   -5.9151791781e-01
1.8405232047e-01   -6.0319121205e-01
1.8893751832e-01   -6.6340132581e-01
1.9382271617e-01   -7.2917936526e-01
1.9870791402e-01   -8.0090080953e-01
2.0359311187e-01   -8.7891664565e-01
2.0369311187e-01   -8.8058162486e-01
2.0469311187e-01   -8.9738416931e-01
2.0957830972e-01   -9.8352107832e-01
2.1446350757e-01   -1.0765279160e+00
2.1934870542e-01   -1.1764954785e+00
2.1944870542e-01   -1.1786143193e+00
2.2044870542e-01   -1.1999614402e+00
2.2522673965e-01   -1.3058810704e+00
2.3011193750e-01   -1.4205839665e+00
2.3021193750e-01   -1.4229955147e+00
2.3121193750e-01   -1.4472439445e+00
2.3554559505e-01   -1.5549436726e+00
2.3998823462e-01   -1.6690967576e+00
2.4008823462e-01   -1.6717013891e+00
2.4108823462e-01   -1.6978176261e+00
2.4518099356e-01   -1.8057162760e+00
2.4933728758e-01   -1.9158989763e+00
2.4943728758e-01   -1.9185441338e+00
2.5043728758e-01   -1.9449562199e+00
2.5445347368e-01   -2.0498253325e+00
2.5852603081e-01   -2.1526503258e+00
2.6280493130e-01   -2.2543062728e+00
2.6290493130e-01   -2.2565802832e+00
2.6390493130e-01   -2.2790248600e+00
2.6803384454e-01   -2.3652245575e+00
2.7222124584e-01   -2.4396392571e+00
2.7659061989e-01   -2.4998034179e+00
2.7669061989e-01   -2.5009428702e+00
2.7769061989e-01   -2.5117098040e+00
2.8170621028e-01   -2.5427557837e+00
2.8599491951e-01   -2.5522940876e+00
2.8609491951e-01   -2.5522049566e+00
2.8709491951e-01   -2.5505046777e+00
2.9053133797e-01   -2.5331840771e+00
2.9425612938e-01   -2.4936987169e+00
2.9435612938e-01   -2.4923364566e+00
2.9535612938e-01   -2.4778404701e+00
2.9827787538e-01   -2.4263999525e+00
3.0143695387e-01   -2.3557120456e+00
3.0153695387e-01   -2.3532231924e+00
3.0253695387e-01   -2.3275014332e+00
3.0512713849e-01   -2.2539717282e+00
3.0790093579e-01   -2.1646369991e+00
3.0800093579e-01   -2.1612204708e+00
3.0900093579e-01   -2.1263321374e+00
3.1139075592e-01   -2.0378241977e+00
3.1392408358e-01   -1.9366459435e+00
3.1402408358e-01   -1.9325070962e+00
3.1502408358e-01   -1.8905459078e+00
3.1730571224e-01   -1.7911234012e+00
3.1970915080e-01   -1.6814145872e+00
3.1980915080e-01   -1.6767499305e+00
3.2080915080e-01   -1.6296988096e+00
3.2305148762e-01   -1.5217412011e+00
3.2540389189e-01   -1.4053856658e+00
3.2550389189e-01   -1.4003794900e+00
3.2650389189e-01   -1.3500826920e+00
3.2876270292e-01   -1.2351150280e+00
3.3112818223e-01   -1.1132273885e+00
3.3122818223e-01   -1.1080506907e+00
3.3222818223e-01   -1.0562075850e+00
3.3455352288e-01   -9.3532453592e-01
3.3698807262e-01   -8.0876403858e-01
3.3708807262e-01   -8.0357422057e-01
3.3808807262e-01   -7.5173988234e-01
3.4053024052e-01   -6.2582820893e-01
3.4308766715e-01   -4.9545907356e-01
3.4318766715e-01   -4.9039979676e-01
3.4418766715e-01   -4.3998673825e-01
3.4680281446e-01   -3.0986149735e-01
3.4954081270e-01   -1.7668658207e-01
3.4964081270e-01   -1.7188814588e-01
3.5064081270e-01   -1.2417310874e-01
3.5349753406e-01   9.2945043582e-03
3.5648458879e-01   1.4399824013e-01
3.5658458879e-01   1.4841717976e-01
3.5758458879e-01   1.9227313071e-01
3.6077324102e-01   3.2794874776e-01
3.6409798229e-01   4.6237045000e-01
3.6818486606e-01   6.1728967931e-01
3.6828486606e-01   6.2093402672e-01
3.6928486606e-01   6.5698743446e-01
3.7322479258e-01   7.9205028458e-01
3.7730041473e-01   9.1982558368e-01
3.8218561258e-01   1.0566486622e+00
3.8707081043e-01   1.1753521925e+00
3.8717081043e-01   1.1775908417e+00
3.8817081043e-01   1.1995531103e+00
3.9305600828e-01   1.2957035491e+00
3.9794120613e-01   1.3732360253e+00
4.0282640398e-01   1.4320566309e+00
4.0771160183e-01   1.4721983673e+00
4.1259679968e-01   1.4938652208e+00
4.1748199753e-01   1.4974748728e+00
4.2236719538e-01   1.4836925461e+00
4.2725239323e-01   1.4534499125e+00
4.2735239323e-01   1.4526669094e+00
4.2835239323e-01   1.4444872006e+00
4.3323759108e-01   1.3957369864e+00
4.3812278893e-01   1.3335248370e+00
4.4300798678e-01   1.2595426359e+00
4.4310798678e-01   1.2579179986e+00
4.4410798678e-01   1.2414460118e+00
4.4899318463e-01   1.1555495808e+00
4.5387838248e-01   1.0620548526e+00
4.5876358033e-01   9.6286959342e-01
4.5886358033e-01   9.6079294849e-01
4.5986358033e-01   9.3994133122e-01
4.6474877818e-01   8.3627899128e-01
4.6963397603e-01   7.3084646706e-01
4.7451917389e-01   6.2515526713e-01
4.7461917389e-01   6.2299867102e-01
4.7561917389e-01   6.0145971656e-01
4.8050437174e-01   4.9722232555e-01
4.8538956959e-01   3.9536542460e-01
4.9027476744e-01   2.9673558149e-01
4.9515996529e-01   2.0197793605e-01
4.9525996529e-01   2.0008222140e-01
4.9625996529e-01   1.8122589952e-01
5.0114516314e-01   9.1820909083e-02
5.0603036099e-01   7.0856651154e-03
5.1091555884e-01   -7.2860364066e-02
5.1580075669e-01   -1.4801419423e-01
5.2068595454e-01   -2.1846741867e-01
5.2078595454e-01   -2.1986155886e-01
5.2178595454e-01   -2.3369872327e-01
5.2667115239e-01   -2.9862491667e-01
5.3155635024e-01   -3.5929369475e-01
5.3644154809e-01   -4.1597308225e-01
5.4132674594e-01   -4.6895392628e-01
5.4621194379e-01   -5.1853864281e-01
5.5109714164e-01   -5.6503195479e-01
5.5598233949e-01   -6.0873340669e-01
5.6086753734e-01   -6.4993142382e-01
5.6575273519e-01   -6.8889868560e-01
5.6585273519e-01   -6.8967486502e-01
5.6685273519e-01   -6.9739158730e-01
5.7173793305e-01   -7.3396901085e-01
5.7662313090e-01   -7.6884947448e-01
5.8150832875e-01   -8.0223509723e-01
5.8639352660e-01   -8.3430262543e-01
5.9127872445e-01   -8.6520265092e-01
5.9616392230e-01   -8.9505917152e-01
6.0104912015e-01   -9.2396942553e-01
6.0593431800e-01   -9.5200395376e-01
6.1081951585e-01   -9.7920686143e-01
6.1570471370e-01   -1.0055962694e+00
6.2058991155e-01   -1.0311649591e+00
6.2547510940e-01   -1.0558812280e+00
6.3036030725e-01   -1.0796899817e+00
6.3524550510e-01   -1.1025140966e+00
6.4013070295e-01   -1.1242560905e+00
6.4501590080e-01   -1.1448001358e+00
6.4511590080e-01   -1.1452072581e+00
6.4611590080e-01   -1.1492475980e+00
6.5100109865e-01   -1.1681429138e+00
6.5588629650e-01   -1.1855294255e+00
6.6077149435e-01   -1.2012504756e+00
6.6565669220e-01   -1.2151439250e+00
6.7054189006e-01   -1.2270462173e+00
6.7542708791e-01   -1.2367967517e+00
6.8031228576e-01   -1.2442424776e+00
6.8519748361e-01   -1.2492425999e+00
6.9008268146e-01   -1.2516732587e+00
6.9496787931e-01   -1.2514320281e+00
6.9985307716e-01   -1.2484420680e+00
7.0473827501e-01   -1.2426557588e+00
7.0962347286e-01   -1.2340576577e+00
7.1450867071e-01   -1.2226666346e+00
7.1939386856e-01   -1.2085370739e+00
7.2427906641e-01   -1.1917590695e+00
7.2916426426e-01   -1.1724575836e+00
7.3404946211e-01   -1.1507905929e+00
7.3893465996e-01   -1.1269462894e+00
7.4381985781e-01   -1.1011394553e+00
7.4870505566e-01   -1.0736071610e+00
7.5359025351e-01   -1.0446039710e+00
7.5847545136e-01   -1.0143968523e+00
7.6336064922e-01   -9.8325998646e-01
7.6824584707e-01   -9.5146967875e-01
7.7313104492e-01   -9.1929953668e-01
7.7801624277e-01   -8.8701606668e-01
7.7811624277e-01   -8.8635586041e-01
7.7911624277e-01   -8.7975757111e-01
7.8400144062e-01   -8.4768217826e-01
7.8888663847e-01   -8.1604239947e-01
7.9377183632e-01   -7.8505865214e-01
7.9865703417e-01   -7.5493227852e-01
8.0354223202e-01   -7.2584443385e-01
8.0842742987e-01   -6.9795558647e-01
8.1331262772e-01   -6.7140557020e-01
8.1819782557e-01   -6.4631411812e-01
8.2308302342e-01   -6.2278180048e-01
8.2796822127e-01   -6.0089128786e-01
8.3285341912e-01   -5.8070886258e-01
8.3773861697e-01   -5.6228610604e-01
8.4262381482e-01   -5.4566169651e-01
8.4750901267e-01   -5.3086325984e-01
8.5239421052e-01   -5.1790922399e-01
8.5727940837e-01   -5.0681063690e-01
8.6216460623e-01   -4.9757291534e-01
8.6704980408e-01   -4.9019749966e-01
8.7193500193e-01   -4.8468339513e-01
8.7682019978e-01   -4.8102859157e-01
8.7692019978e-01   -4.8097318329e-01
8.7792019978e-01   -4.8046190505e-01
8.8280539763e-01   -4.7908281394e-01
8.8769059548e-01   -4.7956118899e-01
8.9257579333e-01   -4.8189979902e-01
8.9746099118e-01   -4.8610487498e-01
9.0234618903e-01   -4.9218679982e-01
9.0723138688e-01   -5.0016065403e-01
9.1211658473e-01   -5.1004661343e-01
9.1700178258e-01   -5.2187019366e-01
9.2188698043e-01   -5.3566233224e-01
9.2677217828e-01   -5.5145929493e-01
9.3165737613e-01   -5.6930238843e-01
9.3654257398e-01   -5.8923745545e-01
9.4142777183e-01   -6.1131412171e-01
9.4631296968e-01   -6.3558475733e-01
9.5119816753e-01   -6.6210310689e-01
9.5608336539e-01   -6.9092253446e-01
9.6096856324e-01   -7.2209382137e-01
9.6585376109e-01   -7.5566244669e-01
9.6595376109e-01   -7.5637491353e-01
9.6695376109e-01   -7.6355576330e-01
9.7183895894e-01   -8.0011058375e-01
9.7672415679e-01   -8.3912712161e-01
9.8160935464e-01   -8.8060764729e-01
9.8649455249e-01   -9.2453013640e-01
9.9137975034e-01   -9.7084160203e-01
9.9626494819e-01   -1.0194505039e+00
1.0011501460e+00   -1.0702182592e+00
1.0012501460e+00   -1.0712787594e+00
1.0022501460e+00   -1.0819287170e+00
1.0071353439e+00   -1.1350691634e+00
1.0120205417e+00   -1.1898433940e+00
1.0169057396e+00   -1.2458951811e+00
1.0217909374e+00   -1.3027796426e+00
1.0266761353e+00   -1.3599543340e+00
1.0315613331e+00   -1.4167722428e+00
1.0316613331e+00   -1.4179264525e+00
1.0326613331e+00   -1.4294415817e+00
1.0375465310e+00   -1.4847812778e+00
1.0424317288e+00   -1.5379357244e+00
1.0473169267e+00   -1.5879170186e+00
1.0522021245e+00   -1.6336515578e+00
1.0570873224e+00   -1.6740027319e+00
1.0619725202e+00   -1.7078023032e+00
1.0668577181e+00   -1.7338902276e+00
1.0717429159e+00   -1.7511617099e+00
1.0718429159e+00   -1.7514159159e+00
1.0728429159e+00   -1.7537297540e+00
1.0777281138e+00   -1.7588552472e+00
1.0826133116e+00   -1.7531691598e+00
1.0874985095e+00   -1.7361006807e+00
1.0923837073e+00   -1.7073429166e+00
1.0972689052e+00   -1.6668816753e+00
1.1021541030e+00   -1.6150081428e+00
1.1022541030e+00   -1.6138307562e+00
1.1032541030e+00   -1.6018083925e+00
1.1081393009e+00   -1.5367877249e+00
1.1130244988e+00   -1.4620435500e+00
1.1179096966e+00   -1.3787270979e+00
1.1180096966e+00   -1.3769411488e+00
1.1190096966e+00   -1.3589170139e+00
1.1238948945e+00   -1.2669136702e+00
1.1287800923e+00   -1.1694250823e+00
1.1336652902e+00   -1.0679333111e+00
1.1337652902e+00   -1.0658243087e+00
1.1347652902e+00   -1.0446784311e+00
1.1396504880e+00   -9.4026042931e-01
1.1445356859e+00   -8.3497132903e-01
1.1494208837e+00   -7.3004274180e-01
1.1495208837e+00   -7.2790649551e-01
1.1505208837e+00   -7.0657941413e-01
1.1554060816e+00   -6.0354725674e-01
1.1602912794e+00   -5.0304869759e-01
1.1651764773e+00   -4.0578326928e-01
1.1700616751e+00   -3.1228127856e-01
1.1701616751e+00   -3.1040947274e-01
1.1711616751e+00   -2.9178752873e-01
1.1760468730e+00   -2.0338773312e-01
1.1809320708e+00   -1.1938338125e-01
1.1858172687e+00   -3.9849039439e-02
1.1907024665e+00   3.5244928128e-02
1.1955876644e+00   1.0601399490e-01
1.1956876644e+00   1.0741865900e-01
1.1966876644e+00   1.2137017398e-01
1.2015728622e+00   1.8709678171e-01
1.2064580601e+00   2.4897748119e-01
1.2113432579e+00   3.0729326959e-01
1.2162284558e+00   3.6234804113e-01
1.2211136536e+00   4.1445822534e-01
1.2259988515e+00   4.6394408113e-01
1.2308840493e+00   5.1112248145e-01
1.2357692472e+00   5.5630099782e-01
1.2358692472e+00   5.5720700713e-01
1.2368692472e+00   5.6622834493e-01
1.2417544450e+00   6.0935489650e-01
1.2466396429e+00   6.5110963780e-01
1.2515248407e+00   6.9174161661e-01
1.2564100386e+00   7.3147548775e-01
1.2612952364e+00   7.7050935261e-01
1.2661804343e+00   8.0901285523e-01
1.2710656321e+00   8.4712543988e-01
1.2759508300e+00   8.8495469989e-01
1.2808360278e+00   9.2257477356e-01
1.2857212257e+00   9.6002476950e-01
1.2906064235e+00   9.9730723208e-01
1.2907064235e+00   9.9806847167e-01
1.2917064235e+00   1.0056761569e+00
1.2965916214e+00   1.0427010077e+00
1.3014768192e+00   1.0794256754e+00
1.3063620171e+00   1.1157257916e+00
1.3112472149e+00   1.1514358671e+00
1.3161324128e+00   1.1863493175e+00
1.3210176106e+00   1.2202192607e+00
1.3259028085e+00   1.2527602892e+00
1.3307880063e+00   1.2836514192e+00
1.3356732042e+00   1.3125404043e+00
1.3405584020e+00   1.3390495661e+00
1.3454435999e+00   1.3627832342e+00
1.3503287977e+00   1.3833368051e+00
1.3552139956e+00   1.4003073234e+00
1.3600991934e+00   1.4133053611e+00
1.3649843913e+00   1.4219678372e+00
1.3650843913e+00   1.4220975178e+00
1.3660843913e+00   1.4232862891e+00
1.3709695891e+00   1.4262011870e+00
1.3758547870e+00   1.4241338954e+00
1.3807399848e+00   1.4168948113e+00
1.3856251827e+00   1.4043720894e+00
1.3905103805e+00   1.3865394332e+00
1.3953955784e+00   1.3634608811e+00
1.4002807762e+00   1.3352921764e+00
1.4051659741e+00   1.3022785283e+00
1.4100511719e+00   1.2647488105e+00
1.4149363698e+00   1.2231064920e+00
1.4198215676e+00   1.1778178095e+00
1.4199215676e+00   1.1768562204e+00
1.4209215676e+00   1.1671691161e+00
1.4258067655e+00   1.1181189164e+00
1.4306919633e+00   1.0666128642e+00
1.4355771612e+00   1.0132197249e+00
1.4404623590e+00   9.5850769072e-01
1.4453475569e+00   9.0303044307e-01
1.4502327547e+00   8.4731492573e-01
1.4551179526e+00   7.9185119577e-01
1.4552179526e+00   7.9072169901e-01
1.4562179526e+00   7.7944368309e-01
1.4611031504e+00   7.2489035285e-01
1.4659883483e+00   6.7151069202e-01
1.4708735461e+00   6.1963369244e-01
1.4757587440e+00   5.6953335242e-01
1.4806439418e+00   5.2142950248e-01
1.4855291397e+00   4.7549002542e-01
1.4904143375e+00   4.3183415404e-01
1.4952995354e+00   3.9053654144e-01
1.4953995354e+00   3.8971611778e-01
1.4963995354e+00   3.8156712195e-01
1.5012847332e+00   3.4320229422e-01
1.5061699311e+00   3.0722531802e-01
1.5110551289e+00   2.7359912607e-01
1.5159403268e+00   2.4226210422e-01
1.5208255246e+00   2.1313253616e-01
1.5257107225e+00   1.8611270703e-01
1.5305959203e+00   1.6109261471e-01
1.5354811182e+00   1.3795326233e-01
1.5403663160e+00   1.1656952475e-01
1.5452515139e+00   9.6812597093e-02
1.5501367117e+00   7.8552044149e-02
1.5550219096e+00   6.1657477150e-02
1.5599071074e+00   4.5999888888e-02
1.5647923053e+00   3.1452680715e-02
1.5696775031e+00   1.7892415485e-02
1.5745627010e+00   5.1993294284e-03
1.5746627010e+00   4.9477377074e-03
1.5756627010e+00   2.4489150856e-03
1.5805478988e+00   -9.3391392848e-03
1.5854330967e+00   -2.0512068534e-02
1.5903182945e+00   -3.1176584453e-02
1.5952034924e+00   -4.1435532598e-02
1.6000886903e+00   -5.1388177267e-02
1.6049738881e+00   -6.1130571422e-02
1.6098590860e+00   -7.0755996485e-02
1.6147442838e+00   -8.0355459367e-02
1.6196294817e+00   -9.0018236352e-02
1.6245146795e+00   -9.9832455432e-02
1.6293998774e+00   -1.0988571046e-01
1.6342850752e+00   -1.2026570190e-01
1.6391702731e+00   -1.3106090034e-01
1.6440554709e+00   -1.4236122951e-01
1.6489406688e+00   -1.5425876674e-01
1.6538258666e+00   -1.6684845849e-01
1.6587110645e+00   -1.8022884928e-01
1.6635962623e+00   -1.9450282122e-01
1.6684814602e+00   -2.0977834129e-01
1.6733666580e+00   -2.2616921148e-01
1.6782518559e+00   -2.4379581532e-01
1.6831370537e+00   -2.6278585140e-01
1.6880222516e+00   -2.8327504061e-01
1.6929074494e+00   -3.0540778903e-01
1.6930074494e+00   -3.0587907708e-01
1.6940074494e+00   -3.1063365852e-01
1.6988926473e+00   -3.3499052867e-01
1.7037778451e+00   -3.6134629479e-01
1.7086630430e+00   -3.8987683750e-01
1.7135482408e+00   -4.2076829323e-01
1.7184334387e+00   -4.5421684296e-01
1.7233186365e+00   -4.9042810148e-01
1.7282038344e+00   -5.2961597804e-01
1.7330890322e+00   -5.7200084593e-01
1.7379742301e+00   -6.1780681876e-01
1.7380742301e+00   -6.1878177957e-01
1.7390742301e+00   -6.2861582288e-01
1.7439594279e+00   -6.7891812189e-01
1.7488446258e+00   -7.3313184654e-01
1.7537298236e+00   -7.9145899095e-01
1.7586150215e+00   -8.5407723837e-01
1.7635002193e+00   -9.2112729256e-01
1.7636002193e+00   -9.2254682296e-01
1.7646002193e+00   -9.3684652367e-01
1.7694854172e+00   -1.0094389383e+00
1.7743706150e+00   -1.0865570327e+00
1.7792558129e+00   -1.1680937900e+00
1.7841410107e+00   -1.2538102257e+00
1.7842410107e+00   -1.2556059728e+00
1.7852410107e+00   -1.2736498756e+00
1.7901262086e+00   -1.3639156470e+00
1.7950114064e+00   -1.4571803884e+00
1.7998966043e+00   -1.5525348757e+00
1.7999966043e+00   -1.5545007158e+00
1.8009966043e+00   -1.5741777040e+00
1.8058818021e+00   -1.6704272988e+00
1.8107670000e+00   -1.7656613211e+00
1.8156521978e+00   -1.8579415530e+00
1.8157521978e+00   -1.8597842139e+00
1.8167521978e+00   -1.8780861871e+00
1.8216373957e+00   -1.9636086673e+00
1.8265225935e+00   -2.0406917608e+00
1.8314077914e+00   -2.1064651599e+00
1.8362929892e+00   -2.1579547040e+00
1.8363929892e+00   -2.1588386802e+00
1.8373929892e+00   -2.1672761244e+00
1.8422781871e+00   -2.1973046740e+00
1.8471633849e+00   -2.2069005786e+00
1.8520485828e+00   -2.1939603930e+00
1.8521485828e+00   -2.1934487958e+00
1.8531485828e+00   -2.1877772955e+00
1.8575713796e+00   -2.1504428762e+00
1.8624296104e+00   -2.0862418727e+00
1.8625296104e+00   -2.0846670840e+00
1.8635296104e+00   -2.0683644046e+00
1.8672985513e+00   -1.9980094508e+00
1.8713757432e+00   -1.9067048033e+00
1.8714757432e+00   -1.9042766364e+00
1.8724757432e+00   -1.8795174143e+00
1.8758750457e+00   -1.7891218446e+00
1.8794579388e+00   -1.6842664728e+00
1.8795579388e+00   -1.6812108047e+00
1.8805579388e+00   -1.6502933624e+00
1.8837659001e+00   -1.5469765842e+00
1.8870963279e+00   -1.4338927532e+00
1.8871963279e+00   -1.4304175087e+00
1.8881963279e+00   -1.3954350963e+00
1.8913373036e+00   -1.2831288266e+00
1.8945749602e+00   -1.1643091631e+00
1.8946749602e+00   -1.1606009633e+00
1.8956749602e+00   -1.1234168040e+00
1.8988481889e+00   -1.0044684119e+00
1.9021085343e+00   -8.8147143778e-01
1.9022085343e+00   -8.7769618391e-01
1.9032085343e+00   -8.3995500273e-01
1.9065035718e+00   -7.1599062317e-01
1.9098828349e+00   -5.9013027073e-01
1.9099828349e+00   -5.8643354917e-01
1.9109828349e+00   -5.4956978424e-01
1.9144915162e+00   -4.2192537850e-01
1.9180825884e+00   -2.9456032925e-01
1.9221382755e+00   -1.5546373948e-01
1.9222382755e+00   -1.5210360282e-01
1.9232382755e+00   -1.1869521647e-01
1.9272599619e+00   1.1983376156e-02
1.9313561217e+00   1.3869479469e-01
1.9362413196e+00   2.8094811580e-01
1.9363413196e+00   2.8375698947e-01
1.9373413196e+00   3.1161610007e-01
1.9422265174e+00   4.4167949879e-01
1.9471117153e+00   5.6169261782e-01
1.9519969131e+00   6.7170694467e-01
1.9568821110e+00   7.7185566612e-01
1.9569821110e+00   7.7380387272e-01
1.9579821110e+00   7.9306299588e-01
1.9628673088e+00   8.8136858017e-01
1.9677525067e+00   9.6022366191e-01
1.9726377045e+00   1.0298179370e+00
1.9775229024e+00   1.0903275963e+00
1.9824081002e+00   1.1419136993e+00
1.9872932981e+00   1.1847261215e+00
1.9921784959e+00   1.2189117158e+00
1.9970636938e+00   1.2446253050e+00
2.0019488916e+00   1.2620421341e+00
2.0068340895e+00   1.2713704642e+00
2.0117192873e+00   1.2728630978e+00
2.0166044852e+00   1.2668267852e+00
2.0214896830e+00   1.2536286823e+00
2.0263748809e+00   1.2336992966e+00
2.0312600787e+00   1.2075316590e+00
2.0361452766e+00   1.1756767653e+00
2.0410304744e+00   1.1387356216e+00
2.0459156723e+00   1.0973484719e+00
2.0508008701e+00   1.0521819631e+00
2.0556860680e+00   1.0039151048e+00
2.0605712658e+00   9.5322489554e-01
2.0606712658e+00   9.5216664773e-01
2.0616712658e+00   9.4154483488e-01
2.0665564637e+00   8.8878406144e-01
2.0714416615e+00   8.3503083763e-01
2.0763268594e+00   7.8086784553e-01
2.0812120572e+00   7.2682758967e-01
2.0860972551e+00   6.7338629489e-01
2.0909824529e+00   6.2096008626e-01
2.0958676508e+00   5.6990331377e-01
2.0959676508e+00   5.6887464900e-01
2.0969676508e+00   5.5862691333e-01
2.1018528486e+00   5.0964090695e-01
2.1067380465e+00   4.6259484669e-01
2.1116232443e+00   4.1765315792e-01
2.1165084422e+00   3.7492890722e-01
2.1213936400e+00   3.3448870905e-01
2.1262788379e+00   2.9635796285e-01
2.1311640357e+00   2.6052619110e-01
2.1360492336e+00   2.2695229172e-01
2.1409344314e+00   1.9556956034e-01
2.1458196293e+00   1.6629037678e-01
2.1459196293e+00   1.6571229356e-01
2.1469196293e+00   1.5997735001e-01
2.1518048271e+00   1.3313187772e-01
2.1566900250e+00   1.0814086447e-01
2.1615752228e+00   8.4876099950e-02
2.1664604207e+00   6.3203423240e-02
2.1713456185e+00   4.2985073349e-02
2.1762308164e+00   2.4081620778e-02
2.1811160142e+00   6.3535126507e-03
2.1860012121e+00   -1.0337732752e-02
2.1908864099e+00   -2.6128645098e-02
2.1957716078e+00   -4.1153198121e-02
2.2006568056e+00   -5.5542447628e-02
2.2055420035e+00   -6.9424378539e-02
2.2104272013e+00   -8.2923930789e-02
2.2153123992e+00   -9.6163176907e-02
2.2201975970e+00   -1.0926162706e-01
2.2250827949e+00   -1.2233664028e-01
2.2299679927e+00   -1.3550392345e-01
2.2348531906e+00   -1.4887810188e-01
2.2397383884e+00   -1.6257334769e-01
2.2446235863e+00   -1.7670405303e-01
2.2447235863e+00   -1.7699866557e-01
2.2457235863e+00   -1.7995770014e-01
2.2506087841e+00   -1.9477926721e-01
2.2554939820e+00   -2.1029524571e-01
2.2603791798e+00   -2.2662567858e-01
2.2652643777e+00   -2.4389394473e-01
2.2701495755e+00   -2.6222750570e-01
2.2750347734e+00   -2.8175863156e-01
2.2799199712e+00   -3.0262509014e-01
2.2848051691e+00   -3.2497077960e-01
2.2896903669e+00   -3.4894627883e-01
2.2945755648e+00   -3.7470928309e-01
2.2994607626e+00   -4.0242488289e-01
2.3043459605e+00   -4.3226563269e-01
2.3092311583e+00   -4.6441134128e-01
2.3141163562e+00   -4.9904849792e-01
2.3142163562e+00   -4.9978488570e-01
2.3152163562e+00   -5.0721096933e-01
2.3201015540e+00   -5.4516290791e-01
2.3249867519e+00   -5.8603900178e-01
2.3298719497e+00   -6.3003684145e-01
2.3347571476e+00   -6.7735126624e-01
2.3396423454e+00   -7.2816945639e-01
2.3445275433e+00   -7.8266446960e-01
2.3494127411e+00   -8.4098689441e-01
2.3495127411e+00   -8.4222162635e-01
2.3505127411e+00   -8.5466012966e-01
2.3553979390e+00   -9.1782755516e-01
2.3602831368e+00   -9.8501925876e-01
2.3651683347e+00   -1.0562274300e+00
2.3700535325e+00   -1.1313574961e+00
2.3701535325e+00   -1.1329351460e+00
2.3711535325e+00   -1.1487970505e+00
2.3760387304e+00   -1.2284391773e+00
2.3809239283e+00   -1.3113567464e+00
2.3858091261e+00   -1.3969983381e+00
2.3906943240e+00   -1.4846070408e+00
2.3907943240e+00   -1.4864143881e+00
2.3917943240e+00   -1.5045086792e+00
2.3966795218e+00   -1.5931474969e+00
2.4015647197e+00   -1.6811838551e+00
2.4064499175e+00   -1.7670166032e+00
2.4113351154e+00   -1.8487597956e+00
2.4114351154e+00   -1.8503756515e+00
2.4124351154e+00   -1.8663864899e+00
2.4173203132e+00   -1.9401628461e+00
2.4222055111e+00   -2.0047695667e+00
2.4270907089e+00   -2.0576726205e+00
2.4319759068e+00   -2.0963306157e+00
2.4368611046e+00   -2.1183375645e+00
2.4369611046e+00   -2.1185986110e+00
2.4379611046e+00   -2.1207722528e+00
2.4428463025e+00   -2.1195470683e+00
2.4477315003e+00   -2.0976194301e+00
2.4526166982e+00   -2.0541019378e+00
2.4527166982e+00   -2.0529832500e+00
2.4537166982e+00   -2.0412943847e+00
2.4580567137e+00   -1.9800798940e+00
2.4628026877e+00   -1.8942014093e+00
2.4629026877e+00   -1.8921874486e+00
2.4639026877e+00   -1.8715993069e+00
2.4677315110e+00   -1.7854957615e+00
2.4718031085e+00   -1.6822148509e+00
2.4719031085e+00   -1.6795383927e+00
2.4729031085e+00   -1.6524274581e+00
2.4764653803e+00   -1.5510496998e+00
2.4801683894e+00   -1.4386828715e+00
2.4802683894e+00   -1.4355621687e+00
2.4812683894e+00   -1.4041297152e+00
2.4847225095e+00   -1.2927252780e+00
2.4882753585e+00   -1.1744578154e+00
2.4883753585e+00   -1.1710866737e+00
2.4893753585e+00   -1.1372702675e+00
2.4928428150e+00   -1.0188367648e+00
2.4963919457e+00   -8.9654204818e-01
2.4964919457e+00   -8.9309077838e-01
2.4974919457e+00   -8.5858055320e-01
2.5010793767e+00   -7.3508501244e-01
2.5047412732e+00   -6.1023783988e-01
2.5048412732e+00   -6.0685401392e-01
2.5058412732e+00   -5.7310494464e-01
2.5096554619e+00   -4.4609554342e-01
2.5135386007e+00   -3.2016955284e-01
2.5179360476e+00   -1.8250938224e-01
2.5180360476e+00   -1.7944580960e-01
2.5190360476e+00   -1.4898153442e-01
2.5234128988e+00   -1.9449146949e-02
2.5278443387e+00   1.0506242081e-01
2.5327295365e+00   2.3423308742e-01
2.5328295365e+00   2.3678703739e-01
2.5338295365e+00   2.6212637353e-01
2.5387147344e+00   3.8067392352e-01
2.5435999322e+00   4.9055152932e-01
2.5484851301e+00   5.9188428096e-01
2.5533703279e+00   6.8487039629e-01
2.5534703279e+00   6.8668828308e-01
2.5544703279e+00   7.0468074004e-01
2.5593555258e+00   7.8776790273e-01
2.5642407236e+00   8.6305732603e-01
2.5691259215e+00   9.3079557042e-01
2.5740111193e+00   9.9121078829e-01
2.5788963172e+00   1.0445069200e+00
2.5837815150e+00   1.0908624260e+00
2.5886667129e+00   1.1304327389e+00
2.5935519107e+00   1.1633556237e+00
2.5984371086e+00   1.1897586489e+00
2.6033223064e+00   1.2097679906e+00
2.6082075043e+00   1.2235178198e+00
2.6130927021e+00   1.2311595639e+00
2.6179779000e+00   1.2328703946e+00
2.6228630978e+00   1.2288603776e+00
2.6277482957e+00   1.2193778236e+00
2.6326334935e+00   1.2047125164e+00
2.6375186914e+00   1.1851966347e+00
2.6424038892e+00   1.1612033417e+00
2.6472890871e+00   1.1331431706e+00
2.6521742849e+00   1.1014584635e+00
2.6570594828e+00   1.0666162392e+00
2.6619446806e+00   1.0290999358e+00
2.6668298785e+00   9.8940051611e-01
2.6717150763e+00   9.4800742207e-01
2.6766002742e+00   9.0539983025e-01
2.6814854720e+00   8.6203859847e-01
2.6863706699e+00   8.1835921051e-01
2.6864706699e+00   8.1746467311e-01
2.6874706699e+00   8.0852207968e-01
2.6923558677e+00   7.6500037328e-01
2.6972410656e+00   7.2201103632e-01
2.7021262634e+00   6.7987471882e-01
2.7070114613e+00   6.3887118803e-01
2.7118966591e+00   5.9923902594e-01
2.7167818570e+00   5.6117638576e-01
2.7216670548e+00   5.2484263536e-01
2.7265522527e+00   4.9036070660e-01
2.7314374505e+00   4.5781997127e-01
2.7363226484e+00   4.2727947590e-01
2.7364226484e+00   4.2667547238e-01
2.7374226484e+00   4.2068235566e-01
2.7423078462e+00   3.9263387704e-01
2.7471930441e+00   3.6662572219e-01
2.7520782419e+00   3.4264281817e-01
2.7569634398e+00   3.2065433354e-01
2.7618486376e+00   3.0061682722e-01
2.7667338355e+00   2.8247716502e-01
2.7716190333e+00   2.6617517847e-01
2.7765042312e+00   2.5164605433e-01
2.7813894290e+00   2.3882245357e-01
2.7862746269e+00   2.2763636750e-01
2.7911598247e+00   2.1802072455e-01
2.7960450226e+00   2.0991076594e-01
2.8009302204e+00   2.0324521115e-01
2.8058154183e+00   1.9796723565e-01
2.8107006161e+00   1.9402528407e-01
2.8155858140e+00   1.9137374162e-01
2.8204710118e+00   1.8997348576e-01
2.8253562097e+00   1.8979233894e-01
2.8302414075e+00   1.9080544177e-01
2.8351266054e+00   1.9299556403e-01
2.8400118033e+00   1.9635336956e-01
2.8448970011e+00   2.0087764863e-01
2.8497821990e+00   2.0657553021e-01
2.8546673968e+00   2.1346268410e-01
2.8595525947e+00   2.2156352128e-01
2.8644377925e+00   2.3091139906e-01
2.8693229904e+00   2.4154883527e-01
2.8742081882e+00   2.5352773383e-01
2.8790933861e+00   2.6690962166e-01
2.8839785839e+00   2.8176589376e-01
2.8888637818e+00   2.9817806033e-01
2.8937489796e+00   3.1623798529e-01
2.8986341775e+00   3.3604832793e-01
2.9035193753e+00   3.5772242325e-01
2.9036193753e+00   3.5818641060e-01
2.9046193753e+00   3.6287231495e-01
2.9095045732e+00   3.8699973287e-01
2.9143897710e+00   4.1328103652e-01
2.9192749689e+00   4.4186353956e-01
2.9241601667e+00   4.7290442009e-01
2.9290453646e+00   5.0656985558e-01
2.9339305624e+00   5.4303370962e-01
2.9388157603e+00   5.8247563610e-01
2.9437009581e+00   6.2507843612e-01
2.9485861560e+00   6.7102446807e-01
2.9486861560e+00   6.7200116274e-01
2.9496861560e+00   6.8184958768e-01
2.9545713538e+00   7.3213208285e-01
2.9594565517e+00   7.8613558644e-01
2.9643417495e+00   8.4400061497e-01
2.9692269474e+00   9.0583545171e-01
2.9741121452e+00   9.7170288741e-01
2.9742121452e+00   9.7309344543e-01
2.9752121452e+00   9.8709206866e-01
2.9800973431e+00   1.0578937562e+00
2.9849825409e+00   1.1326176685e+00
2.9898677388e+00   1.2110529993e+00
2.9947529366e+00   1.2928526365e+00
2.9948529366e+00   1.2945589235e+00
2.9958529366e+00   1.3116867256e+00
3.0007381345e+00   1.3968895861e+00
3.0056233323e+00   1.4840441236e+00
3.0105085302e+00   1.5721581549e+00
3.0153937280e+00   1.6599793847e+00
3.0154937280e+00   1.6617637514e+00
3.0164937280e+00   1.6795627614e+00
3.0213789259e+00   1.7649100728e+00
3.0262641237e+00   1.8461745620e+00
3.0311493216e+00   1.9212182515e+00
3.0360345194e+00   1.9876863152e+00
3.0361345194e+00   1.9889399319e+00
3.0371345194e+00   2.0012162047e+00
3.0420197173e+00   2.0537690499e+00
3.0469049151e+00   2.0921583385e+00
3.0517901130e+00   2.1139986640e+00
3.0566753108e+00   2.1171987114e+00
3.0615605087e+00   2.1001231909e+00
3.0616605087e+00   2.0995534509e+00
3.0626605087e+00   2.0933623427e+00
3.0674332532e+00   2.0513481613e+00
3.0723184511e+00   1.9869914432e+00
3.0724184511e+00   1.9854513765e+00
3.0734184511e+00   1.9695673620e+00
3.0775112373e+00   1.8955911187e+00
3.0819385806e+00   1.8001607426e+00
3.0820385806e+00   1.7978311079e+00
3.0830385806e+00   1.7741310242e+00
3.0867428701e+00   1.6802408170e+00
3.0906316801e+00   1.5723148395e+00
3.0907316801e+00   1.5694256508e+00
3.0917316801e+00   1.5402431654e+00
3.0952462766e+00   1.4338098706e+00
3.0988783855e+00   1.3184376596e+00
3.0989783855e+00   1.3151960802e+00
3.0999783855e+00   1.2826118458e+00
3.1034423422e+00   1.1676888059e+00
3.1069950884e+00   1.0473846440e+00
3.1070950884e+00   1.0439737842e+00
3.1080950884e+00   1.0098120314e+00
3.1116221033e+00   8.8884174629e-01
3.1152264253e+00   7.6522415086e-01
3.1153264253e+00   7.6180391192e-01
3.1163264253e+00   7.2764662101e-01
3.1200224318e+00   6.0236567761e-01
3.1237898161e+00   4.7689091478e-01
3.1279724951e+00   3.4115011246e-01
3.1280724951e+00   3.3795785208e-01
3.1290724951e+00   3.0618201547e-01
3.1332254812e+00   1.7724743524e-01
3.1374387370e+00   5.1866350322e-02
3.1423239348e+00   -8.6092209587e-02
3.1424239348e+00   -8.8829801713e-02
3.1434239348e+00   -1.1601168230e-01
3.1483091327e+00   -2.4367186028e-01
3.1531943305e+00   -3.6272422370e-01
3.1580795284e+00   -4.7316726885e-01
3.1629647263e+00   -5.7511737516e-01
3.1630647263e+00   -5.7711685621e-01
3.1640647263e+00   -5.9692074568e-01
3.1689499241e+00   -6.8873474188e-01
3.1738351220e+00   -7.7254398848e-01
3.1787203198e+00   -8.4860480286e-01
3.1836055177e+00   -9.1716807989e-01
3.1884907155e+00   -9.7846733199e-01
3.1933759134e+00   -1.0327120901e+00
3.1982611112e+00   -1.0800858847e+00
3.2031463091e+00   -1.1207480126e+00
3.2032463091e+00   -1.1215112767e+00
3.2042463091e+00   -1.1289927337e+00
3.2091315069e+00   -1.1616210875e+00
3.2140167048e+00   -1.1878327294e+00
3.2189019026e+00   -1.2077512939e+00
3.2237871005e+00   -1.2215076427e+00
3.2286722983e+00   -1.2292489938e+00
3.2335574962e+00   -1.2311473100e+00
3.2384426940e+00   -1.2274063965e+00
3.2433278919e+00   -1.2182672607e+00
3.2482130897e+00   -1.2040114134e+00
3.2530982876e+00   -1.1849619280e+00
3.2579834854e+00   -1.1614822252e+00
3.2628686833e+00   -1.1339726971e+00
3.2677538811e+00   -1.1028654153e+00
3.2726390790e+00   -1.0686172787e+00
3.2775242768e+00   -1.0317020298e+00
3.2824094747e+00   -9.9260161109e-01
3.2872946725e+00   -9.5179733407e-01
3.2873946725e+00   -9.5094761987e-01
3.2883946725e+00   -9.4242300016e-01
3.2932798704e+00   -9.0017312700e-01
3.2981650682e+00   -8.5724580012e-01
3.3030502661e+00   -8.1406555811e-01
3.3079354639e+00   -7.7102583559e-01
3.3128206618e+00   -7.2848472473e-01
3.3177058596e+00   -6.8676207083e-01
3.3225910575e+00   -6.4613785763e-01
3.3274762553e+00   -6.0685178208e-01
3.3323614532e+00   -5.6910387837e-01
3.3324614532e+00   -5.6834844656e-01
3.3334614532e+00   -5.6083364381e-01
3.3383466510e+00   -5.2518719399e-01
3.3432318489e+00   -4.9139041647e-01
3.3481170467e+00   -4.5952902357e-01
3.3530022446e+00   -4.2965940939e-01
3.3578874424e+00   -4.0181202769e-01
3.3627726403e+00   -3.7599483662e-01
3.3676578381e+00   -3.5219670777e-01
3.3725430360e+00   -3.3039071839e-01
3.3774282338e+00   -3.1053726587e-01
3.3823134317e+00   -2.9258696211e-01
3.3871986295e+00   -2.7648328083e-01
3.3920838274e+00   -2.6216494470e-01
3.3969690252e+00   -2.4956804979e-01
3.4018542231e+00   -2.3862793334e-01
3.4067394209e+00   -2.2928079730e-01
3.4116246188e+00   -2.2146510464e-01
3.4165098166e+00   -2.1512276825e-01
3.4213950145e+00   -2.1020015406e-01
3.4262802123e+00   -2.0664892439e-01
3.4311654102e+00   -2.0442673817e-01
3.4312654102e+00   -2.0439486777e-01
3.4322654102e+00   -2.0410589491e-01
3.4371506080e+00   -2.0346397092e-01
3.4420358059e+00   -2.0408116250e-01
3.4469210037e+00   -2.0593794577e-01
3.4518062016e+00   -2.0902266429e-01
3.4566913994e+00   -2.1333181240e-01
3.4615765973e+00   -2.1887028768e-01
3.4664617951e+00   -2.2565162347e-01
3.4713469930e+00   -2.3369821055e-01
3.4762321908e+00   -2.4304151491e-01
3.4811173887e+00   -2.5372229589e-01
3.4860025865e+00   -2.6579082702e-01
3.4908877844e+00   -2.7930711861e-01
3.4957729822e+00   -2.9434113839e-01
3.5006581801e+00   -3.1097302234e-01
3.5055433779e+00   -3.2929326389e-01
3.5104285758e+00   -3.4940286400e-01
3.5153137736e+00   -3.7141341831e-01
3.5201989715e+00   -3.9544710940e-01
3.5250841693e+00   -4.2163656269e-01
3.5299693672e+00   -4.5012451210e-01
3.5348545650e+00   -4.8106320743e-01
3.5349545650e+00   -4.8172323717e-01
3.5359545650e+00   -4.8838401916e-01
3.5408397629e+00   -5.2254529216e-01
3.5457249607e+00   -5.5952479645e-01
3.5506101586e+00   -5.9949659882e-01
3.5554953564e+00   -6.4263653054e-01
3.5603805543e+00   -6.8911828553e-01
3.5652657521e+00   -7.3910828973e-01
3.5701509500e+00   -7.9275906455e-01
3.5702509500e+00   -7.9389649523e-01
3.5712509500e+00   -8.0535844761e-01
3.5761361478e+00   -8.6366858263e-01
3.5810213457e+00   -9.2588289677e-01
3.5859065435e+00   -9.9204003886e-01
3.5907917414e+00   -1.0621126348e+00
3.5956769392e+00   -1.1359875522e+00
3.5957769392e+00   -1.1375381381e+00
3.5967769392e+00   -1.1531262243e+00
3.6016621371e+00   -1.2313440443e+00
3.6065473349e+00   -1.3126842448e+00
3.6114325328e+00   -1.3965866945e+00
3.6163177306e+00   -1.4822920944e+00
3.6164177306e+00   -1.4840587922e+00
3.6174177306e+00   -1.5017429457e+00
3.6223029285e+00   -1.5882866565e+00
3.6271881263e+00   -1.6740921992e+00
3.6320733242e+00   -1.7575917196e+00
3.6369585220e+00   -1.8369482280e+00
3.6370585220e+00   -1.8385151033e+00
3.6380585220e+00   -1.8540365296e+00
3.6429437199e+00   -1.9254520938e+00
3.6478289178e+00   -1.9878135126e+00
3.6527141156e+00   -2.0386867326e+00
3.6575993135e+00   -2.0756395446e+00
3.6624845113e+00   -2.0963772686e+00
3.6625845113e+00   -2.0966176442e+00
3.6635845113e+00   -2.0985972479e+00
3.6684697092e+00   -2.0967777964e+00
3.6733549070e+00   -2.0749002544e+00
3.6782401049e+00   -2.0321312070e+00
3.6783401049e+00   -2.0310353300e+00
3.6793401049e+00   -2.0195911649e+00
3.6837883229e+00   -1.9580867775e+00
3.6886559872e+00   -1.8715505866e+00
3.6887559872e+00   -1.8695706845e+00
3.6897559872e+00   -1.8493395535e+00
3.6936779879e+00   -1.7626824307e+00
3.6978483360e+00   -1.6587344753e+00
3.6979483360e+00   -1.6561048764e+00
3.6989483360e+00   -1.6294779282e+00
3.7025988479e+00   -1.5274929172e+00
3.7063907814e+00   -1.4146020062e+00
3.7064907814e+00   -1.4115415628e+00
3.7074907814e+00   -1.3807251452e+00
3.7110338244e+00   -1.2687666630e+00
3.7146741509e+00   -1.1501569268e+00
3.7147741509e+00   -1.1468592172e+00
3.7157741509e+00   -1.1137878240e+00
3.7193358259e+00   -9.9491281501e-01
3.7229767236e+00   -8.7247947360e-01
3.7230767236e+00   -8.6911385291e-01
3.7240767236e+00   -8.3546745598e-01
3.7277683354e+00   -7.1168586524e-01
3.7315310030e+00   -5.8693986139e-01
3.7316310030e+00   -5.8365225094e-01
3.7326310030e+00   -5.5086893212e-01
3.7365647479e+00   -4.2377145531e-01
3.7405627487e+00   -2.9822807006e-01
3.7451122110e+00   -1.6064424283e-01
3.7452122110e+00   -1.5768867761e-01
3.7462122110e+00   -1.2830244573e-01
3.7507461226e+00   9.3843743992e-04
3.7553271140e+00   1.2457496884e-01
3.7602123119e+00   2.4844033388e-01
3.7603123119e+00   2.5088872634e-01
3.7613123119e+00   2.7517979560e-01
3.7661975097e+00   3.8881056324e-01
3.7710827076e+00   4.9414371545e-01
3.7759679054e+00   5.9133955223e-01
3.7808531033e+00   6.8062165057e-01
3.7809531033e+00   6.8236837607e-01
3.7819531033e+00   6.9965965695e-01
3.7868383011e+00   7.7959762938e-01
3.7917234990e+00   8.5220512027e-01
3.7966086968e+00   9.1773829453e-01
3.8014938947e+00   9.7643266701e-01
3.8063790925e+00   1.0284975477e+00
3.8112642904e+00   1.0741145704e+00
3.8161494882e+00   1.1134395922e+00
3.8210346861e+00   1.1466072657e+00
3.8259198839e+00   1.1737376038e+00
3.8308050818e+00   1.1949438797e+00
3.8356902796e+00   1.2103412243e+00
3.8405754775e+00   1.2200553166e+00
3.8454606753e+00   1.2242306025e+00
3.8503458732e+00   1.2230375366e+00
3.8552310710e+00   1.2166784175e+00
3.8601162689e+00   1.2053914862e+00
3.8650014667e+00   1.1894530689e+00
3.8698866646e+00   1.1691776702e+00
3.8747718624e+00   1.1449160510e+00
3.8796570603e+00   1.1170514468e+00
3.8845422581e+00   1.0859941876e+00
3.8894274560e+00   1.0521750610e+00
3.8943126538e+00   1.0160378190e+00
3.8991978517e+00   9.7803124348e-01
3.9040830495e+00   9.3860118363e-01
3.9089682474e+00   8.9818293892e-01
3.9138534452e+00   8.5719430547e-01
3.9187386431e+00   8.1602953279e-01
3.9236238409e+00   7.7505435968e-01
3.9237238409e+00   7.7421998239e-01
3.9247238409e+00   7.6588892419e-01
3.9296090388e+00   7.2559701759e-01
3.9344942366e+00   6.8618891764e-01
3.9393794345e+00   6.4791853304e-01
3.9442646323e+00   6.1100308608e-01
3.9491498302e+00   5.7562386312e-01
3.9540350280e+00   5.4192772827e-01
3.9589202259e+00   5.1002924531e-01
3.9638054237e+00   4.8001325557e-01
3.9686906216e+00   4.5193776862e-01
3.9735758194e+00   4.2583703705e-01
3.9784610173e+00   4.0172470406e-01
3.9833462151e+00   3.7959693123e-01
3.9882314130e+00   3.5943543252e-01
3.9883314130e+00   3.5904307048e-01
3.9893314130e+00   3.5516402743e-01
3.9942166108e+00   3.3736990323e-01
3.9991018087e+00   3.2146380422e-01
4.0039870065e+00   3.0739950602e-01
4.0088722044e+00   2.9512712247e-01
4.0137574022e+00   2.8459507250e-01
4.0186426001e+00   2.7575182046e-01
4.0235277979e+00   2.6854740102e-01
4.0284129958e+00   2.6293474373e-01
4.0332981936e+00   2.5887081467e-01
4.0381833915e+00   2.5631759446e-01
4.0430685893e+00   2.5524291202e-01
4.0479537872e+00   2.5562115339e-01
4.0528389850e+00   2.5743386416e-01
4.0577241829e+00   2.6067026264e-01
4.0626093807e+00   2.6532767931e-01
4.0674945786e+00   2.7141193624e-01
4.0723797764e+00   2.7893767770e-01
4.0772649743e+00   2.8792866110e-01
4.0821501721e+00   2.9841801435e-01
4.0870353700e+00   3.1044846287e-01
4.0919205678e+00   3.2407252603e-01
4.0968057657e+00   3.3935267888e-01
4.1016909635e+00   3.5636147053e-01
4.1065761614e+00   3.7518158527e-01
4.1114613592e+00   3.9590582611e-01
4.1163465571e+00   4.1863699309e-01
4.1212317549e+00   4.4348761954e-01
4.1261169528e+00   4.7057951879e-01
4.1310021506e+00   5.0004307580e-01
4.1311021506e+00   5.0067192418e-01
4.1321021506e+00   5.0701849994e-01
4.1369873485e+00   5.3957641226e-01
4.1418725463e+00   5.7482102261e-01
4.1467577442e+00   6.1290105972e-01
4.1516429420e+00   6.5396599898e-01
4.1565281399e+00   6.9816235047e-01
4.1614133377e+00   7.4562886637e-01
4.1662985356e+00   7.9649043935e-01
4.1711837334e+00   8.5085043936e-01
4.1712837334e+00   8.5200030160e-01
4.1722837334e+00   8.6358139575e-01
4.1771689313e+00   9.2232208881e-01
4.1820541291e+00   9.8466275123e-01
4.1869393270e+00   1.0505616765e+00
4.1918245248e+00   1.1199001041e+00
4.1967097227e+00   1.1924626313e+00
4.1968097227e+00   1.1939795395e+00
4.1978097227e+00   1.2092147329e+00
4.2026949206e+00   1.2852579970e+00
4.2075801184e+00   1.3635856488e+00
4.2124653163e+00   1.4435134907e+00
4.2173505141e+00   1.5241614653e+00
4.2174505141e+00   1.5258125311e+00
4.2184505141e+00   1.5423126700e+00
4.2233357120e+00   1.6223260160e+00
4.2282209098e+00   1.7003088055e+00
4.2331061077e+00   1.7746540824e+00
4.2379913055e+00   1.8435410654e+00
4.2380913055e+00   1.8448803675e+00
4.2390913055e+00   1.8580978427e+00
4.2439765034e+00   1.9175596865e+00
4.2488617012e+00   1.9669625005e+00
4.2537468991e+00   2.0041594117e+00
4.2586320969e+00   2.0270996549e+00
4.2635172948e+00   2.0339530480e+00
4.2636172948e+00   2.0339141691e+00
4.2646172948e+00   2.0331172538e+00
4.2695024926e+00   2.0182889609e+00
4.2743876905e+00   1.9847288792e+00
4.2792728883e+00   1.9321275750e+00
4.2793728883e+00   1.9308531081e+00
4.2803728883e+00   1.9176770848e+00
4.2849747850e+00   1.8471155664e+00
4.2898599829e+00   1.7551953155e+00
4.2899599829e+00   1.7531410031e+00
4.2909599829e+00   1.7322337340e+00
4.2950840467e+00   1.6393374588e+00
4.2994317088e+00   1.5308870798e+00
4.2995317088e+00   1.5282786945e+00
4.3005317088e+00   1.5019347513e+00
4.3044216730e+00   1.3953160244e+00
4.3084383289e+00   1.2793906972e+00
4.3085383289e+00   1.2764416677e+00
4.3095383289e+00   1.2468049559e+00
4.3133622178e+00   1.1313679428e+00
4.3172715005e+00   1.0108778831e+00
4.3173715005e+00   1.0077742366e+00
4.3183715005e+00   9.7669792794e-01
4.3222650968e+00   8.5532376288e-01
4.3262262058e+00   7.3209077041e-01
4.3263262058e+00   7.2899233068e-01
4.3273262058e+00   6.9805722309e-01
4.3314157821e+00   5.7274655740e-01
4.3355619219e+00   4.4838211918e-01
4.3402048220e+00   3.1332054554e-01
4.3403048220e+00   3.1046711251e-01
4.3413048220e+00   2.8207022237e-01
4.3459351111e+00   1.5401055020e-01
4.3506021929e+00   3.1045891886e-02
4.3554873908e+00   -9.0671237447e-02
4.3555873908e+00   -9.3086152917e-02
4.3565873908e+00   -1.1706462062e-01
4.3614725886e+00   -2.2972506645e-01
4.3663577865e+00   -3.3495563849e-01
4.3712429843e+00   -4.3286158156e-01
4.3761281822e+00   -5.2363869247e-01
4.3762281822e+00   -5.2542416179e-01
4.3772281822e+00   -5.4312089513e-01
4.3821133800e+00   -6.2551477723e-01
4.3869985779e+00   -7.0138802124e-01
4.3918837757e+00   -7.7103833062e-01
4.3967689736e+00   -8.3475465185e-01
4.4016541714e+00   -8.9280601921e-01
4.4065393693e+00   -9.4543422179e-01
4.4114245671e+00   -9.9284978139e-01
4.4163097650e+00   -1.0352307485e+00
4.4164097650e+00   -1.0360467865e+00
4.4174097650e+00   -1.0440948201e+00
4.4222949628e+00   -1.0805045943e+00
4.4271801607e+00   -1.1121682270e+00
4.4320653585e+00   -1.1391760027e+00
4.4369505564e+00   -1.1616017223e+00
4.4418357542e+00   -1.1795093508e+00
4.4467209521e+00   -1.1929600111e+00
4.4516061499e+00   -1.2020189867e+00
4.4564913478e+00   -1.2067624061e+00
4.4613765456e+00   -1.2072833100e+00
4.4662617435e+00   -1.2036968296e+00
4.4711469413e+00   -1.1961442522e+00
4.4760321392e+00   -1.1847958030e+00
4.4809173370e+00   -1.1698520386e+00
4.4858025349e+00   -1.1515438170e+00
4.4906877327e+00   -1.1301308859e+00
4.4955729306e+00   -1.1058991961e+00
4.5004581284e+00   -1.0791571130e+00
4.5053433263e+00   -1.0502307465e+00
4.5102285241e+00   -1.0194586518e+00
4.5151137220e+00   -9.8718617261e-01
4.5199989198e+00   -9.5375969228e-01
4.5248841177e+00   -9.1952104489e-01
4.5297693155e+00   -8.8480230329e-01
4.5346545134e+00   -8.4992112329e-01
4.5347545134e+00   -8.4920754937e-01
4.5357545134e+00   -8.4207554869e-01
4.5406397112e+00   -8.0740113871e-01
4.5455249091e+00   -7.7320054758e-01
4.5504101070e+00   -7.3972186756e-01
4.5552953048e+00   -7.0718741181e-01
4.5601805027e+00   -6.7579308040e-01
4.5650657005e+00   -6.4570841774e-01
4.5699508984e+00   -6.1707727524e-01
4.5748360962e+00   -5.9001898254e-01
4.5797212941e+00   -5.6462992724e-01
4.5846064919e+00   -5.4098544483e-01
4.5894916898e+00   -5.1914192629e-01
4.5943768876e+00   -4.9913905941e-01
4.5992620855e+00   -4.8100213088e-01
4.6041472833e+00   -4.6474432717e-01
4.6090324812e+00   -4.5036898348e-01
4.6091324812e+00   -4.5009436200e-01
4.6101324812e+00   -4.4739142598e-01
4.6150176790e+00   -4.3531585954e-01
4.6199028769e+00   -4.2510554968e-01
4.6247880747e+00   -4.1674613410e-01
4.6296732726e+00   -4.1022161557e-01
4.6345584704e+00   -4.0551591481e-01
4.6394436683e+00   -4.0261426456e-01
4.6443288661e+00   -4.0150444784e-01
4.6492140640e+00   -4.0217788635e-01
4.6540992618e+00   -4.0463058571e-01
4.6589844597e+00   -4.0886394477e-01
4.6638696575e+00   -4.1488543562e-01
4.6687548554e+00   -4.2270915939e-01
4.6736400532e+00   -4.3235628098e-01
4.6785252511e+00   -4.4385534278e-01
4.6834104489e+00   -4.5724245387e-01
4.6882956468e+00   -4.7256134678e-01
4.6931808446e+00   -4.8986328853e-01
4.6980660425e+00   -5.0920682662e-01
4.7029512403e+00   -5.3065734338e-01
4.7078364382e+00   -5.5428638393e-01
4.7127216360e+00   -5.8017071363e-01
4.7176068339e+00   -6.0839105048e-01
4.7224920317e+00   -6.3903040603e-01
4.7273772296e+00   -6.7217195622e-01
4.7274772296e+00   -6.7287707286e-01
4.7284772296e+00   -6.7998792270e-01
4.7333624274e+00   -7.1630449427e-01
4.7382476253e+00   -7.5529429151e-01
4.7431328231e+00   -7.9701913601e-01
4.7480180210e+00   -8.4152450094e-01
4.7529032188e+00   -8.8883317523e-01
4.7577884167e+00   -9.3893774196e-01
4.7626736145e+00   -9.9179177236e-01
4.7627736145e+00   -9.9290183496e-01
4.7637736145e+00   -1.0040635003e+00
4.7686588124e+00   -1.0601498348e+00
4.7735440102e+00   -1.1186890048e+00
4.7784292081e+00   -1.1794331004e+00
4.7833144059e+00   -1.2420440959e+00
4.7881996038e+00   -1.3060797071e+00
4.7882996038e+00   -1.3074016711e+00
4.7892996038e+00   -1.3206402935e+00
4.7941848016e+00   -1.3856444946e+00
4.7990699995e+00   -1.4506481262e+00
4.8039551973e+00   -1.5147889507e+00
4.8088403952e+00   -1.5770603137e+00
4.8137255930e+00   -1.6363148333e+00
4.8138255930e+00   -1.6374874927e+00
4.8148255930e+00   -1.6491128431e+00
4.8197107909e+00   -1.7029215955e+00
4.8245959887e+00   -1.7507373621e+00
4.8294811866e+00   -1.7911038510e+00
4.8343663844e+00   -1.8225583259e+00
4.8392515823e+00   -1.8436944056e+00
4.8441367801e+00   -1.8532329988e+00
4.8490219780e+00   -1.8500965530e+00
4.8539071758e+00   -1.8334803427e+00
4.8540071758e+00   -1.8329954801e+00
4.8550071758e+00   -1.8278241126e+00
4.8598923737e+00   -1.7940894773e+00
4.8647775715e+00   -1.7463463746e+00
4.8696627694e+00   -1.6849932562e+00
4.8745479672e+00   -1.6108199836e+00
4.8746479672e+00   -1.6091752542e+00
4.8756479672e+00   -1.5924608258e+00
4.8805331651e+00   -1.5041733319e+00
4.8854183629e+00   -1.4060103743e+00
4.8903035608e+00   -1.2996726566e+00
4.8904035608e+00   -1.2974232147e+00
4.8914035608e+00   -1.2747857210e+00
4.8962552152e+00   -1.1617122638e+00
4.9011404131e+00   -1.0437653844e+00
4.9060256109e+00   -9.2348911036e-01
4.9061256109e+00   -9.2101463344e-01
4.9071256109e+00   -8.9625759403e-01
4.9120108088e+00   -7.7536493878e-01
4.9168960066e+00   -6.5558269314e-01
4.9217812045e+00   -5.3813711541e-01
4.9218812045e+00   -5.3576485976e-01
4.9228812045e+00   -5.1212138690e-01
4.9277664023e+00   -3.9888480010e-01
4.9326516002e+00   -2.8991892884e-01
4.9375367980e+00   -1.8575119602e-01
4.9424219959e+00   -8.6721378203e-02
4.9425219959e+00   -8.4749392239e-02
4.9435219959e+00   -6.5152425871e-02
4.9484071937e+00   2.7358129830e-02
4.9532923916e+00   1.1452737202e-01
4.9581775894e+00   1.9645502430e-01
4.9630627873e+00   2.7332523380e-01
4.9679479851e+00   3.4538481037e-01
4.9680479851e+00   3.4681160990e-01
4.9690479851e+00   3.6097595818e-01
4.9739331830e+00   4.2754025160e-01
4.9788183808e+00   4.8997444374e-01
4.9837035787e+00   5.4860902585e-01
4.9885887765e+00   6.0377296722e-01
4.9934739744e+00   6.5578462352e-01
4.9983591722e+00   7.0494449976e-01
5.0032443701e+00   7.5152960159e-01
5.0081295679e+00   7.9578912522e-01
5.0082295679e+00   7.9667241901e-01
5.0092295679e+00   8.0545723158e-01
5.0141147658e+00   8.4716157725e-01
5.0189999636e+00   8.8698034380e-01
5.0238851615e+00   9.2505572601e-01
5.0287703593e+00   9.6149421129e-01
5.0336555572e+00   9.9636643661e-01
5.0385407550e+00   1.0297075593e+00
5.0434259529e+00   1.0615181231e+00
5.0483111507e+00   1.0917654232e+00
5.0531963486e+00   1.1203853895e+00
5.0580815464e+00   1.1472850180e+00
5.0629667443e+00   1.1723453830e+00
5.0678519421e+00   1.1954252557e+00
5.0727371400e+00   1.2163653458e+00
5.0776223378e+00   1.2349931559e+00
5.0825075357e+00   1.2511284150e+00
5.0873927335e+00   1.2645890170e+00
5.0922779314e+00   1.2751973548e+00
5.0971631292e+00   1.2827868953e+00
5.0972631292e+00   1.2829096391e+00
5.0982631292e+00   1.2840637704e+00
5.1031483271e+00   1.2877542421e+00
5.1080335249e+00   1.2881282813e+00
5.1129187228e+00   1.2850989383e+00
5.1178039206e+00   1.2786158667e+00
5.1226891185e+00   1.2686694958e+00
5.1275743163e+00   1.2552940058e+00
5.1324595142e+00   1.2385689379e+00
5.1373447120e+00   1.2186193360e+00
5.1422299099e+00   1.1956143912e+00
5.1471151077e+00   1.1697646363e+00
5.1520003056e+00   1.1413178174e+00
5.1568855034e+00   1.1105536354e+00
5.1617707013e+00   1.0777776059e+00
5.1666558991e+00   1.0433143226e+00
5.1715410970e+00   1.0075004252e+00
5.1716410970e+00   1.0067556100e+00
5.1726410970e+00   9.9928485535e-01
5.1775262948e+00   9.6228189084e-01
5.1824114927e+00   9.2468554129e-01
5.1872966905e+00   8.8682517396e-01
5.1921818884e+00   8.4901552716e-01
5.1970670862e+00   8.1155223096e-01
5.2019522841e+00   7.7470826675e-01
5.2068374819e+00   7.3873138527e-01
5.2117226798e+00   7.0384245862e-01
5.2166078776e+00   6.7023470551e-01
5.2214930755e+00   6.3807370233e-01
5.2263782733e+00   6.0749807433e-01
5.2264782733e+00   6.0688958669e-01
5.2274782733e+00   6.0084408290e-01
5.2323634712e+00   5.7236225271e-01
5.2372486690e+00   5.4568459118e-01
5.2421338669e+00   5.2087345530e-01
5.2470190647e+00   4.9797205674e-01
5.2519042626e+00   4.7700688775e-01
5.2567894605e+00   4.5799018606e-01
5.2616746583e+00   4.4092237448e-01
5.2665598562e+00   4.2579442414e-01
5.2714450540e+00   4.1259010290e-01
5.2763302519e+00   4.0128808139e-01
5.2812154497e+00   3.9186387924e-01
5.2861006476e+00   3.8429164171e-01
5.2909858454e+00   3.7854574410e-01
5.2958710433e+00   3.7460222583e-01
5.3007562411e+00   3.7244006045e-01
5.3056414390e+00   3.7204226985e-01
5.3105266368e+00   3.7339689260e-01
5.3154118347e+00   3.7649781671e-01
5.3202970325e+00   3.8134548676e-01
5.3251822304e+00   3.8794749394e-01
5.3300674282e+00   3.9631905592e-01
5.3349526261e+00   4.0648339069e-01
5.3398378239e+00   4.1847198535e-01
5.3447230218e+00   4.3232475706e-01
5.3496082196e+00   4.4809009849e-01
5.3544934175e+00   4.6582479477e-01
5.3593786153e+00   4.8559379237e-01
5.3642638132e+00   5.0746979274e-01
5.3691490110e+00   5.3153263469e-01
5.3740342089e+00   5.5786841899e-01
5.3789194067e+00   5.8656831696e-01
5.3838046046e+00   6.1772699138e-01
5.3839046046e+00   6.1839116618e-01
5.3849046046e+00   6.2509197587e-01
5.3897898024e+00   6.5939391392e-01
5.3946750003e+00   6.9636631348e-01
5.3995601981e+00   7.3609791692e-01
5.4044453960e+00   7.7866777661e-01
5.4093305938e+00   8.2413993980e-01
5.4142157917e+00   8.7255699099e-01
5.4191009895e+00   9.2393230215e-01
5.4192009895e+00   9.2501475311e-01
5.4202009895e+00   9.3590686314e-01
5.4250861874e+00   9.9086765564e-01
5.4299713852e+00   1.0486629084e+00
5.4348565831e+00   1.1091415202e+00
5.4397417809e+00   1.1720740328e+00
5.4446269788e+00   1.2371374000e+00
5.4447269788e+00   1.2384886655e+00
5.4457269788e+00   1.2520397596e+00
5.4506121766e+00   1.3191116339e+00
5.4554973745e+00   1.3871794026e+00
5.4603825723e+00   1.4555117928e+00
5.4652677702e+00   1.5232234100e+00
5.4701529680e+00   1.5892687131e+00
5.4702529680e+00   1.5905950506e+00
5.4712529680e+00   1.6037901199e+00
5.4761381659e+00   1.6661367896e+00
5.4810233637e+00   1.7239381619e+00
5.4859085616e+00   1.7756945315e+00
5.4907937594e+00   1.8198294306e+00
5.4956789573e+00   1.8547447310e+00
5.5005641551e+00   1.8788892074e+00
5.5054493530e+00   1.8908373899e+00
5.5055493530e+00   1.8909455838e+00
5.5065493530e+00   1.8917158367e+00
5.5114345508e+00   1.8870924260e+00
5.5163197487e+00   1.8679719591e+00
5.5212049465e+00   1.8338823870e+00
5.5260901444e+00   1.7847757710e+00
5.5261901444e+00   1.7836157389e+00
5.5271901444e+00   1.7716788602e+00
5.5320753422e+00   1.7047603290e+00
5.5369605401e+00   1.6242991827e+00
5.5418457379e+00   1.5316062185e+00
5.5419457379e+00   1.5295920109e+00
5.5429457379e+00   1.5092083815e+00
5.5477033942e+00   1.4066353465e+00
5.5525885920e+00   1.2930667344e+00
5.5526885920e+00   1.2906684704e+00
5.5536885920e+00   1.2665425856e+00
5.5582837630e+00   1.1527542685e+00
5.5629790888e+00   1.0327996776e+00
5.5678642867e+00   9.0585549474e-01
5.5679642867e+00   9.0324666611e-01
5.5689642867e+00   8.7715183568e-01
5.5736683642e+00   7.5459690108e-01
5.5784144963e+00   6.3226806425e-01
5.5832996942e+00   5.0898906008e-01
5.5833996942e+00   5.0650116775e-01
5.5843996942e+00   4.8171006365e-01
5.5892848920e+00   3.6310334559e-01
5.5941700899e+00   2.4917607450e-01
5.5990552877e+00   1.4046576345e-01
5.5991552877e+00   1.3829764422e-01
5.6001552877e+00   1.1674523987e-01
5.6050404856e+00   1.4868652779e-02
5.6099256834e+00   -8.1272165528e-02
5.6148108813e+00   -1.7168505675e-01
5.6196960791e+00   -2.5648765919e-01
5.6197960791e+00   -2.5816626915e-01
5.6207960791e+00   -2.7482805120e-01
5.6256812770e+00   -3.5303808249e-01
5.6305664748e+00   -4.2616554906e-01
5.6354516727e+00   -4.9451773558e-01
5.6403368705e+00   -5.5842027790e-01
5.6452220684e+00   -6.1820312761e-01
5.6501072662e+00   -6.7418917032e-01
5.6549924641e+00   -7.2668521133e-01
5.6550924641e+00   -7.2772539568e-01
5.6560924641e+00   -7.3805391050e-01
5.6609776619e+00   -7.8665811882e-01
5.6658628598e+00   -8.3236492277e-01
5.6707480576e+00   -8.7539046130e-01
5.6756332555e+00   -9.1591620959e-01
5.6805184533e+00   -9.5408787941e-01
5.6854036512e+00   -9.9001521417e-01
5.6902888490e+00   -1.0237725677e+00
5.6951740469e+00   -1.0554001856e+00
5.7000592447e+00   -1.0849061338e+00
5.7049444426e+00   -1.1122688337e+00
5.7098296404e+00   -1.1374401775e+00
5.7147148383e+00   -1.1603491959e+00
5.7196000361e+00   -1.1809062487e+00
5.7244852340e+00   -1.1990076948e+00
5.7293704318e+00   -1.2145409813e+00
5.7342556297e+00   -1.2273900668e+00
5.7391408275e+00   -1.2374410717e+00
5.7392408275e+00   -1.2376168261e+00
5.7402408275e+00   -1.2393072287e+00
5.7451260254e+00   -1.2457869282e+00
5.7500112232e+00   -1.2492517874e+00
5.7548964211e+00   -1.2496333710e+00
5.7597816189e+00   -1.2468882552e+00
5.7646668168e+00   -1.2410022093e+00
5.7695520146e+00   -1.2319935301e+00
5.7744372125e+00   -1.2199153786e+00
5.7793224103e+00   -1.2048570095e+00
5.7842076082e+00   -1.1869438314e+00
5.7890928060e+00   -1.1663362888e+00
5.7939780039e+00   -1.1432276163e+00
5.7988632017e+00   -1.1178405670e+00
5.8037483996e+00   -1.0904232690e+00
5.8086335974e+00   -1.0612443980e+00
5.8135187953e+00   -1.0305878840e+00
5.8184039931e+00   -9.9874737767e-01
5.8232891910e+00   -9.6602070181e-01
5.8233891910e+00   -9.6534362518e-01
5.8243891910e+00   -9.5855983992e-01
5.8292743888e+00   -9.2515127028e-01
5.8341595867e+00   -8.9150774232e-01
5.8390447845e+00   -8.5790618386e-01
5.8439299824e+00   -8.2460833098e-01
5.8488151802e+00   -7.9185778353e-01
5.8537003781e+00   -7.5987780169e-01
5.8585855759e+00   -7.2886983395e-01
5.8634707738e+00   -6.9901273858e-01
5.8683559716e+00   -6.7046263903e-01
5.8732411695e+00   -6.4335333821e-01
5.8781263673e+00   -6.1779720762e-01
5.8830115652e+00   -5.9388646335e-01
5.8878967630e+00   -5.7169474205e-01
5.8927819609e+00   -5.5127889413e-01
5.8928819609e+00   -5.5087984879e-01
5.8938819609e+00   -5.4693137982e-01
5.8987671587e+00   -5.2874717449e-01
5.9036523566e+00   -5.1241500415e-01
5.9085375544e+00   -4.9795106046e-01
5.9134227523e+00   -4.8536316586e-01
5.9183079501e+00   -4.7465268729e-01
5.9231931480e+00   -4.6581634869e-01
5.9280783458e+00   -4.5884792296e-01
5.9329635437e+00   -4.5373979031e-01
5.9378487415e+00   -4.5048435541e-01
5.9427339394e+00   -4.4907531989e-01
5.9476191372e+00   -4.4950880947e-01
5.9525043351e+00   -4.5178435728e-01
5.9573895329e+00   -4.5590574551e-01
5.9622747308e+00   -4.6188170760e-01
5.9671599286e+00   -4.6972649206e-01
5.9720451265e+00   -4.7946028743e-01
5.9769303243e+00   -4.9110950498e-01
5.9818155222e+00   -5.0470691236e-01
5.9867007200e+00   -5.2029160718e-01
5.9915859179e+00   -5.3790881429e-01
5.9964711157e+00   -5.5760948446e-01
6.0013563136e+00   -5.7944966534e-01
6.0062415114e+00   -6.0348960770e-01
6.0111267093e+00   -6.2979256134e-01
6.0160119071e+00   -6.5842320556e-01
6.0208971050e+00   -6.8944564943e-01
6.0257823028e+00   -7.2292092559e-01
6.0258823028e+00   -7.2363218335e-01
6.0268823028e+00   -7.3080266753e-01
6.0317675007e+00   -7.6735692958e-01
6.0366526985e+00   -8.0647209314e-01
6.0415378964e+00   -8.4817458774e-01
6.0464230942e+00   -8.9246955256e-01
6.0513082921e+00   -9.3933420895e-01
6.0561934900e+00   -9.8871018431e-01
6.0610786878e+00   -1.0404947616e+00
6.0611786878e+00   -1.0415789493e+00
6.0621786878e+00   -1.0524724864e+00
6.0670638857e+00   -1.1069877929e+00
6.0719490835e+00   -1.1634731382e+00
6.0768342814e+00   -1.2216118374e+00
6.0817194792e+00   -1.2809967297e+00
6.0866046771e+00   -1.3411190323e+00
6.0914898749e+00   -1.4013585637e+00
6.0915898749e+00   -1.4025879036e+00
6.0925898749e+00   -1.4148656897e+00
6.0974750728e+00   -1.4742292152e+00
6.1023602706e+00   -1.5318995212e+00
6.1072454685e+00   -1.5868694351e+00
6.1121306663e+00   -1.6380237874e+00
6.1170158642e+00   -1.6841589792e+00
6.1219010620e+00   -1.7240123706e+00
6.1267862599e+00   -1.7563017984e+00
6.1268862599e+00   -1.7568748415e+00
6.1278862599e+00   -1.7623996166e+00
6.1327714577e+00   -1.7837218879e+00
6.1376566556e+00   -1.7948158624e+00
6.1425418534e+00   -1.7947026279e+00
6.1474270513e+00   -1.7826232330e+00
6.1523122491e+00   -1.7580915053e+00
6.1571974470e+00   -1.7209345938e+00
6.1572974470e+00   -1.7200426907e+00
6.1582974470e+00   -1.7108364898e+00
6.1631826448e+00   -1.6584701709e+00
6.1680678427e+00   -1.5943059905e+00
6.1729530405e+00   -1.5192385297e+00
6.1778382384e+00   -1.4344357965e+00
6.1779382384e+00   -1.4326076352e+00
6.1789382384e+00   -1.4141360700e+00
6.1838234362e+00   -1.3193089335e+00
6.1887086341e+00   -1.2180206218e+00
6.1935938319e+00   -1.1118871731e+00
6.1936938319e+00   -1.1096754067e+00
6.1946938319e+00   -1.0874862571e+00
6.1995790298e+00   -9.7760223912e-01
6.2044642276e+00   -8.6635105333e-01
6.2093494255e+00   -7.5512017317e-01
6.2094494255e+00   -7.5285241378e-01
6.2104494255e+00   -7.3020600869e-01
6.2153346233e+00   -6.2065185071e-01
6.2202198212e+00   -5.1359427034e-01
6.2251050190e+00   -4.0984086126e-01
6.2252050190e+00   -4.0775620846e-01
6.2262050190e+00   -3.8700140824e-01
6.2310902169e+00   -2.8812123442e-01
6.2359754147e+00   -1.9368136277e-01
6.2408606126e+00   -1.0392714043e-01
6.2457458104e+00   -1.8966100665e-02
6.2458458104e+00   -1.7277124563e-02
6.2468458104e+00   -4.9767011011e-04
6.2517310083e+00   7.8613774292e-02
6.2566162061e+00   1.5308135379e-01
6.2615014040e+00   2.2310078109e-01
6.2663866018e+00   2.8892161256e-01
6.2712717997e+00   3.5083135709e-01
6.2761569975e+00   4.0914167309e-01
6.2762569975e+00   4.1029995997e-01
6.2772569975e+00   4.2180795778e-01
6.2821421954e+00   4.7615051306e-01
6.2870273932e+00   5.2761732845e-01
6.2919125911e+00   5.7652722793e-01
6.2967977889e+00   6.2318555301e-01
6.3016829868e+00   6.6787908875e-01
6.3065681846e+00   7.1087200582e-01
6.3114533825e+00   7.5240262237e-01
6.3163385803e+00   7.9268081430e-01
6.3212237782e+00   8.3188592987e-01
6.3261089760e+00   8.7016509349e-01
6.3262089760e+00   8.7093985448e-01
6.3272089760e+00   8.7866898561e-01
6.3320941739e+00   9.1596488809e-01
6.3369793717e+00   9.5253993404e-01
6.3418645696e+00   9.8842905173e-01
6.3467497674e+00   1.0236306683e+00
6.3516349653e+00   1.0581063329e+00
6.3565201631e+00   1.0917806684e+00
6.3614053610e+00   1.1245417360e+00
6.3662905588e+00   1.1562419176e+00
6.3711757567e+00   1.1866994337e+00
6.3760609545e+00   1.2157006201e+00
6.3809461524e+00   1.2430030835e+00
6.3858313502e+00   1.2683398404e+00
6.3907165481e+00   1.2914245131e+00
6.3956017459e+00   1.3119576158e+00
6.3957017459e+00   1.3123491329e+00
6.3967017459e+00   1.3161978830e+00
6.4015869438e+00   1.3331888794e+00
6.4064721416e+00   1.3469534694e+00
6.4113573395e+00   1.3572045289e+00
6.4162425373e+00   1.3636783883e+00
6.4211277352e+00   1.3661446056e+00
6.4260129330e+00   1.3644154022e+00
6.4308981309e+00   1.3583543002e+00
6.4357833287e+00   1.3478834902e+00
6.4406685266e+00   1.3329894858e+00
6.4455537244e+00   1.3137266961e+00
6.4504389223e+00   1.2902186446e+00
6.4553241201e+00   1.2626567018e+00
6.4602093180e+00   1.2312963448e+00
6.4650945158e+00   1.1964511128e+00
6.4699797137e+00   1.1584845657e+00
6.4748649115e+00   1.1178006691e+00
6.4749649115e+00   1.1169424994e+00
6.4759649115e+00   1.1083089805e+00
6.4808501094e+00   1.0648891448e+00
6.4857353072e+00   1.0197410519e+00
6.4906205051e+00   9.7332432211e-01
6.4955057029e+00   9.2609285904e-01
6.5003909008e+00   8.7848531376e-01
6.5052760986e+00   8.3091685275e-01
6.5101612965e+00   7.8377242817e-01
6.5150464943e+00   7.3740164453e-01
6.5151464943e+00   7.3646277015e-01
6.5161464943e+00   7.2709963956e-01
6.5210316922e+00   6.8209607962e-01
6.5259168900e+00   6.3850172392e-01
6.5308020879e+00   5.9653554177e-01
6.5356872857e+00   5.5637580586e-01
6.5405724836e+00   5.1816185571e-01
6.5454576815e+00   4.8199660480e-01
6.5503428793e+00   4.4794958972e-01
6.5552280772e+00   4.1606037571e-01
6.5601132750e+00   3.8634215556e-01
6.5649984729e+00   3.5878540337e-01
6.5698836707e+00   3.3336147106e-01
6.5699836707e+00   3.3286303121e-01
6.5709836707e+00   3.2792669034e-01
6.5758688686e+00   3.0505408162e-01
6.5807540664e+00   2.8419904896e-01
6.5856392643e+00   2.6529367170e-01
6.5905244621e+00   2.4826387876e-01
6.5954096600e+00   2.3303180761e-01
6.6002948578e+00   2.1951787563e-01
6.6051800557e+00   2.0764257469e-01
6.6100652535e+00   1.9732800559e-01
6.6149504514e+00   1.8849917344e-01
6.6198356492e+00   1.8108506728e-01
6.6247208471e+00   1.7501954853e-01
6.6296060449e+00   1.7024207303e-01
6.6344912428e+00   1.6669827091e-01
6.6393764406e+00   1.6434040750e-01
6.6442616385e+00   1.6312774691e-01
6.6491468363e+00   1.6302683821e-01
6.6540320342e+00   1.6401174263e-01
6.6589172320e+00   1.6606421790e-01
6.6638024299e+00   1.6917387427e-01
6.6686876277e+00   1.7333831498e-01
6.6735728256e+00   1.7856327196e-01
6.6784580234e+00   1.8486274604e-01
6.6833432213e+00   1.9225915931e-01
6.6882284191e+00   2.0078352536e-01
6.6931136170e+00   2.1047564189e-01
6.6979988148e+00   2.2138430803e-01
6.7028840127e+00   2.3356756712e-01
6.7077692105e+00   2.4709297321e-01
6.7126544084e+00   2.6203787749e-01
6.7175396062e+00   2.7848972711e-01
6.7224248041e+00   2.9654636587e-01
6.7273100019e+00   3.1631632093e-01
6.7321951998e+00   3.3791905426e-01
6.7370803976e+00   3.6148511168e-01
6.7371803976e+00   3.6198899221e-01
6.7381803976e+00   3.6707656758e-01
6.7430655955e+00   3.9324230365e-01
6.7479507933e+00   4.2170175699e-01
6.7528359912e+00   4.5262089478e-01
6.7577211890e+00   4.8617571673e-01
6.7626063869e+00   5.2255115889e-01
6.7674915847e+00   5.6193943643e-01
6.7723767826e+00   6.0453765823e-01
6.7772619804e+00   6.5054450908e-01
6.7821471783e+00   7.0015575278e-01
6.7822471783e+00   7.0121027830e-01
6.7832471783e+00   7.1184327837e-01
6.7881323761e+00   7.6612372033e-01
6.7930175740e+00   8.2440068689e-01
6.7979027718e+00   8.8681010359e-01
6.8027879697e+00   9.5344543012e-01
6.8076731675e+00   1.0243413039e+00
6.8077731675e+00   1.0258368907e+00
6.8087731675e+00   1.0408899504e+00
6.8136583654e+00   1.1169357332e+00
6.8185435632e+00   1.1970018760e+00
6.8234287611e+00   1.2807789410e+00
6.8283139589e+00   1.3677894865e+00
6.8284139589e+00   1.3695999695e+00
6.8294139589e+00   1.3877626025e+00
6.8342991568e+00   1.4777851326e+00
6.8391843546e+00   1.5692038376e+00
6.8440695525e+00   1.6607701684e+00
6.8441695525e+00   1.6626357210e+00
6.8451695525e+00   1.6812563487e+00
6.8500547503e+00   1.7708629568e+00
6.8549399482e+00   1.8567533884e+00
6.8598251460e+00   1.9367068365e+00
6.8647103439e+00   2.0082489302e+00
6.8648103439e+00   2.0096070855e+00
6.8658103439e+00   2.0229286396e+00
6.8706955417e+00   2.0805388400e+00
6.8755807396e+00   2.1237535388e+00
6.8804659374e+00   2.1499646146e+00
6.8853511353e+00   2.1568482773e+00
6.8854511353e+00   2.1567732602e+00
6.8864511353e+00   2.1555306855e+00
6.8913363331e+00   2.1362625836e+00
6.8962215310e+00   2.0944053659e+00
6.9011067288e+00   2.0296769689e+00
6.9012067288e+00   2.0281155786e+00
6.9022067288e+00   2.0119878355e+00
6.9061494932e+00   1.9394723631e+00
6.9104142584e+00   1.8457500355e+00
6.9105142584e+00   1.8433721379e+00
6.9115142584e+00   1.8191583033e+00
6.9150779674e+00   1.7267190043e+00
6.9188253209e+00   1.6200754366e+00
6.9189253209e+00   1.6171092813e+00
6.9199253209e+00   1.5871278490e+00
6.9232989737e+00   1.4819993494e+00
6.9267921808e+00   1.3675749418e+00
6.9268921808e+00   1.3642279893e+00
6.9278921808e+00   1.3305646438e+00
6.9312078436e+00   1.2167316764e+00
6.9346158751e+00   1.0970171133e+00
6.9347158751e+00   1.0934739942e+00
6.9357158751e+00   1.0579697790e+00
6.9390803898e+00   9.3782413242e-01
6.9425268591e+00   8.1440385384e-01
6.9426268591e+00   8.1082712272e-01
6.9436268591e+00   7.7509167739e-01
6.9471384037e+00   6.5031512286e-01
6.9507275324e+00   5.2457988803e-01
6.9508275324e+00   5.2111043337e-01
6.9518275324e+00   4.8653024944e-01
6.9555887737e+00   3.5853499903e-01
6.9594233018e+00   2.3194010812e-01
6.9638068467e+00   9.2783205007e-02
6.9639068467e+00   8.9683124711e-02
6.9649068467e+00   5.8871950373e-02
6.9692657442e+00   -7.1285910531e-02
6.9736842071e+00   -1.9606788422e-01
6.9785694049e+00   -3.2536579420e-01
6.9786694049e+00   -3.2791637115e-01
6.9796694049e+00   -3.5320932430e-01
6.9845546028e+00   -4.7121098492e-01
6.9894398006e+00   -5.8003875823e-01
6.9943249985e+00   -6.7983828372e-01
6.9992101963e+00   -7.7081109631e-01
6.9993101963e+00   -7.7258269934e-01
7.0003101963e+00   -7.9010098298e-01
7.0051953942e+00   -8.7057015886e-01
7.0100805920e+00   -9.4272182750e-01
7.0149657899e+00   -1.0067720899e+00
7.0198509877e+00   -1.0629167643e+00
7.0247361856e+00   -1.1113299554e+00
7.0296213834e+00   -1.1521670340e+00
7.0345065813e+00   -1.1855710164e+00
7.0393917791e+00   -1.2116813358e+00
7.0442769770e+00   -1.2306440155e+00
7.0491621748e+00   -1.2426222889e+00
7.0540473727e+00   -1.2478067763e+00
7.0589325705e+00   -1.2464244192e+00
7.0638177684e+00   -1.2387455026e+00
7.0687029662e+00   -1.2250882574e+00
7.0735881641e+00   -1.2058207212e+00
7.0784733619e+00   -1.1813597442e+00
7.0833585598e+00   -1.1521672286e+00
7.0882437576e+00   -1.1187438819e+00
7.0931289555e+00   -1.0816209185e+00
7.0980141533e+00   -1.0413502628e+00
7.1028993512e+00   -9.9849386309e-01
7.1077845490e+00   -9.5361274036e-01
7.1126697469e+00   -9.0725635417e-01
7.1127697469e+00   -9.0629579147e-01
7.1137697469e+00   -8.9666936233e-01
7.1186549447e+00   -8.4922244987e-01
7.1235401426e+00   -8.0143374842e-01
7.1284253404e+00   -7.5375516239e-01
7.1333105383e+00   -7.0659511107e-01
7.1381957361e+00   -6.6031517024e-01
7.1430809340e+00   -6.1522833612e-01
7.1479661318e+00   -5.7159876716e-01
7.1528513297e+00   -5.2964280959e-01
7.1529513297e+00   -5.2880272735e-01
7.1539513297e+00   -5.2044476524e-01
7.1588365275e+00   -4.8076739511e-01
7.1637217254e+00   -4.4308529803e-01
7.1686069232e+00   -4.0747868634e-01
7.1734921211e+00   -3.7399331953e-01
7.1783773189e+00   -3.4264465343e-01
7.1832625168e+00   -3.1342200899e-01
7.1881477146e+00   -2.8629263896e-01
7.1930329125e+00   -2.6120559902e-01
7.1979181103e+00   -2.3809535582e-01
7.2028033082e+00   -2.1688508754e-01
7.2076885060e+00   -1.9748965164e-01
7.2125737039e+00   -1.7981821067e-01
7.2174589017e+00   -1.6377651917e-01
7.2223440996e+00   -1.4926888438e-01
7.2272292974e+00   -1.3619981976e-01
7.2273292974e+00   -1.3594665663e-01
7.2283292974e+00   -1.3344583448e-01
7.2332144953e+00   -1.2201151125e-01
7.2380996931e+00   -1.1181055973e-01
7.2429848910e+00   -1.0275624925e-01
7.2478700888e+00   -9.4766243178e-02
7.2527552867e+00   -8.7763075531e-02
7.2576404845e+00   -8.1674485384e-02
7.2625256824e+00   -7.6433632365e-02
7.2674108802e+00   -7.1979214734e-02
7.2722960781e+00   -6.8255509323e-02
7.2771812759e+00   -6.5212350545e-02
7.2820664738e+00   -6.2805063585e-02
7.2869516716e+00   -6.0994365020e-02
7.2918368695e+00   -5.9746242284e-02
7.2967220673e+00   -5.9031821801e-02
7.3016072652e+00   -5.8827234174e-02
7.3064924630e+00   -5.9113483517e-02
7.3113776609e+00   -5.9876326941e-02
7.3162628587e+00   -6.1106169241e-02
7.3211480566e+00   -6.2797977030e-02
7.3260332544e+00   -6.4951215924e-02
7.3309184523e+00   -6.7569813808e-02
7.3358036501e+00   -7.0662152822e-02
7.3406888480e+00   -7.4241092339e-02
7.3455740458e+00   -7.8324024962e-02
7.3504592437e+00   -8.2932967402e-02
7.3553444415e+00   -8.8094687943e-02
7.3602296394e+00   -9.3840872114e-02
7.3651148372e+00   -1.0020832814e-01
7.3700000351e+00   -1.0723923365e-01
7.3748852329e+00   -1.1498142507e-01
7.3797704308e+00   -1.2348873099e-01
7.3846556286e+00   -1.3282135060e-01
7.3895408265e+00   -1.4304627803e-01
7.3944260243e+00   -1.5423777290e-01
7.3993112222e+00   -1.6647787674e-01
7.4041964201e+00   -1.7985697406e-01
7.4090816179e+00   -1.9447439528e-01
7.4139668158e+00   -2.1043905701e-01
7.4188520136e+00   -2.2787013254e-01
7.4237372115e+00   -2.4689774182e-01
7.4286224093e+00   -2.6766355139e-01
7.4287224093e+00   -2.6810784290e-01
7.4297224093e+00   -2.7259464368e-01
7.4346076072e+00   -2.9570120466e-01
7.4394928050e+00   -3.2090628756e-01
7.4443780029e+00   -3.4839340168e-01
7.4492632007e+00   -3.7835998485e-01
7.4541483986e+00   -4.1101752757e-01
7.4590335964e+00   -4.4659136446e-01
7.4639187943e+00   -4.8532000287e-01
7.4688039921e+00   -5.2745382055e-01
7.4736891900e+00   -5.7325291808e-01
7.4737891900e+00   -5.7423057593e-01
7.4747891900e+00   -5.8409827185e-01
7.4796743878e+00   -6.3475160407e-01
7.4845595857e+00   -6.8966510411e-01
7.4894447835e+00   -7.4910000828e-01
7.4943299814e+00   -8.1330136854e-01
7.4992151792e+00   -8.8248540369e-01
7.4993151792e+00   -8.8395494316e-01
7.5003151792e+00   -8.9876949925e-01
7.5052003771e+00   -9.7428490982e-01
7.5100855749e+00   -1.0550706564e+00
7.5149707728e+00   -1.1411142420e+00
7.5198559706e+00   -1.2322708608e+00
7.5199559706e+00   -1.2341883540e+00
7.5209559706e+00   -1.2534734373e+00
7.5258411685e+00   -1.3504415373e+00
7.5307263663e+00   -1.4515170134e+00
7.5356115642e+00   -1.5558314582e+00
7.5357115642e+00   -1.5579927903e+00
7.5367115642e+00   -1.5796512046e+00
7.5415967620e+00   -1.6862609199e+00
7.5464819599e+00   -1.7929184328e+00
7.5513671577e+00   -1.8975279521e+00
7.5514671577e+00   -1.8996308401e+00
7.5524671577e+00   -1.9205496886e+00
7.5573523556e+00   -2.0191516116e+00
7.5622375534e+00   -2.1094998316e+00
7.5671227513e+00   -2.1882182532e+00
7.5672227513e+00   -2.1896831372e+00
7.5682227513e+00   -2.2039745873e+00
7.5731079491e+00   -2.2635563157e+00
7.5779931470e+00   -2.3035364385e+00
7.5828783448e+00   -2.3206168229e+00
7.5829783448e+00   -2.3207066961e+00
7.5839783448e+00   -2.3210082172e+00
7.5883440810e+00   -2.3092197018e+00
7.5930750703e+00   -2.2713719164e+00
7.5931750703e+00   -2.2702837662e+00
7.5941750703e+00   -2.2587418651e+00
7.5978297757e+00   -2.2063590524e+00
7.6018131374e+00   -2.1312654493e+00
7.6019131374e+00   -2.1291440390e+00
7.6029131374e+00   -2.1073072417e+00
7.6061198116e+00   -2.0298291508e+00
7.6095498173e+00   -1.9350208833e+00
7.6096498173e+00   -1.9320818785e+00
7.6106498173e+00   -1.9021705179e+00
7.6136009135e+00   -1.8086185681e+00
7.6166976874e+00   -1.7026967980e+00
7.6167976874e+00   -1.6991555431e+00
7.6177976874e+00   -1.6633550959e+00
7.6206207052e+00   -1.5587478711e+00
7.6235574204e+00   -1.4451006711e+00
7.6236574204e+00   -1.4411555152e+00
7.6246574204e+00   -1.4014597056e+00
7.6274467294e+00   -1.2886505137e+00
7.6303351084e+00   -1.1692860412e+00
7.6304351084e+00   -1.1651176415e+00
7.6314351084e+00   -1.1233280757e+00
7.6342686137e+00   -1.0041224273e+00
7.6371971406e+00   -8.8032056142e-01
7.6372971406e+00   -8.7609183016e-01
7.6382971406e+00   -8.3382229045e-01
7.6412471862e+00   -7.0953909220e-01
7.6442931268e+00   -5.8243682117e-01
7.6443931268e+00   -5.7829301200e-01
7.6453931268e+00   -5.3697405087e-01
7.6485355905e+00   -4.0873634721e-01
7.6517759495e+00   -2.7954744396e-01
7.6518759495e+00   -2.7561604006e-01
7.6528759495e+00   -2.3649711443e-01
7.6562994442e+00   -1.0541810256e-01
7.6598212971e+00   2.4439893287e-02
7.6639386596e+00   1.6927900963e-01
7.6640386596e+00   1.7269903567e-01
7.6650386596e+00   2.0663833866e-01
7.6690964556e+00   3.3940008391e-01
7.6732458137e+00   4.6672987298e-01
7.6781310115e+00   6.0548010652e-01
7.6782310115e+00   6.0819320873e-01
7.6792310115e+00   6.3504292052e-01
7.6841162094e+00   7.5884976488e-01
7.6890014072e+00   8.7044986587e-01
7.6938866051e+00   9.6989911092e-01
7.6987718029e+00   1.0572802577e+00
7.7036570008e+00   1.1326856716e+00
7.7037570008e+00   1.1341048105e+00
7.7047570008e+00   1.1480226051e+00
7.7096421986e+00   1.2088882033e+00
7.7145273965e+00   1.2580064233e+00
7.7194125943e+00   1.2955107006e+00
7.7242977922e+00   1.3215765480e+00
7.7291829900e+00   1.3364408246e+00
7.7340681879e+00   1.3404200647e+00
7.7389533857e+00   1.3339255878e+00
7.7438385836e+00   1.3174735412e+00
7.7487237814e+00   1.2916886043e+00
7.7536089793e+00   1.2573007551e+00
7.7584941771e+00   1.2151351952e+00
7.7633793750e+00   1.1660961837e+00
7.7634793750e+00   1.1650272590e+00
7.7644793750e+00   1.1542035818e+00
7.7693645728e+00   1.0980591685e+00
7.7742497707e+00   1.0372263122e+00
7.7791349685e+00   9.7270804321e-01
7.7840201664e+00   9.0548515596e-01
7.7889053642e+00   8.3649354764e-01
7.7890053642e+00   8.3506907553e-01
7.7900053642e+00   8.2080540198e-01
7.7948905621e+00   7.5082709296e-01
7.7997757599e+00   6.8091006714e-01
7.8046609578e+00   6.1173461162e-01
7.8095461556e+00   5.4388309112e-01
7.8144313535e+00   4.7783824243e-01
7.8145313535e+00   4.7650804579e-01
7.8155313535e+00   4.6325738946e-01
7.8204165513e+00   3.9994084034e-01
7.8253017492e+00   3.3916031689e-01
7.8301869470e+00   2.8110148203e-01
7.8350721449e+00   2.2587277765e-01
7.8399573427e+00   1.7351428742e-01
7.8448425406e+00   1.2400684025e-01
7.8497277384e+00   7.7280973004e-02
7.8498277384e+00   7.6352827847e-02
7.8508277384e+00   6.7132733641e-02
7.8557129363e+00   2.3659558067e-02
7.8605981341e+00   -1.7324921648e-02
7.8654833320e+00   -5.5997599282e-02
7.8703685298e+00   -9.2554447986e-02
7.8752537277e+00   -1.2720522985e-01
7.8801389255e+00   -1.6016902124e-01
7.8850241234e+00   -1.9167050434e-01
7.8899093212e+00   -2.2193695898e-01
7.8947945191e+00   -2.5119587956e-01
7.8996797169e+00   -2.7967313693e-01
7.9045649148e+00   -3.0759160366e-01
7.9094501126e+00   -3.3517016261e-01
7.9095501126e+00   -3.3573266093e-01
7.9105501126e+00   -3.4135515602e-01
7.9154353105e+00   -3.6880873821e-01
7.9203205083e+00   -3.9639202953e-01
7.9252057062e+00   -4.2430741804e-01
7.9300909040e+00   -4.5275160610e-01
7.9349761019e+00   -4.8191541310e-01
7.9398612997e+00   -5.1198351393e-01
7.9447464976e+00   -5.4313404394e-01
7.9496316954e+00   -5.7553799857e-01
7.9545168933e+00   -6.0935835244e-01
7.9594020911e+00   -6.4474881748e-01
7.9642872890e+00   -6.8185215461e-01
7.9643872890e+00   -6.8263048700e-01
7.9653872890e+00   -6.9045653220e-01
7.9702724868e+00   -7.2983348985e-01
7.9751576847e+00   -7.7118945226e-01
7.9800428826e+00   -8.1461333496e-01
7.9849280804e+00   -8.6016887665e-01
7.9898132783e+00   -9.0788907286e-01
7.9946984761e+00   -9.5776959873e-01
7.9995836740e+00   -1.0097611846e+00
7.9996836740e+00   -1.0108468797e+00
8.0006836740e+00   -1.0217499777e+00
8.0055688718e+00   -1.0761814815e+00
8.0104540697e+00   -1.1324079456e+00
8.0153392675e+00   -1.1901717219e+00
8.0202244654e+00   -1.2491284371e+00
8.0251096632e+00   -1.3088364475e+00
8.0299948611e+00   -1.3687472921e+00
8.0300948611e+00   -1.3699713259e+00
8.0310948611e+00   -1.3821999177e+00
8.0359800589e+00   -1.4414436410e+00
8.0408652568e+00   -1.4992533645e+00
8.0457504546e+00   -1.5547030342e+00
8.0506356525e+00   -1.6067569596e+00
8.0555208503e+00   -1.6542856743e+00
8.0604060482e+00   -1.6960908153e+00
8.0652912460e+00   -1.7309395781e+00
8.0653912460e+00   -1.7315716023e+00
8.0663912460e+00   -1.7377009438e+00
8.0712764439e+00   -1.7623643315e+00
8.0761616417e+00   -1.7774376912e+00
8.0810468396e+00   -1.7819110025e+00
8.0859320374e+00   -1.7749634386e+00
8.0908172353e+00   -1.7560170612e+00
8.0957024331e+00   -1.7247808811e+00
8.1005876310e+00   -1.6812804681e+00
8.1006876310e+00   -1.6802638451e+00
8.1016876310e+00   -1.6698235146e+00
8.1065728288e+00   -1.6118124691e+00
8.1114580267e+00   -1.5427570710e+00
8.1163432245e+00   -1.4636815203e+00
8.1164432245e+00   -1.4619666924e+00
8.1174432245e+00   -1.4446187212e+00
8.1223284224e+00   -1.3549998359e+00
8.1272136202e+00   -1.2583869415e+00
8.1320988181e+00   -1.1563286864e+00
8.1321988181e+00   -1.1541937556e+00
8.1331988181e+00   -1.1327581702e+00
8.1380840159e+00   -1.0261658457e+00
8.1429692138e+00   -9.1756139972e-01
8.1478544116e+00   -8.0835399088e-01
8.1479544116e+00   -8.0612140564e-01
8.1489544116e+00   -7.8381340413e-01
8.1538396095e+00   -6.7557737393e-01
8.1587248073e+00   -5.6932668261e-01
8.1636100052e+00   -4.6593629214e-01
8.1637100052e+00   -4.6385493319e-01
8.1647100052e+00   -4.4312462040e-01
8.1695952030e+00   -3.4416085127e-01
8.1744804009e+00   -2.4935177119e-01
8.1793655987e+00   -1.5900993339e-01
8.1842507966e+00   -7.3304384261e-02
8.1843507966e+00   -7.1598925627e-02
8.1853507966e+00   -5.4652395362e-02
8.1902359944e+00   2.5322314199e-02
8.1951211923e+00   1.0069947135e-01
8.2000063901e+00   1.7163791934e-01
8.2048915880e+00   2.3835820002e-01
8.2097767858e+00   3.0112626214e-01
8.2146619837e+00   3.6023912100e-01
8.2147619837e+00   3.6141318457e-01
8.2157619837e+00   3.7307745150e-01
8.2206471815e+00   4.2814345586e-01
8.2255323794e+00   4.8026710977e-01
8.2304175772e+00   5.2977076888e-01
8.2353027751e+00   5.7696773471e-01
8.2401879729e+00   6.2215669766e-01
8.2450731708e+00   6.6561725470e-01
8.2499583686e+00   7.0760630037e-01
8.2548435665e+00   7.4835510964e-01
8.2597287643e+00   7.8806695437e-01
8.2598287643e+00   7.8887029768e-01
8.2608287643e+00   7.9688418164e-01
8.2657139622e+00   8.3555856681e-01
8.2705991600e+00   8.7353825654e-01
8.2754843579e+00   9.1092408768e-01
8.2803695557e+00   9.4778219968e-01
8.2852547536e+00   9.8414292915e-01
8.2901399514e+00   1.0199998718e+00
8.2950251493e+00   1.0553091555e+00
8.2999103471e+00   1.0899889954e+00
8.3047955450e+00   1.1239196281e+00
8.3096807428e+00   1.1569437431e+00
8.3145659407e+00   1.1888675493e+00
8.3194511385e+00   1.2194626237e+00
8.3195511385e+00   1.2200732473e+00
8.3205511385e+00   1.2261423944e+00
8.3254363364e+00   1.2547518057e+00
8.3303215342e+00   1.2814156369e+00
8.3352067321e+00   1.3058182600e+00
8.3400919299e+00   1.3276289086e+00
8.3449771278e+00   1.3465094649e+00
8.3498623256e+00   1.3621233936e+00
8.3547475235e+00   1.3741456374e+00
8.3596327213e+00   1.3822731895e+00
8.3645179192e+00   1.3862359612e+00
8.3694031170e+00   1.3858074788e+00
8.3742883149e+00   1.3808148848e+00
8.3791735127e+00   1.3711476957e+00
8.3840587106e+00   1.3567647838e+00
8.3889439084e+00   1.3376991202e+00
8.3938291063e+00   1.3140599224e+00
8.3987143041e+00   1.2860319998e+00
8.4035995020e+00   1.2538722647e+00
8.4084846998e+00   1.2179035541e+00
8.4133698977e+00   1.1785060813e+00
8.4182550955e+00   1.1361069804e+00
8.4183550955e+00   1.1352109243e+00
8.4193550955e+00   1.1261926993e+00
8.4242402934e+00   1.0807487652e+00
8.4291254912e+00   1.0333613265e+00
8.4340106891e+00   9.8452579413e-01
8.4388958869e+00   9.3473283978e-01
8.4437810848e+00   8.8445753859e-01
8.4486662826e+00   8.3414996224e-01
8.4535514805e+00   7.8422746339e-01
8.4536514805e+00   7.8321230726e-01
8.4546514805e+00   7.7307910242e-01
8.4595366783e+00   7.2414032470e-01
8.4644218762e+00   6.7637086629e-01
8.4693070741e+00   6.3005136983e-01
8.4741922719e+00   5.8541665144e-01
8.4790774698e+00   5.4265656445e-01
8.4839626676e+00   5.0191794314e-01
8.4888478655e+00   4.6330738445e-01
8.4937330633e+00   4.2689463506e-01
8.4986182612e+00   3.9271637083e-01
8.5035034590e+00   3.6078018182e-01
8.5036034590e+00   3.6014978157e-01
8.5046034590e+00   3.5389703134e-01
8.5094886569e+00   3.2468172805e-01
8.5143738547e+00   2.9764127779e-01
8.5192590526e+00   2.7271640209e-01
8.5241442504e+00   2.4983479422e-01
8.5290294483e+00   2.2891428755e-01
8.5339146461e+00   2.0986569894e-01
8.5387998440e+00   1.9259533946e-01
8.5436850418e+00   1.7700719649e-01
8.5485702397e+00   1.6300480091e-01
8.5534554375e+00   1.5049279913e-01
8.5583406354e+00   1.3937825405e-01
8.5632258332e+00   1.2957170168e-01
8.5681110311e+00   1.2098799088e-01
8.5729962289e+00   1.1354693392e-01
8.5778814268e+00   1.0717379443e-01
8.5827666246e+00   1.0179963813e-01
8.5876518225e+00   9.7361569700e-02
8.5925370203e+00   9.3802877403e-02
8.5974222182e+00   9.1073104721e-02
8.6023074160e+00   8.9128066388e-02
8.6071926139e+00   8.7929824056e-02
8.6120778117e+00   8.7446634936e-02
8.6169630096e+00   8.7652885030e-02
8.6218482074e+00   8.8529016948e-02
8.6267334053e+00   9.0061460919e-02
8.6316186031e+00   9.2242576378e-02
8.6365038010e+00   9.5070610500e-02
8.6413889988e+00   9.8549885965e-02
8.6462741967e+00   1.0269070516e-01
8.6511593945e+00   1.0750917066e-01
8.6512593945e+00   1.0761502763e-01
8.6522593945e+00   1.0868976141e-01
8.6571445924e+00   1.1436928558e-01
8.6620297902e+00   1.2078418445e-01
8.6669149881e+00   1.2797057923e-01
8.6718001859e+00   1.3597118974e-01
8.6766853838e+00   1.4483559629e-01
8.6815705816e+00   1.5462054731e-01
8.6864557795e+00   1.6539031283e-01
8.6913409773e+00   1.7721708342e-01
8.6962261752e+00   1.9018141293e-01
8.7011113730e+00   2.0437270199e-01
8.7059965709e+00   2.1988971754e-01
8.7108817687e+00   2.3684114093e-01
8.7157669666e+00   2.5534613428e-01
8.7206521644e+00   2.7553490994e-01
8.7255373623e+00   2.9754928291e-01
8.7304225601e+00   3.2154317813e-01
8.7353077580e+00   3.4768305554e-01
8.7401929558e+00   3.7614820325e-01
8.7450781537e+00   4.0713083376e-01
8.7451781537e+00   4.0779276227e-01
8.7461781537e+00   4.1447516536e-01
8.7510633515e+00   4.4882277259e-01
8.7559485494e+00   4.8616039036e-01
8.7608337472e+00   5.2671844821e-01
8.7657189451e+00   5.7073607379e-01
8.7706041429e+00   6.1845808663e-01
8.7754893408e+00   6.7013070427e-01
8.7803745386e+00   7.2599560338e-01
8.7804745386e+00   7.2718458757e-01
8.7814745386e+00   7.3917678323e-01
8.7863597365e+00   8.0048814059e-01
8.7912449343e+00   8.6646874561e-01
8.7961301322e+00   9.3727715594e-01
8.8010153300e+00   1.0130130711e+00
8.8011153300e+00   1.0146151449e+00
8.8021153300e+00   1.0307499985e+00
8.8070005279e+00   1.1125367792e+00
8.8118857257e+00   1.1991381103e+00
8.8167709236e+00   1.2902818898e+00
8.8168709236e+00   1.2921921634e+00
8.8178709236e+00   1.3113882673e+00
8.8227561214e+00   1.4074431736e+00
8.8276413193e+00   1.5066857939e+00
8.8325265171e+00   1.6080681833e+00
8.8326265171e+00   1.6101567194e+00
8.8336265171e+00   1.6310572486e+00
8.8385117150e+00   1.7331383602e+00
8.8433969128e+00   1.8337722429e+00
8.8482821107e+00   1.9307217404e+00
8.8483821107e+00   1.9326499968e+00
8.8493821107e+00   1.9517825315e+00
8.8542673085e+00   2.0406066504e+00
8.8591525064e+00   2.1194546825e+00
8.8640377042e+00   2.1850743239e+00
8.8689229021e+00   2.2341404218e+00
8.8690229021e+00   2.2349489467e+00
8.8700229021e+00   2.2425724628e+00
8.8749080999e+00   2.2670252374e+00
8.8797932978e+00   2.2683077408e+00
8.8846784956e+00   2.2443320638e+00
8.8847784956e+00   2.2435671611e+00
8.8857784956e+00   2.2353044254e+00
8.8897832282e+00   2.1909715499e+00
8.8941684429e+00   2.1218415263e+00
8.8942684429e+00   2.1200176013e+00
8.8952684429e+00   2.1011814015e+00
8.8987277938e+00   2.0278140537e+00
8.9024495954e+00   1.9353085643e+00
8.9025495954e+00   1.9326387933e+00
8.9035495954e+00   1.9054322066e+00
8.9066983477e+00   1.8139719061e+00
8.9100104164e+00   1.7090545180e+00
8.9101104164e+00   1.7057594595e+00
8.9111104164e+00   1.6724248465e+00
8.9140987772e+00   1.5689232569e+00
8.9172052556e+00   1.4559340965e+00
8.9173052556e+00   1.4522171405e+00
8.9183052556e+00   1.4148013252e+00
8.9212411619e+00   1.3026396913e+00
8.9242754631e+00   1.1838292092e+00
8.9243754631e+00   1.1798745204e+00
8.9253754631e+00   1.1402158048e+00
8.9283461544e+00   1.0214631163e+00
8.9314086074e+00   8.9824953949e-01
8.9315086074e+00   8.9422229304e-01
8.9325086074e+00   8.5395807073e-01
8.9355934892e+00   7.3007868472e-01
8.9387693515e+00   6.0367486593e-01
8.9388693515e+00   5.9972148333e-01
8.9398693515e+00   5.6029454808e-01
8.9431503059e+00   4.3250578169e-01
8.9465227195e+00   3.0417958403e-01
8.9466227195e+00   3.0042759298e-01
8.9476227195e+00   2.6308809450e-01
8.9511941869e+00   1.3257224757e-01
8.9548558020e+00   3.7761457618e-03
8.9591386751e+00   -1.3985303997e-01
8.9592386751e+00   -1.4311213808e-01
8.9602386751e+00   -1.7546054820e-01
8.9644715921e+00   -3.0741992388e-01
8.9687843425e+00   -4.3341371935e-01
8.9736695404e+00   -5.6563861534e-01
8.9737695404e+00   -5.6822822129e-01
8.9747695404e+00   -5.9386581539e-01
8.9796547382e+00   -7.1236334688e-01
8.9845399361e+00   -8.1971347222e-01
8.9894251339e+00   -9.1602802090e-01
8.9943103318e+00   -1.0014422802e+00
8.9991955296e+00   -1.0760959980e+00
8.9992955296e+00   -1.0775127342e+00
9.0002955296e+00   -1.0914354907e+00
9.0051807275e+00   -1.1530899678e+00
9.0100659253e+00   -1.2042805482e+00
9.0149511232e+00   -1.2451438256e+00
9.0198363210e+00   -1.2758345921e+00
9.0247215189e+00   -1.2965412653e+00
9.0296067167e+00   -1.3075018633e+00
9.0344919146e+00   -1.3090186805e+00
9.0393771124e+00   -1.3014700555e+00
9.0442623103e+00   -1.2853179661e+00
9.0491475081e+00   -1.2611106122e+00
9.0540327060e+00   -1.2294796352e+00
9.0589179038e+00   -1.1911321110e+00
9.0638031017e+00   -1.1468379078e+00
9.0686882995e+00   -1.0974133689e+00
9.0687882995e+00   -1.0963539748e+00
9.0697882995e+00   -1.0856628467e+00
9.0746734974e+00   -1.0311044712e+00
9.0795586952e+00   -9.7330239895e-01
9.0844438931e+00   -9.1309104001e-01
9.0893290909e+00   -8.5127037194e-01
9.0942142888e+00   -7.8859026124e-01
9.0990994866e+00   -7.2573776607e-01
9.0991994866e+00   -7.2445383179e-01
9.1001994866e+00   -7.1162591703e-01
9.1050846845e+00   -6.4939237695e-01
9.1099698823e+00   -5.8824747053e-01
9.1148550802e+00   -5.2862809286e-01
9.1197402780e+00   -4.7089011769e-01
9.1246254759e+00   -4.1531114815e-01
9.1295106737e+00   -3.6209505652e-01
9.1343958716e+00   -3.1137782424e-01
9.1344958716e+00   -3.1036636594e-01
9.1354958716e+00   -3.0031128011e-01
9.1403810694e+00   -2.5275182601e-01
9.1452662673e+00   -2.0778464814e-01
9.1501514651e+00   -1.6537403994e-01
9.1550366630e+00   -1.2544607200e-01
9.1599218608e+00   -8.7895194353e-02
9.1648070587e+00   -5.2590305245e-02
9.1696922565e+00   -1.9380205619e-02
9.1745774544e+00   1.1901600290e-02
9.1794626522e+00   4.1432765529e-02
9.1843478501e+00   6.9398605052e-02
9.1892330479e+00   9.5989209885e-02
9.1893330479e+00   9.6520508144e-02
9.1903330479e+00   1.0180659790e-01
9.1952182458e+00   1.2697486031e-01
9.2001034436e+00   1.5119705793e-01
9.2049886415e+00   1.7466534906e-01
9.2098738393e+00   1.9757004088e-01
9.2147590372e+00   2.2009903333e-01
9.2196442350e+00   2.4243753576e-01
9.2245294329e+00   2.6476800516e-01
9.2294146307e+00   2.8727025784e-01
9.2342998286e+00   3.1012170870e-01
9.2391850264e+00   3.3349769435e-01
9.2440702243e+00   3.5757183723e-01
9.2489554221e+00   3.8251640804e-01
9.2538406200e+00   4.0850264253e-01
9.2587258178e+00   4.3570096593e-01
9.2636110157e+00   4.6428107458e-01
9.2637110157e+00   4.6488173096e-01
9.2647110157e+00   4.7092435078e-01
9.2695962135e+00   5.0142742610e-01
9.2744814114e+00   5.3368626122e-01
9.2793666092e+00   5.6786594206e-01
9.2842518071e+00   6.0412812908e-01
9.2891370049e+00   6.4262925255e-01
9.2940222028e+00   6.8351804026e-01
9.2989074006e+00   7.2693224377e-01
9.3037925985e+00   7.7299441380e-01
9.3086777963e+00   8.2180656318e-01
9.3087777963e+00   8.2283505128e-01
9.3097777963e+00   8.3318520954e-01
9.3146629942e+00   8.8546516610e-01
9.3195481920e+00   9.4061271162e-01
9.3244333899e+00   9.9861100678e-01
9.3293185877e+00   1.0593842026e+00
9.3342037856e+00   1.1227839973e+00
9.3390889834e+00   1.1885746103e+00
9.3391889834e+00   1.1899441229e+00
9.3401889834e+00   1.2036859955e+00
9.3450741813e+00   1.2719309098e+00
9.3499593791e+00   1.3416447568e+00
9.3548445770e+00   1.4121965566e+00
9.3597297748e+00   1.4827994754e+00
9.3646149727e+00   1.5524998049e+00
9.3647149727e+00   1.5539095214e+00
9.3657149727e+00   1.5679579638e+00
9.3706001705e+00   1.6350006274e+00
9.3754853684e+00   1.6984074479e+00
9.3803705662e+00   1.7566991090e+00
9.3852557641e+00   1.8082792049e+00
9.3901409619e+00   1.8514815769e+00
9.3950261598e+00   1.8846334424e+00
9.3951261598e+00   1.8851956078e+00
9.3961261598e+00   1.8905455075e+00
9.4010113576e+00   1.9092140188e+00
9.4058965555e+00   1.9144906167e+00
9.4107817533e+00   1.9052464472e+00
9.4156669512e+00   1.8807039334e+00
9.4205521490e+00   1.8405040041e+00
9.4206521490e+00   1.8395174779e+00
9.4216521490e+00   1.8292935028e+00
9.4265373469e+00   1.7700984657e+00
9.4314225447e+00   1.6961171297e+00
9.4363077426e+00   1.6084729749e+00
9.4364077426e+00   1.6065462197e+00
9.4374077426e+00   1.5870011527e+00
9.4421042198e+00   1.4888534060e+00
9.4469894177e+00   1.3769930622e+00
9.4470894177e+00   1.3746130884e+00
9.4480894177e+00   1.3506339089e+00
9.4525683852e+00   1.2396427978e+00
9.4571651171e+00   1.1209047090e+00
9.4572651171e+00   1.1182801873e+00
9.4582651171e+00   1.0919564135e+00
9.4627242741e+00   9.7322230608e-01
9.4672506536e+00   8.5154860839e-01
9.4721358515e+00   7.2053512399e-01
9.4722358515e+00   7.1786743947e-01
9.4732358515e+00   6.9123566783e-01
9.4779738256e+00   5.6647043180e-01
9.4827430870e+00   4.4405040529e-01
9.4876282849e+00   3.2290508609e-01
9.4877282849e+00   3.2047570598e-01
9.4887282849e+00   2.9629949901e-01
9.4936134827e+00   1.8139947541e-01
9.4984986806e+00   7.2129475472e-02
9.5033838784e+00   -3.1244511739e-02
9.5082690763e+00   -1.2862255122e-01
9.5083690763e+00   -1.3055330250e-01
9.5093690763e+00   -1.4972343766e-01
9.5142542741e+00   -2.3981516223e-01
9.5191394720e+00   -3.2413145821e-01
9.5240246698e+00   -4.0290691266e-01
9.5289098677e+00   -4.7642585774e-01
9.5337950656e+00   -5.4500226747e-01
9.5386802634e+00   -6.0896292217e-01
9.5387802634e+00   -6.1022629338e-01
9.5397802634e+00   -6.2276176952e-01
9.5446654613e+00   -6.8151044982e-01
9.5495506591e+00   -7.3635127509e-01
9.5544358570e+00   -7.8757228425e-01
9.5593210548e+00   -8.3543368721e-01
9.5642062527e+00   -8.8016378844e-01
9.5690914505e+00   -9.2195643286e-01
9.5739766484e+00   -9.6096974749e-01
9.5788618462e+00   -9.9732599213e-01
9.5837470441e+00   -1.0311123691e+00
9.5886322419e+00   -1.0623826741e+00
9.5935174398e+00   -1.0911596938e+00
9.5936174398e+00   -1.0917227265e+00
9.5946174398e+00   -1.0972954839e+00
9.5995026376e+00   -1.1230082194e+00
9.6043878355e+00   -1.1461835498e+00
9.6092730333e+00   -1.1667681216e+00
9.6141582312e+00   -1.1846943238e+00
9.6190434290e+00   -1.1998854313e+00
9.6239286269e+00   -1.2122610112e+00
9.6288138247e+00   -1.2217424692e+00
9.6336990226e+00   -1.2282585951e+00
9.6385842204e+00   -1.2317509461e+00
9.6434694183e+00   -1.2321788999e+00
9.6483546161e+00   -1.2295242026e+00
9.6532398140e+00   -1.2237948419e+00
9.6581250118e+00   -1.2150280950e+00
9.6630102097e+00   -1.2032926242e+00
9.6678954075e+00   -1.1886895337e+00
9.6727806054e+00   -1.1713523419e+00
9.6776658032e+00   -1.1514458745e+00
9.6825510011e+00   -1.1291641350e+00
9.6874361989e+00   -1.1047272533e+00
9.6923213968e+00   -1.0783776588e+00
9.6972065946e+00   -1.0503756529e+00
9.7020917925e+00   -1.0209945780e+00
9.7069769903e+00   -9.9051578846e-01
9.7118621882e+00   -9.5922362458e-01
9.7167473860e+00   -9.2740057561e-01
9.7216325839e+00   -8.9532279354e-01
9.7265177817e+00   -8.6325608838e-01
9.7266177817e+00   -8.6260159840e-01
9.7276177817e+00   -8.5606325374e-01
9.7325029796e+00   -8.2435203499e-01
9.7373881774e+00   -7.9318994429e-01
9.7422733753e+00   -7.6278938432e-01
9.7471585731e+00   -7.3334240549e-01
9.7520437710e+00   -7.0502002977e-01
9.7569289688e+00   -6.7797214812e-01
9.7618141667e+00   -6.5232792439e-01
9.7666993645e+00   -6.2819663051e-01
9.7715845624e+00   -6.0566883410e-01
9.7764697602e+00   -5.8481786044e-01
9.7813549581e+00   -5.6570145447e-01
9.7862401559e+00   -5.4836357447e-01
9.7911253538e+00   -5.3283625683e-01
9.7960105516e+00   -5.1914149972e-01
9.8008957495e+00   -5.0729312204e-01
9.8057809473e+00   -4.9729856238e-01
9.8106661452e+00   -4.8916059068e-01
9.8155513430e+00   -4.8287891186e-01
9.8204365409e+00   -4.7845164702e-01
9.8253217387e+00   -4.7587668212e-01
9.8302069366e+00   -4.7515288458e-01
9.8350921344e+00   -4.7628117756e-01
9.8399773323e+00   -4.7926546403e-01
9.8448625301e+00   -4.8411341804e-01
9.8497477280e+00   -4.9083713063e-01
9.8546329258e+00   -4.9945361131e-01
9.8595181237e+00   -5.0998514128e-01
9.8644033215e+00   -5.2245947204e-01
9.8692885194e+00   -5.3690985929e-01
9.8741737172e+00   -5.5337491748e-01
9.8790589151e+00   -5.7189827544e-01
9.8839441129e+00   -5.9252800707e-01
9.8888293108e+00   -6.1531580463e-01
9.8937145086e+00   -6.4031585393e-01
9.8985997065e+00   -6.6758336406e-01
9.9034849043e+00   -6.9717269334e-01
9.9083701022e+00   -7.2913500730e-01
9.9132553000e+00   -7.6351539481e-01
9.9181404979e+00   -8.0034936326e-01
9.9182404979e+00   -8.0112916248e-01
9.9192404979e+00   -8.0898426042e-01
9.9241256957e+00   -8.4885207306e-01
9.9290108936e+00   -8.9119560352e-01
9.9338960914e+00   -9.3598669585e-01
9.9387812893e+00   -9.8316413091e-01
9.9436664871e+00   -1.0326257064e+00
9.9485516850e+00   -1.0842194163e+00
9.9534368828e+00   -1.1377338462e+00
9.9535368828e+00   -1.1388475017e+00
9.9545368828e+00   -1.1500213899e+00
9.9594220807e+00   -1.2054980313e+00
9.9643072785e+00   -1.2621601125e+00
9.9691924764e+00   -1.3195351127e+00
9.9740776742e+00   -1.3770496724e+00
9.9789628721e+00   -1.4340231095e+00
9.9838480699e+00   -1.4896642941e+00
9.9839480699e+00   -1.4907832053e+00
9.9849480699e+00   -1.5019192591e+00
9.9898332678e+00   -1.5546907751e+00
9.9947184656e+00   -1.6039906359e+00
9.9996036635e+00   -1.6487146683e+00
1.0000000000e+01   -1.6521074018e+00
