X    Y
0.0000000000e+00   4.0000000000e-01
1.0000000000e-04   4.0000799808e-01
1.1000000000e-03   4.0008776764e-01
1.1100000000e-02   4.0086429882e-01
8.9301368524e-02   4.0559094658e-01
1.6750273705e-01   4.0787655481e-01
2.4570410557e-01   4.0766000635e-01
3.2390547410e-01   4.0489891529e-01
4.0210684262e-01   3.9956858749e-01
4.8030821114e-01   3.9166133039e-01
5.5850957967e-01   3.8118602946e-01
6.3671094819e-01   3.6816789883e-01
7.1491231672e-01   3.5264832173e-01
7.9311368524e-01   3.3468471273e-01
8.7131505376e-01   3.1435035252e-01
9.4951642229e-01   2.9173416276e-01
9.4961642229e-01   2.9170382441e-01
9.5061642229e-01   2.9140024501e-01
9.6061642229e-01   2.8834490856e-01
1.0388177908e+00   2.6325137989e-01
1.1170191593e+00   2.3611758255e-01
1.1952205279e+00   2.0707917375e-01
1.2734218964e+00   1.7628558496e-01
1.3516232649e+00   1.4389932653e-01
1.4298246334e+00   1.1009519956e-01
1.5080260020e+00   7.5059418302e-02
1.5862273705e+00   3.8988647161e-02
1.6644287390e+00   2.0889570686e-03
1.7426301075e+00   -3.5425293615e-02
1.8208314761e+00   -7.3332647839e-02
1.8990328446e+00   -1.1140580199e-01
1.9772342131e+00   -1.4941291473e-01
2.0554355816e+00   -1.8711896528e-01
2.1336369501e+00   -2.2428715376e-01
2.2118383187e+00   -2.6068033561e-01
2.2900396872e+00   -2.9606248189e-01
2.3682410557e+00   -3.3020015709e-01
2.4464424242e+00   -3.6286400583e-01
2.5246437928e+00   -3.9383023959e-01
2.6028451613e+00   -4.2288211481e-01
2.6810465298e+00   -4.4981139343e-01
2.7592478983e+00   -4.7441977725e-01
2.7593478983e+00   -4.7444967826e-01
2.7603478983e+00   -4.7474846264e-01
2.7703478983e+00   -4.7771365712e-01
2.8485492669e+00   -4.9944378573e-01
2.9267506354e+00   -5.1846816816e-01
3.0049520039e+00   -5.3462863348e-01
3.0831533724e+00   -5.4778243235e-01
3.1613547410e+00   -5.5780341041e-01
3.2395561095e+00   -5.6458311090e-01
3.3177574780e+00   -5.6803180220e-01
3.3959588465e+00   -5.6807942796e-01
3.4741602151e+00   -5.6467647942e-01
3.5523615836e+00   -5.5779479273e-01
3.6305629521e+00   -5.4742827739e-01
3.7087643206e+00   -5.3359358754e-01
3.7869656891e+00   -5.1633075412e-01
3.8651670577e+00   -4.9570380507e-01
3.9433684262e+00   -4.7180141307e-01
4.0215697947e+00   -4.4473762550e-01
4.0997711632e+00   -4.1465274913e-01
4.1779725318e+00   -3.8171448650e-01
4.2561739003e+00   -3.4611944549e-01
4.3343752688e+00   -3.0809516299e-01
4.3344752688e+00   -3.0804509199e-01
4.3354752688e+00   -3.0754418693e-01
4.3454752688e+00   -3.0251574153e-01
4.4236766373e+00   -2.6203888847e-01
4.5018780059e+00   -2.1973779109e-01
4.5800793744e+00   -1.7595827235e-01
4.6582807429e+00   -1.3109278078e-01
4.7364821114e+00   -8.5584574146e-02
4.8146834800e+00   -3.9929709605e-02
4.8928848485e+00   5.3258589386e-03
4.9710862170e+00   4.9597603863e-02
5.0492875855e+00   9.2285556115e-02
5.1274889541e+00   1.3281050418e-01
5.2056903226e+00   1.7065986976e-01
5.2838916911e+00   2.0543387622e-01
5.3620930596e+00   2.3687865984e-01
5.4402944282e+00   2.6489481178e-01
5.5184957967e+00   2.8951806940e-01
5.5966971652e+00   3.1087922136e-01
5.6748985337e+00   3.2915665492e-01
5.7530999022e+00   3.4453448472e-01
5.7531999022e+00   3.4455236527e-01
5.7541999022e+00   3.4473092484e-01
5.7641999022e+00   3.4649198831e-01
5.8424012708e+00   3.5875361606e-01
5.9206026393e+00   3.6841502788e-01
5.9988040078e+00   3.7555531845e-01
6.0770053763e+00   3.8022036022e-01
6.1552067449e+00   3.8243187143e-01
6.2334081134e+00   3.8219696773e-01
6.3116094819e+00   3.7951668274e-01
6.3898108504e+00   3.7439281716e-01
6.4680122190e+00   3.6683303490e-01
6.5462135875e+00   3.5685441706e-01
6.6244149560e+00   3.4448579321e-01
6.7026163245e+00   3.2976917104e-01
6.7808176931e+00   3.1276053056e-01
6.8590190616e+00   2.9353018309e-01
6.9372204301e+00   2.7216283239e-01
7.0154217986e+00   2.4875742580e-01
7.0936231672e+00   2.2342684811e-01
7.1718245357e+00   1.9629748897e-01
7.2500259042e+00   1.6750870192e-01
7.3282272727e+00   1.3721216523e-01
7.4064286413e+00   1.0557115168e-01
7.4846300098e+00   7.2759712338e-02
7.5628313783e+00   3.8961779241e-02
7.6410327468e+00   4.3701915840e-03
7.7192341153e+00   -3.0814349405e-02
7.7974354839e+00   -6.6384391541e-02
7.8756368524e+00   -1.0212690285e-01
7.9538382209e+00   -1.3782449653e-01
8.0320395894e+00   -1.7325670302e-01
8.1102409580e+00   -2.0820128216e-01
8.1884423265e+00   -2.4243556796e-01
8.2666436950e+00   -2.7573783840e-01
8.2667436950e+00   -2.7577973298e-01
8.2677436950e+00   -2.7619857505e-01
8.2777436950e+00   -2.8037653510e-01
8.3559450635e+00   -3.1234638411e-01
8.4341464321e+00   -3.4291892675e-01
8.5123478006e+00   -3.7188445882e-01
8.5905491691e+00   -3.9903998664e-01
8.6687505376e+00   -4.2419059490e-01
8.7469519062e+00   -4.4715079029e-01
8.8251532747e+00   -4.6774581238e-01
8.9033546432e+00   -4.8581290340e-01
8.9815560117e+00   -5.0120252966e-01
9.0597573803e+00   -5.1377954734e-01
9.1379587488e+00   -5.2342430651e-01
9.2161601173e+00   -5.3003368761e-01
9.2943614858e+00   -5.3352206599e-01
9.3725628543e+00   -5.3382220114e-01
9.4507642229e+00   -5.3088604894e-01
9.5289655914e+00   -5.2468549726e-01
9.6071669599e+00   -5.1521302798e-01
9.6853683284e+00   -5.0248231160e-01
9.7635696970e+00   -4.8652874551e-01
9.8417710655e+00   -4.6740995153e-01
9.9199724340e+00   -4.4520625459e-01
9.9200724340e+00   -4.4517592839e-01
9.9210724340e+00   -4.4487239807e-01
9.9310724340e+00   -4.4181031840e-01
1.0009273803e+01   -4.1621181297e-01
1.0087475171e+01   -3.8777922262e-01
1.0165676540e+01   -3.5666774442e-01
1.0243877908e+01   -3.2305791542e-01
1.0322079277e+01   -2.8715668886e-01
1.0400280645e+01   -2.4919879747e-01
1.0478482014e+01   -2.0944841956e-01
1.0556683382e+01   -1.6820108241e-01
1.0634884751e+01   -1.2578558629e-01
1.0713086119e+01   -8.2565488001e-02
1.0791287488e+01   -3.8939336239e-02
1.0869488856e+01   4.6615558384e-03
1.0947690225e+01   4.7779350815e-02
1.1025891593e+01   8.9941494128e-02
1.1104092962e+01   1.3067896939e-01
1.1182294330e+01   1.6955027976e-01
1.1260495699e+01   2.0616806883e-01
1.1338697067e+01   2.4022303272e-01
1.1416898436e+01   2.7149897774e-01
1.1495099804e+01   2.9987457130e-01
1.1495199804e+01   2.9990897578e-01
1.1496199804e+01   3.0025275580e-01
1.1506199804e+01   3.0366407855e-01
1.1584401173e+01   3.2868422881e-01
1.1662602542e+01   3.5079361292e-01
1.1740803910e+01   3.7005082582e-01
1.1819005279e+01   3.8652161038e-01
1.1897206647e+01   4.0026239535e-01
1.1975408016e+01   4.1131162765e-01
1.2053609384e+01   4.1968787909e-01
1.2131810753e+01   4.2539268979e-01
1.2210012121e+01   4.2841599870e-01
1.2288213490e+01   4.2874241964e-01
1.2366414858e+01   4.2635719843e-01
1.2444616227e+01   4.2125123269e-01
1.2522817595e+01   4.1342494737e-01
1.2601018964e+01   4.0289107666e-01
1.2679220332e+01   3.8967652869e-01
1.2757421701e+01   3.7382354290e-01
1.2835623069e+01   3.5539033075e-01
1.2913824438e+01   3.3445134838e-01
1.2992025806e+01   3.1109730610e-01
1.3070227175e+01   2.8543498262e-01
1.3148428543e+01   2.5758688532e-01
1.3226629912e+01   2.2769078094e-01
1.3304831281e+01   1.9589911080e-01
1.3304931281e+01   1.9585731331e-01
1.3305931281e+01   1.9543918290e-01
1.3315931281e+01   1.9124239869e-01
1.3394132649e+01   1.5749043041e-01
1.3472334018e+01   1.2221566302e-01
1.3550535386e+01   8.5611824949e-02
1.3628736755e+01   4.7883750739e-02
1.3706938123e+01   9.2463367066e-03
1.3785139492e+01   -3.0076607319e-02
1.3863340860e+01   -6.9853589524e-02
1.3941542229e+01   -1.0984673877e-01
1.4019743597e+01   -1.4981316926e-01
1.4097944966e+01   -1.8950639906e-01
1.4176146334e+01   -2.2867781424e-01
1.4254347703e+01   -2.6707817044e-01
1.4332549071e+01   -3.0445912313e-01
1.4410750440e+01   -3.4057477795e-01
1.4488951808e+01   -3.7518325177e-01
1.4567153177e+01   -4.0804823577e-01
1.4645354545e+01   -4.3894055077e-01
1.4723555914e+01   -4.6763968606e-01
1.4801757283e+01   -4.9393531219e-01
1.4879958651e+01   -5.1762875910e-01
1.4958160020e+01   -5.3853445066e-01
1.4958260020e+01   -5.3855932441e-01
1.4959260020e+01   -5.3880779563e-01
1.4969260020e+01   -5.4126580834e-01
1.5047461388e+01   -5.5877969351e-01
1.5125662757e+01   -5.7315873630e-01
1.5203864125e+01   -5.8426721537e-01
1.5282065494e+01   -5.9198781570e-01
1.5360266862e+01   -5.9622272750e-01
1.5438468231e+01   -5.9689466632e-01
1.5516669599e+01   -5.9394781524e-01
1.5594870968e+01   -5.8734869282e-01
1.5673072336e+01   -5.7708695573e-01
1.5751273705e+01   -5.6317615144e-01
1.5829475073e+01   -5.4565444497e-01
1.5907676442e+01   -5.2458535693e-01
1.5985877810e+01   -5.0005856644e-01
1.6064079179e+01   -4.7219085597e-01
1.6142280547e+01   -4.4112730605e-01
1.6220481916e+01   -4.0704288828e-01
1.6298683284e+01   -3.7014465148e-01
1.6376884653e+01   -3.3067474522e-01
1.6455086022e+01   -2.8891455749e-01
1.6455186022e+01   -2.8885982452e-01
1.6456186022e+01   -2.8831231798e-01
1.6466186022e+01   -2.8281971494e-01
1.6544387390e+01   -2.3884591858e-01
1.6622588759e+01   -1.9334422419e-01
1.6700790127e+01   -1.4676175335e-01
1.6778991496e+01   -9.9614870027e-02
1.6857192864e+01   -5.2494257557e-02
1.6935394233e+01   -6.0621905867e-03
1.7013595601e+01   3.8964550925e-02
1.7091796970e+01   8.1852433356e-02
1.7169998338e+01   1.2191125347e-01
1.7248199707e+01   1.5856822029e-01
1.7326401075e+01   1.9143598432e-01
1.7404602444e+01   2.2034974708e-01
1.7482803812e+01   2.4535775509e-01
1.7561005181e+01   2.6666925316e-01
1.7639206549e+01   2.8458113723e-01
1.7717407918e+01   2.9940833685e-01
1.7717507918e+01   2.9942544885e-01
1.7718507918e+01   2.9959631751e-01
1.7728507918e+01   3.0127997658e-01
1.7806709286e+01   3.1292817599e-01
1.7884910655e+01   3.2202889160e-01
1.7963112023e+01   3.2873810010e-01
1.8041313392e+01   3.3315798908e-01
1.8119514761e+01   3.3534982210e-01
1.8197716129e+01   3.3534741023e-01
1.8275917498e+01   3.3316895657e-01
1.8354118866e+01   3.2882644530e-01
1.8432320235e+01   3.2233255388e-01
1.8510521603e+01   3.1370544697e-01
1.8588722972e+01   3.0297192656e-01
1.8666924340e+01   2.9016938721e-01
1.8745125709e+01   2.7534694410e-01
1.8823327077e+01   2.5856600524e-01
1.8901528446e+01   2.3990047420e-01
1.8979729814e+01   2.1943670385e-01
1.9057931183e+01   1.9727327474e-01
1.9136132551e+01   1.7352064203e-01
1.9214333920e+01   1.4830067570e-01
1.9292535288e+01   1.2174610889e-01
1.9370736657e+01   9.3999902925e-02
1.9448938025e+01   6.5214535333e-02
1.9527139394e+01   3.5551215586e-02
1.9605340762e+01   5.1790331371e-03
1.9683542131e+01   -2.5725957695e-02
1.9761743500e+01   -5.6981711142e-02
1.9839944868e+01   -8.8401216565e-02
1.9918146237e+01   -1.1979357267e-01
1.9996347605e+01   -1.5096510350e-01
2.0074548974e+01   -1.8172051002e-01
2.0152750342e+01   -2.1186405076e-01
2.0230951711e+01   -2.4120074483e-01
2.0309153079e+01   -2.6953759034e-01
2.0387354448e+01   -2.9668479092e-01
2.0465555816e+01   -3.2245698336e-01
2.0543757185e+01   -3.4667445879e-01
2.0621958553e+01   -3.6916437009e-01
2.0700159922e+01   -3.8976191836e-01
2.0778361290e+01   -4.0831151105e-01
2.0856562659e+01   -4.2466788484e-01
2.0934764027e+01   -4.3869718644e-01
2.1012965396e+01   -4.5027800480e-01
2.1091166764e+01   -4.5930234867e-01
2.1169368133e+01   -4.6567656399e-01
2.1247569501e+01   -4.6932218602e-01
2.1325770870e+01   -4.7017672216e-01
2.1403972239e+01   -4.6819436195e-01
2.1482173607e+01   -4.6334661203e-01
2.1560374976e+01   -4.5562285510e-01
2.1638576344e+01   -4.4503083305e-01
2.1716777713e+01   -4.3159705662e-01
2.1794979081e+01   -4.1536714512e-01
2.1873180450e+01   -3.9640610240e-01
2.1951381818e+01   -3.7479853672e-01
2.2029583187e+01   -3.5064883392e-01
2.2107784555e+01   -3.2408129428e-01
2.2185985924e+01   -2.9524024218e-01
2.2264187292e+01   -2.6429011416e-01
2.2342388661e+01   -2.3141552186e-01
2.2420590029e+01   -1.9682126986e-01
2.2498791398e+01   -1.6073228200e-01
2.2576992766e+01   -1.2339334907e-01
2.2655194135e+01   -8.5068556439e-02
2.2733395503e+01   -4.6040184720e-02
2.2811596872e+01   -6.6068103988e-03
2.2889798240e+01   3.2919709121e-02
2.2967999609e+01   7.2218666466e-02
2.3046200978e+01   1.1096653486e-01
2.3124402346e+01   1.4884453098e-01
2.3202603715e+01   1.8554726202e-01
2.3280805083e+01   2.2079156996e-01
2.3359006452e+01   2.5432433323e-01
2.3437207820e+01   2.8592789737e-01
2.3515409189e+01   3.1542210510e-01
2.3593610557e+01   3.4266255974e-01
2.3671811926e+01   3.6753559361e-01
2.3750013294e+01   3.8995112669e-01
2.3828214663e+01   4.0983495437e-01
2.3906416031e+01   4.2712191747e-01
2.3984617400e+01   4.4175096433e-01
2.4062818768e+01   4.5366252594e-01
2.4141020137e+01   4.6279808190e-01
2.4219221505e+01   4.6910143661e-01
2.4297422874e+01   4.7252106372e-01
2.4375624242e+01   4.7301290363e-01
2.4453825611e+01   4.7054313269e-01
2.4532026979e+01   4.6509059856e-01
2.4610228348e+01   4.5664877824e-01
2.4688429717e+01   4.4522723600e-01
2.4766631085e+01   4.3085262845e-01
2.4844832454e+01   4.1356933319e-01
2.4923033822e+01   3.9343977794e-01
2.5001235191e+01   3.7054453353e-01
2.5079436559e+01   3.4498221717e-01
2.5157637928e+01   3.1686923642e-01
2.5235839296e+01   2.8633939339e-01
2.5314040665e+01   2.5354336075e-01
2.5392242033e+01   2.1864803740e-01
2.5470443402e+01   1.8183578900e-01
2.5548644770e+01   1.4330357838e-01
2.5626846139e+01   1.0326199001e-01
2.5705047507e+01   6.1934153636e-02
2.5783248876e+01   1.9554572208e-02
2.5861450244e+01   -2.3632139966e-02
2.5939651613e+01   -6.7372602543e-02
2.6017852981e+01   -1.1140609091e-01
2.6017952981e+01   -1.1146247300e-01
2.6018952981e+01   -1.1202629621e-01
2.6028952981e+01   -1.1766464277e-01
2.6107154350e+01   -1.6170645371e-01
2.6185355718e+01   -2.0546506264e-01
2.6263557087e+01   -2.4866661304e-01
2.6341758456e+01   -2.9103646126e-01
2.6419959824e+01   -3.3230084490e-01
2.6498161193e+01   -3.7218858421e-01
2.6576362561e+01   -4.1043279972e-01
2.6654563930e+01   -4.4677263371e-01
2.6732765298e+01   -4.8095496461e-01
2.6810966667e+01   -5.1273610391e-01
2.6889168035e+01   -5.4188346550e-01
2.6967369404e+01   -5.6817719755e-01
2.7045570772e+01   -5.9141176770e-01
2.7123772141e+01   -6.1139749253e-01
2.7201973509e+01   -6.2796200332e-01
2.7280174878e+01   -6.4095164113e-01
2.7358376246e+01   -6.5023277557e-01
2.7358476246e+01   -6.5024221933e-01
2.7359476246e+01   -6.5033631312e-01
2.7369476246e+01   -6.5124282340e-01
2.7447677615e+01   -6.5615293037e-01
2.7525878983e+01   -6.5714134919e-01
2.7604080352e+01   -6.5414506895e-01
2.7682281720e+01   -6.4712573366e-01
2.7760483089e+01   -6.3607059268e-01
2.7838684457e+01   -6.2099342860e-01
2.7916885826e+01   -6.0193550776e-01
2.7995087195e+01   -5.7896662351e-01
2.8073288563e+01   -5.5218633887e-01
2.8151489932e+01   -5.2172558882e-01
2.8229691300e+01   -4.8774888022e-01
2.8307892669e+01   -4.5045743745e-01
2.8386094037e+01   -4.1009378901e-01
2.8464295406e+01   -3.6694847075e-01
2.8542496774e+01   -3.2136969637e-01
2.8620698143e+01   -2.7377690410e-01
2.8698899511e+01   -2.2467876358e-01
2.8698999511e+01   -2.2461526696e-01
2.8699999511e+01   -2.2398022042e-01
2.8709999511e+01   -2.1762201275e-01
2.8788200880e+01   -1.6757023743e-01
2.8866402248e+01   -1.1750437660e-01
2.8944603617e+01   -6.8344308796e-02
2.9022804985e+01   -2.1138871658e-02
2.9101006354e+01   2.3002056227e-02
2.9179207722e+01   6.3037779405e-02
2.9257409091e+01   9.8169002471e-02
2.9335610459e+01   1.2798916506e-01
2.9413811828e+01   1.5253897023e-01
2.9492013196e+01   1.7223330401e-01
2.9570214565e+01   1.8770224820e-01
2.9648415934e+01   1.9962411736e-01
2.9726617302e+01   2.0860775057e-01
2.9804818671e+01   2.1513797288e-01
2.9804918671e+01   2.1514491702e-01
2.9805918671e+01   2.1521417053e-01
2.9815918671e+01   2.1588804577e-01
2.9894120039e+01   2.2004293314e-01
2.9972321408e+01   2.2236779066e-01
3.0050522776e+01   2.2301057427e-01
3.0128724145e+01   2.2206410579e-01
3.0206925513e+01   2.1958658708e-01
3.0285126882e+01   2.1561669471e-01
3.0363328250e+01   2.1018405312e-01
3.0363428250e+01   2.1017618134e-01
3.0364428250e+01   2.1009733444e-01
3.0374428250e+01   2.0929596879e-01
3.0452629619e+01   2.0222670084e-01
3.0530830987e+01   1.9375664071e-01
3.0609032356e+01   1.8392153527e-01
3.0687233724e+01   1.7276391672e-01
3.0765435093e+01   1.6033388134e-01
3.0843636461e+01   1.4668943339e-01
3.0921837830e+01   1.3189655076e-01
3.1000039198e+01   1.1602906835e-01
3.1078240567e+01   9.9168436102e-02
3.1156441935e+01   8.1403385466e-02
3.1234643304e+01   6.2829523521e-02
3.1312844673e+01   4.3548866659e-02
3.1391046041e+01   2.3669321130e-02
3.1469247410e+01   3.3041157010e-03
3.1547448778e+01   -1.7428809365e-02
3.1625650147e+01   -3.8407453200e-02
3.1703851515e+01   -5.9506441351e-02
3.1782052884e+01   -8.0597745092e-02
3.1860254252e+01   -1.0155142903e-01
3.1938455621e+01   -1.2223642284e-01
3.2016656989e+01   -1.4252131271e-01
3.2094858358e+01   -1.6227514799e-01
3.2173059726e+01   -1.8136825845e-01
3.2251261095e+01   -1.9967307706e-01
3.2329462463e+01   -2.1706496368e-01
3.2407663832e+01   -2.3342302446e-01
3.2485865200e+01   -2.4863092206e-01
3.2564066569e+01   -2.6257767151e-01
3.2642267937e+01   -2.7515841685e-01
3.2720469306e+01   -2.8627518342e-01
3.2798670674e+01   -2.9583760113e-01
3.2876872043e+01   -3.0376359376e-01
3.2955073412e+01   -3.0998002981e-01
3.3033274780e+01   -3.1442333044e-01
3.3111476149e+01   -3.1704003021e-01
3.3189677517e+01   -3.1778728668e-01
3.3267878886e+01   -3.1663333512e-01
3.3346080254e+01   -3.1355788466e-01
3.3424281623e+01   -3.0855245279e-01
3.3502482991e+01   -3.0162063495e-01
3.3580684360e+01   -2.9277830649e-01
3.3658885728e+01   -2.8205375425e-01
3.3737087097e+01   -2.6948773497e-01
3.3815288465e+01   -2.5513345804e-01
3.3893489834e+01   -2.3905648969e-01
3.3971691202e+01   -2.2133457546e-01
3.4049892571e+01   -2.0205737746e-01
3.4128093939e+01   -1.8132612230e-01
3.4206295308e+01   -1.5925315504e-01
3.4284496676e+01   -1.3596139364e-01
3.4362698045e+01   -1.1158367844e-01
3.4440899413e+01   -8.6262010832e-02
3.4519100782e+01   -6.0146676526e-02
3.4597302151e+01   -3.3395250928e-02
3.4675503519e+01   -6.1714874642e-03
3.4753704888e+01   2.1355904139e-02
3.4831906256e+01   4.9014575264e-02
3.4910107625e+01   7.6629927972e-02
3.4988308993e+01   1.0402654361e-01
3.5066510362e+01   1.3102960866e-01
3.5144711730e+01   1.5746629043e-01
3.5222913099e+01   1.8316701472e-01
3.5301114467e+01   2.0796660345e-01
3.5379315836e+01   2.3170524364e-01
3.5457517204e+01   2.5422927765e-01
3.5535718573e+01   2.7539182668e-01
3.5613919941e+01   2.9505327961e-01
3.5692121310e+01   3.1308169452e-01
3.5770322678e+01   3.2935316769e-01
3.5848524047e+01   3.4375222112e-01
3.5926725415e+01   3.5617224743e-01
3.6004926784e+01   3.6651603251e-01
3.6083128152e+01   3.7469635731e-01
3.6161329521e+01   3.8063666224e-01
3.6239530890e+01   3.8427174602e-01
3.6317732258e+01   3.8554846526e-01
3.6395933627e+01   3.8442640165e-01
3.6474134995e+01   3.8087846835e-01
3.6552336364e+01   3.7489143462e-01
3.6630537732e+01   3.6646635456e-01
3.6708739101e+01   3.5561889239e-01
3.6786940469e+01   3.4237954097e-01
3.6865141838e+01   3.2679373331e-01
3.6943343206e+01   3.0892184812e-01
3.7021544575e+01   2.8883911137e-01
3.7099745943e+01   2.6663539565e-01
3.7177947312e+01   2.4241491941e-01
3.7256148680e+01   2.1629584819e-01
3.7334350049e+01   1.8840979984e-01
3.7412551417e+01   1.5890125630e-01
3.7490752786e+01   1.2792688473e-01
3.7568954154e+01   9.5654771016e-02
3.7647155523e+01   6.2263569440e-02
3.7725356891e+01   2.7941572616e-02
3.7803558260e+01   -7.1142937236e-03
3.7881759629e+01   -4.2699545945e-02
3.7959960997e+01   -7.8603282165e-02
3.8038162366e+01   -1.1460938030e-01
3.8116363734e+01   -1.5049774805e-01
3.8194565103e+01   -1.8604561795e-01
3.8272766471e+01   -2.2102888027e-01
3.8350967840e+01   -2.5522344627e-01
3.8429169208e+01   -2.8840663395e-01
3.8507370577e+01   -3.2035856827e-01
3.8585571945e+01   -3.5086358772e-01
3.8663773314e+01   -3.7971164875e-01
3.8741974682e+01   -4.0669971998e-01
3.8820176051e+01   -4.3163315751e-01
3.8898377419e+01   -4.5432705342e-01
3.8976578788e+01   -4.7460754916e-01
3.9054780156e+01   -4.9231310612e-01
3.9132981525e+01   -5.0729572606e-01
3.9211182893e+01   -5.1942211435e-01
3.9289384262e+01   -5.2857477992e-01
3.9367585630e+01   -5.3465306651e-01
3.9445786999e+01   -5.3757411087e-01
3.9523988368e+01   -5.3727372503e-01
3.9602189736e+01   -5.3370720148e-01
3.9602289736e+01   -5.3370053717e-01
3.9603289736e+01   -5.3363359796e-01
3.9613289736e+01   -5.3293458918e-01
3.9691491105e+01   -5.2560956725e-01
3.9769692473e+01   -5.1499148843e-01
3.9847893842e+01   -5.0110127009e-01
3.9926095210e+01   -4.8398190120e-01
4.0004296579e+01   -4.6369894484e-01
4.0082497947e+01   -4.4034103637e-01
4.0160699316e+01   -4.1402041352e-01
4.0238900684e+01   -3.8487352499e-01
4.0317102053e+01   -3.5306177550e-01
4.0395303421e+01   -3.1877247415e-01
4.0473504790e+01   -2.8222005496e-01
4.0551706158e+01   -2.4364762474e-01
4.0629907527e+01   -2.0332884888e-01
4.0708108895e+01   -1.6157008758e-01
4.0786310264e+01   -1.1871251669e-01
4.0864511632e+01   -7.5133680042e-02
4.0942713001e+01   -3.1247522296e-02
4.1020914370e+01   1.2498500358e-02
4.1099115738e+01   5.5630967277e-02
4.1177317107e+01   9.7664332054e-02
4.1255518475e+01   1.3812175760e-01
4.1255618475e+01   1.3817228944e-01
4.1256618475e+01   1.3867742575e-01
4.1266618475e+01   1.4371040068e-01
4.1344819844e+01   1.8183150534e-01
4.1423021212e+01   2.1751008036e-01
4.1501222581e+01   2.5046928185e-01
4.1579423949e+01   2.8053310944e-01
4.1657625318e+01   3.0762201659e-01
4.1735826686e+01   3.3173469413e-01
4.1814028055e+01   3.5292150275e-01
4.1892229423e+01   3.7125672371e-01
4.1970430792e+01   3.8681558675e-01
4.2048632160e+01   3.9965921089e-01
4.2126833529e+01   4.0982774700e-01
4.2205034897e+01   4.1734013261e-01
4.2283236266e+01   4.2219814074e-01
4.2361437634e+01   4.2439252133e-01
4.2439639003e+01   4.2390957123e-01
4.2517840371e+01   4.2073710096e-01
4.2596041740e+01   4.1486930708e-01
4.2674243109e+01   4.0631044094e-01
4.2674343109e+01   4.0629777923e-01
4.2675343109e+01   4.0617092149e-01
4.2685343109e+01   4.0487829354e-01
4.2763544477e+01   3.9326785435e-01
4.2841745846e+01   3.7902025576e-01
4.2919947214e+01   3.6218444018e-01
4.2998148583e+01   3.4282525647e-01
4.3076349951e+01   3.2102363648e-01
4.3154551320e+01   2.9687652927e-01
4.3232752688e+01   2.7049665423e-01
4.3310954057e+01   2.4201210911e-01
4.3389155425e+01   2.1156585422e-01
4.3467356794e+01   1.7931508466e-01
4.3545558162e+01   1.4543049865e-01
4.3623759531e+01   1.1009546727e-01
4.3701960899e+01   7.3505110704e-02
4.3780162268e+01   3.5865285954e-02
4.3858363636e+01   -2.6085089323e-03
4.3936565005e+01   -4.1692308364e-02
4.4014766373e+01   -8.1154924397e-02
4.4092967742e+01   -1.2075925699e-01
4.4171169110e+01   -1.6026366226e-01
4.4249370479e+01   -1.9942337131e-01
4.4327571848e+01   -2.3799195164e-01
4.4405773216e+01   -2.7572280299e-01
4.4483974585e+01   -3.1237067901e-01
4.4562175953e+01   -3.4769322599e-01
4.4640377322e+01   -3.8145252968e-01
4.4640477322e+01   -3.8149459883e-01
4.4641477322e+01   -3.8191512868e-01
4.4651477322e+01   -3.8610416886e-01
4.4729678690e+01   -4.1779511098e-01
4.4807880059e+01   -4.4743531738e-01
4.4886081427e+01   -4.7481082104e-01
4.4964282796e+01   -4.9971838835e-01
4.5042484164e+01   -5.2196696397e-01
4.5120685533e+01   -5.4137906895e-01
4.5198886901e+01   -5.5779214414e-01
4.5277088270e+01   -5.7105983187e-01
4.5355289638e+01   -5.8105318928e-01
4.5433491007e+01   -5.8766182837e-01
4.5511692375e+01   -5.9079497899e-01
4.5589893744e+01   -5.9038247333e-01
4.5668095112e+01   -5.8637565283e-01
4.5746296481e+01   -5.7874820237e-01
4.5824497849e+01   -5.6749692136e-01
4.5902699218e+01   -5.5264244825e-01
4.5980900587e+01   -5.3422996439e-01
4.6059101955e+01   -5.1232991540e-01
4.6137303324e+01   -4.8703880448e-01
4.6137403324e+01   -4.8700434234e-01
4.6138403324e+01   -4.8665942687e-01
4.6148403324e+01   -4.8318092912e-01
4.6226604692e+01   -4.5417008576e-01
4.6304806061e+01   -4.2206733503e-01
4.6383007429e+01   -3.8705865690e-01
4.6461208798e+01   -3.4936246086e-01
4.6539410166e+01   -3.0923276721e-01
4.6617611535e+01   -2.6696349429e-01
4.6695812903e+01   -2.2289402848e-01
4.6774014272e+01   -1.7741603422e-01
4.6852215640e+01   -1.3098095344e-01
4.6930417009e+01   -8.4106701763e-02
4.7008618377e+01   -3.7380607001e-02
4.7086819746e+01   8.5461387083e-03
4.7165021114e+01   5.2978478391e-02
4.7243222483e+01   9.5216909057e-02
4.7321423851e+01   1.3461611713e-01
4.7321523851e+01   1.3466444061e-01
4.7322523851e+01   1.3514737140e-01
4.7332523851e+01   1.3994609614e-01
4.7410725220e+01   1.7547344822e-01
4.7488926588e+01   2.0726460330e-01
4.7567127957e+01   2.3521462454e-01
4.7645329326e+01   2.5940564887e-01
4.7723530694e+01   2.8005173242e-01
4.7801732063e+01   2.9743082465e-01
4.7879933431e+01   3.1182488835e-01
4.7958134800e+01   3.2347997872e-01
4.8036336168e+01   3.3258775882e-01
4.8114537537e+01   3.3928355220e-01
4.8192738905e+01   3.4365424251e-01
4.8270940274e+01   3.4575034502e-01
4.8349141642e+01   3.4559850678e-01
4.8427343011e+01   3.4321246048e-01
4.8427443011e+01   3.4320798305e-01
4.8428443011e+01   3.4316300864e-01
4.8438443011e+01   3.4269325901e-01
4.8516644379e+01   3.3776754758e-01
4.8594845748e+01   3.3063084880e-01
4.8673047116e+01   3.2130254231e-01
4.8751248485e+01   3.0981177801e-01
4.8829449853e+01   2.9619913430e-01
4.8907651222e+01   2.8051754988e-01
4.8985852590e+01   2.6283276719e-01
4.9064053959e+01   2.4322344924e-01
4.9142255327e+01   2.2178107280e-01
4.9220456696e+01   1.9860966039e-01
4.9298658065e+01   1.7382538765e-01
4.9376859433e+01   1.4755608729e-01
4.9455060802e+01   1.1994066149e-01
4.9533262170e+01   9.1128410773e-02
4.9611463539e+01   6.1278284790e-02
4.9689664907e+01   3.0558059711e-02
4.9767866276e+01   -8.5655308563e-04
4.9846067644e+01   -3.2782862377e-02
4.9924269013e+01   -6.5032211443e-02
5.0002470381e+01   -9.7411046015e-02
5.0080671750e+01   -1.2972203007e-01
5.0158873118e+01   -1.6176520332e-01
5.0237074487e+01   -1.9333917406e-01
5.0315275855e+01   -2.2424234050e-01
5.0393477224e+01   -2.5427413370e-01
5.0471678592e+01   -2.8323627490e-01
5.0549879961e+01   -3.1093403984e-01
5.0628081329e+01   -3.3717752258e-01
5.0706282698e+01   -3.6178289137e-01
5.0784484066e+01   -3.8457362885e-01
5.0862685435e+01   -4.0538174928e-01
5.0940886804e+01   -4.2404898527e-01
5.1019088172e+01   -4.4042793687e-01
5.1097289541e+01   -4.5438317613e-01
5.1097389541e+01   -4.5439941602e-01
5.1098389541e+01   -4.5456158579e-01
5.1108389541e+01   -4.5616031990e-01
5.1186590909e+01   -4.6719892509e-01
5.1264792278e+01   -4.7556884240e-01
5.1342993646e+01   -4.8117884120e-01
5.1421195015e+01   -4.8395362971e-01
5.1499396383e+01   -4.8383463929e-01
5.1577597752e+01   -4.8078073413e-01
5.1655799120e+01   -4.7476884497e-01
5.1734000489e+01   -4.6579452668e-01
5.1812201857e+01   -4.5387244200e-01
5.1890403226e+01   -4.3903677514e-01
5.1968604594e+01   -4.2134158205e-01
5.2046805963e+01   -4.0086108638e-01
5.2125007331e+01   -3.7768993315e-01
5.2203208700e+01   -3.5194341446e-01
5.2281410068e+01   -3.2375768311e-01
5.2359611437e+01   -2.9328996918e-01
5.2437812805e+01   -2.6071880946e-01
5.2516014174e+01   -2.2624428784e-01
5.2594215543e+01   -1.9008826142e-01
5.2672416911e+01   -1.5249450854e-01
5.2750618280e+01   -1.1372867498e-01
5.2828819648e+01   -7.4077813542e-02
5.2907021017e+01   -3.3849213398e-02
5.2985222385e+01   6.6318808312e-03
5.3063423754e+01   4.7026116952e-02
5.3141625122e+01   8.6985864672e-02
5.3141725122e+01   8.7036535893e-02
5.3142725122e+01   8.7543177502e-02
5.3152725122e+01   9.2602387241e-02
5.3230926491e+01   1.3164093470e-01
5.3309127859e+01   1.6951234864e-01
5.3387329228e+01   2.0590320497e-01
5.3465530596e+01   2.4053327646e-01
5.3543731965e+01   2.7316385606e-01
5.3621933333e+01   3.0360200680e-01
5.3700134702e+01   3.3169982183e-01
5.3778336070e+01   3.5734892458e-01
5.3856537439e+01   3.8047157196e-01
5.3934738807e+01   4.0101039841e-01
5.4012940176e+01   4.1891886712e-01
5.4091141544e+01   4.3415396667e-01
5.4169342913e+01   4.4667188686e-01
5.4247544282e+01   4.5642663604e-01
5.4325745650e+01   4.6337102394e-01
5.4403947019e+01   4.6745918902e-01
5.4482148387e+01   4.6864985568e-01
5.4560349756e+01   4.6690967066e-01
5.4638551124e+01   4.6221619361e-01
5.4716752493e+01   4.5456033154e-01
5.4716852493e+01   4.5454864600e-01
5.4717852493e+01   4.5443152462e-01
5.4727852493e+01   4.5323371691e-01
5.4806053861e+01   4.4220337837e-01
5.4884255230e+01   4.2824402108e-01
5.4962456598e+01   4.1139811286e-01
5.5040657967e+01   3.9172587871e-01
5.5118859335e+01   3.6930546463e-01
5.5197060704e+01   3.4423288540e-01
5.5275262072e+01   3.1662179888e-01
5.5353463441e+01   2.8660313316e-01
5.5431664809e+01   2.5432458218e-01
5.5509866178e+01   2.1994997970e-01
5.5588067546e+01   1.8365855784e-01
5.5666268915e+01   1.4564409548e-01
5.5744470283e+01   1.0611396101e-01
5.5822671652e+01   6.5288054615e-02
5.5900873021e+01   2.3397655085e-02
5.5979074389e+01   -1.9315822760e-02
5.6057275758e+01   -6.2602153830e-02
5.6135477126e+01   -1.0620370470e-01
5.6213678495e+01   -1.4985690428e-01
5.6291879863e+01   -1.9329377521e-01
5.6370081232e+01   -2.3624351763e-01
5.6448282600e+01   -2.7843413637e-01
5.6448382600e+01   -2.7848748552e-01
5.6449382600e+01   -2.7902088419e-01
5.6459382600e+01   -2.8434547225e-01
5.6537583969e+01   -3.2533724379e-01
5.6615785337e+01   -3.6499102311e-01
5.6693986706e+01   -4.0304197231e-01
5.6772188074e+01   -4.3923105513e-01
5.6850389443e+01   -4.7330673654e-01
5.6928590811e+01   -5.0502666576e-01
5.7006792180e+01   -5.3415933294e-01
5.7084993548e+01   -5.6048568954e-01
5.7163194917e+01   -5.8380072331e-01
5.7241396285e+01   -6.0391497876e-01
5.7319597654e+01   -6.2065601529e-01
5.7397799022e+01   -6.3386979562e-01
5.7476000391e+01   -6.4342199897e-01
5.7554201760e+01   -6.4919925485e-01
5.7632403128e+01   -6.5111029631e-01
5.7710604497e+01   -6.4908703432e-01
5.7788805865e+01   -6.4308556071e-01
5.7788905865e+01   -6.4307532875e-01
5.7789905865e+01   -6.4297264942e-01
5.7799905865e+01   -6.4190988689e-01
5.7878107234e+01   -6.3134405473e-01
5.7956308602e+01   -6.1679168194e-01
5.8034509971e+01   -5.9829088788e-01
5.8112711339e+01   -5.7590787628e-01
5.8190912708e+01   -5.4973810166e-01
5.8269114076e+01   -5.1990774956e-01
5.8347315445e+01   -4.8657574332e-01
5.8425516813e+01   -4.4993658623e-01
5.8503718182e+01   -4.1022447795e-01
5.8581919550e+01   -3.6771930232e-01
5.8660120919e+01   -3.2275524020e-01
5.8738322287e+01   -2.7573282516e-01
5.8816523656e+01   -2.2713501376e-01
5.8894725024e+01   -1.7754686076e-01
5.8972926393e+01   -1.2767598671e-01
5.8973026393e+01   -1.2761237903e-01
5.8974026393e+01   -1.2697635207e-01
5.8984026393e+01   -1.2062146334e-01
5.9062227761e+01   -7.1467891820e-02
5.9140429130e+01   -2.3996408655e-02
5.9218630499e+01   2.0730425382e-02
5.9296831867e+01   6.1687071631e-02
5.9375033236e+01   9.8039759813e-02
5.9453234604e+01   1.2929678922e-01
5.9531435973e+01   1.5538447918e-01
5.9609637341e+01   1.7660746484e-01
5.9687838710e+01   1.9351581968e-01
5.9766040078e+01   2.0674596342e-01
5.9844241447e+01   2.1689575929e-01
5.9922442815e+01   2.2445723805e-01
6.0000644184e+01   2.2979885294e-01
6.0000744184e+01   2.2980438252e-01
6.0001744184e+01   2.2985950256e-01
6.0011744184e+01   2.3039320901e-01
6.0089945552e+01   2.3350853756e-01
6.0168146921e+01   2.3484849050e-01
6.0246348289e+01   2.3451310312e-01
6.0324549658e+01   2.3256445758e-01
6.0402751026e+01   2.2904262168e-01
6.0480952395e+01   2.2397695951e-01
6.0559153763e+01   2.1739376931e-01
6.0637355132e+01   2.0932123078e-01
6.0715556500e+01   1.9979248302e-01
6.0793757869e+01   1.8884745168e-01
6.0871959238e+01   1.7653386349e-01
6.0950160606e+01   1.6290773919e-01
6.1028361975e+01   1.4803355269e-01
6.1106563343e+01   1.3198417347e-01
6.1184764712e+01   1.1484066220e-01
6.1262966080e+01   9.6691960985e-02
6.1341167449e+01   7.7634502442e-02
6.1419368817e+01   5.7771751486e-02
6.1497570186e+01   3.7213688804e-02
6.1575771554e+01   1.6076241780e-02
6.1653972923e+01   -5.5193325398e-03
6.1732174291e+01   -2.7447108449e-02
6.1810375660e+01   -4.9577192734e-02
6.1888577028e+01   -7.1776462177e-02
6.1966778397e+01   -9.3909333206e-02
6.2044979765e+01   -1.1583855943e-01
6.2123181134e+01   -1.3742605261e-01
6.2201382502e+01   -1.5853372235e-01
6.2279583871e+01   -1.7902432979e-01
6.2357785239e+01   -1.9876235009e-01
6.2435986608e+01   -2.1761483889e-01
6.2514187977e+01   -2.3545229730e-01
6.2592389345e+01   -2.5214953022e-01
6.2670590714e+01   -2.6758649286e-01
6.2748792082e+01   -2.8164911993e-01
6.2826993451e+01   -2.9423013253e-01
6.2905194819e+01   -3.0522981730e-01
6.2983396188e+01   -3.1455677311e-01
6.3061597556e+01   -3.2212862015e-01
6.3139798925e+01   -3.2787266674e-01
6.3218000293e+01   -3.3172652947e-01
6.3296201662e+01   -3.3363870227e-01
6.3374403030e+01   -3.3356907044e-01
6.3452604399e+01   -3.3148936586e-01
6.3530805767e+01   -3.2738355999e-01
6.3609007136e+01   -3.2124819136e-01
6.3687208504e+01   -3.1309262461e-01
6.3765409873e+01   -3.0293923839e-01
6.3843611241e+01   -2.9082353943e-01
6.3921812610e+01   -2.7679420012e-01
6.4000013978e+01   -2.6091301701e-01
6.4078215347e+01   -2.4325478694e-01
6.4156416716e+01   -2.2390709747e-01
6.4234618084e+01   -2.0297002703e-01
6.4312819453e+01   -1.8055574965e-01
6.4391020821e+01   -1.5678803769e-01
6.4469222190e+01   -1.3180165490e-01
6.4547423558e+01   -1.0574163136e-01
6.4625624927e+01   -7.8762411349e-02
6.4703826295e+01   -5.1026866326e-02
6.4782027664e+01   -2.2705167613e-02
6.4860229032e+01   6.0264811919e-03
6.4938430401e+01   3.4987244241e-02
6.5016631769e+01   6.3993166978e-02
6.5094833138e+01   9.2858771054e-02
6.5173034506e+01   1.2139868452e-01
6.5251235875e+01   1.4942924910e-01
6.5329437243e+01   1.7677003905e-01
6.5407638612e+01   2.0324522742e-01
6.5485839980e+01   2.2868474609e-01
6.5564041349e+01   2.5292520789e-01
6.5642242718e+01   2.7581058764e-01
6.5720444086e+01   2.9719269092e-01
6.5798645455e+01   3.1693146673e-01
6.5876846823e+01   3.3489523835e-01
6.5955048192e+01   3.5096093030e-01
6.6033249560e+01   3.6501435868e-01
6.6111450929e+01   3.7695063020e-01
6.6189652297e+01   3.8667466719e-01
6.6267853666e+01   3.9410184871e-01
6.6346055034e+01   3.9915873638e-01
6.6424256403e+01   4.0178384132e-01
6.6502457771e+01   4.0192838588e-01
6.6580659140e+01   3.9955701877e-01
6.6658860508e+01   3.9464845100e-01
6.6737061877e+01   3.8719599122e-01
6.6815263245e+01   3.7720796814e-01
6.6893464614e+01   3.6470803551e-01
6.6971665982e+01   3.4973535903e-01
6.7049867351e+01   3.3234468766e-01
6.7128068719e+01   3.1260631230e-01
6.7206270088e+01   2.9060591490e-01
6.7284471457e+01   2.6644431115e-01
6.7362672825e+01   2.4023708896e-01
6.7440874194e+01   2.1211414536e-01
6.7519075562e+01   1.8221912445e-01
6.7597276931e+01   1.5070875884e-01
6.7675478299e+01   1.1775211815e-01
6.7753679668e+01   8.3529768166e-02
6.7831881036e+01   4.8232844580e-02
6.7910082405e+01   1.2062045709e-02
6.7988283773e+01   -2.4773450701e-02
6.8066485142e+01   -6.2057140969e-02
6.8144686510e+01   -9.9566413229e-02
6.8222887879e+01   -1.3707382295e-01
6.8301089247e+01   -1.7434841928e-01
6.8379290616e+01   -2.1115711487e-01
6.8457491984e+01   -2.4726609157e-01
6.8535693353e+01   -2.8244223380e-01
6.8613894721e+01   -3.1645458163e-01
6.8692096090e+01   -3.4907579478e-01
6.8770297458e+01   -3.8008361920e-01
6.8848498827e+01   -4.0926234732e-01
6.8926700196e+01   -4.3640426349e-01
6.9004901564e+01   -4.6131106576e-01
6.9083102933e+01   -4.8379525566e-01
6.9161304301e+01   -5.0368148779e-01
6.9239505670e+01   -5.2080787119e-01
6.9317707038e+01   -5.3502721539e-01
6.9395908407e+01   -5.4620821411e-01
6.9474109775e+01   -5.5423656107e-01
6.9552311144e+01   -5.5901599289e-01
6.9552411144e+01   -5.5901998958e-01
6.9553411144e+01   -5.5905965714e-01
6.9563411144e+01   -5.5942637212e-01
6.9641612512e+01   -5.6040239451e-01
6.9719813881e+01   -5.5798841273e-01
6.9798015249e+01   -5.5215078428e-01
6.9876216618e+01   -5.4287741686e-01
6.9954417986e+01   -5.3017843512e-01
7.0032619355e+01   -5.1408679878e-01
7.0110820723e+01   -4.9465889430e-01
7.0189022092e+01   -4.7197513162e-01
7.0267223460e+01   -4.4614059042e-01
7.0345424829e+01   -4.1728577602e-01
7.0423626197e+01   -3.8556756357e-01
7.0501827566e+01   -3.5117042951e-01
7.0580028935e+01   -3.1430808601e-01
7.0658230303e+01   -2.7522563915e-01
7.0736431672e+01   -2.3420236602e-01
7.0814633040e+01   -1.9155511879e-01
7.0892834409e+01   -1.4764216949e-01
7.0971035777e+01   -1.0286694584e-01
7.1049237146e+01   -5.7680529667e-02
7.1127438514e+01   -1.2581010976e-02
7.1127538514e+01   -1.2523622061e-02
7.1128538514e+01   -1.1949789218e-02
7.1138538514e+01   -6.2173290884e-03
7.1216739883e+01   3.8122513738e-02
7.1294941251e+01   8.1192362248e-02
7.1373142620e+01   1.2243249982e-01
7.1451343988e+01   1.6132679761e-01
7.1529545357e+01   1.9744433731e-01
7.1607746725e+01   2.3047462016e-01
7.1685948094e+01   2.6024535682e-01
7.1764149462e+01   2.8671654899e-01
7.1842350831e+01   3.0995290953e-01
7.1920552199e+01   3.3008398174e-01
7.1998753568e+01   3.4726374763e-01
7.2076954936e+01   3.6163879390e-01
7.2155156305e+01   3.7332897132e-01
7.2233357674e+01   3.8241994150e-01
7.2311559042e+01   3.8896450756e-01
7.2389760411e+01   3.9298907027e-01
7.2467961779e+01   3.9450214803e-01
7.2468061779e+01   3.9450247518e-01
7.2469061779e+01   3.9450552073e-01
7.2479061779e+01   3.9451338054e-01
7.2557263148e+01   3.9315726947e-01
7.2635464516e+01   3.8928593221e-01
7.2713665885e+01   3.8290145811e-01
7.2791867253e+01   3.7401452253e-01
7.2870068622e+01   3.6264715724e-01
7.2948269990e+01   3.4883451723e-01
7.3026471359e+01   3.3262591983e-01
7.3104672727e+01   3.1408537633e-01
7.3182874096e+01   2.9329177391e-01
7.3261075464e+01   2.7033881329e-01
7.3339276833e+01   2.4533476753e-01
7.3417478201e+01   2.1840210062e-01
7.3495679570e+01   1.8967696808e-01
7.3573880938e+01   1.5930861264e-01
7.3652082307e+01   1.2745866304e-01
7.3730283675e+01   9.4300341565e-02
7.3808485044e+01   6.0017585380e-02
7.3886686413e+01   2.4804086426e-02
7.3964887781e+01   -1.1137745209e-02
7.4043089150e+01   -4.7597888994e-02
7.4121290518e+01   -8.4359886959e-02
7.4199491887e+01   -1.2120207574e-01
7.4277693255e+01   -1.5789887106e-01
7.4355894624e+01   -1.9422209751e-01
7.4434095992e+01   -2.2994235629e-01
7.4512297361e+01   -2.6483042312e-01
7.4590498729e+01   -2.9865866829e-01
7.4668700098e+01   -3.3120249062e-01
7.4746901466e+01   -3.6224175695e-01
7.4747001466e+01   -3.6228039300e-01
7.4748001466e+01   -3.6266659871e-01
7.4758001466e+01   -3.6651309297e-01
7.4836202835e+01   -3.9557265277e-01
7.4914404203e+01   -4.2267783683e-01
7.4992605572e+01   -4.4763183243e-01
7.5070806940e+01   -4.7024813029e-01
7.5149008309e+01   -4.9035185854e-01
7.5227209677e+01   -5.0778107100e-01
7.5305411046e+01   -5.2238798257e-01
7.5383612414e+01   -5.3404014459e-01
7.5461813783e+01   -5.4262155447e-01
7.5540015152e+01   -5.4803369418e-01
7.5618216520e+01   -5.5019649401e-01
7.5696417889e+01   -5.4904921922e-01
7.5774619257e+01   -5.4455127941e-01
7.5852820626e+01   -5.3668296316e-01
7.5931021994e+01   -5.2544610375e-01
7.6009223363e+01   -5.1086468646e-01
7.6087424731e+01   -4.9298541396e-01
7.6165626100e+01   -4.7187825400e-01
7.6243827468e+01   -4.4763700275e-01
7.6322028837e+01   -4.2037990844e-01
7.6400230205e+01   -3.9025041572e-01
7.6400330205e+01   -3.9021011831e-01
7.6401330205e+01   -3.8980690099e-01
7.6411330205e+01   -3.8575048583e-01
7.6489531574e+01   -3.5254984577e-01
7.6567732942e+01   -3.1687363532e-01
7.6645934311e+01   -2.7895210938e-01
7.6724135679e+01   -2.3904692235e-01
7.6802337048e+01   -1.9745375326e-01
7.6880538416e+01   -1.5450528516e-01
7.6958739785e+01   -1.1057414899e-01
7.7036941153e+01   -6.6075024550e-02
7.7115142522e+01   -2.1464515313e-02
7.7193343891e+01   2.2763208335e-02
7.7271545259e+01   6.6087375337e-02
7.7349746628e+01   1.0798017664e-01
7.7427947996e+01   1.4793519399e-01
7.7506149365e+01   1.8550178083e-01
7.7584350733e+01   2.2031873874e-01
7.7662552102e+01   2.5213838282e-01
7.7740753470e+01   2.8083342166e-01
7.7818954839e+01   3.0638425857e-01
7.7897156207e+01   3.2885092715e-01
7.7897256207e+01   3.2887772418e-01
7.7898256207e+01   3.2914542650e-01
7.7908256207e+01   3.3179570323e-01
7.7986457576e+01   3.5086984007e-01
7.8064658944e+01   3.6709846083e-01
7.8142860313e+01   3.8058496753e-01
7.8221061681e+01   3.9140721936e-01
7.8299263050e+01   3.9961475110e-01
7.8377464418e+01   4.0523215864e-01
7.8455665787e+01   4.0826577013e-01
7.8533867155e+01   4.0871132090e-01
7.8612068524e+01   4.0656118067e-01
7.8690269892e+01   4.0181039851e-01
7.8768471261e+01   3.9446134141e-01
7.8846672630e+01   3.8452701057e-01
7.8924873998e+01   3.7203326262e-01
7.9003075367e+01   3.5702019604e-01
7.9081276735e+01   3.3954293501e-01
7.9159478104e+01   3.1967199174e-01
7.9237679472e+01   2.9749333417e-01
7.9315880841e+01   2.7310824197e-01
7.9394082209e+01   2.4663300135e-01
7.9472283578e+01   2.1819846841e-01
7.9550484946e+01   1.8794951795e-01
7.9628686315e+01   1.5604438797e-01
7.9706887683e+01   1.2265392653e-01
7.9785089052e+01   8.7960746075e-02
7.9863290420e+01   5.2158290108e-02
7.9941491789e+01   1.5449816901e-02
8.0000000000e+01   -1.2480313225e-02
