X    Y
0.0000000000e+00   0.0000000000e+00
7.8163165608e-03   0.0000000000e+00
1.5632633122e-02   1.3879486250e-16
2.3448949682e-02   1.3881612663e-16
3.1265266243e-02   1.3884593880e-16
3.9081582804e-02   1.3888432747e-16
4.6897899365e-02   1.3893132381e-16
5.4714215926e-02   1.3898696179e-16
6.2530532487e-02   1.3905127816e-16
7.0346849047e-02   1.3912431251e-16
7.8163165608e-02   1.3920610729e-16
8.5979482169e-02   1.3929670789e-16
9.3795798730e-02   1.3939616265e-16
1.0161211529e-01   1.3950452289e-16
1.0942843185e-01   0.0000000000e+00
1.1724474841e-01   0.0000000000e+00
1.2506106497e-01   1.3988359601e-16
1.3287738153e-01   2.8005630678e-16
1.4069369809e-01   4.2054575933e-16
1.4851001466e-01   5.6137986254e-16
1.5632633122e-01   7.0258682416e-16
1.6414264778e-01   8.4419516825e-16
1.7195896434e-01   9.8623375299e-16
1.7977528090e-01   1.2698232627e-15
1.8759159746e-01   1.4130209539e-15
1.9540791402e-01   1.6982699207e-15
2.0322423058e-01   2.1262914523e-15
2.1104054714e-01   2.5558740991e-15
2.1885686370e-01   3.1293531130e-15
2.2667318026e-01   3.7050994491e-15
2.3448949682e-01   4.5687879281e-15
2.4230581339e-01   5.4361216677e-15
2.5012212995e-01   6.5939885859e-15
2.5793844651e-01   7.7570990455e-15
2.6575476307e-01   9.0696801500e-15
2.7357107963e-01   1.0532972705e-14
2.8138739619e-01   1.2148288635e-14
2.8920371275e-01   1.4061981535e-14
2.9702002931e-01   1.6276583941e-14
3.0483634587e-01   1.8649077970e-14
3.1265266243e-01   2.1327224725e-14
3.2046897899e-01   2.4313968565e-14
3.2828529555e-01   2.7759284427e-14
3.3610161212e-01   3.1520392431e-14
3.4391792868e-01   3.5453033830e-14
3.5173424524e-01   3.9707677621e-14
3.5955056180e-01   4.4436709852e-14
3.6736687836e-01   4.9496395422e-14
3.7518319492e-01   5.5040471649e-14
3.8299951148e-01   6.1074783048e-14
3.9081582804e-01   6.7304314531e-14
3.9863214460e-01   7.4034525818e-14
4.0644846116e-01   8.1272037420e-14
4.1426477772e-01   8.8871595567e-14
4.2208109428e-01   9.6991483960e-14
4.2989741085e-01   1.0548589503e-13
4.3771372741e-01   1.1451480865e-13
4.4553004397e-01   1.2377731343e-13
4.5334636053e-01   1.3358846066e-13
4.6116267709e-01   1.4364542621e-13
4.6897899365e-01   1.5395340469e-13
4.7679531021e-01   1.6467491356e-13
4.8461162677e-01   1.7565978885e-13
4.9242794333e-01   1.8691387120e-13
5.0024425989e-01   1.9828395231e-13
5.0806057645e-01   2.0961406177e-13
5.1587689301e-01   2.2106684162e-13
5.2369320957e-01   2.3232340295e-13
5.3150952614e-01   2.4338328576e-13
5.3932584270e-01   2.5424592768e-13
5.4714215926e-01   2.6474662973e-13
5.5495847582e-01   2.7471712497e-13
5.6277479238e-01   2.8398536153e-13
5.7059110894e-01   2.9254196557e-13
5.7840742550e-01   3.0004179181e-13
5.8622374206e-01   3.0646866582e-13
5.9404005862e-01   3.1163600619e-13
6.0185637518e-01   3.1535233571e-13
6.0967269174e-01   3.1724941684e-13
6.1748900830e-01   3.1729458479e-13
6.2530532487e-01   3.1510611320e-13
6.3312164143e-01   3.1064134613e-13
6.4093795799e-01   3.0350361178e-13
6.4875427455e-01   2.9346183560e-13
6.5657059111e-01   2.8009921380e-13
6.6438690767e-01   2.6334522968e-13
6.7220322423e-01   2.4276434349e-13
6.8001954079e-01   2.1772505007e-13
6.8783585735e-01   1.8830926742e-13
6.9565217391e-01   1.5404512848e-13
7.0346849047e-01   1.1444460089e-13
7.1128480703e-01   6.9190018060e-14
7.1910112360e-01   1.7951354080e-14
7.2691744016e-01   3.9995409637e-14
7.3473375672e-01   1.0482444407e-13
7.4255007328e-01   1.7710591235e-13
7.5036638984e-01   2.5723708024e-13
7.5818270640e-01   3.4563224425e-13
7.6599902296e-01   4.4272376479e-13
7.7381533952e-01   5.4896317152e-13
7.8163165608e-01   6.6502442045e-13
7.8944797264e-01   7.9140654855e-13
7.9726428920e-01   9.2842606657e-13
8.0508060576e-01   1.0768319821e-12
8.1289692233e-01   1.2371975765e-12
8.2071323889e-01   1.4097005349e-12
8.2852955545e-01   1.5951733187e-12
8.3634587201e-01   1.7942721260e-12
8.4416218857e-01   2.0072500290e-12
8.5197850513e-01   2.2348188708e-12
8.5979482169e-01   2.4773934416e-12
8.6761113825e-01   2.7356394836e-12
8.7542745481e-01   3.0101459773e-12
8.8324377137e-01   3.3013059517e-12
8.9106008793e-01   3.6097721598e-12
8.9887640449e-01   3.9360005698e-12
9.0669272106e-01   4.2805973672e-12
9.1450903762e-01   4.6438447553e-12
9.2232535418e-01   5.0264158094e-12
9.3014167074e-01   5.4287795202e-12
9.3795798730e-01   5.8514392556e-12
9.4577430386e-01   6.2948080287e-12
9.5359062042e-01   6.7593317500e-12
9.6140693698e-01   7.2453608962e-12
9.6922325354e-01   7.7532767358e-12
9.7703957010e-01   8.2834937453e-12
9.8485588666e-01   8.8363256253e-12
9.9267220322e-01   9.4121166259e-12
1.0004885198e+00   1.0010962305e-11
1.0083048363e+00   1.0633119304e-11
1.0161211529e+00   1.1278872870e-11
1.0239374695e+00   1.1948391462e-11
1.0317537860e+00   1.2641716955e-11
1.0395701026e+00   1.3358906552e-11
1.0473864191e+00   1.4100033972e-11
1.0552027357e+00   1.4865032313e-11
1.0630190523e+00   1.5653842223e-11
1.0708353688e+00   1.6466083338e-11
1.0786516854e+00   1.7301693390e-11
1.0864680020e+00   1.8160446232e-11
1.0942843185e+00   1.9041760076e-11
1.1021006351e+00   1.9945194220e-11
1.1099169516e+00   2.0870099148e-11
1.1177332682e+00   2.1815964857e-11
1.1255495848e+00   2.2782054893e-11
1.1333659013e+00   2.3767573722e-11
1.1411822179e+00   2.4771259069e-11
1.1489985344e+00   2.5792140974e-11
1.1568148510e+00   2.6828737895e-11
1.1646311676e+00   2.7879849272e-11
1.1724474841e+00   2.8943706260e-11
1.1802638007e+00   3.0018230966e-11
1.1880801172e+00   3.1101457296e-11
1.1958964338e+00   3.2190820563e-11
1.2037127504e+00   3.3283683183e-11
1.2115290669e+00   3.4376933376e-11
1.2193453835e+00   3.5467166959e-11
1.2271617000e+00   3.6550218671e-11
1.2349780166e+00   3.7621445751e-11
1.2427943332e+00   3.8675334605e-11
1.2506106497e+00   3.9706090036e-11
1.2584269663e+00   4.0706285605e-11
1.2662432829e+00   4.1667670170e-11
1.2740595994e+00   4.2580092564e-11
1.2818759160e+00   4.3431580975e-11
1.2896922325e+00   4.4208249069e-11
1.2975085491e+00   4.4892543656e-11
1.3053248657e+00   4.5463463627e-11
1.3131411822e+00   4.5894459451e-11
1.3209574988e+00   4.6152445648e-11
1.3287738153e+00   4.6194960794e-11
1.3365901319e+00   4.5966728069e-11
1.3444064485e+00   4.5394359267e-11
1.3522227650e+00   4.4378524936e-11
1.3600390816e+00   4.2780573864e-11
1.3678553981e+00   4.0401336000e-11
1.3756717147e+00   3.6943559308e-11
1.3834880313e+00   3.1943009031e-11
1.3913043478e+00   2.4631405065e-11
1.3991206644e+00   1.3639503389e-11
1.4069369809e+00   3.7362426351e-12
1.4147532975e+00   3.3681385506e-11
1.4225696141e+00   9.4135380584e-11
1.4303859306e+00   2.6798192162e-10
1.4382022472e+00   3.7989583728e-09
1.4460185638e+00   5.6451741598e-10
1.4538348803e+00   3.2540125251e-10
1.4616511969e+00   2.5304777464e-10
1.4694675134e+00   2.1902829321e-10
1.4772838300e+00   1.9985869537e-10
1.4851001466e+00   1.8798940973e-10
1.4929164631e+00   1.8025032619e-10
1.5007327797e+00   1.7507766559e-10
1.5085490962e+00   1.7161100112e-10
1.5163654128e+00   1.6933785497e-10
1.5241817294e+00   1.6793401751e-10
1.5319980459e+00   1.6718441109e-10
1.5398143625e+00   1.6694098093e-10
1.5476306790e+00   1.6709845016e-10
1.5554469956e+00   1.6757996032e-10
1.5632633122e+00   1.6832846521e-10
1.5710796287e+00   1.6930065790e-10
1.5788959453e+00   1.7046323023e-10
1.5867122618e+00   1.7178994722e-10
1.5945285784e+00   1.7326057729e-10
1.6023448950e+00   1.7485894936e-10
1.6101612115e+00   1.7657218622e-10
1.6179775281e+00   1.7839029146e-10
1.6257938447e+00   1.8030466502e-10
1.6336101612e+00   1.8230937296e-10
1.6414264778e+00   1.8439914200e-10
1.6492427943e+00   1.8657027956e-10
1.6570591109e+00   1.8881988758e-10
1.6648754275e+00   1.9114608835e-10
1.6726917440e+00   1.9354773640e-10
1.6805080606e+00   1.9602429996e-10
1.6883243771e+00   1.9857576486e-10
1.6961406937e+00   2.0120266207e-10
1.7039570103e+00   2.0390598738e-10
1.7117733268e+00   2.0668733475e-10
1.7195896434e+00   2.0954852185e-10
1.7274059599e+00   2.1249212661e-10
1.7352222765e+00   2.1552046845e-10
1.7430385931e+00   2.1863671638e-10
1.7508549096e+00   2.2184408507e-10
1.7586712262e+00   2.2514634057e-10
1.7664875427e+00   2.2854723742e-10
1.7743038593e+00   2.3205133132e-10
1.7821201759e+00   2.3566325547e-10
1.7899364924e+00   2.3938755898e-10
1.7977528090e+00   2.4322977663e-10
1.8055691255e+00   2.4719528874e-10
1.8133854421e+00   2.5128991898e-10
1.8212017587e+00   2.5551974902e-10
1.8290180752e+00   2.5989137275e-10
1.8368343918e+00   2.6441143937e-10
1.8446507084e+00   2.6908718513e-10
1.8524670249e+00   2.7392585604e-10
1.8602833415e+00   2.7893509586e-10
1.8680996580e+00   2.8412303912e-10
1.8759159746e+00   2.8949802240e-10
1.8837322912e+00   2.9506893557e-10
1.8915486077e+00   3.0084481850e-10
1.8993649243e+00   3.0683520534e-10
1.9071812408e+00   3.1304985599e-10
1.9149975574e+00   3.1949896962e-10
1.9228138740e+00   3.2619326586e-10
1.9306301905e+00   3.3314361772e-10
1.9384465071e+00   3.4036169586e-10
1.9462628236e+00   3.4785916479e-10
1.9540791402e+00   3.5564853097e-10
1.9618954568e+00   3.6374246407e-10
1.9697117733e+00   3.7215419999e-10
1.9775280899e+00   3.8089730516e-10
1.9853444064e+00   3.8998625574e-10
1.9931607230e+00   3.9943559798e-10
2.0009770396e+00   4.0926053027e-10
2.0087933561e+00   4.1947705749e-10
2.0166096727e+00   4.3010138118e-10
2.0244259893e+00   4.4115026630e-10
2.0322423058e+00   4.5264156336e-10
2.0400586224e+00   4.6459324393e-10
2.0478749389e+00   4.7702411725e-10
2.0556912555e+00   4.8995343545e-10
2.0635075721e+00   5.0340174877e-10
2.0713238886e+00   5.1738946012e-10
2.0791402052e+00   5.3193854772e-10
2.0869565217e+00   5.4707097018e-10
2.0947728383e+00   5.6281001082e-10
2.1025891549e+00   5.7917955717e-10
2.1104054714e+00   5.9620424295e-10
2.1182217880e+00   6.1390974251e-10
2.1260381045e+00   6.3232256916e-10
2.1338544211e+00   6.5147004495e-10
2.1416707377e+00   6.7138042901e-10
2.1494870542e+00   6.9208334742e-10
2.1573033708e+00   7.1360897584e-10
2.1651196873e+00   7.3598863336e-10
2.1729360039e+00   7.5925489273e-10
2.1807523205e+00   7.8344153687e-10
2.1885686370e+00   8.0858322546e-10
2.1963849536e+00   8.3471590881e-10
2.2042012702e+00   8.6187693124e-10
2.2120175867e+00   8.9010470178e-10
2.2198339033e+00   9.1943909136e-10
2.2276502198e+00   9.4992124899e-10
2.2354665364e+00   9.8159370693e-10
2.2432828530e+00   1.0145004817e-09
2.2510991695e+00   1.0486871710e-09
2.2589154861e+00   1.0842009120e-09
2.2667318026e+00   1.1210903432e-09
2.2745481192e+00   1.1594058356e-09
2.2823644358e+00   1.1991993184e-09
2.2901807523e+00   1.2405246383e-09
2.2979970689e+00   1.2834373835e-09
2.3058133854e+00   1.3279948472e-09
2.3136297020e+00   1.3742565056e-09
2.3214460186e+00   1.4222834602e-09
2.3292623351e+00   1.4721391676e-09
2.3370786517e+00   1.5238890128e-09
2.3448949682e+00   1.5776006481e-09
2.3527112848e+00   1.6333435803e-09
2.3605276014e+00   1.6911900003e-09
2.3683439179e+00   1.7512141230e-09
2.3761602345e+00   1.8134927627e-09
2.3839765511e+00   1.8781049286e-09
2.3917928676e+00   1.9451323916e-09
2.3996091842e+00   2.0146594027e-09
2.4074255007e+00   2.0867728949e-09
2.4152418173e+00   2.1615625636e-09
2.4230581339e+00   2.2391207141e-09
2.4308744504e+00   2.3195426939e-09
2.4386907670e+00   2.4029266244e-09
2.4465070835e+00   2.4893739418e-09
2.4543234001e+00   2.5789886778e-09
2.4621397167e+00   2.6718783420e-09
2.4699560332e+00   2.7681535477e-09
2.4777723498e+00   2.8679282087e-09
2.4855886663e+00   2.9713194016e-09
2.4934049829e+00   3.0784480047e-09
2.5012212995e+00   3.1894383356e-09
2.5090376160e+00   3.3044179137e-09
2.5168539326e+00   3.4235184212e-09
2.5246702491e+00   3.5468750260e-09
2.5324865657e+00   3.6746263705e-09
2.5403028823e+00   3.8069154150e-09
2.5481191988e+00   3.9438889900e-09
2.5559355154e+00   4.0856975761e-09
2.5637518319e+00   4.2324961420e-09
2.5715681485e+00   4.3844437112e-09
2.5793844651e+00   4.5417035675e-09
2.5872007816e+00   4.7044430467e-09
2.5950170982e+00   4.8728339538e-09
2.6028334148e+00   5.0470527695e-09
2.6106497313e+00   5.2272798365e-09
2.6184660479e+00   5.4137008029e-09
2.6262823644e+00   5.6065056092e-09
2.6340986810e+00   5.8058885122e-09
2.6419149976e+00   6.0120491125e-09
2.6497313141e+00   6.2251911696e-09
2.6575476307e+00   6.4455240305e-09
2.6653639472e+00   6.6732614598e-09
2.6731802638e+00   6.9086218806e-09
2.6809965804e+00   7.1518290062e-09
2.6888128969e+00   7.4031118770e-09
2.6966292135e+00   7.6627043178e-09
2.7044455300e+00   7.9308449943e-09
2.7122618466e+00   8.2077782455e-09
2.7200781632e+00   8.4937531722e-09
2.7278944797e+00   8.7890240921e-09
2.7357107963e+00   9.0938507995e-09
2.7435271128e+00   9.4084982543e-09
2.7513434294e+00   9.7332364723e-09
2.7591597460e+00   1.0068340990e-08
2.7669760625e+00   1.0414092386e-08
2.7747923791e+00   1.0770776563e-08
2.7826086957e+00   1.1138684661e-08
2.7904250122e+00   1.1518113350e-08
2.7982413288e+00   1.1909364374e-08
2.8060576453e+00   1.2312744487e-08
2.8138739619e+00   1.2728565945e-08
2.8216902785e+00   1.3157146074e-08
2.8295065950e+00   1.3598807218e-08
2.8373229116e+00   1.4053877067e-08
2.8451392281e+00   1.4522688239e-08
2.8529555447e+00   1.5005578256e-08
2.8607718613e+00   1.5502889874e-08
2.8685881778e+00   1.6014970519e-08
2.8764044944e+00   1.6542172267e-08
2.8842208109e+00   1.7084852385e-08
2.8920371275e+00   1.7643372235e-08
2.8998534441e+00   1.8218098002e-08
2.9076697606e+00   1.8809400342e-08
2.9154860772e+00   1.9417654396e-08
2.9233023937e+00   2.0043239267e-08
2.9311187103e+00   2.0686538412e-08
2.9389350269e+00   2.1347938948e-08
2.9467513434e+00   2.2027832236e-08
2.9545676600e+00   2.2726612845e-08
2.9623839766e+00   2.3444679671e-08
2.9702002931e+00   2.4182434210e-08
2.9780166097e+00   2.4940281863e-08
2.9858329262e+00   2.5718630928e-08
2.9936492428e+00   2.6517892494e-08
3.0014655594e+00   2.7338480340e-08
3.0092818759e+00   2.8180811003e-08
3.0170981925e+00   2.9045303334e-08
3.0249145090e+00   2.9932378053e-08
3.0327308256e+00   3.0842458190e-08
3.0405471422e+00   3.1775968293e-08
3.0483634587e+00   3.2733334523e-08
3.0561797753e+00   3.3714984054e-08
3.0639960918e+00   3.4721345518e-08
3.0718124084e+00   3.5752848058e-08
3.0796287250e+00   3.6809921604e-08
3.0874450415e+00   3.7892996110e-08
3.0952613581e+00   3.9002501654e-08
3.1030776746e+00   4.0138868552e-08
3.1108939912e+00   4.1302526063e-08
3.1187103078e+00   4.2493903028e-08
3.1265266243e+00   4.3713427451e-08
3.1343429409e+00   4.4961525736e-08
3.1421592574e+00   4.6238622972e-08
3.1499755740e+00   4.7545142338e-08
3.1577918906e+00   4.8881505035e-08
3.1656082071e+00   5.0248129521e-08
3.1734245237e+00   5.1645432126e-08
3.1812408403e+00   5.3073826115e-08
3.1890571568e+00   5.4533721250e-08
3.1968734734e+00   5.6025523888e-08
3.2046897899e+00   5.7549636715e-08
3.2125061065e+00   5.9106458134e-08
3.2203224231e+00   6.0696382513e-08
3.2281387396e+00   6.2319799392e-08
3.2359550562e+00   6.3977093193e-08
3.2437713727e+00   6.5668643634e-08
3.2515876893e+00   6.7394824737e-08
3.2594040059e+00   6.9156004696e-08
3.2672203224e+00   7.0952545920e-08
3.2750366390e+00   7.2784804713e-08
3.2828529555e+00   7.4653130601e-08
3.2906692721e+00   7.6557866697e-08
3.2984855887e+00   7.8499349180e-08
3.3063019052e+00   8.0477906771e-08
3.3141182218e+00   8.2493861243e-08
3.3219345383e+00   8.4547526877e-08
3.3297508549e+00   8.6639209728e-08
3.3375671715e+00   8.8769208283e-08
3.3453834880e+00   9.0937813060e-08
3.3531998046e+00   9.3145306194e-08
3.3610161212e+00   9.5391961361e-08
3.3688324377e+00   9.7678043872e-08
3.3766487543e+00   1.0000381058e-07
3.3844650708e+00   1.0236950940e-07
3.3922813874e+00   1.0477537977e-07
3.4000977040e+00   1.0722165212e-07
3.4079140205e+00   1.0970854826e-07
3.4157303371e+00   1.1223628093e-07
3.4235466536e+00   1.1480505395e-07
3.4313629702e+00   1.1741506256e-07
3.4391792868e+00   1.2006649330e-07
3.4469956033e+00   1.2275952377e-07
3.4548119199e+00   1.2549432315e-07
3.4626282364e+00   1.2827105200e-07
3.4704445530e+00   1.3108986274e-07
3.4782608696e+00   1.3395089924e-07
3.4860771861e+00   1.3685429785e-07
3.4938935027e+00   1.3980018716e-07
3.5017098192e+00   1.4278868807e-07
3.5095261358e+00   1.4581991448e-07
3.5173424524e+00   1.4889397336e-07
3.5251587689e+00   1.5201096523e-07
3.5329750855e+00   1.5517098458e-07
3.5407914021e+00   1.5837411999e-07
3.5486077186e+00   1.6162045474e-07
3.5564240352e+00   1.6491006806e-07
3.5642403517e+00   1.6824303420e-07
3.5720566683e+00   1.7161942409e-07
3.5798729849e+00   1.7503930578e-07
3.5876893014e+00   1.7850274471e-07
3.5955056180e+00   1.8200980477e-07
3.6033219345e+00   1.8556054881e-07
3.6111382511e+00   1.8915503986e-07
3.6189545677e+00   1.9279334134e-07
3.6267708842e+00   1.9647551808e-07
3.6345872008e+00   2.0020163771e-07
3.6424035173e+00   2.0397177124e-07
3.6502198339e+00   2.0778599398e-07
3.6580361505e+00   2.1164438702e-07
3.6658524670e+00   2.1554703804e-07
3.6736687836e+00   2.1949404258e-07
3.6814851001e+00   2.2348550519e-07
3.6893014167e+00   2.2752154138e-07
3.6971177333e+00   2.3160227840e-07
3.7049340498e+00   2.3572785651e-07
3.7127503664e+00   2.3989843091e-07
3.7205666830e+00   2.4411417345e-07
3.7283829995e+00   2.4837527394e-07
3.7361993161e+00   2.5268194199e-07
3.7440156326e+00   2.5703440899e-07
3.7518319492e+00   2.6143293000e-07
3.7596482658e+00   2.6587778545e-07
3.7674645823e+00   2.7036928360e-07
3.7752808989e+00   2.7490776264e-07
3.7830972154e+00   2.7949359319e-07
3.7909135320e+00   2.8412718060e-07
3.7987298486e+00   2.8880896702e-07
3.8065461651e+00   2.9353943486e-07
3.8143624817e+00   2.9831910885e-07
3.8221787982e+00   3.0314855974e-07
3.8299951148e+00   3.0802840677e-07
3.8378114314e+00   3.1295932102e-07
3.8456277479e+00   3.1794202903e-07
3.8534440645e+00   3.2297731619e-07
3.8612603810e+00   3.2806603069e-07
3.8690766976e+00   3.3320908730e-07
3.8768930142e+00   3.3840747169e-07
3.8847093307e+00   3.4366224484e-07
3.8925256473e+00   3.4897454746e-07
3.9003419638e+00   3.5434560550e-07
3.9081582804e+00   3.5977673489e-07
3.9159745970e+00   3.6526934714e-07
3.9237909135e+00   3.7082495519e-07
3.9316072301e+00   3.7644517987e-07
3.9394235467e+00   3.8213175631e-07
3.9472398632e+00   3.8788654103e-07
3.9550561798e+00   3.9371151921e-07
3.9628724963e+00   3.9960881293e-07
3.9706888129e+00   4.0558068970e-07
3.9785051295e+00   4.1162957115e-07
3.9863214460e+00   4.1775804326e-07
3.9941377626e+00   4.2396886607e-07
4.0019540791e+00   4.3026498543e-07
4.0097703957e+00   4.3664954486e-07
4.0175867123e+00   4.4312589784e-07
4.0254030288e+00   4.4969762218e-07
4.0332193454e+00   4.5636853483e-07
4.0410356619e+00   4.6314270729e-07
4.0488519785e+00   4.7002448365e-07
4.0566682951e+00   4.7701849907e-07
4.0644846116e+00   4.8412969938e-07
4.0723009282e+00   4.9136336409e-07
4.0801172447e+00   4.9872512936e-07
4.0879335613e+00   5.0622101408e-07
4.0957498779e+00   5.1385744831e-07
4.1035661944e+00   5.2164130361e-07
4.1113825110e+00   5.2957992675e-07
4.1191988276e+00   5.3768117644e-07
4.1270151441e+00   5.4595346307e-07
4.1348314607e+00   5.5440579321e-07
4.1426477772e+00   5.6304781772e-07
4.1504640938e+00   5.7188988461e-07
4.1582804104e+00   5.8094309834e-07
4.1660967269e+00   5.9021938410e-07
4.1739130435e+00   5.9973155895e-07
4.1817293600e+00   6.0949341219e-07
4.1895456766e+00   6.1951979223e-07
4.1973619932e+00   6.2982670521e-07
4.2051783097e+00   6.4043142388e-07
4.2129946263e+00   6.5135260924e-07
4.2208109428e+00   6.6261044716e-07
4.2286272594e+00   6.7422680119e-07
4.2364435760e+00   6.8622538387e-07
4.2442598925e+00   6.9863195117e-07
4.2520762091e+00   7.1147452044e-07
4.2598925256e+00   7.2478361851e-07
4.2677088422e+00   7.3859256307e-07
4.2755251588e+00   7.5293778189e-07
4.2833414753e+00   7.6785917942e-07
4.2911577919e+00   7.8340055495e-07
4.2989741085e+00   7.9961008367e-07
4.3067904250e+00   8.1654087104e-07
4.3146067416e+00   8.3425159443e-07
4.3224230581e+00   8.5280724758e-07
4.3302393747e+00   8.7228000803e-07
4.3380556913e+00   8.9275025290e-07
4.3458720078e+00   9.1430775120e-07
4.3536883244e+00   9.3705307204e-07
4.3615046409e+00   9.6109925429e-07
4.3693209575e+00   9.8657379677e-07
4.3771372741e+00   1.0136210414e-06
4.3849535906e+00   1.0424050466e-06
4.3927699072e+00   1.0731130687e-06
4.4005862237e+00   1.1059598096e-06
4.4084025403e+00   1.1411926334e-06
4.4162188569e+00   1.1790980224e-06
4.4240351734e+00   1.2200096259e-06
4.4318514900e+00   1.2643183840e-06
4.4396678065e+00   1.3124853780e-06
4.4474841231e+00   1.3650583013e-06
4.4553004397e+00   1.4226928021e-06
4.4631167562e+00   1.4861804666e-06
4.4709330728e+00   1.5564859835e-06
4.4787493894e+00   1.6347972072e-06
4.4865657059e+00   1.7225936655e-06
4.4943820225e+00   1.8217419552e-06
4.5021983390e+00   1.9346312029e-06
4.5100146556e+00   2.0643696952e-06
4.5178309722e+00   2.2150775320e-06
4.5256472887e+00   2.3923348528e-06
4.5334636053e+00   2.6038915042e-06
4.5412799218e+00   2.8608352142e-06
4.5490962384e+00   3.1796055830e-06
4.5569125550e+00   3.5856664339e-06
4.5647288715e+00   4.1206830422e-06
4.5725451881e+00   4.8578449714e-06
4.5803615046e+00   5.9386359672e-06
4.5881778212e+00   7.6767287974e-06
4.5959941378e+00   1.0934486847e-05
4.6038104543e+00   1.9255131292e-05
4.6116267709e+00   8.5616946305e-05
4.6194430874e+00   3.4088891770e-05
4.6272594040e+00   1.4057257481e-05
4.6350757206e+00   8.7907847793e-06
4.6428920371e+00   6.3606225620e-06
4.6507083537e+00   4.9614789063e-06
4.6585246702e+00   4.0519831916e-06
4.6663409868e+00   3.4133303286e-06
4.6741573034e+00   2.9401838653e-06
4.6819736199e+00   2.5755636844e-06
4.6897899365e+00   2.2859541906e-06
4.6976062531e+00   2.0503531916e-06
4.7054225696e+00   1.8549303605e-06
4.7132388862e+00   1.6902066173e-06
4.7210552027e+00   1.5494676203e-06
4.7288715193e+00   1.4278242263e-06
4.7366878359e+00   1.3216317060e-06
4.7445041524e+00   1.2281174598e-06
4.7523204690e+00   1.1451348351e-06
4.7601367855e+00   1.0709958780e-06
4.7679531021e+00   1.0043549882e-06
4.7757694187e+00   9.4412627567e-07
4.7835857352e+00   8.8942375389e-07
4.7914020518e+00   8.3951733226e-07
4.7992183683e+00   7.9379994248e-07
4.8070346849e+00   7.5176264678e-07
4.8148510015e+00   7.1297555373e-07
4.8226673180e+00   6.7707302146e-07
4.8304836346e+00   6.4374206289e-07
4.8382999511e+00   6.1271317496e-07
4.8461162677e+00   5.8375301903e-07
4.8539325843e+00   5.5665853123e-07
4.8617489008e+00   5.3125214730e-07
4.8695652174e+00   5.0737790259e-07
4.8773815340e+00   4.8489822649e-07
4.8851978505e+00   4.6369129081e-07
4.8930141671e+00   4.4364880317e-07
4.9008304836e+00   4.2467416122e-07
4.9086468002e+00   4.0668090050e-07
4.9164631168e+00   3.8959138230e-07
4.9242794333e+00   3.7333568044e-07
4.9320957499e+00   3.5785063064e-07
4.9399120664e+00   3.4307901847e-07
4.9477283830e+00   3.2896887914e-07
4.9555446996e+00   3.1547289462e-07
4.9633610161e+00   3.0254787132e-07
4.9711773327e+00   2.9015428578e-07
4.9789936492e+00   2.7825588920e-07
4.9868099658e+00   2.6681936050e-07
4.9946262824e+00   2.5581400368e-07
5.0024425989e+00   2.4521147978e-07
5.0102589155e+00   2.3498557155e-07
5.0180752320e+00   2.2511197452e-07
5.0258915486e+00   2.1556811301e-07
5.0337078652e+00   2.0633297420e-07
5.0415241817e+00   1.9738696321e-07
5.0493404983e+00   1.8871177116e-07
5.0571568149e+00   1.8029025800e-07
5.0649731314e+00   1.7210634766e-07
5.0727894480e+00   1.6414493315e-07
5.0806057645e+00   1.5639179141e-07
5.0884220811e+00   1.4883350614e-07
5.0962383977e+00   1.4145739807e-07
5.1040547142e+00   1.3425146227e-07
5.1118710308e+00   1.2720430969e-07
5.1196873473e+00   1.2030511566e-07
5.1275036639e+00   1.1354357177e-07
5.1353199805e+00   1.0690984273e-07
5.1431362970e+00   1.0039452557e-07
5.1509526136e+00   9.3988613854e-08
5.1587689301e+00   8.7683463294e-08
5.1665852467e+00   8.1470761388e-08
5.1744015633e+00   7.5342497974e-08
5.1822178798e+00   6.9290939354e-08
5.1900341964e+00   6.3308603388e-08
5.1978505129e+00   5.7388236765e-08
5.2056668295e+00   5.1522793877e-08
5.2134831461e+00   4.5705417061e-08
5.2212994626e+00   3.9929417945e-08
5.2291157792e+00   3.4188260144e-08
5.2369320957e+00   2.8475543070e-08
5.2447484123e+00   2.2784987078e-08
5.2525647289e+00   1.7110418230e-08
5.2603810454e+00   1.1445755662e-08
5.2681973620e+00   5.7849977765e-09
5.2760136786e+00   1.2221077367e-10
5.2838299951e+00   5.5484831405e-09
5.2916463117e+00   1.1232916826e-08
5.2994626282e+00   1.6936889228e-08
5.3072789448e+00   2.2666174371e-08
5.3150952614e+00   2.8426532213e-08
5.3229115779e+00   3.4223717347e-08
5.3307278945e+00   4.0063488010e-08
5.3385442110e+00   4.5951615021e-08
5.3463605276e+00   5.1893889699e-08
5.3541768442e+00   5.7896132720e-08
5.3619931607e+00   6.3964201440e-08
5.3698094773e+00   7.0103997632e-08
5.3776257938e+00   7.6321475438e-08
5.3854421104e+00   8.2622648084e-08
5.3932584270e+00   8.9013595938e-08
5.4010747435e+00   9.5500472845e-08
5.4088910601e+00   1.0208951311e-07
5.4167073766e+00   1.0878703859e-07
5.4245236932e+00   1.1559946572e-07
5.4323400098e+00   1.2253331146e-07
5.4401563263e+00   1.2959520041e-07
5.4479726429e+00   1.3679187095e-07
5.4557889595e+00   1.4413018209e-07
5.4636052760e+00   1.5161711931e-07
5.4714215926e+00   1.5925980164e-07
5.4792379091e+00   1.6706548713e-07
5.4870542257e+00   1.7504157988e-07
5.4948705423e+00   1.8319563574e-07
5.5026868588e+00   1.9153536865e-07
5.5105031754e+00   2.0006865710e-07
5.5183194919e+00   2.0880354980e-07
5.5261358085e+00   2.1774827213e-07
5.5339521251e+00   2.2691123248e-07
5.5417684416e+00   2.3630102779e-07
5.5495847582e+00   2.4592645009e-07
5.5574010747e+00   2.5579649244e-07
5.5652173913e+00   2.6592035492e-07
5.5730337079e+00   2.7630745058e-07
5.5808500244e+00   2.8696741194e-07
5.5886663410e+00   2.9791009626e-07
5.5964826575e+00   3.0914559230e-07
5.6042989741e+00   3.2068422567e-07
5.6121152907e+00   3.3253656502e-07
5.6199316072e+00   3.4471342791e-07
5.6277479238e+00   3.5722588687e-07
5.6355642404e+00   3.7008527498e-07
5.6433805569e+00   3.8330319173e-07
5.6511968735e+00   3.9689150889e-07
5.6590131900e+00   4.1086237592e-07
5.6668295066e+00   4.2522822638e-07
5.6746458232e+00   4.4000178258e-07
5.6824621397e+00   4.5519606176e-07
5.6902784563e+00   4.7082438145e-07
5.6980947728e+00   4.8690036455e-07
5.7059110894e+00   5.0343794514e-07
5.7137274060e+00   5.2045137346e-07
5.7215437225e+00   5.3795522072e-07
5.7293600391e+00   5.5596438510e-07
5.7371763556e+00   5.7449409550e-07
5.7449926722e+00   5.9355991729e-07
5.7528089888e+00   6.1317775616e-07
5.7606253053e+00   6.3336386349e-07
5.7684416219e+00   6.5413484036e-07
5.7762579384e+00   6.7550764172e-07
5.7840742550e+00   6.9749958067e-07
5.7918905716e+00   7.2012833234e-07
5.7997068881e+00   7.4341193780e-07
5.8075232047e+00   7.6736880713e-07
5.8153395213e+00   7.9201772335e-07
5.8231558378e+00   8.1737784538e-07
5.8309721544e+00   8.4346871110e-07
5.8387884709e+00   8.7031023971e-07
5.8466047875e+00   8.9792273466e-07
5.8544211041e+00   9.2632688582e-07
5.8622374206e+00   9.5554377104e-07
5.8700537372e+00   9.8559485857e-07
5.8778700537e+00   1.0165020080e-06
5.8856863703e+00   1.0482874715e-06
5.8935026869e+00   1.0809738950e-06
5.9013190034e+00   1.1145843182e-06
5.9091353200e+00   1.1491421755e-06
5.9169516365e+00   1.1846712954e-06
5.9247679531e+00   1.2211959002e-06
5.9325842697e+00   1.2587406053e-06
5.9404005862e+00   1.2973304183e-06
5.9482169028e+00   1.3369907370e-06
5.9560332193e+00   1.3777473482e-06
5.9638495359e+00   1.4196264250e-06
5.9716658525e+00   1.4626545241e-06
5.9794821690e+00   1.5068585833e-06
5.9872984856e+00   1.5522659176e-06
5.9951148021e+00   1.5989042157e-06
6.0029311187e+00   1.6468015354e-06
6.0107474353e+00   1.6959862992e-06
6.0185637518e+00   1.7464872889e-06
6.0263800684e+00   1.7983336405e-06
6.0341963850e+00   1.8515548376e-06
6.0420127015e+00   1.9061807054e-06
6.0498290181e+00   1.9622414038e-06
6.0576453346e+00   2.0197674196e-06
6.0654616512e+00   2.0787895590e-06
6.0732779678e+00   2.1393389394e-06
6.0810942843e+00   2.2014469803e-06
6.0889106009e+00   2.2651453944e-06
6.0967269174e+00   2.3304661778e-06
6.1045432340e+00   2.3974415996e-06
6.1123595506e+00   2.4661041918e-06
6.1201758671e+00   2.5364867376e-06
6.1279921837e+00   2.6086222606e-06
6.1358085002e+00   2.6825440118e-06
6.1436248168e+00   2.7582854584e-06
6.1514411334e+00   2.8358802696e-06
6.1592574499e+00   2.9153623043e-06
6.1670737665e+00   2.9967655967e-06
6.1748900830e+00   3.0801243425e-06
6.1827063996e+00   3.1654728840e-06
6.1905227162e+00   3.2528456952e-06
6.1983390327e+00   3.3422773666e-06
6.2061553493e+00   3.4338025890e-06
6.2139716659e+00   3.5274561378e-06
6.2217879824e+00   3.6232728563e-06
6.2296042990e+00   3.7212876388e-06
6.2374206155e+00   3.8215354134e-06
6.2452369321e+00   3.9240511250e-06
6.2530532487e+00   4.0288697169e-06
6.2608695652e+00   4.1360261133e-06
6.2686858818e+00   4.2455552013e-06
6.2765021983e+00   4.3574918118e-06
6.2843185149e+00   4.4718707008e-06
6.2921348315e+00   4.5887265321e-06
6.2999511480e+00   4.7080938561e-06
6.3077674646e+00   4.8300070925e-06
6.3155837811e+00   4.9545005111e-06
6.3234000977e+00   5.0816082110e-06
6.3312164143e+00   5.2113641034e-06
6.3390327308e+00   5.3438018912e-06
6.3468490474e+00   5.4789550504e-06
6.3546653639e+00   5.6168568105e-06
6.3624816805e+00   5.7575401363e-06
6.3702979971e+00   5.9010377085e-06
6.3781143136e+00   6.0473819052e-06
6.3859306302e+00   6.1966047840e-06
6.3937469468e+00   6.3487380629e-06
6.4015632633e+00   6.5038131038e-06
6.4093795799e+00   6.6618608939e-06
6.4171958964e+00   6.8229120293e-06
6.4250122130e+00   6.9869966982e-06
6.4328285296e+00   7.1541446650e-06
6.4406448461e+00   7.3243852539e-06
6.4484611627e+00   7.4977473353e-06
6.4562774792e+00   7.6742593101e-06
6.4640937958e+00   7.8539490970e-06
6.4719101124e+00   8.0368441187e-06
6.4797264289e+00   8.2229712904e-06
6.4875427455e+00   8.4123570081e-06
6.4953590620e+00   8.6050271381e-06
6.5031753786e+00   8.8010070078e-06
6.5109916952e+00   9.0003213968e-06
6.5188080117e+00   9.2029945297e-06
6.5266243283e+00   9.4090500696e-06
6.5344406448e+00   9.6185111130e-06
6.5422569614e+00   9.8314001857e-06
6.5500732780e+00   1.0047739240e-05
6.5578895945e+00   1.0267549655e-05
6.5657059111e+00   1.0490852232e-05
6.5735222277e+00   1.0717667203e-05
6.5813385442e+00   1.0948014228e-05
6.5891548608e+00   1.1181912401e-05
6.5969711773e+00   1.1419380259e-05
6.6047874939e+00   1.1660435787e-05
6.6126038105e+00   1.1905096428e-05
6.6204201270e+00   1.2153379097e-05
6.6282364436e+00   1.2405300193e-05
6.6360527601e+00   1.2660875614e-05
6.6438690767e+00   1.2920120775e-05
6.6516853933e+00   1.3183050630e-05
6.6595017098e+00   1.3449679693e-05
6.6673180264e+00   1.3720022058e-05
6.6751343429e+00   1.3994091434e-05
6.6829506595e+00   1.4271901166e-05
6.6907669761e+00   1.4553464273e-05
6.6985832926e+00   1.4838793478e-05
6.7063996092e+00   1.5127901248e-05
6.7142159257e+00   1.5420799832e-05
6.7220322423e+00   1.5717501304e-05
6.7298485589e+00   1.6018017610e-05
6.7376648754e+00   1.6322360616e-05
6.7454811920e+00   1.6630542159e-05
6.7532975085e+00   1.6942574104e-05
6.7611138251e+00   1.7258468400e-05
6.7689301417e+00   1.7578237148e-05
6.7767464582e+00   1.7901892659e-05
6.7845627748e+00   1.8229447530e-05
6.7923790914e+00   1.8560914715e-05
6.8001954079e+00   1.8896307601e-05
6.8080117245e+00   1.9235640094e-05
6.8158280410e+00   1.9578926700e-05
6.8236443576e+00   1.9926182622e-05
6.8314606742e+00   2.0277423848e-05
6.8392769907e+00   2.0632667258e-05
6.8470933073e+00   2.0991930724e-05
6.8549096238e+00   2.1355233224e-05
6.8627259404e+00   2.1722594956e-05
6.8705422570e+00   2.2094037463e-05
6.8783585735e+00   2.2469583756e-05
6.8861748901e+00   2.2849258453e-05
6.8939912066e+00   2.3233087915e-05
6.9018075232e+00   2.3621100400e-05
6.9096238398e+00   2.4013326209e-05
6.9174401563e+00   2.4409797857e-05
6.9252564729e+00   2.4810550238e-05
6.9330727894e+00   2.5215620806e-05
6.9408891060e+00   2.5625049760e-05
6.9487054226e+00   2.6038880245e-05
6.9565217391e+00   2.6457158555e-05
6.9643380557e+00   2.6879934351e-05
6.9721543723e+00   2.7307260891e-05
6.9799706888e+00   2.7739195266e-05
6.9877870054e+00   2.8175798656e-05
6.9956033219e+00   2.8617136592e-05
7.0034196385e+00   2.9063279238e-05
7.0112359551e+00   2.9514301681e-05
7.0190522716e+00   2.9970284247e-05
7.0268685882e+00   3.0431312822e-05
7.0346849047e+00   3.0897479200e-05
7.0425012213e+00   3.1368881446e-05
7.0503175379e+00   3.1845624282e-05
7.0581338544e+00   3.2327819493e-05
7.0659501710e+00   3.2815586359e-05
7.0737664875e+00   3.3309052109e-05
7.0815828041e+00   3.3808352410e-05
7.0893991207e+00   3.4313631875e-05
7.0972154372e+00   3.4825044611e-05
7.1050317538e+00   3.5342754800e-05
7.1128480703e+00   3.5866937317e-05
7.1206643869e+00   3.6397778381e-05
7.1284807035e+00   3.6935476266e-05
7.1362970200e+00   3.7480242041e-05
7.1441133366e+00   3.8032300374e-05
7.1519296532e+00   3.8591890382e-05
7.1597459697e+00   3.9159266556e-05
7.1675622863e+00   3.9734699731e-05
7.1753786028e+00   4.0318478149e-05
7.1831949194e+00   4.0910908583e-05
7.1910112360e+00   4.1512317559e-05
7.1988275525e+00   4.2123052663e-05
7.2066438691e+00   4.2743483956e-05
7.2144601856e+00   4.3374005500e-05
7.2222765022e+00   4.4015037003e-05
7.2300928188e+00   4.4667025602e-05
7.2379091353e+00   4.5330447801e-05
7.2457254519e+00   4.6005811563e-05
7.2535417684e+00   4.6693658587e-05
7.2613580850e+00   4.7394566790e-05
7.2691744016e+00   4.8109153001e-05
7.2769907181e+00   4.8838075909e-05
7.2848070347e+00   4.9582039277e-05
7.2926233512e+00   5.0341795462e-05
7.3004396678e+00   5.1118149271e-05
7.3082559844e+00   5.1911962192e-05
7.3160723009e+00   5.2724157044e-05
7.3238886175e+00   5.3555723098e-05
7.3317049340e+00   5.4407721723e-05
7.3395212506e+00   5.5281292624e-05
7.3473375672e+00   5.6177660742e-05
7.3551538837e+00   5.7098143909e-05
7.3629702003e+00   5.8044161344e-05
7.3707865169e+00   5.9017243114e-05
7.3786028334e+00   6.0019040679e-05
7.3864191500e+00   6.1051338678e-05
7.3942354665e+00   6.2116068125e-05
7.4020517831e+00   6.3215321221e-05
7.4098680997e+00   6.4351368011e-05
7.4176844162e+00   6.5526675168e-05
7.4255007328e+00   6.6743927232e-05
7.4333170493e+00   6.8006050664e-05
7.4411333659e+00   6.9316241197e-05
7.4489496825e+00   7.0677994986e-05
7.4567659990e+00   7.2095144225e-05
7.4645823156e+00   7.3571897961e-05
7.4723986321e+00   7.5112889038e-05
7.4802149487e+00   7.6723228268e-05
7.4880312653e+00   7.8408567151e-05
7.4958475818e+00   8.0175170772e-05
7.5036638984e+00   8.2030002853e-05
7.5114802149e+00   8.3980825388e-05
7.5192965315e+00   8.6036315872e-05
7.5271128481e+00   8.8206205848e-05
7.5349291646e+00   9.0501445453e-05
7.5427454812e+00   9.2934399816e-05
7.5505617978e+00   9.5519084766e-05
7.5583781143e+00   9.8271451324e-05
7.5661944309e+00   1.0120973120e-04
7.5740107474e+00   1.0435485910e-04
7.5818270640e+00   1.0773099254e-04
7.5896433806e+00   1.1136615654e-04
7.5974596971e+00   1.1529304951e-04
7.6052760137e+00   1.1955005955e-04
7.6130923302e+00   1.2418255814e-04
7.6209086468e+00   1.2924456363e-04
7.6287249634e+00   1.3480090426e-04
7.6365412799e+00   1.4093006464e-04
7.6443575965e+00   1.4772798194e-04
7.6521739130e+00   1.5531318298e-04
7.6599902296e+00   1.6383384957e-04
7.6678065462e+00   1.7347771266e-04
7.6756228627e+00   1.8448619131e-04
7.6834391793e+00   1.9717506462e-04
7.6912554958e+00   2.1196549228e-04
7.6990718124e+00   2.2943197766e-04
7.7068881290e+00   2.5037915092e-04
7.7147044455e+00   2.7596982359e-04
7.7225207621e+00   3.0794925928e-04
7.7303370787e+00   3.4906207672e-04
7.7381533952e+00   4.0388706962e-04
7.7459697118e+00   4.8067673446e-04
7.7537860283e+00   5.9596616486e-04
7.7616023449e+00   7.8844466571e-04
7.7694186615e+00   1.1747472201e-03
7.7772349780e+00   2.3449379886e-03
7.7850512946e+00   1.5730452636e-01
7.7928676111e+00   2.2347715442e-03
7.8006839277e+00   1.1145728960e-03
7.8085002443e+00   7.3753374562e-04
7.8163165608e+00   5.4830597984e-04
7.8241328774e+00   4.3453065892e-04
7.8319491939e+00   3.5857354113e-04
7.8397655105e+00   3.0426102697e-04
7.8475818271e+00   2.6349161123e-04
7.8553981436e+00   2.3175862503e-04
7.8632144602e+00   2.0635542911e-04
7.8710307767e+00   1.8555829915e-04
7.8788470933e+00   1.6821737367e-04
7.8866634099e+00   1.5353618407e-04
7.8944797264e+00   1.4094557366e-04
7.9022960430e+00   1.3002800026e-04
7.9101123596e+00   1.2047019948e-04
7.9179286761e+00   1.1203254082e-04
7.9257449927e+00   1.0452859013e-04
7.9335613092e+00   9.7811121137e-05
7.9413776258e+00   9.1762320381e-05
7.9491939424e+00   8.6286788886e-05
7.9570102589e+00   8.1306451150e-05
7.9648265755e+00   7.6756791402e-05
7.9726428920e+00   7.2584030222e-05
7.9804592086e+00   6.8742978370e-05
7.9882755252e+00   6.5195385611e-05
7.9960918417e+00   6.1908656267e-05
8.0039081583e+00   5.8854839857e-05
8.0117244748e+00   5.6009830465e-05
8.0195407914e+00   5.3352726155e-05
8.0273571080e+00   5.0865312307e-05
8.0351734245e+00   4.8531641772e-05
8.0429897411e+00   4.6337691338e-05
8.0508060576e+00   4.4271078778e-05
8.0586223742e+00   4.2320828385e-05
8.0664386908e+00   4.0477175557e-05
8.0742550073e+00   3.8731403063e-05
8.0820713239e+00   3.7075703140e-05
8.0898876404e+00   3.5503060790e-05
8.0977039570e+00   3.4007154578e-05
8.1055202736e+00   3.2582271928e-05
8.1133365901e+00   3.1223236515e-05
8.1211529067e+00   2.9925345778e-05
8.1289692233e+00   2.8684316940e-05
8.1367855398e+00   2.7496240219e-05
8.1446018564e+00   2.6357538137e-05
8.1524181729e+00   2.5264930008e-05
8.1602344895e+00   2.4215400860e-05
8.1680508061e+00   2.3206174156e-05
8.1758671226e+00   2.2234687772e-05
8.1836834392e+00   2.1298572804e-05
8.1914997557e+00   2.0395634801e-05
8.1993160723e+00   1.9523837119e-05
8.2071323889e+00   1.8681286117e-05
8.2149487054e+00   1.7866217958e-05
8.2227650220e+00   1.7076986808e-05
8.2305813385e+00   1.6312054282e-05
8.2383976551e+00   1.5569979962e-05
8.2462139717e+00   1.4849412871e-05
8.2540302882e+00   1.4149083794e-05
8.2618466048e+00   1.3467798343e-05
8.2696629213e+00   1.2804430681e-05
8.2774792379e+00   1.2157917839e-05
8.2852955545e+00   1.1527254547e-05
8.2931118710e+00   1.0911488544e-05
8.3009281876e+00   1.0309716291e-05
8.3087445042e+00   9.7210790687e-06
8.3165608207e+00   9.1447594007e-06
8.3243771373e+00   8.5799777810e-06
8.3321934538e+00   8.0259896703e-06
8.3400097704e+00   7.4820827337e-06
8.3478260870e+00   6.9475742990e-06
8.3556424035e+00   6.4218090115e-06
8.3634587201e+00   5.9041566676e-06
8.3712750366e+00   5.3940102088e-06
8.3790913532e+00   4.8907838646e-06
8.3869076698e+00   4.3939114253e-06
8.3947239863e+00   3.9028446372e-06
8.4025403029e+00   3.4170517065e-06
8.4103566194e+00   2.9360159034e-06
8.4181729360e+00   2.4592342557e-06
8.4259892526e+00   1.9862163269e-06
8.4338055691e+00   1.5164830681e-06
8.4416218857e+00   1.0495657391e-06
8.4494382022e+00   5.8500489309e-07
8.4572545188e+00   1.2234941818e-07
8.4650708354e+00   3.3884436889e-07
8.4728871519e+00   7.9901358024e-07
8.4807034685e+00   1.2585895709e-06
8.4885197851e+00   1.7179987119e-06
8.4963361016e+00   2.1776631275e-06
8.5041524182e+00   2.6380013977e-06
8.5119687347e+00   3.0994292299e-06
8.5197850513e+00   3.5623601025e-06
8.5276013679e+00   4.0272058815e-06
8.5354176844e+00   4.4943774143e-06
8.5432340010e+00   4.9642851008e-06
8.5510503175e+00   5.4373394440e-06
8.5588666341e+00   5.9139515829e-06
8.5666829507e+00   6.3945338079e-06
8.5744992672e+00   6.8795000605e-06
8.5823155838e+00   7.3692664186e-06
8.5901319003e+00   7.8642515689e-06
8.5979482169e+00   8.3648772668e-06
8.6057645335e+00   8.8715687854e-06
8.6135808500e+00   9.3847553538e-06
8.6213971666e+00   9.9048705865e-06
8.6292134831e+00   1.0432352904e-05
8.6370297997e+00   1.0967645944e-05
8.6448461163e+00   1.1511198966e-05
8.6526624328e+00   1.2063467254e-05
8.6604787494e+00   1.2624912499e-05
8.6682950659e+00   1.3196003193e-05
8.6761113825e+00   1.3777215005e-05
8.6839276991e+00   1.4369031156e-05
8.6917440156e+00   1.4971942790e-05
8.6995603322e+00   1.5586449339e-05
8.7073766488e+00   1.6213058883e-05
8.7151929653e+00   1.6852288509e-05
8.7230092819e+00   1.7504664661e-05
8.7308255984e+00   1.8170723491e-05
8.7386419150e+00   1.8851011204e-05
8.7464582316e+00   1.9546084399e-05
8.7542745481e+00   2.0256510405e-05
8.7620908647e+00   2.0982867621e-05
8.7699071812e+00   2.1725745840e-05
8.7777234978e+00   2.2485746581e-05
8.7855398144e+00   2.3263483409e-05
8.7933561309e+00   2.4059582258e-05
8.8011724475e+00   2.4874681743e-05
8.8089887640e+00   2.5709433475e-05
8.8168050806e+00   2.6564502366e-05
8.8246213972e+00   2.7440566935e-05
8.8324377137e+00   2.8338319604e-05
8.8402540303e+00   2.9258466996e-05
8.8480703468e+00   3.0201730219e-05
8.8558866634e+00   3.1168845156e-05
8.8637029800e+00   3.2160562740e-05
8.8715192965e+00   3.3177649231e-05
8.8793356131e+00   3.4220886477e-05
8.8871519297e+00   3.5291072182e-05
8.8949682462e+00   3.6389020159e-05
8.9027845628e+00   3.7515560573e-05
8.9106008793e+00   3.8671540188e-05
8.9184171959e+00   3.9857822598e-05
8.9262335125e+00   4.1075288451e-05
8.9340498290e+00   4.2324835666e-05
8.9418661456e+00   4.3607379644e-05
8.9496824621e+00   4.4923853466e-05
8.9574987787e+00   4.6275208079e-05
8.9653150953e+00   4.7662412484e-05
8.9731314118e+00   4.9086453899e-05
8.9809477284e+00   5.0548337920e-05
8.9887640449e+00   5.2049088671e-05
8.9965803615e+00   5.3589748939e-05
9.0043966781e+00   5.5171380296e-05
9.0122129946e+00   5.6795063216e-05
9.0200293112e+00   5.8461897170e-05
9.0278456277e+00   6.0173000712e-05
9.0356619443e+00   6.1929511555e-05
9.0434782609e+00   6.3732586623e-05
9.0512945774e+00   6.5583402098e-05
9.0591108940e+00   6.7483153446e-05
9.0669272106e+00   6.9433055430e-05
9.0747435271e+00   7.1434342106e-05
9.0825598437e+00   7.3488266805e-05
9.0903761602e+00   7.5596102091e-05
9.0981924768e+00   7.7759139712e-05
9.1060087934e+00   7.9978690525e-05
9.1138251099e+00   8.2256084407e-05
9.1216414265e+00   8.4592670146e-05
9.1294577430e+00   8.6989815313e-05
9.1372740596e+00   8.9448906119e-05
9.1450903762e+00   9.1971347242e-05
9.1529066927e+00   9.4558561649e-05
9.1607230093e+00   9.7211990384e-05
9.1685393258e+00   9.9933092344e-05
9.1763556424e+00   1.0272334403e-04
9.1841719590e+00   1.0558423928e-04
9.1919882755e+00   1.0851728899e-04
9.1998045921e+00   1.1152402077e-04
9.2076209086e+00   1.1460597865e-04
9.2154372252e+00   1.1776472271e-04
9.2232535418e+00   1.2100182871e-04
9.2310698583e+00   1.2431888766e-04
9.2388861749e+00   1.2771750545e-04
9.2467024915e+00   1.3119930238e-04
9.2545188080e+00   1.3476591271e-04
9.2623351246e+00   1.3841898415e-04
9.2701514411e+00   1.4216017737e-04
9.2779677577e+00   1.4599116548e-04
9.2857840743e+00   1.4991363346e-04
9.2936003908e+00   1.5392927761e-04
9.3014167074e+00   1.5803980494e-04
9.3092330239e+00   1.6224693254e-04
9.3170493405e+00   1.6655238701e-04
9.3248656571e+00   1.7095790372e-04
9.3326819736e+00   1.7546522621e-04
9.3404982902e+00   1.8007610545e-04
9.3483146067e+00   1.8479229916e-04
9.3561309233e+00   1.8961557105e-04
9.3639472399e+00   1.9454769011e-04
9.3717635564e+00   1.9959042981e-04
9.3795798730e+00   2.0474556733e-04
9.3873961895e+00   2.1001488281e-04
9.3952125061e+00   2.1540015846e-04
9.4030288227e+00   2.2090317779e-04
9.4108451392e+00   2.2652572479e-04
9.4186614558e+00   2.3226958304e-04
9.4264777723e+00   2.3813653485e-04
9.4342940889e+00   2.4412836045e-04
9.4421104055e+00   2.5024683705e-04
9.4499267220e+00   2.5649373801e-04
9.4577430386e+00   2.6287083189e-04
9.4655593552e+00   2.6937988163e-04
9.4733756717e+00   2.7602264360e-04
9.4811919883e+00   2.8280086673e-04
9.4890083048e+00   2.8971629157e-04
9.4968246214e+00   2.9677064947e-04
9.5046409380e+00   3.0396566161e-04
9.5124572545e+00   3.1130303815e-04
9.5202735711e+00   3.1878447733e-04
9.5280898876e+00   3.2641166461e-04
9.5359062042e+00   3.3418627179e-04
9.5437225208e+00   3.4210995617e-04
9.5515388373e+00   3.5018435970e-04
9.5593551539e+00   3.5841110815e-04
9.5671714704e+00   3.6679181031e-04
9.5749877870e+00   3.7532805721e-04
9.5828041036e+00   3.8402142135e-04
9.5906204201e+00   3.9287345594e-04
9.5984367367e+00   4.0188569420e-04
9.6062530532e+00   4.1105964869e-04
9.6140693698e+00   4.2039681062e-04
9.6218856864e+00   4.2989864925e-04
9.6297020029e+00   4.3956661127e-04
9.6375183195e+00   4.4940212031e-04
9.6453346361e+00   4.5940657638e-04
9.6531509526e+00   4.6958135542e-04
9.6609672692e+00   4.7992780887e-04
9.6687835857e+00   4.9044726333e-04
9.6765999023e+00   5.0114102020e-04
9.6844162189e+00   5.1201035544e-04
9.6922325354e+00   5.2305651935e-04
9.7000488520e+00   5.3428073642e-04
9.7078651685e+00   5.4568420525e-04
9.7156814851e+00   5.5726809851e-04
9.7234978017e+00   5.6903356301e-04
9.7313141182e+00   5.8098171979e-04
9.7391304348e+00   5.9311366435e-04
9.7469467513e+00   6.0543046687e-04
9.7547630679e+00   6.1793317262e-04
9.7625793845e+00   6.3062280233e-04
9.7703957010e+00   6.4350035278e-04
9.7782120176e+00   6.5656679735e-04
9.7860283341e+00   6.6982308678e-04
9.7938446507e+00   6.8327014995e-04
9.8016609673e+00   6.9690889479e-04
9.8094772838e+00   7.1074020930e-04
9.8172936004e+00   7.2476496267e-04
9.8251099170e+00   7.3898400651e-04
9.8329262335e+00   7.5339817622e-04
9.8407425501e+00   7.6800829244e-04
9.8485588666e+00   7.8281516268e-04
9.8563751832e+00   7.9781958300e-04
9.8641914998e+00   8.1302233993e-04
9.8720078163e+00   8.2842421245e-04
9.8798241329e+00   8.4402597412e-04
9.8876404494e+00   8.5982839539e-04
9.8954567660e+00   8.7583224605e-04
9.9032730826e+00   8.9203829784e-04
9.9110893991e+00   9.0844732719e-04
9.9189057157e+00   9.2506011824e-04
9.9267220322e+00   9.4187746587e-04
9.9345383488e+00   9.5890017905e-04
9.9423546654e+00   9.7612908434e-04
9.9501709819e+00   9.9356502956e-04
9.9579872985e+00   1.0112088877e-03
9.9658036150e+00   1.0290615610e-03
9.9736199316e+00   1.0471239852e-03
9.9814362482e+00   1.0653971345e-03
9.9892525647e+00   1.0838820257e-03
9.9970688813e+00   1.1025797237e-03
1.0004885198e+01   1.1214913467e-03
1.0012701514e+01   1.1406180718e-03
1.0020517831e+01   1.1599611407e-03
1.0028334148e+01   1.1795218660e-03
1.0036150464e+01   1.1993016376e-03
1.0043966781e+01   1.2193019295e-03
1.0051783097e+01   1.2395243067e-03
1.0059599414e+01   1.2599704331e-03
1.0067415730e+01   1.2806420788e-03
1.0075232047e+01   1.3015411287e-03
1.0083048363e+01   1.3226695912e-03
1.0090864680e+01   1.3440296066e-03
1.0098680997e+01   1.3656234575e-03
1.0106497313e+01   1.3874535781e-03
1.0114313630e+01   1.4095225651e-03
1.0122129946e+01   1.4318331886e-03
1.0129946263e+01   1.4543884036e-03
1.0137762579e+01   1.4771913621e-03
1.0145578896e+01   1.5002454266e-03
1.0153395213e+01   1.5235541825e-03
1.0161211529e+01   1.5471214534e-03
1.0169027846e+01   1.5709513153e-03
1.0176844162e+01   1.5950481129e-03
1.0184660479e+01   1.6194164761e-03
1.0192476795e+01   1.6440613374e-03
1.0200293112e+01   1.6689879507e-03
1.0208109428e+01   1.6942019112e-03
1.0215925745e+01   1.7197091756e-03
1.0223742062e+01   1.7455160845e-03
1.0231558378e+01   1.7716293856e-03
1.0239374695e+01   1.7980562587e-03
1.0247191011e+01   1.8248043414e-03
1.0255007328e+01   1.8518817574e-03
1.0262823644e+01   1.8792971461e-03
1.0270639961e+01   1.9070596938e-03
1.0278456277e+01   1.9351791676e-03
1.0286272594e+01   1.9636659513e-03
1.0294088911e+01   1.9925310832e-03
1.0301905227e+01   2.0217862972e-03
1.0309721544e+01   2.0514440662e-03
1.0317537860e+01   2.0815176493e-03
1.0325354177e+01   2.1120211410e-03
1.0333170493e+01   2.1429695258e-03
1.0340986810e+01   2.1743787353e-03
1.0348803127e+01   2.2062657100e-03
1.0356619443e+01   2.2386484665e-03
1.0364435760e+01   2.2715461691e-03
1.0372252076e+01   2.3049792072e-03
1.0380068393e+01   2.3389692792e-03
1.0387884709e+01   2.3735394828e-03
1.0395701026e+01   2.4087144132e-03
1.0403517342e+01   2.4445202694e-03
1.0411333659e+01   2.4809849693e-03
1.0419149976e+01   2.5181382751e-03
1.0426966292e+01   2.5560119299e-03
1.0434782609e+01   2.5946398060e-03
1.0442598925e+01   2.6340580677e-03
1.0450415242e+01   2.6743053483e-03
1.0458231558e+01   2.7154229440e-03
1.0466047875e+01   2.7574550273e-03
1.0473864191e+01   2.8004488801e-03
1.0481680508e+01   2.8444551507e-03
1.0489496825e+01   2.8895281373e-03
1.0497313141e+01   2.9357260991e-03
1.0505129458e+01   2.9831116026e-03
1.0512945774e+01   3.0317519027e-03
1.0520762091e+01   3.0817193666e-03
1.0528578407e+01   3.1330919450e-03
1.0536394724e+01   3.1859536961e-03
1.0544211041e+01   3.2403953704e-03
1.0552027357e+01   3.2965150650e-03
1.0559843674e+01   3.3544189560e-03
1.0567659990e+01   3.4142221215e-03
1.0575476307e+01   3.4760494674e-03
1.0583292623e+01   3.5400367726e-03
1.0591108940e+01   3.6063318705e-03
1.0598925256e+01   3.6750959895e-03
1.0606741573e+01   3.7465052770e-03
1.0614557890e+01   3.8207525370e-03
1.0622374206e+01   3.8980492185e-03
1.0630190523e+01   3.9786276954e-03
1.0638006839e+01   4.0627438916e-03
1.0645823156e+01   4.1506803128e-03
1.0653639472e+01   4.2427495595e-03
1.0661455789e+01   4.3392984149e-03
1.0669272106e+01   4.4407126189e-03
1.0677088422e+01   4.5474224665e-03
1.0684904739e+01   4.6599094033e-03
1.0692721055e+01   4.7787138289e-03
1.0700537372e+01   4.9044443771e-03
1.0708353688e+01   5.0377890079e-03
1.0716170005e+01   5.1795283383e-03
1.0723986321e+01   5.3305517584e-03
1.0731802638e+01   5.4918770341e-03
1.0739618955e+01   5.6646743115e-03
1.0747435271e+01   5.8502957202e-03
1.0755251588e+01   6.0503121600e-03
1.0763067904e+01   6.2665593909e-03
1.0770884221e+01   6.5011962929e-03
1.0778700537e+01   6.7567792150e-03
1.0786516854e+01   7.0363578491e-03
1.0794333170e+01   7.3436002674e-03
1.0802149487e+01   7.6829580248e-03
1.0809965804e+01   8.0598871485e-03
1.0817782120e+01   8.4811484075e-03
1.0825598437e+01   8.9552221502e-03
1.0833414753e+01   9.4928921755e-03
1.0841231070e+01   1.0108084846e-02
1.0849047386e+01   1.0819103852e-02
1.0856863703e+01   1.1650496825e-02
1.0864680020e+01   1.2635966206e-02
1.0872496336e+01   1.3823076000e-02
1.0880312653e+01   1.5281195207e-02
1.0888128969e+01   1.7115610821e-02
1.0895945286e+01   1.9494232114e-02
1.0903761602e+01   2.2702281298e-02
1.0911577919e+01   2.7266430792e-02
1.0919394235e+01   3.4278886246e-02
1.0927210552e+01   4.6435013334e-02
1.0935026869e+01   7.2679833350e-02
1.0942843185e+01   1.7130148492e-01
1.0950659502e+01   4.4763430108e-01
1.0958475818e+01   9.5587714144e-02
1.0966292135e+01   5.3047259238e-02
1.0974108451e+01   3.6484861371e-02
1.0981924768e+01   2.7669817084e-02
1.0989741085e+01   2.2195987081e-02
1.0997557401e+01   1.8465982425e-02
1.1005373718e+01   1.5760717915e-02
1.1013190034e+01   1.3708706727e-02
1.1021006351e+01   1.2098673234e-02
1.1028822667e+01   1.0801590365e-02
1.1036638984e+01   9.7342053102e-03
1.1044455300e+01   8.8403939914e-03
1.1052271617e+01   8.0809429716e-03
1.1060087934e+01   7.4276262219e-03
1.1067904250e+01   6.8596085461e-03
1.1075720567e+01   6.3611749427e-03
1.1083536883e+01   5.9202486169e-03
1.1091353200e+01   5.5273955581e-03
1.1099169516e+01   5.1751389794e-03
1.1106985833e+01   4.8574766361e-03
1.1114802149e+01   4.5695342720e-03
1.1122618466e+01   4.3073124139e-03
1.1130434783e+01   4.0674984397e-03
1.1138251099e+01   3.8473250969e-03
1.1146067416e+01   3.6444626078e-03
1.1153883732e+01   3.4569354131e-03
1.1161700049e+01   3.2830572299e-03
1.1169516365e+01   3.1213798907e-03
1.1177332682e+01   2.9706526678e-03
1.1185148999e+01   2.8297896591e-03
1.1192965315e+01   2.6978434304e-03
1.1200781632e+01   2.5739835577e-03
1.1208597948e+01   2.4574790385e-03
1.1216414265e+01   2.3476837816e-03
1.1224230581e+01   2.2440245654e-03
1.1232046898e+01   2.1459909876e-03
1.1239863214e+01   2.0531270314e-03
1.1247679531e+01   1.9650239554e-03
1.1255495848e+01   1.8813142680e-03
1.1263312164e+01   1.8016665998e-03
1.1271128481e+01   1.7257813213e-03
1.1278944797e+01   1.6533867818e-03
1.1286761114e+01   1.5842360701e-03
1.1294577430e+01   1.5181042135e-03
1.1302393747e+01   1.4547857477e-03
1.1310210064e+01   1.3940926020e-03
1.1318026380e+01   1.3358522520e-03
1.1325842697e+01   1.2799061018e-03
1.1333659013e+01   1.2261080631e-03
1.1341475330e+01   1.1743233032e-03
1.1349291646e+01   1.1244271395e-03
1.1357107963e+01   1.0763040605e-03
1.1364924279e+01   1.0298468564e-03
1.1372740596e+01   9.8495584553e-04
1.1380556913e+01   9.4153818514e-04
1.1388373229e+01   8.9950725414e-04
1.1396189546e+01   8.5878210094e-04
1.1404005862e+01   8.1928694751e-04
1.1411822179e+01   7.8095074320e-04
1.1419638495e+01   7.4370676268e-04
1.1427454812e+01   7.0749224280e-04
1.1435271128e+01   6.7224805402e-04
1.1443087445e+01   6.3791840261e-04
1.1450903762e+01   6.0445056019e-04
1.1458720078e+01   5.7179461772e-04
1.1466536395e+01   5.3990326131e-04
1.1474352711e+01   5.0873156764e-04
1.1482169028e+01   4.7823681677e-04
1.1489985344e+01   4.4837832087e-04
1.1497801661e+01   4.1911726697e-04
1.1505617978e+01   3.9041657258e-04
1.1513434294e+01   3.6224075273e-04
1.1521250611e+01   3.3455579746e-04
1.1529066927e+01   3.0732905872e-04
1.1536883244e+01   2.8052914576e-04
1.1544699560e+01   2.5412582825e-04
1.1552515877e+01   2.2808994643e-04
1.1560332193e+01   2.0239332760e-04
1.1568148510e+01   1.7700870845e-04
1.1575964827e+01   1.5190966260e-04
1.1583781143e+01   1.2707053302e-04
1.1591597460e+01   1.0246636881e-04
1.1599413776e+01   7.8072865954e-05
1.1607230093e+01   5.3866311829e-05
1.1615046409e+01   2.9823532956e-05
1.1622862726e+01   5.9218458908e-06
1.1630679043e+01   1.7860989102e-05
1.1638495359e+01   4.1546811794e-05
1.1646311676e+01   6.5157103378e-05
1.1654127992e+01   8.8713025682e-05
1.1661944309e+01   1.1223545840e-04
1.1669760625e+01   1.3574503446e-04
1.1677576942e+01   1.5926217379e-04
1.1685393258e+01   1.8280711542e-04
1.1693209575e+01   2.0639994826e-04
1.1701025892e+01   2.3006064050e-04
1.1708842208e+01   2.5380906787e-04
1.1716658525e+01   2.7766504069e-04
1.1724474841e+01   3.0164833000e-04
1.1732291158e+01   3.2577869264e-04
1.1740107474e+01   3.5007589555e-04
1.1747923791e+01   3.7455973919e-04
1.1755740107e+01   3.9925008022e-04
1.1763556424e+01   4.2416685355e-04
1.1771372741e+01   4.4933009370e-04
1.1779189057e+01   4.7475995552e-04
1.1787005374e+01   5.0047673450e-04
1.1794821690e+01   5.2650088641e-04
1.1802638007e+01   5.5285304658e-04
1.1810454323e+01   5.7955404871e-04
1.1818270640e+01   6.0662494322e-04
1.1826086957e+01   6.3408701525e-04
1.1833903273e+01   6.6196180235e-04
1.1841719590e+01   6.9027111174e-04
1.1849535906e+01   7.1903703730e-04
1.1857352223e+01   7.4828197627e-04
1.1865168539e+01   7.7802864563e-04
1.1872984856e+01   8.0830009822e-04
1.1880801172e+01   8.3911973862e-04
1.1888617489e+01   8.7051133879e-04
1.1896433806e+01   9.0249905339e-04
1.1904250122e+01   9.3510743497e-04
1.1912066439e+01   9.6836144887e-04
1.1919882755e+01   1.0022864879e-03
1.1927699072e+01   1.0369083869e-03
1.1935515388e+01   1.0722534369e-03
1.1943331705e+01   1.1083483991e-03
1.1951148021e+01   1.1452205189e-03
1.1958964338e+01   1.1828975394e-03
1.1966780655e+01   1.2214077148e-03
1.1974596971e+01   1.2607798235e-03
1.1982413288e+01   1.3010431812e-03
1.1990229604e+01   1.3422276535e-03
1.1998045921e+01   1.3843636683e-03
1.2005862237e+01   1.4274822281e-03
1.2013678554e+01   1.4716149222e-03
1.2021494871e+01   1.5167939380e-03
1.2029311187e+01   1.5630520728e-03
1.2037127504e+01   1.6104227447e-03
1.2044943820e+01   1.6589400037e-03
1.2052760137e+01   1.7086385423e-03
1.2060576453e+01   1.7595537053e-03
1.2068392770e+01   1.8117215005e-03
1.2076209086e+01   1.8651786076e-03
1.2084025403e+01   1.9199623882e-03
1.2091841720e+01   1.9761108938e-03
1.2099658036e+01   2.0336628752e-03
1.2107474353e+01   2.0926577899e-03
1.2115290669e+01   2.1531358106e-03
1.2123106986e+01   2.2151378316e-03
1.2130923302e+01   2.2787054766e-03
1.2138739619e+01   2.3438811043e-03
1.2146555936e+01   2.4107078150e-03
1.2154372252e+01   2.4792294557e-03
1.2162188569e+01   2.5494906252e-03
1.2170004885e+01   2.6215366784e-03
1.2177821202e+01   2.6954137306e-03
1.2185637518e+01   2.7711686603e-03
1.2193453835e+01   2.8488491127e-03
1.2201270151e+01   2.9285035013e-03
1.2209086468e+01   3.0101810099e-03
1.2216902785e+01   3.0939315934e-03
1.2224719101e+01   3.1798059784e-03
1.2232535418e+01   3.2678556629e-03
1.2240351734e+01   3.3581329151e-03
1.2248168051e+01   3.4506907720e-03
1.2255984367e+01   3.5455830373e-03
1.2263800684e+01   3.6428642781e-03
1.2271617000e+01   3.7425898213e-03
1.2279433317e+01   3.8448157489e-03
1.2287249634e+01   3.9495988934e-03
1.2295065950e+01   4.0569968312e-03
1.2302882267e+01   4.1670678761e-03
1.2310698583e+01   4.2798710718e-03
1.2318514900e+01   4.3954661836e-03
1.2326331216e+01   4.5139136893e-03
1.2334147533e+01   4.6352747692e-03
1.2341963850e+01   4.7596112950e-03
1.2349780166e+01   4.8869858192e-03
1.2357596483e+01   5.0174615614e-03
1.2365412799e+01   5.1511023962e-03
1.2373229116e+01   5.2879728383e-03
1.2381045432e+01   5.4281380280e-03
1.2388861749e+01   5.5716637150e-03
1.2396678065e+01   5.7186162424e-03
1.2404494382e+01   5.8690625285e-03
1.2412310699e+01   6.0230700490e-03
1.2420127015e+01   6.1807068176e-03
1.2427943332e+01   6.3420413659e-03
1.2435759648e+01   6.5071427228e-03
1.2443575965e+01   6.6760803928e-03
1.2451392281e+01   6.8489243334e-03
1.2459208598e+01   7.0257449318e-03
1.2467024915e+01   7.2066129812e-03
1.2474841231e+01   7.3915996557e-03
1.2482657548e+01   7.5807764845e-03
1.2490473864e+01   7.7742153264e-03
1.2498290181e+01   7.9719883417e-03
1.2506106497e+01   8.1741679653e-03
1.2513922814e+01   8.3808268780e-03
1.2521739130e+01   8.5920379775e-03
1.2529555447e+01   8.8078743488e-03
1.2537371764e+01   9.0284092338e-03
1.2545188080e+01   9.2537160007e-03
1.2553004397e+01   9.4838681127e-03
1.2560820713e+01   9.7189390959e-03
1.2568637030e+01   9.9590025075e-03
1.2576453346e+01   1.0204131903e-02
1.2584269663e+01   1.0454400802e-02
1.2592085979e+01   1.0709882658e-02
1.2599902296e+01   1.0970650821e-02
1.2607718613e+01   1.1236778506e-02
1.2615534929e+01   1.1508338759e-02
1.2623351246e+01   1.1785404422e-02
1.2631167562e+01   1.2068048097e-02
1.2638983879e+01   1.2356342117e-02
1.2646800195e+01   1.2650358506e-02
1.2654616512e+01   1.2950168950e-02
1.2662432829e+01   1.3255844759e-02
1.2670249145e+01   1.3567456836e-02
1.2678065462e+01   1.3885075641e-02
1.2685881778e+01   1.4208771162e-02
1.2693698095e+01   1.4538612879e-02
1.2701514411e+01   1.4874669733e-02
1.2709330728e+01   1.5217010096e-02
1.2717147044e+01   1.5565701738e-02
1.2724963361e+01   1.5920811798e-02
1.2732779678e+01   1.6282406757e-02
1.2740595994e+01   1.6650552404e-02
1.2748412311e+01   1.7025313818e-02
1.2756228627e+01   1.7406755332e-02
1.2764044944e+01   1.7794940514e-02
1.2771861260e+01   1.8189932143e-02
1.2779677577e+01   1.8591792186e-02
1.2787493894e+01   1.9000581776e-02
1.2795310210e+01   1.9416361194e-02
1.2803126527e+01   1.9839189853e-02
1.2810942843e+01   2.0269126278e-02
1.2818759160e+01   2.0706228099e-02
1.2826575476e+01   2.1150552031e-02
1.2834391793e+01   2.1602153870e-02
1.2842208109e+01   2.2061088486e-02
1.2850024426e+01   2.2527409812e-02
1.2857840743e+01   2.3001170847e-02
1.2865657059e+01   2.3482423655e-02
1.2873473376e+01   2.3971219363e-02
1.2881289692e+01   2.4467608172e-02
1.2889106009e+01   2.4971639363e-02
1.2896922325e+01   2.5483361307e-02
1.2904738642e+01   2.6002821480e-02
1.2912554958e+01   2.6530066484e-02
1.2920371275e+01   2.7065142063e-02
1.2928187592e+01   2.7608093133e-02
1.2936003908e+01   2.8158963805e-02
1.2943820225e+01   2.8717797424e-02
1.2951636541e+01   2.9284636600e-02
1.2959452858e+01   2.9859523252e-02
1.2967269174e+01   3.0442498650e-02
1.2975085491e+01   3.1033603469e-02
1.2982901808e+01   3.1632877839e-02
1.2990718124e+01   3.2240361407e-02
1.2998534441e+01   3.2856093397e-02
1.3006350757e+01   3.3480112686e-02
1.3014167074e+01   3.4112457872e-02
1.3021983390e+01   3.4753167358e-02
1.3029799707e+01   3.5402279435e-02
1.3037616023e+01   3.6059832380e-02
1.3045432340e+01   3.6725864547e-02
1.3053248657e+01   3.7400414475e-02
1.3061064973e+01   3.8083521001e-02
1.3068881290e+01   3.8775223375e-02
1.3076697606e+01   3.9475561387e-02
1.3084513923e+01   4.0184575499e-02
1.3092330239e+01   4.0902306989e-02
1.3100146556e+01   4.1628798093e-02
1.3107962872e+01   4.2364092168e-02
1.3115779189e+01   4.3108233856e-02
1.3123595506e+01   4.3861269257e-02
1.3131411822e+01   4.4623246114e-02
1.3139228139e+01   4.5394214006e-02
1.3147044455e+01   4.6174224555e-02
1.3154860772e+01   4.6963331636e-02
1.3162677088e+01   4.7761591606e-02
1.3170493405e+01   4.8569063541e-02
1.3178309722e+01   4.9385809483e-02
1.3186126038e+01   5.0211894704e-02
1.3193942355e+01   5.1047387982e-02
1.3201758671e+01   5.1892361887e-02
1.3209574988e+01   5.2746893088e-02
1.3217391304e+01   5.3611062671e-02
1.3225207621e+01   5.4484956472e-02
1.3233023937e+01   5.5368665434e-02
1.3240840254e+01   5.6262285973e-02
1.3248656571e+01   5.7165920367e-02
1.3256472887e+01   5.8079677165e-02
1.3264289204e+01   5.9003671620e-02
1.3272105520e+01   5.9938026134e-02
1.3279921837e+01   6.0882870741e-02
1.3287738153e+01   6.1838343602e-02
1.3295554470e+01   6.2804591532e-02
1.3303370787e+01   6.3781770558e-02
1.3311187103e+01   6.4770046499e-02
1.3319003420e+01   6.5769595587e-02
1.3326819736e+01   6.6780605114e-02
1.3334636053e+01   6.7803274119e-02
1.3342452369e+01   6.8837814112e-02
1.3350268686e+01   6.9884449843e-02
1.3358085002e+01   7.0943420107e-02
1.3365901319e+01   7.2014978608e-02
1.3373717636e+01   7.3099394858e-02
1.3381533952e+01   7.4196955148e-02
1.3389350269e+01   7.5307963562e-02
1.3397166585e+01   7.6432743064e-02
1.3404982902e+01   7.7571636646e-02
1.3412799218e+01   7.8725008556e-02
1.3420615535e+01   7.9893245594e-02
1.3428431851e+01   8.1076758503e-02
1.3436248168e+01   8.2275983449e-02
1.3444064485e+01   8.3491383594e-02
1.3451880801e+01   8.4723450788e-02
1.3459697118e+01   8.5972707363e-02
1.3467513434e+01   8.7239708072e-02
1.3475329751e+01   8.8525042147e-02
1.3483146067e+01   8.9829335518e-02
1.3490962384e+01   9.1153253197e-02
1.3498778701e+01   9.2497501829e-02
1.3506595017e+01   9.3862832445e-02
1.3514411334e+01   9.5250043433e-02
1.3522227650e+01   9.6659983725e-02
1.3530043967e+01   9.8093556257e-02
1.3537860283e+01   9.9551721695e-02
1.3545676600e+01   1.0103550248e-01
1.3553492916e+01   1.0254598718e-01
1.3561309233e+01   1.0408433530e-01
1.3569125550e+01   1.0565178235e-01
1.3576941866e+01   1.0724964553e-01
1.3584758183e+01   1.0887932982e-01
1.3592574499e+01   1.1054233464e-01
1.3600390816e+01   1.1224026115e-01
1.3608207132e+01   1.1397482020e-01
1.3616023449e+01   1.1574784109e-01
1.3623839766e+01   1.1756128112e-01
1.3631656082e+01   1.1941723614e-01
1.3639472399e+01   1.2131795212e-01
1.3647288715e+01   1.2326583798e-01
1.3655105032e+01   1.2526347962e-01
1.3662921348e+01   1.2731365561e-01
1.3670737665e+01   1.2941935446e-01
1.3678553981e+01   1.3158379386e-01
1.3686370298e+01   1.3381044205e-01
1.3694186615e+01   1.3610304166e-01
1.3702002931e+01   1.3846563633e-01
1.3709819248e+01   1.4090260056e-01
1.3717635564e+01   1.4341867310e-01
1.3725451881e+01   1.4601899463e-01
1.3733268197e+01   1.4870915007e-01
1.3741084514e+01   1.5149521658e-01
1.3748900830e+01   1.5438381776e-01
1.3756717147e+01   1.5738218531e-01
1.3764533464e+01   1.6049822929e-01
1.3772349780e+01   1.6374061831e-01
1.3780166097e+01   1.6711887143e-01
1.3787982413e+01   1.7064346390e-01
1.3795798730e+01   1.7432594896e-01
1.3803615046e+01   1.7817909896e-01
1.3811431363e+01   1.8221706918e-01
1.3819247680e+01   1.8645558894e-01
1.3827063996e+01   1.9091218531e-01
1.3834880313e+01   1.9560644621e-01
1.3842696629e+01   2.0056033118e-01
1.3850512946e+01   2.0579854014e-01
1.3858329262e+01   2.1134895340e-01
1.3866145579e+01   2.1724315921e-01
1.3873961895e+01   2.2351709013e-01
1.3881778212e+01   2.3021179518e-01
1.3889594529e+01   2.3737438289e-01
1.3897410845e+01   2.4505918102e-01
1.3905227162e+01   2.5332917342e-01
1.3913043478e+01   2.6225779440e-01
1.3920859795e+01   2.7193118898e-01
1.3928676111e+01   2.8245108640e-01
1.3936492428e+01   2.9393849034e-01
1.3944308745e+01   3.0653847005e-01
1.3952125061e+01   3.2042645563e-01
1.3959941378e+01   3.3581661875e-01
1.3967757694e+01   3.5297319202e-01
1.3975574011e+01   3.7222600367e-01
1.3983390327e+01   3.9399218013e-01
1.3991206644e+01   4.1880707612e-01
1.3999022960e+01   4.4736935839e-01
1.4006839277e+01   4.8060842347e-01
1.4014655594e+01   5.1978821879e-01
1.4022471910e+01   5.6667266800e-01
1.4030288227e+01   6.2380002714e-01
1.4038104543e+01   6.9496017292e-01
1.4045920860e+01   7.8607456598e-01
1.4053737176e+01   9.0694008596e-01
1.4061553493e+01   1.0750197158e+00
1.4069369809e+01   1.3247646977e+00
1.4077186126e+01   1.7349113620e+00
1.4085002443e+01   2.5333344346e+00
1.4092818759e+01   4.7677757496e+00
1.4100635076e+01   4.6984375572e+01
1.4108451392e+01   5.8558345191e+00
1.4116267709e+01   2.7280872693e+00
1.4124084025e+01   1.7660937513e+00
1.4131900342e+01   1.2988519677e+00
1.4139716659e+01   1.0227258854e+00
1.4147532975e+01   8.4034562459e-01
1.4155349292e+01   7.1088396443e-01
1.4163165608e+01   6.1421648012e-01
1.4170981925e+01   5.3927536369e-01
1.4178798241e+01   4.7946993255e-01
1.4186614558e+01   4.3063068261e-01
1.4194430874e+01   3.8999097897e-01
1.4202247191e+01   3.5564281128e-01
1.4210063508e+01   3.2622767372e-01
1.4217879824e+01   3.0075202132e-01
1.4225696141e+01   2.7847241691e-01
1.4233512457e+01   2.5882148270e-01
1.4241328774e+01   2.4135868896e-01
1.4249145090e+01   2.2573677495e-01
1.4256961407e+01   2.1167830036e-01
1.4264777723e+01   1.9895893198e-01
1.4272594040e+01   1.8739531203e-01
1.4280410357e+01   1.7683610656e-01
1.4288226673e+01   1.6715530234e-01
1.4296042990e+01   1.5824711965e-01
1.4303859306e+01   1.5002210412e-01
1.4311675623e+01   1.4240409072e-01
1.4319491939e+01   1.3532782081e-01
1.4327308256e+01   1.2873705426e-01
1.4335124573e+01   1.2258306041e-01
1.4342940889e+01   1.1682340227e-01
1.4350757206e+01   1.1142094945e-01
1.4358573522e+01   1.0634307109e-01
1.4366389839e+01   1.0156097180e-01
1.4374206155e+01   9.7049141677e-02
1.4382022472e+01   9.2784898364e-02
1.4389838788e+01   8.8748003528e-02
1.4397655105e+01   8.4920340084e-02
1.4405471422e+01   8.1285639220e-02
1.4413287738e+01   7.7829248464e-02
1.4421104055e+01   7.4537933782e-02
1.4428920371e+01   7.1399710015e-02
1.4436736688e+01   6.8403695031e-02
1.4444553004e+01   6.5539983800e-02
1.4452369321e+01   6.2799539302e-02
1.4460185638e+01   6.0174097679e-02
1.4468001954e+01   5.7656085523e-02
1.4475818271e+01   5.5238547511e-02
1.4483634587e+01   5.2915082911e-02
1.4491450904e+01   5.0679789719e-02
1.4499267220e+01   4.8527215365e-02
1.4507083537e+01   4.6452313111e-02
1.4514899853e+01   4.4450403383e-02
1.4522716170e+01   4.2517139396e-02
1.4530532487e+01   4.0648476526e-02
1.4538348803e+01   3.8840644952e-02
1.4546165120e+01   3.7090125182e-02
1.4553981436e+01   3.5393626086e-02
1.4561797753e+01   3.3748065173e-02
1.4569614069e+01   3.2150550811e-02
1.4577430386e+01   3.0598366200e-02
1.4585246702e+01   2.9088954880e-02
1.4593063019e+01   2.7619907600e-02
1.4600879336e+01   2.6188950417e-02
1.4608695652e+01   2.4793933874e-02
1.4616511969e+01   2.3432823147e-02
1.4624328285e+01   2.2103689065e-02
1.4632144602e+01   2.0804699904e-02
1.4639960918e+01   1.9534113883e-02
1.4647777235e+01   1.8290272284e-02
1.4655593552e+01   1.7071593142e-02
1.4663409868e+01   1.5876565442e-02
1.4671226185e+01   1.4703743778e-02
1.4679042501e+01   1.3551743429e-02
1.4686858818e+01   1.2419235811e-02
1.4694675134e+01   1.1304944271e-02
1.4702491451e+01   1.0207640193e-02
1.4710307767e+01   9.1261393855e-03
1.4718124084e+01   8.0592987217e-03
1.4725940401e+01   7.0060130203e-03
1.4733756717e+01   5.9652121340e-03
1.4741573034e+01   4.9358582338e-03
1.4749389350e+01   3.9169432721e-03
1.4757205667e+01   2.9074866060e-03
1.4765021983e+01   1.9065327710e-03
1.4772838300e+01   9.1314938987e-04
1.4780654617e+01   7.3574793890e-05
1.4788470933e+01   1.0545317678e-03
1.4796287250e+01   2.0305959976e-03
1.4804103566e+01   3.0026260771e-03
1.4811919883e+01   3.9714662910e-03
1.4819736199e+01   4.9379480943e-03
1.4827552516e+01   5.9028915176e-03
1.4835368832e+01   6.8671065036e-03
1.4843185149e+01   7.8313941786e-03
1.4851001466e+01   8.7965480666e-03
1.4858817782e+01   9.7633552482e-03
1.4866634099e+01   1.0732597470e-02
1.4874450415e+01   1.1705052206e-02
1.4882266732e+01   1.2681493680e-02
1.4890083048e+01   1.3662693845e-02
1.4897899365e+01   1.4649423326e-02
1.4905715681e+01   1.5642452331e-02
1.4913531998e+01   1.6642551529e-02
1.4921348315e+01   1.7650492899e-02
1.4929164631e+01   1.8667050552e-02
1.4936980948e+01   1.9693001528e-02
1.4944797264e+01   2.0729126572e-02
1.4952613581e+01   2.1776210878e-02
1.4960429897e+01   2.2835044830e-02
1.4968246214e+01   2.3906424705e-02
1.4976062531e+01   2.4991153375e-02
1.4983878847e+01   2.6090040977e-02
1.4991695164e+01   2.7203905582e-02
1.4999511480e+01   2.8333573836e-02
1.5007327797e+01   2.9479881599e-02
1.5015144113e+01   3.0643674558e-02
1.5022960430e+01   3.1825808839e-02
1.5030776746e+01   3.3027151602e-02
1.5038593063e+01   3.4248581624e-02
1.5046409380e+01   3.5490989871e-02
1.5054225696e+01   3.6755280063e-02
1.5062042013e+01   3.8042369222e-02
1.5069858329e+01   3.9353188220e-02
1.5077674646e+01   4.0688682306e-02
1.5085490962e+01   4.2049811634e-02
1.5093307279e+01   4.3437551771e-02
1.5101123596e+01   4.4852894207e-02
1.5108939912e+01   4.6296846849e-02
1.5116756229e+01   4.7770434504e-02
1.5124572545e+01   4.9274699359e-02
1.5132388862e+01   5.0810701448e-02
1.5140205178e+01   5.2379519112e-02
1.5148021495e+01   5.3982249445e-02
1.5155837811e+01   5.5620008733e-02
1.5163654128e+01   5.7293932891e-02
1.5171470445e+01   5.9005177872e-02
1.5179286761e+01   6.0754920084e-02
1.5187103078e+01   6.2544356787e-02
1.5194919394e+01   6.4374706482e-02
1.5202735711e+01   6.6247209287e-02
1.5210552027e+01   6.8163127301e-02
1.5218368344e+01   7.0123744966e-02
1.5226184660e+01   7.2130369398e-02
1.5234000977e+01   7.4184330727e-02
1.5241817294e+01   7.6286982408e-02
1.5249633610e+01   7.8439701524e-02
1.5257449927e+01   8.0643889081e-02
1.5265266243e+01   8.2900970277e-02
1.5273082560e+01   8.5212394769e-02
1.5280898876e+01   8.7579636916e-02
1.5288715193e+01   9.0004196009e-02
1.5296531510e+01   9.2487596485e-02
1.5304347826e+01   9.5031388130e-02
1.5312164143e+01   9.7637146252e-02
1.5319980459e+01   1.0030647185e-01
1.5327796776e+01   1.0304099176e-01
1.5335613092e+01   1.0584235877e-01
1.5343429409e+01   1.0871225175e-01
1.5351245725e+01   1.1165237573e-01
1.5359062042e+01   1.1466446193e-01
1.5366878359e+01   1.1775026790e-01
1.5374694675e+01   1.2091157743e-01
1.5382510992e+01   1.2415020067e-01
1.5390327308e+01   1.2746797401e-01
1.5398143625e+01   1.3086676011e-01
1.5405959941e+01   1.3434844782e-01
1.5413776258e+01   1.3791495209e-01
1.5421592574e+01   1.4156821384e-01
1.5429408891e+01   1.4531019986e-01
1.5437225208e+01   1.4914290264e-01
1.5445041524e+01   1.5306834017e-01
1.5452857841e+01   1.5708855577e-01
1.5460674157e+01   1.6120561780e-01
1.5468490474e+01   1.6542161945e-01
1.5476306790e+01   1.6973867842e-01
1.5484123107e+01   1.7415893663e-01
1.5491939424e+01   1.7868455985e-01
1.5499755740e+01   1.8331773738e-01
1.5507572057e+01   1.8806068161e-01
1.5515388373e+01   1.9291562759e-01
1.5523204690e+01   1.9788483265e-01
1.5531021006e+01   2.0297057584e-01
1.5538837323e+01   2.0817515750e-01
1.5546653639e+01   2.1350089865e-01
1.5554469956e+01   2.1895014050e-01
1.5562286273e+01   2.2452524383e-01
1.5570102589e+01   2.3022858839e-01
1.5577918906e+01   2.3606257224e-01
1.5585735222e+01   2.4202961108e-01
1.5593551539e+01   2.4813213761e-01
1.5601367855e+01   2.5437260074e-01
1.5609184172e+01   2.6075346487e-01
1.5617000489e+01   2.6727720914e-01
1.5624816805e+01   2.7394632662e-01
1.5632633122e+01   2.8076332347e-01
1.5640449438e+01   2.8773071811e-01
1.5648265755e+01   2.9485104039e-01
1.5656082071e+01   3.0212683063e-01
1.5663898388e+01   3.0956063877e-01
1.5671714704e+01   3.1715502341e-01
1.5679531021e+01   3.2491255087e-01
1.5687347338e+01   3.3283579422e-01
1.5695163654e+01   3.4092733228e-01
1.5702979971e+01   3.4918974863e-01
1.5710796287e+01   3.5762563062e-01
1.5718612604e+01   3.6623756827e-01
1.5726428920e+01   3.7502815328e-01
1.5734245237e+01   3.8399997796e-01
1.5742061553e+01   3.9315563416e-01
1.5749877870e+01   4.0249771220e-01
1.5757694187e+01   4.1202879978e-01
1.5765510503e+01   4.2175148090e-01
1.5773326820e+01   4.3166833478e-01
1.5781143136e+01   4.4178193476e-01
1.5788959453e+01   4.5209484720e-01
1.5796775769e+01   4.6260963041e-01
1.5804592086e+01   4.7332883356e-01
1.5812408403e+01   4.8425499560e-01
1.5820224719e+01   4.9539064421e-01
1.5828041036e+01   5.0673829470e-01
1.5835857352e+01   5.1830044900e-01
1.5843673669e+01   5.3007959465e-01
1.5851489985e+01   5.4207820374e-01
1.5859306302e+01   5.5429873196e-01
1.5867122618e+01   5.6674361761e-01
1.5874938935e+01   5.7941528067e-01
1.5882755252e+01   5.9231612192e-01
1.5890571568e+01   6.0544852198e-01
1.5898387885e+01   6.1881484057e-01
1.5906204201e+01   6.3241741561e-01
1.5914020518e+01   6.4625856251e-01
1.5921836834e+01   6.6034057344e-01
1.5929653151e+01   6.7466571661e-01
1.5937469468e+01   6.8923623573e-01
1.5945285784e+01   7.0405434936e-01
1.5953102101e+01   7.1912225042e-01
1.5960918417e+01   7.3444210575e-01
1.5968734734e+01   7.5001605573e-01
1.5976551050e+01   7.6584621392e-01
1.5984367367e+01   7.8193466684e-01
1.5992183683e+01   7.9828347378e-01
1.6000000000e+01   8.1489466673e-01
1.6000000000e+01   8.1489466673e-01
