X    Y
0.0000000000e+00   nan
7.8201368524e-02   2.7989982120e-02
1.5640273705e-01   1.2038291331e-02
2.3460410557e-01   6.4761807894e-03
3.1280547410e-01   3.6272330347e-03
3.9100684262e-01   1.9593982785e-03
4.6920821114e-01   9.4838199267e-04
5.4740957967e-01   4.0647490282e-04
6.2561094819e-01   4.1457639948e-04
7.0381231672e-01   4.2348295175e-04
7.8201368524e-01   4.3345763843e-04
8.6021505376e-01   4.4484807093e-04
9.3841642229e-01   4.5813951598e-04
1.0166177908e+00   7.8693683495e-04
1.0948191593e+00   8.1862612273e-04
1.1730205279e+00   8.5917483351e-04
1.2512218964e+00   9.1359745180e-04
1.3294232649e+00   9.9152209683e-04
1.4076246334e+00   1.1140982303e-03
1.4858260020e+00   1.3386163218e-03
1.5640273705e+00   1.8933687432e-03
1.6422287390e+00   5.6927847270e-03
1.7204301075e+00   2.0104305280e-03
1.7986314761e+00   6.3729460650e-04
1.8768328446e+00   6.4801015373e-04
1.9550342131e+00   6.5925848975e-04
2.0332355816e+00   6.7122466333e-04
2.1114369501e+00   6.8413682116e-04
2.1896383187e+00   6.9828581842e-04
2.2678396872e+00   7.1405468072e-04
2.3460410557e+00   7.3196475401e-04
2.4242424242e+00   7.5275113294e-04
2.5024437928e+00   7.7749194759e-04
2.5806451613e+00   8.0784301631e-04
2.6588465298e+00   8.4649441126e-04
2.7370478983e+00   8.9814003209e-04
2.8152492669e+00   1.1552396356e-03
2.8934506354e+00   1.2891748074e-03
2.9716520039e+00   1.5338218707e-03
3.0498533724e+00   2.1378443409e-03
3.1280547410e+00   6.1385780069e-03
3.2062561095e+00   1.9564268660e-03
3.2844574780e+00   1.8672492257e-03
3.3626588465e+00   2.1042436721e-03
3.4408602151e+00   2.3741285050e-03
3.5190615836e+00   2.6803187653e-03
3.5972629521e+00   3.0258285905e-03
3.6754643206e+00   3.4127960256e-03
3.7536656891e+00   3.8415460420e-03
3.8318670577e+00   4.3096663630e-03
3.9100684262e+00   4.8109643730e-03
3.9882697947e+00   5.3338469760e-03
4.0664711632e+00   5.0569343498e-03
4.1446725318e+00   5.5104561134e-03
4.2228739003e+00   5.9162267855e-03
4.3010752688e+00   6.2338698731e-03
4.3792766373e+00   6.4138940025e-03
4.4574780059e+00   6.3994220066e-03
4.5356793744e+00   6.1298634233e-03
4.6138807429e+00   5.5481247884e-03
4.6920821114e+00   4.6113989161e-03
4.7702834800e+00   3.3065784146e-03
4.8484848485e+00   3.6823296446e-03
4.9266862170e+00   5.5412622114e-03
5.0048875855e+00   2.8950611499e-03
5.0830889541e+00   3.8242766747e-03
5.1612903226e+00   5.0627787464e-03
5.2394916911e+00   5.5897261543e-03
5.3176930596e+00   5.2730854908e-03
5.3958944282e+00   2.4087808381e-03
5.4740957967e+00   1.2408708053e-03
5.5522971652e+00   8.8618811050e-04
5.6304985337e+00   1.8126725653e-03
5.7086999022e+00   3.4663858434e-03
5.7869012708e+00   5.0920072383e-03
5.8651026393e+00   6.6225247779e-03
5.9433040078e+00   7.9807470899e-03
6.0215053763e+00   9.0561088927e-03
6.0997067449e+00   9.6929265584e-03
6.1779081134e+00   9.7135910145e-03
6.2561094819e+00   9.0048850083e-03
6.3343108504e+00   7.6500789616e-03
6.4125122190e+00   3.3667701038e-04
6.4907135875e+00   2.1973198002e-04
6.5689149560e+00   1.3353649631e-04
6.6471163245e+00   7.8176669982e-05
6.7253176931e+00   4.6052645883e-05
6.8035190616e+00   2.8645894982e-05
6.8817204301e+00   1.9750152735e-05
6.9599217986e+00   1.8333632592e-05
7.0381231672e+00   1.9063151007e-05
7.1163245357e+00   1.9978896641e-05
7.1945259042e+00   2.1177406023e-05
7.2727272727e+00   2.2835036051e-05
7.3509286413e+00   2.5311970855e-05
7.4291300098e+00   2.9476459504e-05
7.5073313783e+00   3.8089585622e-05
7.5855327468e+00   6.7147019959e-05
7.6637341153e+00   2.5384442955e-04
7.7419354839e+00   2.3894454811e-05
7.8201368524e+00   1.4968590504e-05
7.8983382209e+00   1.5248380561e-05
7.9765395894e+00   1.5544005256e-05
8.0547409580e+00   1.5860735780e-05
8.1329423265e+00   1.6205152276e-05
8.2111436950e+00   1.6585746210e-05
8.2893450635e+00   1.7013849272e-05
8.3675464321e+00   1.7505122320e-05
8.4457478006e+00   1.8082047317e-05
8.5239491691e+00   1.8778316220e-05
8.6021505376e+00   5.0919177925e-06
8.6803519062e+00   5.0073537438e-04
8.7585532747e+00   5.3715185169e-04
8.8367546432e+00   5.9132879773e-04
8.9149560117e+00   6.8203749556e-04
8.9931573803e+00   1.4617094716e-03
9.0713587488e+00   2.4983448326e-03
9.1495601173e+00   9.1773915546e-03
9.2277614858e+00   1.2485074388e-03
9.3059628543e+00   1.3936271359e-03
9.3841642229e+00   1.5569651254e-03
9.4623655914e+00   1.7400359506e-03
9.5405669599e+00   1.9439988006e-03
9.6187683284e+00   2.1693323194e-03
9.6969696970e+00   2.4160130974e-03
9.7751710655e+00   2.6829656050e-03
9.8533724340e+00   2.9656483486e-03
9.9315738025e+00   3.2570514781e-03
1.0009775171e+01   4.4375236273e-03
1.0087976540e+01   4.8146758009e-03
1.0166177908e+01   5.1605997791e-03
1.0244379277e+01   5.4481544064e-03
1.0322580645e+01   5.6439094630e-03
1.0400782014e+01   5.7088112674e-03
1.0478983382e+01   5.6001478868e-03
1.0557184751e+01   5.2749925381e-03
1.0635386119e+01   4.6954043667e-03
1.0713587488e+01   3.8357981413e-03
1.0791788856e+01   2.6924904192e-03
1.0869990225e+01   1.1254949610e-02
1.0948191593e+01   2.3542605927e-03
1.1026392962e+01   1.9239786687e-03
1.1104594330e+01   3.4548746297e-03
1.1182795699e+01   4.6814541630e-03
1.1260997067e+01   5.4114566184e-03
1.1339198436e+01   5.4949380706e-03
1.1417399804e+01   4.8557442774e-03
1.1495601173e+01   3.5027694361e-03
1.1573802542e+01   1.2926079182e-03
1.1652003910e+01   1.2202602625e-03
1.1730205279e+01   4.0611740647e-03
1.1808406647e+01   7.0869988074e-03
1.1886608016e+01   1.0150447170e-02
1.1964809384e+01   1.3075425438e-02
1.2043010753e+01   1.5618303897e-02
1.2121212121e+01   1.7444772519e-02
1.2199413490e+01   1.8160812923e-02
1.2277614858e+01   1.7456087470e-02
1.2355816227e+01   1.5347366286e-02
1.2434017595e+01   9.9342779923e-03
1.2512218964e+01   7.1999074948e-03
1.2590420332e+01   4.8660009935e-03
1.2668621701e+01   3.1548046065e-03
1.2746823069e+01   2.0313948836e-03
1.2825024438e+01   1.3476511842e-03
1.2903225806e+01   9.4973840373e-04
1.2981427175e+01   7.7692634917e-04
1.3059628543e+01   8.0122264072e-04
1.3137829912e+01   8.3101522952e-04
1.3216031281e+01   8.6886499092e-04
1.3294232649e+01   9.1918649350e-04
1.3372434018e+01   9.9029796181e-04
1.3450635386e+01   1.0999697708e-03
1.3528836755e+01   1.2941989570e-03
1.3607038123e+01   1.7402282637e-03
1.3685239492e+01   3.8985578917e-03
1.3763440860e+01   2.8718874165e-03
1.3841642229e+01   6.5791609764e-04
1.3919843597e+01   6.6832314500e-04
1.3998044966e+01   6.7922235772e-04
1.4076246334e+01   6.9078902233e-04
1.4154447703e+01   7.0323779683e-04
1.4232649071e+01   7.1684063057e-04
1.4310850440e+01   7.3195349275e-04
1.4389051808e+01   4.7127076769e-04
1.4467253177e+01   4.8362834024e-04
1.4545454545e+01   4.9826591666e-04
1.4623655914e+01   5.1611701617e-04
1.4701857283e+01   6.5863745087e-05
1.4780058651e+01   7.1116171042e-05
1.4858260020e+01   7.8517824369e-05
1.4936461388e+01   8.9909360122e-05
1.5014662757e+01   1.1006679359e-04
1.5092864125e+01   1.5644655873e-04
1.5171065494e+01   3.8451915405e-04
1.5249266862e+01   3.0872807350e-04
1.5327468231e+01   1.1643163190e-04
1.5405669599e+01   1.3028256550e-04
1.5483870968e+01   1.4390950497e-04
1.5562072336e+01   1.5556037756e-04
1.5640273705e+01   1.6188001086e-04
1.5718475073e+01   5.0818344302e-05
1.5796676442e+01   1.7719533605e-03
1.5874877810e+01   2.0164075200e-03
1.5953079179e+01   2.2793954889e-03
1.6031280547e+01   2.5579344831e-03
1.6109481916e+01   2.8454898881e-03
1.6187683284e+01   3.1312278085e-03
1.6265884653e+01   3.3991010978e-03
1.6344086022e+01   3.6272314197e-03
1.6422287390e+01   3.7876128910e-03
1.6500488759e+01   3.8463997551e-03
1.6578690127e+01   3.7651308779e-03
1.6656891496e+01   3.5034613091e-03
1.6735092864e+01   5.3528635644e-03
1.6813294233e+01   4.0088156423e-03
1.6891495601e+01   2.5600401805e-03
1.6969696970e+01   1.1254263570e-02
1.7047898338e+01   3.9186618014e-03
1.7126099707e+01   4.1727974239e-03
1.7204301075e+01   5.6642278603e-03
1.7282502444e+01   6.2444820919e-03
1.7360703812e+01   6.8196684917e-03
1.7438905181e+01   4.7128007533e-03
1.7517106549e+01   2.4617628658e-03
1.7595307918e+01   3.2891085771e-03
1.7673509286e+01   6.0460362105e-03
1.7751710655e+01   9.9695153746e-03
1.7829912023e+01   1.3680173197e-02
1.7908113392e+01   1.7025517559e-02
1.7986314761e+01   4.2746865736e-02
1.8064516129e+01   2.1513075809e-02
1.8142717498e+01   2.2212454774e-02
1.8220918866e+01   2.1401639332e-02
1.8299120235e+01   1.8973417081e-02
1.8377321603e+01   1.5314093092e-02
1.8455522972e+01   1.1248703741e-02
1.8533724340e+01   7.6139366605e-03
1.8611925709e+01   4.8626761550e-03
1.8690127077e+01   3.0210622702e-03
1.8768328446e+01   1.8938994307e-03
1.8846529814e+01   1.2485580335e-03
1.8924731183e+01   9.1021052629e-04
1.9002932551e+01   9.4220277256e-04
1.9081133920e+01   9.8236503904e-04
1.9159335288e+01   1.0348984947e-03
1.9237536657e+01   1.1074577462e-03
1.9315738025e+01   1.2156059483e-03
1.9393939394e+01   1.3965896369e-03
1.9472140762e+01   1.7673177965e-03
1.9550342131e+01   2.9822650472e-03
1.9628543500e+01   1.4419584762e-02
1.9706744868e+01   1.0193167569e-03
1.9784946237e+01   7.5925904784e-04
1.9863147605e+01   7.7139580546e-04
1.9941348974e+01   7.8422169230e-04
2.0019550342e+01   7.9796376573e-04
2.0097751711e+01   8.1290563398e-04
2.0175953079e+01   8.2941343892e-04
2.0254154448e+01   8.4797572131e-04
2.0332355816e+01   8.6926709270e-04
2.0410557185e+01   8.9425451384e-04
2.0488758553e+01   9.2438399594e-04
2.0566959922e+01   9.6192940649e-04
2.0645161290e+01   1.0106959453e-03
2.0723362659e+01   1.0775857385e-03
2.0801564027e+01   1.1765759858e-03
2.0879765396e+01   1.3409486154e-03
2.0957966764e+01   1.6742961093e-03
2.1036168133e+01   2.7445145487e-03
2.1114369501e+01   1.5961838359e-02
2.1192570870e+01   1.2790491759e-03
2.1270772239e+01   1.2252926441e-03
2.1348973607e+01   1.3510213334e-03
2.1427174976e+01   1.4886348747e-03
2.1505376344e+01   1.6381318408e-03
2.1583577713e+01   1.7990097378e-03
2.1661779081e+01   1.2876471288e-03
2.1739980450e+01   1.4056560477e-03
2.1818181818e+01   1.5265683715e-03
2.1896383187e+01   1.6469732868e-03
2.1974584555e+01   1.7621690037e-03
2.2052785924e+01   1.8659689000e-03
2.2130987292e+01   1.9505971258e-03
2.2209188661e+01   2.0067180349e-03
2.2287390029e+01   2.0236730266e-03
2.2365591398e+01   1.9899942037e-03
2.2443792766e+01   1.8942537669e-03
2.2521994135e+01   1.7262824539e-03
2.2600195503e+01   1.4787495467e-03
2.2678396872e+01   1.1490351157e-03
2.2756598240e+01   7.4123795481e-04
2.2834799609e+01   1.1414144669e-03
2.2913000978e+01   6.0624409999e-04
2.2991202346e+01   7.7438349755e-04
2.3069403715e+01   1.2700040003e-03
2.3147605083e+01   1.6883074571e-03
2.3225806452e+01   1.9820770751e-03
2.3304007820e+01   2.1091385839e-03
2.3382209189e+01   2.0376792290e-03
2.3460410557e+01   1.7498943315e-03
2.3538611926e+01   1.2432360675e-03
2.3616813294e+01   5.9837974846e-05
2.3695014663e+01   1.4610290431e-04
2.3773216031e+01   2.8326324484e-04
2.3851417400e+01   4.3082845252e-04
2.3929618768e+01   8.5522045373e-05
2.4007820137e+01   3.9451125251e-03
2.4086021505e+01   4.9122344435e-03
2.4164222874e+01   5.6225809875e-03
2.4242424242e+01   5.9274962583e-03
2.4320625611e+01   5.7354510415e-03
2.4398826979e+01   5.0790436060e-03
2.4477028348e+01   4.1279891966e-03
2.4555229717e+01   3.1155802753e-03
2.4633431085e+01   2.2331680162e-03
2.4711632454e+01   1.5711121845e-03
2.4789833822e+01   1.1259874574e-03
2.4868035191e+01   8.7021171777e-04
2.4946236559e+01   7.7229132720e-04
2.5024437928e+01   8.8203543294e-04
2.5102639296e+01   7.4879107317e-04
2.5180840665e+01   7.7680240538e-04
2.5259042033e+01   8.1152645481e-04
2.5337243402e+01   8.5626841099e-04
2.5415444770e+01   9.1688852140e-04
2.5493646139e+01   1.0048695365e-03
2.5571847507e+01   1.1462030757e-03
2.5650048876e+01   1.4149213960e-03
2.5728250244e+01   2.1395525718e-03
2.5806451613e+01   1.1687383606e-02
2.5884652981e+01   1.5836795872e-03
2.5962854350e+01   6.1726935903e-04
2.6041055718e+01   6.2874930533e-04
2.6119257087e+01   6.4082906664e-04
2.6197458456e+01   6.5371336442e-04
2.6275659824e+01   6.6765618825e-04
2.6353861193e+01   6.8298331842e-04
2.6432062561e+01   7.0012643702e-04
2.6510263930e+01   7.1967693335e-04
2.6588465298e+01   9.1199452418e-04
2.6666666667e+01   9.4415699178e-04
2.6744868035e+01   9.8387558481e-04
2.6823069404e+01   1.0527280262e-03
2.6901270772e+01   1.1209523095e-03
2.6979472141e+01   1.2197373286e-03
2.7057673509e+01   1.3782472148e-03
2.7135874878e+01   1.6800681139e-03
2.7214076246e+01   2.5016397713e-03
2.7292277615e+01   1.4887370894e-02
2.7370478983e+01   2.1756820385e-03
2.7448680352e+01   2.4896829518e-03
2.7526881720e+01   2.8546919695e-03
2.7605083089e+01   3.2753860278e-03
2.7683284457e+01   3.7556658548e-03
2.7761485826e+01   3.8400975009e-03
2.7839687195e+01   4.4565010685e-03
2.7917888563e+01   5.1558967079e-03
2.7996089932e+01   5.9410758248e-03
2.8074291300e+01   6.8070648339e-03
2.8152492669e+01   7.7377630469e-03
2.8230694037e+01   8.7012363782e-03
2.8308895406e+01   9.6449274459e-03
2.8387096774e+01   1.0490835190e-02
2.8465298143e+01   1.1131636635e-02
2.8543499511e+01   7.6891178098e-03
2.8621700880e+01   7.5144510604e-03
2.8699902248e+01   6.8590719634e-03
2.8778103617e+01   5.6168711074e-03
2.8856304985e+01   3.7418435332e-03
2.8934506354e+01   1.7872646131e-03
2.9012707722e+01   7.7484387418e-03
2.9090909091e+01   2.6045480043e-03
2.9169110459e+01   9.0136046211e-05
2.9247311828e+01   4.2564817826e-03
2.9325513196e+01   7.4668058461e-03
2.9403714565e+01   5.8874399395e-03
2.9481915934e+01   5.8205764319e-03
2.9560117302e+01   7.0525791800e-03
2.9638318671e+01   1.0093423161e-02
2.9716520039e+01   1.4507570596e-02
2.9794721408e+01   1.8472604596e-02
2.9872922776e+01   1.0414084417e-01
2.9951124145e+01   2.3961055244e-02
3.0029325513e+01   2.5269124534e-02
3.0107526882e+01   2.5315694436e-02
3.0185728250e+01   2.3843484669e-02
3.0263929619e+01   2.0817280753e-02
3.0342130987e+01   1.6653668826e-02
3.0420332356e+01   1.2170996251e-02
3.0498533724e+01   8.1871396608e-03
3.0576735093e+01   4.6794182555e-03
3.0654936461e+01   2.8907514266e-03
3.0733137830e+01   1.7715115673e-03
3.0811339198e+01   1.1094552959e-03
3.0889540567e+01   9.1513414743e-04
3.0967741935e+01   9.5822877229e-04
3.1045943304e+01   1.0155551608e-03
3.1124144673e+01   1.0964524985e-03
3.1202346041e+01   1.2207429332e-03
3.1280547410e+01   1.4391131406e-03
3.1358748778e+01   1.9314280468e-03
3.1436950147e+01   4.1409089455e-03
3.1515151515e+01   3.8979632031e-03
3.1593352884e+01   7.1029869705e-04
3.1671554252e+01   7.2171321100e-04
3.1749755621e+01   7.3365199220e-04
3.1827956989e+01   7.4630215785e-04
3.1906158358e+01   7.5989217471e-04
3.1984359726e+01   7.7471051874e-04
3.2062561095e+01   7.9113340654e-04
3.2140762463e+01   8.0966765999e-04
3.2218963832e+01   8.3101975563e-04
3.2297165200e+01   8.5621227956e-04
3.2375366569e+01   8.8679109677e-04
3.2453567937e+01   9.2521848011e-04
3.2531769306e+01   9.7568181033e-04
3.2609970674e+01   1.0459400152e-03
3.2688172043e+01   1.1521853877e-03
3.2766373412e+01   1.3348171086e-03
3.2844574780e+01   1.7307690403e-03
3.2922776149e+01   3.2902587367e-03
3.3000977517e+01   4.6747332106e-03
3.3079178886e+01   6.6503854911e-04
3.3157380254e+01   6.8758896898e-04
3.3235581623e+01   7.2375283623e-04
3.3313782991e+01   7.5876930735e-04
3.3391984360e+01   7.9153355611e-04
3.3470185728e+01   8.2067715881e-04
3.3548387097e+01   8.4453592379e-04
3.3626588465e+01   8.6112661372e-04
3.3704789834e+01   8.6813957627e-04
3.3782991202e+01   8.6295568235e-04
3.3861192571e+01   8.4269679719e-04
3.3939393939e+01   8.0431894078e-04
3.4017595308e+01   8.1263559498e-04
3.4095796676e+01   8.3457258321e-04
3.4173998045e+01   8.6148824563e-04
3.4252199413e+01   8.9611175097e-04
3.4330400782e+01   9.4354529331e-04
3.4408602151e+01   1.0145380909e-03
3.4486803519e+01   1.1362160480e-03
3.4565004888e+01   1.0594685163e-03
3.4643206256e+01   1.8687311583e-03
3.4721407625e+01   1.7406981983e-03
3.4799608993e+01   8.2530000480e-04
3.4877810362e+01   9.8040478030e-04
3.4956011730e+01   1.1094598635e-03
3.5034213099e+01   1.2004618255e-03
3.5112414467e+01   1.2416279304e-03
3.5190615836e+01   1.2223176203e-03
3.5268817204e+01   1.1342418492e-03
3.5347018573e+01   9.7250069259e-04
3.5425219941e+01   7.3685276013e-04
3.5503421310e+01   6.0109664572e-04
3.5581622678e+01   6.1826967769e-04
3.5659824047e+01   6.4388749112e-04
3.5738025415e+01   7.3029729882e-04
3.5816226784e+01   1.1163376281e-03
3.5894428152e+01   1.4494450196e-03
3.5972629521e+01   1.7013389112e-03
3.6050830890e+01   1.8534801086e-03
3.6129032258e+01   1.4235833629e-02
3.6207233627e+01   1.8579644433e-03
3.6285434995e+01   1.7474670910e-03
3.6363636364e+01   1.6030574949e-03
3.6441837732e+01   1.4581715914e-03
3.6520039101e+01   7.0426547593e-04
3.6598240469e+01   5.5696352877e-04
3.6676441838e+01   4.4888002219e-04
3.6754643206e+01   3.7007619852e-04
3.6832844575e+01   3.1238764576e-04
3.6911045943e+01   2.9506449338e-04
3.6989247312e+01   3.0295005634e-04
3.7067448680e+01   3.1218631447e-04
3.7145650049e+01   3.2328156049e-04
3.7223851417e+01   3.3702425408e-04
3.7302052786e+01   3.5470859480e-04
3.7380254154e+01   3.7862003366e-04
3.7458455523e+01   4.1321298681e-04
3.7536656891e+01   4.6849075195e-04
3.7614858260e+01   5.7256680119e-04
3.7693059629e+01   8.4657731210e-04
3.7771260997e+01   3.7326633217e-03
3.7849462366e+01   6.7291404455e-04
3.7927663734e+01   2.5921346422e-04
3.8005865103e+01   2.6373798833e-04
3.8084066471e+01   2.6849446176e-04
3.8162267840e+01   2.7356233183e-04
3.8240469208e+01   2.7903991755e-04
3.8318670577e+01   2.8505301207e-04
3.8396871945e+01   2.9176788009e-04
3.8475073314e+01   2.9941171003e-04
3.8553274682e+01   3.0830622190e-04
3.8631476051e+01   3.1892567276e-04
3.8709677419e+01   2.7540124242e-05
3.8787878788e+01   1.3220994396e-04
3.8866080156e+01   1.4436357554e-04
3.8944281525e+01   1.6187621047e-04
3.9022482893e+01   1.8975665391e-04
3.9100684262e+01   9.7615947517e-04
3.9178885630e+01   1.4479803311e-03
3.9257086999e+01   6.3604592500e-03
3.9335288368e+01   1.1714966345e-03
3.9413489736e+01   9.8965702398e-04
3.9491691105e+01   1.1078385330e-03
3.9569892473e+01   1.2405781925e-03
3.9648093842e+01   1.3888319277e-03
3.9726295210e+01   1.5530657645e-03
3.9804496579e+01   1.7329328950e-03
3.9882697947e+01   1.9285341902e-03
3.9960899316e+01   2.1384614888e-03
4.0039100684e+01   2.3561908308e-03
4.0117302053e+01   2.5746226077e-03
4.0195503421e+01   4.2452234568e-03
4.0273704790e+01   4.5870288028e-03
4.0351906158e+01   4.8880495017e-03
4.0430107527e+01   5.1204981060e-03
4.0508308895e+01   5.2510731064e-03
4.0586510264e+01   5.2419408725e-03
4.0664711632e+01   5.0532431728e-03
4.0742913001e+01   4.6470193406e-03
4.0821114370e+01   3.9929479685e-03
4.0899315738e+01   3.0762345529e-03
4.0977517107e+01   2.5866968520e-03
4.1055718475e+01   2.5445498585e-03
4.1133919844e+01   1.7895800456e-03
4.1212121212e+01   2.4221488734e-03
4.1290322581e+01   3.6918602563e-03
4.1368523949e+01   4.5790984376e-03
4.1446725318e+01   4.9210314048e-03
4.1524926686e+01   4.6129761790e-03
4.1603128055e+01   3.6289189012e-03
4.1681329423e+01   2.0191427229e-03
4.1759530792e+01   1.0757741388e-03
4.1837732160e+01   3.2098002592e-03
4.1915933529e+01   6.3016487313e-03
4.1994134897e+01   9.4937394877e-03
4.2072336266e+01   1.2616042423e-02
4.2150537634e+01   1.5442804987e-02
4.2228739003e+01   1.7656702106e-02
4.2306940371e+01   1.8853385437e-02
4.2385141740e+01   1.8645237584e-02
4.2463343109e+01   1.6894458941e-02
4.2541544477e+01   1.3941989757e-02
4.2619745846e+01   9.5711268825e-03
4.2697947214e+01   6.5901772301e-03
4.2776148583e+01   4.3032588324e-03
4.2854349951e+01   2.7532813264e-03
4.2932551320e+01   1.7910192929e-03
4.3010752688e+01   1.2266709339e-03
4.3088954057e+01   9.5950905912e-04
4.3167155425e+01   9.9361752931e-04
4.3245356794e+01   1.0350652935e-03
4.3323558162e+01   1.0871455475e-03
4.3401759531e+01   1.1554222900e-03
4.3479960899e+01   1.2500990826e-03
4.3558162268e+01   1.3921417841e-03
4.3636363636e+01   1.6325781567e-03
4.3714565005e+01   2.1365544189e-03
4.3792766373e+01   3.9072485121e-03
4.3870967742e+01   1.0998344928e-02
4.3949169110e+01   1.2952453836e-03
4.4027370479e+01   8.0514313528e-04
4.4105571848e+01   8.2110003020e-04
4.4183773216e+01   8.3797209125e-04
4.4261974585e+01   8.5606094971e-04
4.4340175953e+01   8.7574539999e-04
4.4418377322e+01   8.9751706096e-04
4.4496578690e+01   9.2203519404e-04
4.4574780059e+01   7.6492733964e-04
4.4652981427e+01   7.9213933295e-04
4.4731182796e+01   8.2506380521e-04
4.4809384164e+01   8.6627354233e-04
4.4887585533e+01   5.3839942043e-04
4.4965786901e+01   5.8716167275e-04
4.5043988270e+01   6.6015940072e-04
4.5122189638e+01   7.8356541280e-04
4.5200391007e+01   1.0424037644e-03
4.5278592375e+01   1.9588209949e-03
4.5356793744e+01   5.3471010836e-03
4.5434995112e+01   8.4474386040e-04
4.5513196481e+01   9.5125636980e-04
4.5591397849e+01   1.0722891686e-03
4.5669599218e+01   1.2083967449e-03
4.5747800587e+01   1.3591322519e-03
4.5826001955e+01   1.5222048025e-03
4.5904203324e+01   6.9199240502e-05
4.5982404692e+01   5.3358158665e-04
4.6060606061e+01   6.0636417747e-04
4.6138807429e+01   6.8027129617e-04
4.6217008798e+01   7.5430416352e-04
4.6295210166e+01   8.2617324701e-04
4.6373411535e+01   8.9222490562e-04
4.6451612903e+01   9.4723521739e-04
4.6529814272e+01   9.8441685638e-04
4.6608015640e+01   9.9550961686e-04
4.6686217009e+01   9.7106707801e-04
4.6764418377e+01   9.0104937187e-04
4.6842619746e+01   7.7590325057e-04
4.6920821114e+01   5.8840451176e-04
4.6999022483e+01   5.6870404029e-04
4.7077223851e+01   6.2652415288e-03
4.7155425220e+01   3.1818132743e-04
4.7233626588e+01   2.5343706731e-03
4.7311827957e+01   3.7936849843e-03
4.7390029326e+01   6.7511484464e-03
4.7468230694e+01   6.6202808405e-03
4.7546432063e+01   5.3229841610e-03
4.7624633431e+01   3.0129650125e-03
4.7702834800e+01   2.4847279501e-03
4.7781036168e+01   3.4495825674e-03
4.7859237537e+01   7.0066628060e-03
4.7937438905e+01   1.0487974845e-02
4.8015640274e+01   1.3737244821e-02
4.8093841642e+01   1.8629384931e-02
4.8172043011e+01   2.1034977588e-02
4.8250244379e+01   2.2413353345e-02
4.8328445748e+01   2.2365916229e-02
4.8406647116e+01   2.0628311091e-02
4.8484848485e+01   1.7361908123e-02
4.8563049853e+01   1.3266902442e-02
4.8641251222e+01   9.2724429998e-03
4.8719452590e+01   6.0447322263e-03
4.8797653959e+01   3.7803655307e-03
4.8875855327e+01   2.3485290734e-03
4.8954056696e+01   1.5117891502e-03
4.9032258065e+01   1.0525587893e-03
4.9110459433e+01   8.1366876235e-04
4.9188660802e+01   8.2386997871e-04
4.9266862170e+01   8.6263002980e-04
4.9345063539e+01   9.1466858249e-04
4.9423264907e+01   9.8915851358e-04
4.9501466276e+01   1.0439533222e-03
4.9579667644e+01   1.2404710948e-03
4.9657869013e+01   1.7225557132e-03
4.9736070381e+01   4.8907405968e-03
4.9814271750e+01   1.7849693752e-03
4.9892473118e+01   6.2275283830e-04
4.9970674487e+01   6.3205880092e-04
5.0048875855e+01   6.4182382477e-04
5.0127077224e+01   6.5220609254e-04
5.0205278592e+01   6.6340072849e-04
5.0283479961e+01   6.7565632844e-04
5.0361681329e+01   6.8929981383e-04
5.0439882698e+01   7.0477555813e-04
5.0518084066e+01   7.2270907508e-04
5.0596285435e+01   7.4401604828e-04
5.0674486804e+01   7.7009974348e-04
5.0752688172e+01   8.0323387369e-04
5.0830889541e+01   8.4737243736e-04
5.0909090909e+01   9.1006964119e-04
5.0987292278e+01   1.0078121213e-03
5.1065493646e+01   1.1848198527e-03
5.1143695015e+01   1.6138742211e-03
5.1221896383e+01   4.3096052315e-03
5.1300097752e+01   1.6105452678e-03
5.1378299120e+01   1.3388658665e-03
5.1456500489e+01   1.4827214553e-03
5.1534701857e+01   1.3321887402e-03
5.1612903226e+01   1.4891621332e-03
5.1691104594e+01   1.6579830013e-03
5.1769305963e+01   1.8390649667e-03
5.1847507331e+01   2.0316526342e-03
5.1925708700e+01   1.2442727475e-03
5.2003910068e+01   1.3671259816e-03
5.2082111437e+01   1.4909705168e-03
5.2160312805e+01   1.6115345388e-03
5.2238514174e+01   1.7231027487e-03
5.2316715543e+01   1.8184353954e-03
5.2394916911e+01   1.8888353470e-03
5.2473118280e+01   1.9244245270e-03
5.2551319648e+01   1.9147000237e-03
5.2629521017e+01   1.8494248981e-03
5.2707722385e+01   1.7198788103e-03
5.2785923754e+01   1.5204460697e-03
5.2864125122e+01   1.2504465245e-03
5.2942326491e+01   1.1786811448e-03
5.3020527859e+01   1.1908115879e-03
5.3098729228e+01   6.7731513453e-04
5.3176930596e+01   5.5582056949e-04
5.3255131965e+01   6.4374998337e-04
5.3333333333e+01   9.1843407643e-04
5.3411534702e+01   1.0698136718e-03
5.3489736070e+01   1.0682764928e-03
5.3567937439e+01   8.9641437949e-04
5.3646138807e+01   5.5056274861e-04
5.3724340176e+01   6.2285617839e-04
5.3802541544e+01   4.9658664733e-04
5.3880742913e+01   6.5417515952e-04
5.3958944282e+01   8.4430693920e-04
5.4037145650e+01   1.0566738699e-03
5.4115347019e+01   5.3587797462e-03
5.4193548387e+01   6.7223515587e-03
5.4271749756e+01   7.8099955292e-03
5.4349951124e+01   8.4109757182e-03
5.4428152493e+01   8.3513150673e-03
5.4506353861e+01   7.5965740998e-03
5.4584555230e+01   6.3187458969e-03
5.4662756598e+01   4.8399281366e-03
5.4740957967e+01   3.4767518108e-03
5.4819159335e+01   2.4158799571e-03
5.4897360704e+01   1.6849858627e-03
5.4975562072e+01   1.2344574242e-03
5.5053763441e+01   1.2456878484e-03
5.5131964809e+01   9.2294539490e-04
5.5210166178e+01   9.1752129344e-04
5.5288367546e+01   9.5731436695e-04
5.5366568915e+01   1.0062103135e-03
5.5444770283e+01   1.0685337747e-03
5.5522971652e+01   1.1517982759e-03
5.5601173021e+01   1.2703234182e-03
5.5679374389e+01   1.4552219218e-03
5.5757575758e+01   1.7892757790e-03
5.5835777126e+01   2.5904744602e-03
5.5913978495e+01   7.2972880774e-03
5.5992179863e+01   3.8689762158e-03
5.6070381232e+01   1.0042382586e-03
5.6148582600e+01   7.4491744681e-04
5.6226783969e+01   7.6275086209e-04
5.6304985337e+01   7.8170782105e-04
5.6383186706e+01   8.0214917131e-04
5.6461388074e+01   8.2453405786e-04
5.6539589443e+01   8.4946612104e-04
5.6617790811e+01   8.7776565204e-04
5.6695992180e+01   1.0314369608e-03
5.6774193548e+01   1.0735000920e-03
5.6852394917e+01   1.1250408455e-03
5.6930596285e+01   1.1561003599e-03
5.7008797654e+01   1.2398134879e-03
5.7086999022e+01   1.3587886784e-03
5.7165200391e+01   1.5442746992e-03
5.7243401760e+01   1.8798462111e-03
5.7321603128e+01   2.6901391063e-03
5.7399804497e+01   7.6625402467e-03
5.7478005865e+01   3.5409110596e-03
5.7556207234e+01   2.4052487804e-03
5.7634408602e+01   2.7463088746e-03
5.7712609971e+01   3.1390000530e-03
5.7790811339e+01   3.5867893941e-03
5.7869012708e+01   3.4240305228e-03
5.7947214076e+01   3.9599252844e-03
5.8025415445e+01   4.5675762956e-03
5.8103616813e+01   5.2503081103e-03
5.8181818182e+01   6.0050805255e-03
5.8260019550e+01   6.8197768412e-03
5.8338220919e+01   7.6691720355e-03
5.8416422287e+01   8.5108156190e-03
5.8494623656e+01   9.2807832845e-03
5.8572825024e+01   9.8901281589e-03
5.8651026393e+01   5.8438313025e-03
5.8729227761e+01   5.7669423815e-03
5.8807429130e+01   5.3496016973e-03
5.8885630499e+01   4.5090406348e-03
5.8963831867e+01   3.1972281286e-03
5.9042033236e+01   1.4483473553e-03
5.9120234604e+01   2.5931233114e-03
5.9198435973e+01   1.9232148156e-02
5.9276637341e+01   8.6204102974e-04
5.9354838710e+01   9.2975128987e-04
5.9433040078e+01   9.9707515202e-04
5.9511241447e+01   4.6218824886e-03
5.9589442815e+01   2.6037413266e-03
5.9667644184e+01   3.8935338217e-03
5.9745845552e+01   5.0695619623e-03
5.9824046921e+01   6.5850174213e-03
5.9902248289e+01   1.4286509496e-02
5.9980449658e+01   2.5085814611e-02
6.0058651026e+01   2.7313535269e-02
6.0136852395e+01   2.1754494610e-02
6.0215053763e+01   2.2427025493e-02
6.0293255132e+01   2.1807514818e-02
6.0371456500e+01   1.9744639248e-02
6.0449657869e+01   1.6430839535e-02
6.0527859238e+01   1.2489098657e-02
6.0606060606e+01   8.7142533174e-03
6.0684261975e+01   5.6681444913e-03
6.0762463343e+01   3.5101672710e-03
6.0840664712e+01   2.1187748216e-03
6.0918866080e+01   1.2794006115e-03
6.0997067449e+01   7.9643333752e-04
6.1075268817e+01   5.2816190130e-04
6.1153470186e+01   5.1110122235e-04
6.1231671554e+01   5.4282662082e-04
6.1309872923e+01   5.8925496809e-04
6.1388074291e+01   6.6459466486e-04
6.1466275660e+01   8.1007583385e-04
6.1544477028e+01   1.2163250150e-03
6.1622678397e+01   9.4105395263e-03
6.1700879765e+01   6.8106632122e-04
6.1779081134e+01   3.8309709650e-04
6.1857282502e+01   3.8851640169e-04
6.1935483871e+01   3.9422521877e-04
6.2013685239e+01   4.0032043971e-04
6.2091886608e+01   4.0692170644e-04
6.2170087977e+01   4.1418164735e-04
6.2248289345e+01   4.2230149254e-04
6.2326490714e+01   4.3155578059e-04
6.2404692082e+01   4.4233308269e-04
6.2482893451e+01   4.5520641271e-04
6.2561094819e+01   4.7106217323e-04
6.2639296188e+01   4.9135372510e-04
6.2717497556e+01   5.1864739612e-04
6.2795698925e+01   5.5794860340e-04
6.2873900293e+01   6.2051594535e-04
6.2952101662e+01   7.3808870143e-04
6.3030303030e+01   1.0484011552e-03
6.3108504399e+01   4.4789958586e-03
6.3186705767e+01   6.3409537128e-04
6.3264907136e+01   5.7833206606e-04
6.3343108504e+01   6.2560014782e-04
6.3421309873e+01   6.7419523720e-04
6.3499511241e+01   7.2344879279e-04
6.3577712610e+01   7.7249875010e-04
6.3655913978e+01   8.2029379871e-04
6.3734115347e+01   8.6560571046e-04
6.3812316716e+01   9.0700692757e-04
6.3890518084e+01   9.4283422281e-04
6.3968719453e+01   9.7116003764e-04
6.4046920821e+01   1.1305212059e-03
6.4125122190e+01   1.1228937614e-03
6.4203323558e+01   1.0951590284e-03
6.4281524927e+01   1.0440173729e-03
6.4359726295e+01   9.6654941060e-04
6.4437927664e+01   8.6052027685e-04
6.4516129032e+01   7.2474025286e-04
6.4594330401e+01   6.3345410413e-04
6.4672531769e+01   6.8992849143e-04
6.4750733138e+01   8.3886380593e-04
6.4828934506e+01   2.9053966248e-03
6.4907135875e+01   5.3421252174e-04
6.4985337243e+01   5.4967353381e-04
6.5063538612e+01   7.6046115685e-04
6.5141739980e+01   9.3356037724e-04
6.5219941349e+01   1.0511746405e-03
6.5298142717e+01   1.0956290088e-03
6.5376344086e+01   1.0508377639e-03
6.5454545455e+01   9.0403165953e-04
6.5532746823e+01   6.4771985518e-04
6.5610948192e+01   5.3935725032e-04
6.5689149560e+01   5.4873655076e-04
6.5767350929e+01   7.2984260163e-04
6.5845552297e+01   1.3221688805e-03
6.5923753666e+01   1.9169131512e-03
6.6001955034e+01   2.4616658788e-03
6.6080156403e+01   2.9026345104e-03
6.6158357771e+01   3.1943908530e-03
6.6236559140e+01   3.3104650449e-03
6.6314760508e+01   3.2508979131e-03
6.6392961877e+01   3.0428862209e-03
6.6471163245e+01   2.7333375646e-03
6.6549364614e+01   2.3762148532e-03
6.6627565982e+01   1.9313271689e-03
6.6705767351e+01   1.6061668774e-03
6.6783968719e+01   1.3292930304e-03
6.6862170088e+01   1.1036503920e-03
6.6940371457e+01   9.2467782090e-04
6.7018572825e+01   7.8457510606e-04
6.7096774194e+01   6.7482498617e-04
6.7174975562e+01   6.2115743762e-04
6.7253176931e+01   6.3938910370e-04
6.7331378299e+01   6.6163479698e-04
6.7409579668e+01   6.8971489949e-04
6.7487781036e+01   7.2672436534e-04
6.7565982405e+01   7.7838881317e-04
6.7644183773e+01   8.5662067207e-04
6.7722385142e+01   9.9098188890e-04
6.7800586510e+01   1.2806349920e-03
6.7878787879e+01   2.3924359357e-03
6.7956989247e+01   3.8588972933e-03
6.8035190616e+01   5.2966804722e-04
6.8113391984e+01   5.3765473139e-04
6.8191593353e+01   5.4599899850e-04
6.8269794721e+01   5.5483046324e-04
6.8347996090e+01   5.6430689203e-04
6.8426197458e+01   5.7462693051e-04
6.8504398827e+01   5.8604895810e-04
6.8582600196e+01   5.9892017101e-04
6.8660801564e+01   6.1372334611e-04
6.8739002933e+01   6.3115556600e-04
6.8817204301e+01   4.7381794690e-04
6.8895405670e+01   4.9414016775e-04
6.8973607038e+01   5.5794352810e-04
6.9051808407e+01   6.3148418274e-04
6.9130009775e+01   3.7184437877e-04
6.9208211144e+01   4.3090137573e-04
6.9286412512e+01   4.9873630072e-04
6.9364613881e+01   5.7657311518e-04
6.9442815249e+01   6.6581033681e-04
6.9521016618e+01   7.6799274083e-04
6.9599217986e+01   8.8477888417e-04
6.9677419355e+01   1.0178479375e-03
6.9755620723e+01   1.1687302212e-03
6.9833822092e+01   1.3385378180e-03
6.9912023460e+01   1.5275766930e-03
6.9990224829e+01   1.7354044012e-03
7.0068426197e+01   1.9630301602e-03
7.0146627566e+01   2.4150301341e-04
7.0224828935e+01   3.9229829941e-04
7.0303030303e+01   4.7345869039e-04
7.0381231672e+01   5.6058712629e-04
7.0459433040e+01   6.5319946775e-04
7.0537634409e+01   7.5015381264e-04
7.0615835777e+01   8.4939764217e-04
7.0694037146e+01   9.4802307079e-04
7.0772238514e+01   1.0422289727e-03
7.0850439883e+01   1.1273711101e-03
7.0928641251e+01   1.1981130894e-03
7.1006842620e+01   1.2487360568e-03
7.1085043988e+01   1.2736863208e-03
7.1163245357e+01   4.0846422345e-03
7.1241446725e+01   1.2306130687e-03
7.1319648094e+01   1.1612423136e-03
7.1397849462e+01   1.0657303510e-03
7.1476050831e+01   9.5392556594e-04
7.1554252199e+01   8.3869366422e-04
7.1632453568e+01   2.1841270149e-03
7.1710654936e+01   1.7100156956e-03
7.1788856305e+01   1.4784633091e-03
7.1867057674e+01   1.2361566454e-03
7.1945259042e+01   3.2179916141e-03
7.2023460411e+01   5.9800865994e-03
7.2101661779e+01   8.8222205432e-03
7.2179863148e+01   1.1599209323e-02
7.2258064516e+01   1.4128383260e-02
7.2336265885e+01   1.6150400042e-02
7.2414467253e+01   1.7317761169e-02
7.2492668622e+01   1.7267158704e-02
7.2570869990e+01   1.5819504624e-02
7.2649071359e+01   1.4868580456e-02
7.2727272727e+01   1.1179367481e-02
7.2805474096e+01   7.7347294466e-03
7.2883675464e+01   5.0445844378e-03
7.2961876833e+01   3.2043820094e-03
7.3040078201e+01   2.0614446925e-03
7.3118279570e+01   1.5418096933e-03
7.3196480938e+01   1.6102349061e-03
7.3274682307e+01   1.6913282611e-03
7.3352883675e+01   1.7901943267e-03
7.3431085044e+01   1.9149978116e-03
7.3509286413e+01   2.0796695212e-03
7.3587487781e+01   2.3101132846e-03
7.3665689150e+01   2.6606362444e-03
7.3743890518e+01   3.2676697549e-03
7.3822091887e+01   4.5995886425e-03
7.3900293255e+01   1.0035142912e-02
7.3978494624e+01   1.4977545777e-02
7.4056695992e+01   3.0903023208e-03
7.4134897361e+01   1.2833290042e-03
7.4213098729e+01   1.2897175433e-03
7.4291300098e+01   1.3294133633e-03
7.4369501466e+01   1.3720643564e-03
7.4447702835e+01   1.4185917032e-03
7.4525904203e+01   1.4701966799e-03
7.4604105572e+01   1.5284982663e-03
7.4682306940e+01   1.5957550131e-03
7.4760508309e+01   1.6597801114e-03
7.4838709677e+01   1.7548899801e-03
7.4916911046e+01   1.8746825563e-03
7.4995112414e+01   2.0324168681e-03
7.5073313783e+01   2.0467617537e-03
7.5151515152e+01   2.3584223734e-03
7.5229716520e+01   2.8975512488e-03
7.5307917889e+01   4.0800844967e-03
7.5386119257e+01   8.9184349082e-03
7.5464320626e+01   1.3110517161e-02
7.5542521994e+01   2.7098269443e-03
7.5620723363e+01   1.9526696680e-03
7.5698924731e+01   2.1478285964e-03
7.5777126100e+01   2.3653843953e-03
7.5855327468e+01   2.6056464019e-03
7.5933528837e+01   2.8673653027e-03
7.6011730205e+01   3.1473336493e-03
7.6089931574e+01   2.1168425145e-03
7.6168132942e+01   2.3093085140e-03
7.6246334311e+01   2.5003403069e-03
7.6324535679e+01   2.6815765948e-03
7.6402737048e+01   2.8405749567e-03
7.6480938416e+01   2.9604171877e-03
7.6559139785e+01   3.0194406571e-03
7.6637341153e+01   2.9915630279e-03
7.6715542522e+01   2.8473666530e-03
7.6793743891e+01   2.5562933495e-03
7.6871945259e+01   2.0903272810e-03
7.6950146628e+01   2.0448000769e-03
7.7028347996e+01   2.6934677160e-03
7.7106549365e+01   5.0542980058e-03
7.7184750733e+01   1.0272352340e-02
7.7262952102e+01   2.8209782198e-03
7.7341153470e+01   3.9113074394e-03
7.7419354839e+01   4.7527812531e-03
7.7497556207e+01   2.2745006719e-03
7.7575757576e+01   2.3967742561e-03
7.7653958944e+01   2.3028902509e-03
7.7732160313e+01   2.1285699149e-03
7.7810361681e+01   3.1656094131e-03
7.7888563050e+01   1.6880733380e-03
7.7966764418e+01   2.1769057324e-03
7.8044965787e+01   2.7110984285e-03
7.8123167155e+01   4.6982180528e-03
7.8201368524e+01   6.7799505531e-03
7.8279569892e+01   1.6636805333e-02
7.8357771261e+01   1.0184843105e-02
7.8435972630e+01   1.1084642983e-02
7.8514173998e+01   1.1125656581e-02
7.8592375367e+01   1.0204199189e-02
7.8670576735e+01   8.5161647896e-03
7.8748778104e+01   9.8569819758e-03
7.8826979472e+01   6.7386291831e-03
7.8905180841e+01   4.3127082656e-03
7.8983382209e+01   2.6475990479e-03
7.9061583578e+01   1.5985365552e-03
7.9139784946e+01   9.7148677671e-04
7.9217986315e+01   6.0344532546e-04
7.9296187683e+01   4.5516829620e-04
7.9374389052e+01   5.0504329200e-04
7.9452590420e+01   5.6826925037e-04
7.9530791789e+01   6.5222851829e-04
7.9608993157e+01   7.7084908970e-04
7.9687194526e+01   9.5397252399e-04
7.9765395894e+01   1.2792419740e-03
7.9843597263e+01   2.0319168548e-03
7.9921798631e+01   5.7995717595e-03
8.0000000000e+01   8.2141728303e-03
8.0000000000e+01   8.2141728303e-03
