X    Y
0.0000000000e+00   0.0000000000e+00
2.4570410557e-01   2.5563814046e-02
4.1330684262e-01   4.4322973791e-02
5.8180957967e-01   6.4488804138e-02
7.5931231672e-01   8.7378492809e-02
1.0050164223e+00   1.2229799320e-01
1.2507205279e+00   1.6148070199e-01
1.4183232649e+00   1.9083687620e-01
1.5186246334e+00   2.0943341675e-01
1.7643287390e+00   2.5806545000e-01
1.9319314761e+00   2.9342586595e-01
2.1004342131e+00   3.3030174277e-01
2.2779369501e+00   3.6998717457e-01
2.5236410557e+00   4.2498044151e-01
2.7693451613e+00   4.7817368536e-01
3.0150492669e+00   5.2767020955e-01
3.2607533724e+00   5.7197221495e-01
3.5064574780e+00   6.1009741519e-01
3.7521615836e+00   6.4158073687e-01
3.9197643206e+00   6.5921977247e-01
4.0882670577e+00   6.7390894318e-01
4.2657697947e+00   6.8624146371e-01
4.5114739003e+00   6.9840187366e-01
4.7571780059e+00   7.0547716706e-01
5.0028821114e+00   7.0818936446e-01
5.3167875855e+00   7.0645094526e-01
5.6396930596e+00   6.9996189858e-01
5.9634985337e+00   6.9007806959e-01
6.2092026393e+00   6.8111595569e-01
6.4549067449e+00   6.7146981719e-01
6.7006108504e+00   6.6163918007e-01
6.9463149560e+00   6.5212429448e-01
7.1920190616e+00   6.4345298370e-01
7.4377231672e+00   6.3621455137e-01
7.6053259042e+00   6.3244847149e-01
7.7738286413e+00   6.2991576874e-01
7.9513313783e+00   6.2893855167e-01
8.1970354839e+00   6.3119939749e-01
8.3646382209e+00   6.3571192106e-01
8.4649395894e+00   6.3976632895e-01
8.6325423265e+00   6.4908208538e-01
8.7328436950e+00   6.5630147459e-01
8.9004464321e+00   6.7128835146e-01
9.0007478006e+00   6.8204176497e-01
9.1683505376e+00   7.0291594267e-01
9.2686519062e+00   7.1702035430e-01
9.4362546432e+00   7.4285003881e-01
9.5365560117e+00   7.5935663726e-01
9.7041587488e+00   7.8796307606e-01
9.8044601173e+00   8.0529016000e-01
1.0050164223e+01   8.4661012618e-01
1.0295868328e+01   8.8378750447e-01
1.0463471065e+01   9.0554041734e-01
1.0563772434e+01   9.1692332573e-01
1.0731375171e+01   9.3304300293e-01
1.0831676540e+01   9.4092492733e-01
1.1077380645e+01   9.5475079489e-01
1.1323084751e+01   9.6128880909e-01
1.1490687488e+01   9.6201944284e-01
1.1659190225e+01   9.6008762397e-01
1.1904894330e+01   9.5319477678e-01
1.2150598436e+01   9.4240660359e-01
1.2396302542e+01   9.2870678197e-01
1.2642006647e+01   9.1298959157e-01
1.2887710753e+01   8.9606335236e-01
1.3133414858e+01   8.7866890770e-01
1.3379118964e+01   8.6150848579e-01
1.3556621701e+01   8.4965146608e-01
1.3802325806e+01   8.3456007569e-01
1.4048029912e+01   8.2174204863e-01
1.4215632649e+01   8.1477828070e-01
1.4384135386e+01   8.0962793955e-01
1.4561638123e+01   8.0663739597e-01
1.4807342229e+01   8.0752327754e-01
1.4897743597e+01   8.0954744855e-01
1.5075246334e+01   8.1649587595e-01
1.5165647703e+01   8.2162957317e-01
1.5343150440e+01   8.3491796307e-01
1.5433551808e+01   8.4328608718e-01
1.5611054545e+01   8.6258462783e-01
1.5701455914e+01   8.7367834572e-01
1.5878958651e+01   8.9728393392e-01
1.5969360020e+01   9.0990624727e-01
1.6146862757e+01   9.3499601688e-01
1.6314465494e+01   9.5802825418e-01
1.6482968231e+01   9.7947256299e-01
1.6660470968e+01   9.9929560091e-01
1.6906175073e+01   1.0209010295e+00
1.6996576442e+01   1.0269917245e+00
1.7174079179e+01   1.0359878476e+00
1.7419783284e+01   1.0421796932e+00
1.7665487390e+01   1.0417640385e+00
1.7833090127e+01   1.0381869026e+00
1.8001592864e+01   1.0322949618e+00
1.8247296970e+01   1.0202981549e+00
1.8493001075e+01   1.0051902767e+00
1.8738705181e+01   9.8793499448e-01
1.8984409286e+01   9.6941123338e-01
1.9230113392e+01   9.5042783257e-01
1.9475817498e+01   9.3175179419e-01
1.9653320235e+01   9.1888066504e-01
1.9899024340e+01   9.0254416143e-01
2.0144728446e+01   8.8871489141e-01
2.0312331183e+01   8.8121748348e-01
2.0480833920e+01   8.7566464983e-01
2.0658336657e+01   8.7238522930e-01
2.0904040762e+01   8.7302529294e-01
2.0994442131e+01   8.7496755535e-01
2.1171944868e+01   8.8167765219e-01
2.1262346237e+01   8.8660783295e-01
2.1439848974e+01   8.9921593685e-01
2.1530250342e+01   9.0704437148e-01
2.1707753079e+01   9.2479656036e-01
2.1798154448e+01   9.3482441425e-01
2.1975657185e+01   9.5576482874e-01
2.2066058553e+01   9.6674987806e-01
2.2243561290e+01   9.8815357453e-01
2.2489265396e+01   1.0155715480e+00
2.2734969501e+01   1.0382011734e+00
2.2902572239e+01   1.0500783017e+00
2.3071074976e+01   1.0588377759e+00
2.3248577713e+01   1.0645866428e+00
2.3494281818e+01   1.0669300681e+00
2.3739985924e+01   1.0634257812e+00
2.3985690029e+01   1.0550119096e+00
2.4231394135e+01   1.0426984861e+00
2.4477098240e+01   1.0274779190e+00
2.4722802346e+01   1.0102831115e+00
2.4968506452e+01   9.9197814536e-01
2.5214210557e+01   9.7337019693e-01
2.5459914663e+01   9.5523523430e-01
2.5627517400e+01   9.4353462107e-01
2.5796020137e+01   9.3261739896e-01
2.5973522874e+01   9.2233901752e-01
2.6219226979e+01   9.1082313597e-01
2.6464931085e+01   9.0337470210e-01
2.6632533822e+01   9.0117335326e-01
2.6801036559e+01   9.0169559262e-01
2.6978539296e+01   9.0551280007e-01
2.7146142033e+01   9.1236140000e-01
2.7246443402e+01   9.1797064318e-01
2.7414046139e+01   9.2973691354e-01
2.7514347507e+01   9.3807563751e-01
2.7681950244e+01   9.5377546147e-01
2.7782251613e+01   9.6396491973e-01
2.8027955718e+01   9.9008089985e-01
2.8195558456e+01   1.0076759646e+00
2.8364061193e+01   1.0241815027e+00
2.8541563930e+01   1.0394994075e+00
2.8787268035e+01   1.0561324388e+00
2.9032972141e+01   1.0667377606e+00
2.9200574878e+01   1.0704368934e+00
2.9369077615e+01   1.0713894554e+00
2.9546580352e+01   1.0696176212e+00
2.9792284457e+01   1.0630270167e+00
3.0037988563e+01   1.0524531916e+00
3.0283692669e+01   1.0388247222e+00
3.0597598143e+01   1.0183961194e+00
3.0843302248e+01   1.0010945510e+00
3.1089006354e+01   9.8350961784e-01
3.1334710459e+01   9.6640802489e-01
3.1580414565e+01   9.5055992082e-01
3.1757917302e+01   9.4034289607e-01
3.2003621408e+01   9.2857376917e-01
3.2249325513e+01   9.2039170711e-01
3.2416928250e+01   9.1735457951e-01
3.2585430987e+01   9.1671961253e-01
3.2762933724e+01   9.1894645216e-01
3.3008637830e+01   9.2724597271e-01
3.3176240567e+01   9.3636141234e-01
3.3276541935e+01   9.4305689070e-01
3.3444144673e+01   9.5603246139e-01
3.3612647410e+01   9.7082013223e-01
3.3790150147e+01   9.8748409477e-01
3.4035854252e+01   1.0106562498e+00
3.4281558358e+01   1.0317856063e+00
3.4449161095e+01   1.0440264468e+00
3.4617663832e+01   1.0540592165e+00
3.4795166569e+01   1.0618930739e+00
3.5040870674e+01   1.0679408726e+00
3.5286574780e+01   1.0686085547e+00
3.5532278886e+01   1.0644388223e+00
3.5777982991e+01   1.0561808318e+00
3.6023687097e+01   1.0446711919e+00
3.6269391202e+01   1.0307596573e+00
3.6515095308e+01   1.0152710877e+00
3.6760799413e+01   9.9899377306e-01
3.7006503519e+01   9.8268565999e-01
3.7252207625e+01   9.6709186756e-01
3.7497911730e+01   9.5296774605e-01
3.7743615836e+01   9.4110057312e-01
3.7989319941e+01   9.3231888495e-01
3.8235024047e+01   9.2747123569e-01
3.8480728153e+01   9.2734885555e-01
3.8648330890e+01   9.3028792204e-01
3.8816833627e+01   9.3581598939e-01
3.8994336364e+01   9.4436360457e-01
3.9240040469e+01   9.6027690142e-01
3.9485744575e+01   9.7964022406e-01
3.9653347312e+01   9.9383549081e-01
3.9821850049e+01   1.0081059184e+00
3.9999352786e+01   1.0223852127e+00
4.0245056892e+01   1.0396205646e+00
4.0490760997e+01   1.0527237716e+00
4.0736465103e+01   1.0609745119e+00
4.0982169208e+01   1.0642239560e+00
4.1227873314e+01   1.0627534115e+00
4.1473577419e+01   1.0571225651e+00
4.1719281525e+01   1.0480430157e+00
4.1964985631e+01   1.0362887373e+00
4.2210689736e+01   1.0226416775e+00
4.2456393842e+01   1.0078654572e+00
4.2770299316e+01   9.8851801317e-01
4.3016003421e+01   9.7390451219e-01
4.3261707527e+01   9.6054664299e-01
4.3507411632e+01   9.4918598311e-01
4.3753115738e+01   9.4058701004e-01
4.3998819844e+01   9.3551658435e-01
4.4244523949e+01   9.3467888733e-01
4.4422026686e+01   9.3701070084e-01
4.4667730792e+01   9.4447123410e-01
4.4913434897e+01   9.5659416774e-01
4.5081037634e+01   9.6711577828e-01
4.5249540371e+01   9.7903315554e-01
4.5427043109e+01   9.9242620838e-01
4.5672747214e+01   1.0110731160e+00
4.5918451320e+01   1.0281862013e+00
4.6164155425e+01   1.0422642387e+00
4.6409859531e+01   1.0523180756e+00
4.6655563636e+01   1.0578959771e+00
4.6901267742e+01   1.0590045570e+00
4.7146971848e+01   1.0559858712e+00
4.7460877322e+01   1.0470214656e+00
4.7783782796e+01   1.0332120908e+00
4.8107588270e+01   1.0163231974e+00
4.8353292375e+01   1.0024818621e+00
4.8598996481e+01   9.8852981043e-01
4.8844700587e+01   9.7515756410e-01
4.9090404692e+01   9.6305751015e-01
4.9336108798e+01   9.5293192999e-01
4.9581812903e+01   9.4548903702e-01
4.9827517009e+01   9.4141395860e-01
5.0073221114e+01   9.4129983347e-01
5.0318925220e+01   9.4553053729e-01
5.0564629326e+01   9.5412852145e-01
5.0732232063e+01   9.6227741694e-01
5.0900734800e+01   9.7200490258e-01
5.1146438905e+01   9.8807082605e-01
5.1392143011e+01   1.0049490340e+00
5.1637847116e+01   1.0209920404e+00
5.1883551222e+01   1.0347508433e+00
5.2129255327e+01   1.0451704808e+00
5.2374959433e+01   1.0516612124e+00
5.2620663539e+01   1.0540662723e+00
5.2866367644e+01   1.0525721983e+00
5.3189273118e+01   1.0454139196e+00
5.3513078592e+01   1.0335479767e+00
5.3758782698e+01   1.0223338131e+00
5.4004486804e+01   1.0099590505e+00
5.4250190909e+01   9.9709369784e-01
5.4564096383e+01   9.8099480619e-01
5.4887001857e+01   9.6617070028e-01
5.5210807331e+01   9.5456249598e-01
5.5456511437e+01   9.4883970679e-01
5.5702215543e+01   9.4643385603e-01
5.5947919648e+01   9.4779708473e-01
5.6193623754e+01   9.5313427207e-01
5.6439327859e+01   9.6227931050e-01
5.6685031965e+01   9.7461069579e-01
5.6930736070e+01   9.8906466062e-01
5.7176440176e+01   1.0042721239e+00
5.7422144282e+01   1.0187850369e+00
5.7667848387e+01   1.0313124538e+00
5.7913552493e+01   1.0408906608e+00
5.8159256598e+01   1.0469543400e+00
5.8473162072e+01   1.0493331068e+00
5.8796067546e+01   1.0458682413e+00
5.9119873021e+01   1.0373334601e+00
5.9365577126e+01   1.0282620078e+00
5.9611281232e+01   1.0176331440e+00
6.0002388074e+01   9.9906224667e-01
6.0326193548e+01   9.8372409185e-01
6.0571897654e+01   9.7305080944e-01
6.0817601760e+01   9.6389577329e-01
6.1063305865e+01   9.5686673593e-01
6.1377211339e+01   9.5188098959e-01
6.1700116813e+01   9.5235578295e-01
6.1945820919e+01   9.5685008865e-01
6.2191525024e+01   9.6479283037e-01
6.2437229130e+01   9.7565681864e-01
6.2682933236e+01   9.8853307040e-01
6.3006738710e+01   1.0065581225e+00
6.3252442815e+01   1.0194126190e+00
6.3498146921e+01   1.0303213292e+00
6.3743851026e+01   1.0384762871e+00
6.3989555132e+01   1.0434156495e+00
6.4303460606e+01   1.0448677361e+00
6.4626366080e+01   1.0410476391e+00
6.4950171554e+01   1.0327006867e+00
6.5195875660e+01   1.0240773090e+00
6.5509781134e+01   1.0111884523e+00
6.5910787977e+01   9.9350240780e-01
6.6156492082e+01   9.8300614384e-01
6.6402196188e+01   9.7347993901e-01
6.6716101662e+01   9.6363584984e-01
6.7039007136e+01   9.5734122461e-01
6.7362812610e+01   9.5596586918e-01
6.7608516716e+01   9.5861913627e-01
6.7854220821e+01   9.6447417713e-01
6.8099924927e+01   9.7320028568e-01
6.8345629032e+01   9.8412611562e-01
6.8659534506e+01   9.9974492488e-01
6.8982439980e+01   1.0154821992e+00
6.9306245455e+01   1.0285937707e+00
6.9551949560e+01   1.0356910306e+00
6.9797653666e+01   1.0398628331e+00
7.0043357771e+01   1.0410001179e+00
7.0434464614e+01   1.0369379451e+00
7.0758270088e+01   1.0289998379e+00
7.1003974194e+01   1.0209241842e+00
7.1395081036e+01   1.0058577038e+00
7.1718886510e+01   9.9271708817e-01
7.1964590616e+01   9.8318515224e-01
7.2278496090e+01   9.7251689754e-01
7.2679502933e+01   9.6297609028e-01
7.2925207038e+01   9.6020027249e-01
7.3170911144e+01   9.6018675383e-01
7.3416615249e+01   9.6310144539e-01
7.3730520723e+01   9.7093844916e-01
7.4053426198e+01   9.8295033097e-01
7.4377231672e+01   9.9731088716e-01
7.4622935777e+01   1.0084050300e+00
7.4868639883e+01   1.0185909305e+00
7.5182545357e+01   1.0289915629e+00
7.5583552199e+01   1.0364074012e+00
7.5829256305e+01   1.0373507897e+00
7.6074960411e+01   1.0356507822e+00
7.6466067253e+01   1.0282101036e+00
7.6789872727e+01   1.0186850833e+00
7.7035576833e+01   1.0101542873e+00
7.7504785044e+01   9.9276581658e-01
7.7750489150e+01   9.8407762772e-01
7.7996193255e+01   9.7634819748e-01
7.8465401466e+01   9.6600540217e-01
7.8711105572e+01   9.6370440850e-01
7.8956809677e+01   9.6394469852e-01
7.9270715152e+01   9.6811075190e-01
7.9671721994e+01   9.7918011092e-01
7.9917426100e+01   9.8831190039e-01
