X    Y
0.0000000000e+00   0.0000000000e+00
1.5632633122e-02   1.6904568023e-09
3.1265266243e-02   2.5725188309e-04
4.6897899365e-02   2.5631240266e-04
6.2530532487e-02   2.5910825827e-04
7.8163165608e-02   2.6537361700e-04
9.3795798730e-02   1.2269101030e-04
1.0942843185e-01   3.3575960093e-04
1.2506106497e-01   3.5054278064e-04
1.4069369809e-01   9.9155337908e-05
1.5632633122e-01   1.7448868342e-04
1.7195896434e-01   1.7821604978e-04
1.8759159746e-01   2.0810555450e-04
2.0322423058e-01   7.2039094282e-05
2.1885686370e-01   3.2315416352e-04
2.3448949682e-01   1.0268172098e-04
2.5012212995e-01   1.2808634181e-04
2.6575476307e-01   7.5772512425e-06
2.8138739619e-01   7.9073700399e-07
2.9702002931e-01   4.1884148164e-04
3.1265266243e-01   6.5717074175e-04
3.2828529555e-01   3.9422787914e-04
3.4391792868e-01   1.1755421672e-03
3.5955056180e-01   1.3603476248e-03
3.7518319492e-01   3.3091386474e-04
3.9081582804e-01   5.5169673825e-04
4.0644846116e-01   8.1298313025e-04
4.2208109428e-01   2.7049686757e-04
4.3771372741e-01   8.1933080914e-04
4.5334636053e-01   1.9576038844e-04
4.6897899365e-01   1.7038711200e-04
4.8461162677e-01   3.4918124061e-05
5.0024425989e-01   6.1427277248e-07
5.1587689301e-01   4.3316774965e-04
5.3150952614e-01   5.2127657932e-04
5.4714215926e-01   2.5011312872e-04
5.6277479238e-01   5.8678840600e-04
5.7840742550e-01   5.7823991603e-04
5.9404005862e-01   5.5204676179e-04
6.0967269174e-01   9.0659793551e-05
6.2530532487e-01   1.3776536519e-04
6.4093795799e-01   1.2579430511e-04
6.5657059111e-01   1.1440416084e-04
6.7220322423e-01   1.0421089033e-04
6.8783585735e-01   9.5597236690e-05
7.0346849047e-01   2.2376164014e-04
7.1910112360e-01   2.1323880100e-04
7.3473375672e-01   2.0756898783e-04
7.5036638984e-01   2.0657741740e-04
7.6599902296e-01   8.9463611479e-05
7.8163165608e-01   3.1518120301e-04
7.9726428920e-01   3.3050495186e-04
8.1289692233e-01   3.5049959160e-04
8.2852955545e-01   1.3141468445e-04
8.4416218857e-01   2.5372153127e-04
8.5979482169e-01   2.7024863618e-04
8.7542745481e-01   1.4668348949e-04
8.9106008793e-01   2.1463332119e-05
9.0669272106e-01   4.3524595070e-04
9.2232535418e-01   1.8107927670e-04
9.3795798730e-01   3.5361846086e-04
9.5359062042e-01   3.1716049460e-05
9.6922325354e-01   3.2178392613e-05
9.8485588666e-01   7.2888685322e-05
1.0004885198e+00   1.1741440760e-04
1.0161211529e+00   6.4516512002e-04
1.0317537860e+00   1.0051358210e-03
1.0473864191e+00   4.3146350142e-04
1.0630190523e+00   9.1914843896e-04
1.0786516854e+00   7.8835235741e-04
1.0942843185e+00   2.1518253947e-04
1.1099169516e+00   1.6969648319e-03
1.1255495848e+00   6.1114023952e-04
1.1411822179e+00   9.8448697663e-04
1.1568148510e+00   2.3330417306e-05
1.1724474841e+00   1.9464914282e-05
1.1880801172e+00   9.7105924951e-05
1.2037127504e+00   1.3441197489e-04
1.2193453835e+00   5.3835051770e-04
1.2349780166e+00   1.8878419779e-04
1.2506106497e+00   3.5481695250e-04
1.2662432829e+00   3.6465379334e-04
1.2818759160e+00   3.5987409135e-04
1.2975085491e+00   3.3392732244e-04
1.3131411822e+00   3.0273533830e-04
1.3287738153e+00   9.4255942820e-05
1.3444064485e+00   4.7562719948e-04
1.3600390816e+00   4.1664310007e-04
1.3756717147e+00   3.6400476176e-04
1.3913043478e+00   3.1884171944e-04
1.4069369809e+00   2.8159863189e-04
1.4225696141e+00   2.5227544443e-04
1.4382022472e+00   9.4229251093e-05
1.4538348803e+00   1.7573102500e-04
1.4694675134e+00   1.6862028801e-04
1.4851001466e+00   1.6675387142e-04
1.5007327797e+00   1.6985275730e-04
1.5163654128e+00   1.7770060455e-04
1.5319980459e+00   1.7768825240e-05
1.5476306790e+00   1.9485615082e-05
1.5632633122e+00   2.1593577538e-05
1.5788959453e+00   1.0211004494e-06
1.5945285784e+00   3.1512465337e-04
1.6101612115e+00   3.5201275128e-04
1.6257938447e+00   1.7438695472e-04
1.6414264778e+00   4.7864213610e-04
1.6570591109e+00   1.2823224830e-04
1.6726917440e+00   2.2979776769e-04
1.6883243771e+00   3.5784902982e-04
1.7039570103e+00   1.3895826993e-04
1.7195896434e+00   5.6390017344e-04
1.7352222765e+00   1.8401966777e-04
1.7508549096e+00   2.4179001593e-04
1.7664875427e+00   1.4911133828e-05
1.7821201759e+00   7.5403002964e-07
1.7977528090e+00   8.0160594368e-04
1.8133854421e+00   5.5723206578e-04
1.8290180752e+00   1.7516573538e-03
1.8446507084e+00   4.2215748269e-04
1.8602833415e+00   7.7257647440e-04
1.8759159746e+00   7.0582215162e-04
1.8915486077e+00   8.4623603971e-04
1.9071812408e+00   3.0112664650e-05
1.9228138740e+00   4.8476656521e-04
1.9384465071e+00   8.6227738384e-05
1.9540791402e+00   3.7671140862e-05
1.9697117733e+00   3.3635820064e-04
1.9853444064e+00   2.2928274644e-04
2.0009770396e+00   8.7826503975e-04
2.0166096727e+00   3.1963446334e-04
2.0322423058e+00   5.7813560537e-04
2.0478749389e+00   3.4070406272e-04
2.0635075721e+00   3.0761060517e-04
2.0791402052e+00   6.2094666483e-05
2.0947728383e+00   5.9756950453e-04
2.1104054714e+00   5.0094508001e-04
2.1260381045e+00   4.1049917353e-04
2.1416707377e+00   3.2838637420e-04
2.1573033708e+00   1.1067674679e-04
2.1729360039e+00   1.8245372042e-04
2.1885686370e+00   1.3103649395e-04
2.2042012702e+00   8.6360762026e-05
2.2198339033e+00   4.7375691110e-05
2.2354665364e+00   1.2965736870e-05
2.2510991695e+00   1.7981348392e-05
2.2667318026e+00   4.6535381638e-05
2.2823644358e+00   7.3704376832e-05
2.2979970689e+00   8.0501811097e-06
2.3136297020e+00   1.4491635707e-05
2.3292623351e+00   1.7625951670e-05
2.3448949682e+00   2.0977034388e-05
2.3605276014e+00   2.4617359600e-05
2.3761602345e+00   2.4189767694e-04
2.3917928676e+00   2.7872312176e-04
2.4074255007e+00   1.4234107940e-04
2.4230581339e+00   4.4460903986e-04
2.4386907670e+00   5.0009157450e-04
2.4543234001e+00   1.6996104730e-04
2.4699560332e+00   3.1668942926e-04
2.4855886663e+00   3.1485426378e-04
2.5012212995e+00   1.0725371403e-04
2.5168539326e+00   6.3590028892e-04
2.5324865657e+00   2.3828953458e-04
2.5481191988e+00   3.6528023895e-04
2.5637518319e+00   8.5924600640e-06
2.5793844651e+00   7.3686907955e-06
2.5950170982e+00   6.6510234707e-04
2.6106497313e+00   5.0294273225e-04
2.6262823644e+00   1.8417450058e-03
2.6419149976e+00   6.1418295112e-04
2.6575476307e+00   1.1920115862e-03
2.6731802638e+00   5.9530279153e-04
2.6888128969e+00   1.0319181502e-03
2.7044455300e+00   1.6678564439e-05
2.7200781632e+00   5.5144699334e-04
2.7357107963e+00   1.7767893167e-04
2.7513434294e+00   5.5679976062e-06
2.7669760625e+00   1.0917258294e-04
2.7826086957e+00   7.4349078106e-04
2.7982413288e+00   3.4392627478e-04
2.8138739619e+00   7.1004812264e-04
2.8295065950e+00   2.4574232891e-04
2.8451392281e+00   4.1922450014e-06
2.8607718613e+00   8.0248223271e-04
2.8764044944e+00   7.0141209603e-04
2.8920371275e+00   2.6470985954e-04
2.9076697606e+00   5.1185795793e-04
2.9233023937e+00   4.1416894774e-04
2.9389350269e+00   3.2495551070e-04
2.9545676600e+00   2.4511303170e-04
2.9702002931e+00   2.8366249985e-05
2.9858329262e+00   3.2188720461e-05
3.0014655594e+00   1.7482725563e-05
3.0170981925e+00   4.4118676635e-06
3.0327308256e+00   7.3767532587e-06
3.0483634587e+00   1.8232446436e-05
3.0639960918e+00   2.8485515909e-05
3.0796287250e+00   1.2361909997e-04
3.0952613581e+00   1.5226550334e-04
3.1108939912e+00   1.8160955661e-04
3.1265266243e+00   9.0703837766e-05
3.1421592574e+00   3.3916440568e-04
3.1577918906e+00   3.8514803490e-04
3.1734245237e+00   1.4935769771e-04
3.1890571568e+00   2.9407142816e-04
3.2046897899e+00   1.8191415424e-04
3.2203224231e+00   3.5456213148e-05
3.2359550562e+00   5.2392920586e-04
3.2515876893e+00   2.2000623699e-04
3.2672203224e+00   4.2178805211e-04
3.2828529555e+00   3.4950745520e-05
3.2984855887e+00   3.2693485097e-05
3.3141182218e+00   1.4589900078e-04
3.3297508549e+00   1.8269873511e-04
3.3453834880e+00   9.4173965115e-04
3.3610161212e+00   4.3514415433e-04
3.3766487543e+00   9.8989991012e-04
3.3922813874e+00   9.9262553199e-04
3.4079140205e+00   3.0104367377e-04
3.4235466536e+00   2.1966146568e-03
3.4391792868e+00   8.0626303815e-04
3.4548119199e+00   2.5028289797e-05
3.4704445530e+00   3.3928259118e-04
3.4860771861e+00   4.3993480960e-04
3.5017098192e+00   5.3444638094e-06
3.5173424524e+00   1.5311789857e-04
3.5329750855e+00   3.6748565078e-04
3.5486077186e+00   1.5151241718e-04
3.5642403517e+00   8.6946252982e-04
3.5798729849e+00   3.4779095366e-04
3.5955056180e+00   6.5876434492e-04
3.6111382511e+00   6.0633876951e-04
3.6267708842e+00   5.9102449969e-05
3.6424035173e+00   5.0846420678e-05
3.6580361505e+00   4.2853665128e-05
3.6736687836e+00   3.5440494604e-05
3.6893014167e+00   1.2453548573e-06
3.7049340498e+00   2.3658796781e-04
3.7205666830e+00   1.8872674672e-04
3.7361993161e+00   1.4800418079e-04
3.7518319492e+00   1.1371670474e-04
3.7674645823e+00   8.5039266531e-05
3.7830972154e+00   6.1113942296e-05
3.7987298486e+00   4.1105726705e-05
3.8143624817e+00   2.4234363430e-05
3.8299951148e+00   9.7892146533e-06
3.8456277479e+00   2.8674825819e-06
3.8612603810e+00   1.4305037618e-05
3.8768930142e+00   2.5033661494e-05
3.8925256473e+00   1.8087602909e-05
3.9081582804e+00   4.8481929331e-05
3.9237909135e+00   6.0744880046e-05
3.9394235467e+00   7.3997251203e-05
3.9550561798e+00   8.8679985507e-05
3.9706888129e+00   1.0525017588e-04
3.9863214460e+00   1.2419427647e-04
4.0019540791e+00   1.4604007788e-04
4.0175867123e+00   1.7136666389e-04
4.0332193454e+00   5.7673901011e-05
4.0488519785e+00   1.0018549155e-04
4.0644846116e+00   1.1698089721e-04
4.0801172447e+00   1.3645822251e-04
4.0957498779e+00   2.5379685924e-04
4.1113825110e+00   2.9470307657e-04
4.1270151441e+00   1.5408953460e-04
4.1426477772e+00   6.1011114944e-04
4.1582804104e+00   2.9052954844e-04
4.1739130435e+00   5.7026791461e-04
4.1895456766e+00   2.2727624685e-04
4.2051783097e+00   6.6913725562e-05
4.2208109428e+00   8.9281122895e-04
4.2364435760e+00   4.3252767216e-04
4.2520762091e+00   8.0720114722e-04
4.2677088422e+00   1.8765442175e-04
4.2833414753e+00   1.5279708041e-04
4.2989741085e+00   3.9072206514e-04
4.3146067416e+00   3.4777485611e-04
4.3302393747e+00   2.2626534697e-03
4.3458720078e+00   1.0879525244e-03
4.3615046409e+00   2.0908154888e-03
4.3771372741e+00   4.2400647364e-04
4.3927699072e+00   1.5379425146e-03
4.4084025403e+00   2.3231125201e-04
4.4240351734e+00   7.1901357005e-04
4.4396678065e+00   3.8225085444e-04
4.4553004397e+00   9.0718347664e-05
4.4709330728e+00   1.7171529107e-04
4.4865657059e+00   6.3453286980e-04
4.5021983390e+00   1.7474014489e-04
4.5178309722e+00   8.0936254808e-05
4.5334636053e+00   1.1090425865e-03
4.5490962384e+00   4.1838905351e-04
4.5647288715e+00   9.3642995984e-04
4.5803615046e+00   7.9345943800e-04
4.5959941378e+00   9.6933477481e-05
4.6116267709e+00   1.4737289453e-04
4.6272594040e+00   1.1169459564e-04
4.6428920371e+00   7.9103134116e-05
4.6585246702e+00   1.0603249743e-04
4.6741573034e+00   4.6697545848e-05
4.6897899365e+00   5.1332191209e-06
4.7054225696e+00   5.0362137951e-05
4.7210552027e+00   4.4472340488e-05
4.7366878359e+00   1.6911389494e-04
4.7523204690e+00   2.1354486405e-04
4.7679531021e+00   2.5016787121e-04
4.7835857352e+00   1.1154818726e-04
4.7992183683e+00   2.0057285676e-04
4.8148510015e+00   2.0658791288e-04
4.8304836346e+00   1.0429491425e-04
4.8461162677e+00   9.4636852424e-05
4.8617489008e+00   3.6206384369e-05
4.8773815340e+00   1.0359784507e-04
4.8930141671e+00   9.5984559561e-06
4.9086468002e+00   4.2304725898e-05
4.9242794333e+00   2.7764527979e-04
4.9399120664e+00   4.5873955339e-04
4.9555446996e+00   5.4897278563e-05
4.9711773327e+00   1.4211636577e-04
4.9868099658e+00   1.7856488546e-04
5.0024425989e+00   2.0596213520e-04
5.0180752320e+00   8.8190684787e-04
5.0337078652e+00   3.7014241691e-04
5.0493404983e+00   9.9657339822e-04
5.0649731314e+00   2.8636059529e-04
5.0806057645e+00   3.7354292954e-04
5.0962383977e+00   1.2694577210e-04
5.1118710308e+00   4.1961032941e-05
5.1275036639e+00   1.0142391841e-04
5.1431362970e+00   7.8125253700e-05
5.1587689301e+00   2.9557030237e-04
5.1744015633e+00   3.6518718299e-04
5.1900341964e+00   1.2024242106e-05
5.2056668295e+00   5.6028056248e-06
5.2212994626e+00   8.8915406937e-06
5.2369320957e+00   1.1151438019e-05
5.2525647289e+00   3.6123202568e-04
5.2681973620e+00   3.4136159495e-04
5.2838299951e+00   3.2158076098e-04
5.2994626282e+00   3.0363706780e-04
5.3150952614e+00   2.8870492263e-04
5.3307278945e+00   1.1930261801e-04
5.3463605276e+00   3.3946013152e-04
5.3619931607e+00   3.3419405621e-04
5.3776257938e+00   3.3390281828e-04
5.3932584270e+00   3.3809760867e-04
5.4088910601e+00   1.0348574059e-04
5.4245236932e+00   1.8371361120e-04
5.4401563263e+00   1.9060807864e-04
5.4557889595e+00   1.9209069918e-04
5.4714215926e+00   1.9547538569e-04
5.4870542257e+00   7.3964786462e-05
5.5026868588e+00   3.6552812430e-04
5.5183194919e+00   1.4837820160e-04
5.5339521251e+00   2.3881462491e-04
5.5495847582e+00   2.9118468478e-05
5.5652173913e+00   2.5074095318e-05
5.5808500244e+00   1.0784422419e-04
5.5964826575e+00   2.8826524385e-04
5.6121152907e+00   1.9982494648e-04
5.6277479238e+00   7.6970914855e-04
5.6433805569e+00   1.0066266266e-03
5.6590131900e+00   1.2039523938e-03
5.6746458232e+00   3.3087403296e-04
5.6902784563e+00   5.8910672309e-04
5.7059110894e+00   7.4288743351e-04
5.7215437225e+00   2.5489418319e-04
5.7371763556e+00   9.0664148003e-04
5.7528089888e+00   2.6623861230e-04
5.7684416219e+00   3.0026440251e-04
5.7840742550e+00   2.5660287181e-05
5.7997068881e+00   3.1049056740e-05
5.8153395213e+00   2.9919145997e-04
5.8309721544e+00   4.0406869306e-04
5.8466047875e+00   1.9046760094e-04
5.8622374206e+00   5.2784646874e-04
5.8778700537e+00   5.3738539281e-04
5.8935026869e+00   5.2612638997e-04
5.9091353200e+00   8.6223874663e-05
5.9247679531e+00   1.4965008389e-04
5.9404005862e+00   1.3885004169e-04
5.9560332193e+00   1.2794649016e-04
5.9716658525e+00   1.1782300046e-04
5.9872984856e+00   1.0907322322e-04
6.0029311187e+00   2.0991351409e-04
6.0185637518e+00   2.0083931974e-04
6.0341963850e+00   1.9590838146e-04
6.0498290181e+00   1.9501581199e-04
6.0654616512e+00   7.5892205302e-05
6.0810942843e+00   3.2092493021e-04
6.0967269174e+00   3.3430840300e-04
6.1123595506e+00   3.5153954215e-04
6.1279921837e+00   1.3152373837e-04
6.1436248168e+00   2.6321785683e-04
6.1592574499e+00   2.7641328880e-04
6.1748900830e+00   1.0804076975e-04
6.1905227162e+00   3.5369665016e-06
6.2061553493e+00   3.7598743533e-04
6.2217879824e+00   1.4946871223e-04
6.2374206155e+00   2.8012502805e-04
6.2530532487e+00   3.0184249342e-05
6.2686858818e+00   1.9129660851e-05
6.2843185149e+00   1.7546212907e-04
6.2999511480e+00   1.5039433924e-04
6.3155837811e+00   7.8029760594e-04
6.3312164143e+00   1.0987855239e-03
6.3468490474e+00   4.5894825051e-04
6.3624816805e+00   9.5888778081e-04
6.3781143136e+00   6.0920669535e-04
6.3937469468e+00   1.0979806237e-04
6.4093795799e+00   1.3986244810e-03
6.4250122130e+00   4.8755171268e-04
6.4406448461e+00   7.7577003509e-04
6.4562774792e+00   3.9135284609e-05
6.4719101124e+00   2.9542947897e-05
6.4875427455e+00   1.5455582671e-04
6.5031753786e+00   1.3242803833e-04
6.5188080117e+00   5.3165494168e-04
6.5344406448e+00   1.8371185019e-04
6.5500732780e+00   3.5233886109e-04
6.5657059111e+00   3.5657738907e-04
6.5813385442e+00   2.8089231778e-04
6.5969711773e+00   2.5933520063e-04
6.6126038105e+00   2.3449834205e-04
6.6282364436e+00   5.2400547678e-05
6.6438690767e+00   4.2703456656e-04
6.6595017098e+00   3.7854895164e-04
6.6751343429e+00   3.3611935637e-04
6.6907669761e+00   3.0066206492e-04
6.7063996092e+00   2.7254868625e-04
6.7220322423e+00   2.5179625185e-04
6.7376648754e+00   8.5980748593e-05
6.7532975085e+00   1.9223941890e-04
6.7689301417e+00   1.9073881106e-04
6.7845627748e+00   1.9445370556e-04
6.8001954079e+00   2.0307297678e-04
6.8158280410e+00   3.1988500645e-05
6.8314606742e+00   3.4605259662e-05
6.8470933073e+00   3.7519299457e-05
6.8627259404e+00   4.0869956635e-05
6.8783585735e+00   3.1297219373e-04
6.8939912066e+00   3.3851055748e-04
6.9096238398e+00   1.3210803206e-04
6.9252564729e+00   4.5069606133e-04
6.9408891060e+00   8.0574993397e-05
6.9565217391e+00   1.7194300712e-04
6.9721543723e+00   1.7047351354e-04
6.9877870054e+00   1.9947705469e-06
7.0034196385e+00   1.0618319360e-04
7.0190522716e+00   8.6318355420e-05
7.0346849047e+00   3.2232224882e-04
7.0503175379e+00   1.5695907916e-04
7.0659501710e+00   1.9431168744e-04
7.0815828041e+00   2.2532437206e-05
7.0972154372e+00   1.7829819322e-03
7.1128480703e+00   8.3675379510e-04
7.1284807035e+00   2.0509388560e-03
7.1441133366e+00   3.7264363425e-04
7.1597459697e+00   2.9927616778e-04
7.1753786028e+00   3.3768212165e-04
7.1910112360e+00   3.8785346230e-04
7.2066438691e+00   8.8987570289e-05
7.2222765022e+00   8.1593569894e-05
7.2379091353e+00   5.9283307379e-04
7.2535417684e+00   3.5759767244e-04
7.2691744016e+00   8.0553624811e-04
7.2848070347e+00   1.7643322095e-04
7.3004396678e+00   2.4920716365e-04
7.3160723009e+00   2.2699759115e-04
7.3317049340e+00   4.7799846009e-04
7.3473375672e+00   4.1400055111e-04
7.3629702003e+00   3.5101835986e-04
7.3786028334e+00   1.2017303378e-04
7.3942354665e+00   3.6834294547e-04
7.4098680997e+00   2.9973109337e-04
7.4255007328e+00   2.4014107354e-04
7.4411333659e+00   1.8929441156e-04
7.4567659990e+00   1.4653017197e-04
7.4723986321e+00   1.1098589847e-04
7.4880312653e+00   8.1722875082e-05
7.5036638984e+00   5.7808675626e-05
7.5192965315e+00   3.8367967911e-05
7.5349291646e+00   2.9521737546e-05
7.5505617978e+00   1.6164790640e-05
7.5661944309e+00   2.5808684403e-05
7.5818270640e+00   3.4557755964e-05
7.5974596971e+00   4.2756006556e-05
7.6130923302e+00   5.0706598805e-05
7.6287249634e+00   5.8680643391e-05
7.6443575965e+00   6.6926125210e-05
7.6599902296e+00   7.5676749461e-05
7.6756228627e+00   8.5160701727e-05
7.6912554958e+00   9.5609498901e-05
7.7068881290e+00   1.5526243007e-04
7.7225207621e+00   1.7610007896e-04
7.7381533952e+00   2.0011910838e-04
7.7537860283e+00   2.2786483408e-04
7.7694186615e+00   3.4962509443e-04
7.7850512946e+00   7.6276380924e-05
7.8006839277e+00   8.3920768592e-05
7.8163165608e+00   3.5584371147e-04
7.8319491939e+00   1.5175575334e-04
7.8475818271e+00   6.6800155034e-04
7.8632144602e+00   7.2525819280e-04
7.8788470933e+00   3.5165347991e-04
7.8944797264e+00   7.9365426689e-04
7.9101123596e+00   3.2765672152e-04
7.9257449927e+00   1.0568763779e-03
7.9413776258e+00   1.0040220239e-03
7.9570102589e+00   1.3548995128e-03
7.9726428920e+00   1.5688122483e-03
7.9882755252e+00   2.0143061069e-03
8.0039081583e+00   1.8674855948e-03
8.0195407914e+00   2.7702466702e-03
8.0351734245e+00   7.2810753299e-04
8.0508060576e+00   2.6347078666e-04
8.0664386908e+00   8.9276021212e-04
8.0820713239e+00   4.2825704881e-05
8.0977039570e+00   1.0817911318e-03
8.1133365901e+00   1.1236684802e-03
8.1289692233e+00   2.0958769838e-03
8.1446018564e+00   2.1314068847e-03
8.1602344895e+00   2.1793506386e-03
8.1758671226e+00   2.0447262657e-03
8.1914997557e+00   2.6345641551e-03
8.2071323889e+00   1.8849509413e-03
8.2227650220e+00   2.5290394379e-03
8.2383976551e+00   1.4100054977e-03
8.2540302882e+00   1.4599230705e-03
8.2696629213e+00   1.2066417223e-03
8.2852955545e+00   8.0837186193e-04
8.3009281876e+00   6.3840856252e-04
8.3165608207e+00   4.9690538902e-04
8.3321934538e+00   2.9305315667e-04
8.3478260870e+00   4.1835761711e-04
8.3634587201e+00   2.9445405064e-04
8.3790913532e+00   1.9596881670e-04
8.3947239863e+00   1.1954497186e-04
8.4103566194e+00   1.1703550019e-04
8.4259892526e+00   4.6556831254e-05
8.4416218857e+00   2.4724507625e-05
8.4572545188e+00   1.5865727327e-05
8.4728871519e+00   2.2986325210e-04
8.4885197851e+00   2.5862309953e-04
8.5041524182e+00   2.9838353629e-04
8.5197850513e+00   1.2902000936e-04
8.5354176844e+00   1.9355152890e-04
8.5510503175e+00   3.7235747742e-04
8.5666829507e+00   3.3480592772e-04
8.5823155838e+00   5.1046054287e-04
8.5979482169e+00   5.8055531553e-04
8.6135808500e+00   6.7458562295e-04
8.6292134831e+00   8.0947319083e-04
8.6448461163e+00   8.8432591755e-04
8.6604787494e+00   9.2766416766e-04
8.6761113825e+00   5.5419566288e-04
8.6917440156e+00   1.4706259529e-03
8.7073766488e+00   1.3880058659e-03
8.7230092819e+00   4.7993567539e-04
8.7386419150e+00   7.5434900165e-04
8.7542745481e+00   2.7029645580e-04
8.7699071812e+00   4.3383811659e-04
8.7855398144e+00   1.9798405895e-04
8.8011724475e+00   5.4258924113e-04
8.8168050806e+00   6.8576895550e-04
8.8324377137e+00   7.1924321941e-04
8.8480703468e+00   8.0821096750e-04
8.8637029800e+00   8.3363598414e-04
8.8793356131e+00   9.2223056393e-04
8.8949682462e+00   8.9358507567e-04
8.9106008793e+00   8.4741859521e-04
8.9262335125e+00   6.0221643644e-04
8.9418661456e+00   9.5020363223e-04
8.9574987787e+00   8.7424152618e-04
8.9731314118e+00   7.9956705942e-04
8.9887640449e+00   7.2949937280e-04
9.0043966781e+00   6.6613386998e-04
9.0200293112e+00   3.8738469994e-04
9.0356619443e+00   4.7767205484e-04
9.0512945774e+00   4.4039196369e-04
9.0669272106e+00   4.0923297635e-04
9.0825598437e+00   3.8344487610e-04
9.0981924768e+00   1.6439655507e-04
9.1138251099e+00   1.4154895420e-04
9.1294577430e+00   1.1859649383e-04
9.1450903762e+00   3.4718266089e-05
9.1607230093e+00   3.5053203359e-04
9.1763556424e+00   3.2757451538e-04
9.1919882755e+00   1.0078282300e-04
9.2076209086e+00   2.7148954346e-04
9.2232535418e+00   5.7556762465e-05
9.2388861749e+00   6.5635800699e-05
9.2545188080e+00   9.0624638768e-05
9.2701514411e+00   2.3095402683e-04
9.2857840743e+00   3.9196167441e-04
9.3014167074e+00   4.2591547195e-04
9.3170493405e+00   6.9959924372e-04
9.3326819736e+00   8.9402868970e-04
9.3483146067e+00   6.4686600652e-04
9.3639472399e+00   6.7039245364e-04
9.3795798730e+00   2.5097722505e-04
9.3952125061e+00   1.5855356584e-03
9.4108451392e+00   6.8091227062e-04
9.4264777723e+00   1.1587428336e-03
9.4421104055e+00   5.9272380401e-05
9.4577430386e+00   1.2185692903e-06
9.4733756717e+00   4.2282274390e-05
9.4890083048e+00   2.9297761197e-04
9.5046409380e+00   5.4747181837e-04
9.5202735711e+00   5.0144897562e-04
9.5359062042e+00   6.9717543624e-04
9.5515388373e+00   7.5840931651e-04
9.5671714704e+00   6.3239112322e-04
9.5828041036e+00   6.2590456022e-04
9.5984367367e+00   6.0858806516e-04
9.6140693698e+00   4.2282595838e-04
9.6297020029e+00   8.7174622526e-04
9.6453346361e+00   8.1925851058e-04
9.6609672692e+00   7.6988735938e-04
9.6765999023e+00   7.2650118600e-04
9.6922325354e+00   6.9092820678e-04
9.7078651685e+00   4.8019805311e-04
9.7234978017e+00   6.2252212553e-04
9.7391304348e+00   6.1450170361e-04
9.7547630679e+00   6.1526627560e-04
9.7703957010e+00   6.2453465626e-04
9.7860283341e+00   3.9421525694e-04
9.8016609673e+00   4.2224886578e-04
9.8172936004e+00   4.4051222384e-04
9.8329262335e+00   4.6127114150e-04
9.8485588666e+00   7.4521191680e-04
9.8641914998e+00   7.8589222267e-04
9.8798241329e+00   6.3480751935e-04
9.8954567660e+00   9.5487756661e-04
9.9110893991e+00   6.6322461341e-04
9.9267220322e+00   7.7833468513e-04
9.9423546654e+00   7.2194734860e-04
9.9579872985e+00   5.7979677225e-04
9.9736199316e+00   7.1554296396e-04
9.9892525647e+00   4.8972400269e-04
1.0004885198e+01   2.6767176775e-04
1.0020517831e+01   3.1976291372e-04
1.0036150464e+01   2.0215181693e-04
1.0051783097e+01   6.5739921338e-05
1.0067415730e+01   1.4117540294e-03
1.0083048363e+01   9.2606981889e-04
1.0098680997e+01   2.2579979325e-03
1.0114313630e+01   1.0381677277e-03
1.0129946263e+01   1.4057748241e-03
1.0145578896e+01   1.3470375928e-03
1.0161211529e+01   8.8192981975e-04
1.0176844162e+01   1.1219279757e-03
1.0192476795e+01   6.6578265914e-04
1.0208109428e+01   3.9354345281e-04
1.0223742062e+01   3.8735126033e-04
1.0239374695e+01   3.4258471329e-04
1.0255007328e+01   3.9177921597e-04
1.0270639961e+01   5.1343644211e-04
1.0286272594e+01   2.4368312244e-04
1.0301905227e+01   7.0833731936e-04
1.0317537860e+01   7.3441867466e-04
1.0333170493e+01   7.4484064731e-04
1.0348803127e+01   3.6807566803e-04
1.0364435760e+01   4.8078809127e-04
1.0380068393e+01   5.1385752175e-04
1.0395701026e+01   5.4685060394e-04
1.0411333659e+01   5.8161296567e-04
1.0426966292e+01   6.1973358224e-04
1.0442598925e+01   6.6261913826e-04
1.0458231558e+01   7.6728751564e-04
1.0473864191e+01   8.2239421657e-04
1.0489496825e+01   8.8768111342e-04
1.0505129458e+01   9.6433348934e-04
1.0520762091e+01   1.0536203418e-03
1.0536394724e+01   1.0670770958e-03
1.0552027357e+01   1.3722802665e-03
1.0567659990e+01   1.5172564316e-03
1.0583292623e+01   1.6827254706e-03
1.0598925256e+01   1.6480410761e-03
1.0614557890e+01   1.9582746195e-03
1.0630190523e+01   2.1764993846e-03
1.0645823156e+01   2.1896115875e-03
1.0661455789e+01   2.3000590216e-03
1.0677088422e+01   3.0607559926e-03
1.0692721055e+01   3.0234272814e-03
1.0708353688e+01   3.5832137785e-03
1.0723986321e+01   3.3430393885e-03
1.0739618955e+01   3.5709480482e-03
1.0755251588e+01   3.7526081356e-03
1.0770884221e+01   3.5702607212e-03
1.0786516854e+01   3.1420741228e-03
1.0802149487e+01   2.8201357724e-03
1.0817782120e+01   1.7534642947e-03
1.0833414753e+01   1.0348337464e-03
1.0849047386e+01   5.2144143962e-04
1.0864680020e+01   2.9385033972e-03
1.0880312653e+01   2.7942014834e-03
1.0895945286e+01   3.0793264011e-03
1.0911577919e+01   4.3656406536e-03
1.0927210552e+01   4.8173118552e-03
1.0942843185e+01   4.7571081821e-03
1.0958475818e+01   4.8344833879e-03
1.0974108451e+01   4.3896892505e-03
1.0989741085e+01   3.6352247279e-03
1.1005373718e+01   3.6403922185e-03
1.1021006351e+01   3.0953946591e-03
1.1036638984e+01   1.8262140387e-03
1.1052271617e+01   1.3479003898e-03
1.1067904250e+01   1.3063462988e-03
1.1083536883e+01   4.3839072143e-04
1.1099169516e+01   1.6418179478e-04
1.1114802149e+01   5.9383376638e-05
1.1130434783e+01   8.0640492496e-05
1.1146067416e+01   2.1200895746e-04
1.1161700049e+01   3.7357914768e-04
1.1177332682e+01   5.1130557846e-04
1.1192965315e+01   6.3106813830e-04
1.1208597948e+01   7.3810048809e-04
1.1224230581e+01   8.3701622408e-04
1.1239863214e+01   9.2376922122e-04
1.1255495848e+01   1.0181635601e-03
1.1271128481e+01   1.1150898391e-03
1.1286761114e+01   1.2174630986e-03
1.1302393747e+01   1.3280032933e-03
1.1318026380e+01   1.4493111186e-03
1.1333659013e+01   1.6403115512e-03
1.1349291646e+01   1.6442389088e-03
1.1364924279e+01   1.7962952354e-03
1.1380556913e+01   1.9677317852e-03
1.1396189546e+01   2.3464658950e-03
1.1411822179e+01   2.4561563897e-03
1.1427454812e+01   2.7100688892e-03
1.1443087445e+01   3.3187618530e-03
1.1458720078e+01   3.7104678418e-03
1.1474352711e+01   3.5944051598e-03
1.1489985344e+01   4.2603072210e-03
1.1505617978e+01   4.2780251924e-03
1.1521250611e+01   5.1627045645e-03
1.1536883244e+01   5.4224195783e-03
1.1552515877e+01   5.6493434737e-03
1.1568148510e+01   6.0045196289e-03
1.1583781143e+01   5.9115392189e-03
1.1599413776e+01   5.7026726859e-03
1.1615046409e+01   5.3660467309e-03
1.1630679043e+01   3.8921106726e-03
1.1646311676e+01   1.9434296064e-03
1.1661944309e+01   2.3516713871e-03
1.1677576942e+01   1.0284005472e-03
1.1693209575e+01   3.7466128861e-03
1.1708842208e+01   5.3763336622e-03
1.1724474841e+01   6.6452854492e-03
1.1740107474e+01   8.0843379096e-03
1.1755740107e+01   8.0670053714e-03
1.1771372741e+01   7.9744470098e-03
1.1787005374e+01   7.4004358305e-03
1.1802638007e+01   7.0740339027e-03
1.1818270640e+01   5.7649478032e-03
1.1833903273e+01   5.4880735198e-03
1.1849535906e+01   3.7962755746e-03
1.1865168539e+01   3.1342011150e-03
1.1880801172e+01   2.2687835631e-03
1.1896433806e+01   1.3087136002e-03
1.1912066439e+01   6.5551052329e-04
1.1927699072e+01   9.4737307053e-05
1.1943331705e+01   4.9737575596e-04
1.1958964338e+01   6.0433021824e-04
1.1974596971e+01   1.0019627150e-03
1.1990229604e+01   1.3469018675e-03
1.2005862237e+01   1.6509212932e-03
1.2021494871e+01   1.9249426392e-03
1.2037127504e+01   2.1788343603e-03
1.2052760137e+01   2.3808411707e-03
1.2068392770e+01   2.6412848533e-03
1.2084025403e+01   2.8787413603e-03
1.2099658036e+01   3.1242839415e-03
1.2115290669e+01   3.3821611189e-03
1.2130923302e+01   3.4315226261e-03
1.2146555936e+01   3.6961073810e-03
1.2162188569e+01   3.9683480330e-03
1.2177821202e+01   4.5515875635e-03
1.2193453835e+01   4.8755734319e-03
1.2209086468e+01   4.9774427051e-03
1.2224719101e+01   5.5975993155e-03
1.2240351734e+01   5.4919008315e-03
1.2255984367e+01   5.7941541041e-03
1.2271617000e+01   5.8291535984e-03
1.2287249634e+01   5.6404215890e-03
1.2302882267e+01   5.4911077672e-03
1.2318514900e+01   4.8502753424e-03
1.2334147533e+01   3.7844650042e-03
1.2349780166e+01   3.0207194814e-03
1.2365412799e+01   1.5978747113e-03
1.2381045432e+01   3.3975677319e-05
1.2396678065e+01   3.6551905210e-03
1.2412310699e+01   4.5327228871e-03
1.2427943332e+01   7.4495650284e-03
1.2443575965e+01   7.0928032697e-03
1.2459208598e+01   7.7018867096e-03
1.2474841231e+01   8.6622323691e-03
1.2490473864e+01   7.7303954320e-03
1.2506106497e+01   7.0395320173e-03
1.2521739130e+01   6.0820876972e-03
1.2537371764e+01   5.1338568452e-03
1.2553004397e+01   3.3597101625e-03
1.2568637030e+01   2.6294596530e-03
1.2584269663e+01   1.1128654553e-03
1.2599902296e+01   1.8133362849e-04
1.2615534929e+01   6.4259242973e-05
1.2631167562e+01   9.2084787188e-04
1.2646800195e+01   1.5807695264e-03
1.2662432829e+01   2.1636279680e-03
1.2678065462e+01   2.7966563121e-03
1.2693698095e+01   3.2531056211e-03
1.2709330728e+01   3.6824635805e-03
1.2724963361e+01   4.0999682140e-03
1.2740595994e+01   4.5200603681e-03
1.2756228627e+01   4.9564984970e-03
1.2771861260e+01   5.4225846100e-03
1.2787493894e+01   5.9314630942e-03
1.2803126527e+01   6.4643625513e-03
1.2818759160e+01   7.1606693451e-03
1.2834391793e+01   7.8762161198e-03
1.2850024426e+01   8.6942754628e-03
1.2865657059e+01   9.6328990042e-03
1.2881289692e+01   1.0712617130e-02
1.2896922325e+01   1.1957024266e-02
1.2912554958e+01   1.3393438306e-02
1.2928187592e+01   1.5053652967e-02
1.2943820225e+01   1.6974804386e-02
1.2959452858e+01   1.9200376113e-02
1.2975085491e+01   2.1781369552e-02
1.2990718124e+01   2.4777669874e-02
1.3006350757e+01   2.8259640125e-02
1.3021983390e+01   3.2309978074e-02
1.3037616023e+01   3.6939342883e-02
1.3053248657e+01   4.2469230945e-02
1.3068881290e+01   4.8869557591e-02
1.3084513923e+01   5.6338924406e-02
1.3100146556e+01   6.5060494953e-02
1.3115779189e+01   7.5123090771e-02
1.3131411822e+01   8.7001413018e-02
1.3147044455e+01   1.0076632503e-01
1.3162677088e+01   1.1738024549e-01
1.3178309722e+01   1.3629326178e-01
1.3193942355e+01   1.5794716232e-01
1.3209574988e+01   1.8373257001e-01
1.3225207621e+01   2.1247200762e-01
1.3240840254e+01   2.4607193577e-01
1.3256472887e+01   2.8448447635e-01
1.3272105520e+01   3.2645504623e-01
1.3287738153e+01   3.7326761590e-01
1.3303370787e+01   4.2150189088e-01
1.3319003420e+01   4.7051283376e-01
1.3334636053e+01   5.1620954576e-01
1.3350268686e+01   5.5206790149e-01
1.3365901319e+01   5.7322794388e-01
1.3381533952e+01   5.6815342607e-01
1.3397166585e+01   5.3465146990e-01
1.3412799218e+01   4.5946846904e-01
1.3428431851e+01   3.4536501362e-01
1.3444064485e+01   1.9552243084e-01
1.3459697118e+01   1.7340711891e-02
1.3475329751e+01   1.7233306926e-01
1.3490962384e+01   3.5915305817e-01
1.3506595017e+01   5.2518768562e-01
1.3522227650e+01   6.5604411053e-01
1.3537860283e+01   7.4328847918e-01
1.3553492916e+01   7.8204284090e-01
1.3569125550e+01   7.7924771630e-01
1.3584758183e+01   7.4012104706e-01
1.3600390816e+01   6.7785962861e-01
1.3616023449e+01   6.0152330476e-01
1.3631656082e+01   5.2088959174e-01
1.3647288715e+01   4.4159498395e-01
1.3662921348e+01   3.6935658686e-01
1.3678553981e+01   3.0580815244e-01
1.3694186615e+01   2.5201578262e-01
1.3709819248e+01   2.0766553808e-01
1.3725451881e+01   1.7261773763e-01
1.3741084514e+01   1.4593804386e-01
1.3756717147e+01   1.2670408218e-01
1.3772349780e+01   1.1387932289e-01
1.3787982413e+01   1.0675449382e-01
1.3803615046e+01   1.0442219151e-01
1.3819247680e+01   1.0625469460e-01
1.3834880313e+01   1.1136120109e-01
1.3850512946e+01   1.1910830840e-01
1.3866145579e+01   1.2922256535e-01
1.3881778212e+01   1.4062547735e-01
1.3897410845e+01   1.5270717429e-01
1.3913043478e+01   1.6490150305e-01
1.3928676111e+01   1.7612240932e-01
1.3944308745e+01   1.8541848338e-01
1.3959941378e+01   1.9163465179e-01
1.3975574011e+01   1.9358153917e-01
1.3991206644e+01   1.9033350828e-01
1.4006839277e+01   1.7966877686e-01
1.4022471910e+01   1.6262692460e-01
1.4038104543e+01   1.3891254366e-01
1.4053737176e+01   1.0722954794e-01
1.4069369809e+01   7.0998528943e-02
1.4085002443e+01   2.9580855306e-02
1.4100635076e+01   1.4362269496e-02
1.4116267709e+01   5.7539207087e-02
1.4131900342e+01   9.8758428157e-02
1.4147532975e+01   1.3525468573e-01
1.4163165608e+01   1.6592221608e-01
1.4178798241e+01   1.8960608581e-01
1.4194430874e+01   2.0595381183e-01
1.4210063508e+01   2.1505779395e-01
1.4225696141e+01   2.1763665203e-01
1.4241328774e+01   2.1383295856e-01
1.4256961407e+01   2.0564849347e-01
1.4272594040e+01   1.9373180650e-01
1.4288226673e+01   1.7908597647e-01
1.4303859306e+01   1.6284526026e-01
1.4319491939e+01   1.4506109917e-01
1.4335124573e+01   1.2694231192e-01
1.4350757206e+01   1.0871729679e-01
1.4366389839e+01   9.0663569720e-02
1.4382022472e+01   7.2937361513e-02
1.4397655105e+01   5.5880858689e-02
1.4413287738e+01   3.8902757919e-02
1.4428920371e+01   2.2228665232e-02
1.4444553004e+01   5.7507328978e-03
1.4460185638e+01   1.0925538134e-02
1.4475818271e+01   2.7360758179e-02
1.4491450904e+01   4.3757161111e-02
1.4507083537e+01   6.0686420883e-02
1.4522716170e+01   7.7523973236e-02
1.4538348803e+01   9.4160938974e-02
1.4553981436e+01   1.1083266836e-01
1.4569614069e+01   1.2677786948e-01
1.4585246702e+01   1.4149730255e-01
1.4600879336e+01   1.5427238377e-01
1.4616511969e+01   1.6382255690e-01
1.4632144602e+01   1.6941889512e-01
1.4647777235e+01   1.7025884511e-01
1.4663409868e+01   1.6415545338e-01
1.4679042501e+01   1.5124799653e-01
1.4694675134e+01   1.3091511950e-01
1.4710307767e+01   1.0427896226e-01
1.4725940401e+01   7.0601593298e-02
1.4741573034e+01   3.1255536763e-02
1.4757205667e+01   9.2201870264e-03
1.4772838300e+01   5.0665727219e-02
1.4788470933e+01   8.9115198984e-02
1.4804103566e+01   1.2372650305e-01
1.4819736199e+01   1.5235746069e-01
1.4835368832e+01   1.7439055409e-01
1.4851001466e+01   1.8902421093e-01
1.4866634099e+01   1.9713394899e-01
1.4882266732e+01   1.9951019348e-01
1.4897899365e+01   1.9625012680e-01
1.4913531998e+01   1.8906920382e-01
1.4929164631e+01   1.7882262824e-01
1.4944797264e+01   1.6672451850e-01
1.4960429897e+01   1.5302858454e-01
1.4976062531e+01   1.3866805496e-01
1.4991695164e+01   1.2413380032e-01
1.5007327797e+01   1.0976828440e-01
1.5022960430e+01   9.5854413821e-02
1.5038593063e+01   8.2042407552e-02
1.5054225696e+01   6.9059848158e-02
1.5069858329e+01   5.6535688043e-02
1.5085490962e+01   4.4377117922e-02
1.5101123596e+01   3.2633203363e-02
1.5116756229e+01   2.0628795421e-02
1.5132388862e+01   8.7533950802e-03
1.5148021495e+01   3.0369665095e-03
1.5163654128e+01   1.5475415296e-02
1.5179286761e+01   2.8296120864e-02
1.5194919394e+01   4.1725377400e-02
1.5210552027e+01   5.5307898128e-02
1.5226184660e+01   6.9561090680e-02
1.5241817294e+01   8.3439650506e-02
1.5257449927e+01   9.7166825761e-02
1.5273082560e+01   1.0977394292e-01
1.5288715193e+01   1.2070502945e-01
1.5304347826e+01   1.2832794299e-01
1.5319980459e+01   1.3222903932e-01
1.5335613092e+01   1.3161691247e-01
1.5351245725e+01   1.2400742177e-01
1.5366878359e+01   1.1033631887e-01
1.5382510992e+01   9.1311664959e-02
1.5398143625e+01   6.5216428709e-02
1.5413776258e+01   3.4055622519e-02
1.5429408891e+01   1.5103262794e-03
1.5445041524e+01   3.2489376733e-02
1.5460674157e+01   6.3769592027e-02
1.5476306790e+01   9.2133346290e-02
1.5491939424e+01   1.1559044603e-01
1.5507572057e+01   1.3384610941e-01
1.5523204690e+01   1.4612830358e-01
1.5538837323e+01   1.5355161292e-01
1.5554469956e+01   1.5681572197e-01
1.5570102589e+01   1.5578719766e-01
1.5585735222e+01   1.5217809497e-01
1.5601367855e+01   1.4653061369e-01
1.5617000489e+01   1.3999683604e-01
1.5632633122e+01   1.3224083440e-01
1.5648265755e+01   1.2423013727e-01
1.5663898388e+01   1.1629634159e-01
1.5679531021e+01   1.0867880655e-01
1.5695163654e+01   1.0152610993e-01
1.5710796287e+01   9.4675444374e-02
1.5726428920e+01   8.8627413872e-02
1.5742061553e+01   8.3101432587e-02
1.5757694187e+01   7.8033790331e-02
1.5773326820e+01   7.3473940535e-02
1.5788959453e+01   6.8826768142e-02
1.5804592086e+01   6.4503733377e-02
1.5820224719e+01   6.0157047916e-02
1.5835857352e+01   5.5892302999e-02
1.5851489985e+01   5.0927560285e-02
1.5867122618e+01   4.5492624140e-02
1.5882755252e+01   3.9316787364e-02
1.5898387885e+01   3.2331574711e-02
1.5914020518e+01   2.3715331505e-02
1.5929653151e+01   1.4415294320e-02
1.5945285784e+01   3.3733806995e-03
1.5960918417e+01   8.6706178358e-03
1.5976551050e+01   2.2125786919e-02
1.5992183683e+01   3.6107608575e-02
1.6007816317e+01   5.0457149099e-02
1.6023448950e+01   6.3338690494e-02
1.6039081583e+01   7.4550204983e-02
1.6054714216e+01   8.3696889718e-02
1.6070346849e+01   8.7413939908e-02
1.6085979482e+01   8.6069982996e-02
1.6101612115e+01   8.0321747234e-02
1.6117244748e+01   6.7767992925e-02
1.6132877382e+01   5.3231450041e-02
1.6148510015e+01   3.4626331755e-02
1.6164142648e+01   1.5371918676e-02
1.6179775281e+01   4.5363852140e-03
1.6195407914e+01   2.3255108416e-02
1.6211040547e+01   4.0514308192e-02
1.6226673180e+01   5.5169938033e-02
1.6242305813e+01   6.8332109043e-02
1.6257938447e+01   7.8758247942e-02
1.6273571080e+01   8.7312627469e-02
1.6289203713e+01   9.4024071562e-02
1.6304836346e+01   9.9661303944e-02
1.6320468979e+01   1.0435306092e-01
1.6336101612e+01   1.0860727775e-01
1.6351734245e+01   1.1199560625e-01
1.6367366878e+01   1.1567846261e-01
1.6382999511e+01   1.1949967397e-01
1.6398632145e+01   1.2364125722e-01
1.6414264778e+01   1.2825433120e-01
1.6429897411e+01   1.3346247115e-01
1.6445530044e+01   1.3952063853e-01
1.6461162677e+01   1.4610936258e-01
1.6476795310e+01   1.5359803455e-01
1.6492427943e+01   1.6192768959e-01
1.6508060576e+01   1.7108427585e-01
1.6523693210e+01   1.8112305161e-01
1.6539325843e+01   1.9170339434e-01
1.6554958476e+01   2.0273268360e-01
1.6570591109e+01   2.1400290262e-01
1.6586223742e+01   2.2450639255e-01
1.6601856375e+01   2.3443756917e-01
1.6617489008e+01   2.4289419815e-01
1.6633121641e+01   2.4808160363e-01
1.6648754275e+01   2.4988467691e-01
1.6664386908e+01   2.4568829100e-01
1.6680019541e+01   2.3411512508e-01
1.6695652174e+01   2.1426041595e-01
1.6711284807e+01   1.8383142495e-01
1.6726917440e+01   1.4304983913e-01
1.6742550073e+01   9.1309485463e-02
1.6758182706e+01   3.0296898377e-02
1.6773815340e+01   3.7634381111e-02
1.6789447973e+01   1.0659756935e-01
1.6805080606e+01   1.7378434172e-01
1.6820713239e+01   2.3425342120e-01
1.6836345872e+01   2.7977893009e-01
1.6851978505e+01   3.1202871470e-01
1.6867611138e+01   3.2404811936e-01
1.6883243771e+01   3.1948679523e-01
1.6898876404e+01   3.0012871278e-01
1.6914509038e+01   2.6844858905e-01
1.6930141671e+01   2.2961214838e-01
1.6945774304e+01   1.8623875079e-01
1.6961406937e+01   1.4085788003e-01
1.6977039570e+01   9.6520469706e-02
1.6992672203e+01   5.5135959083e-02
1.7008304836e+01   1.5656185014e-02
1.7023937469e+01   1.9557249878e-02
1.7039570103e+01   5.2049274471e-02
1.7055202736e+01   8.2070272086e-02
1.7070835369e+01   1.0890450428e-01
1.7086468002e+01   1.3392428876e-01
1.7102100635e+01   1.5758420364e-01
1.7117733268e+01   1.8048315231e-01
1.7133365901e+01   2.0319724529e-01
1.7148998534e+01   2.2630228362e-01
1.7164631168e+01   2.5031123794e-01
1.7180263801e+01   2.7571064493e-01
1.7195896434e+01   3.0294504977e-01
1.7211529067e+01   3.3241016213e-01
1.7227161700e+01   3.6444138418e-01
1.7242794333e+01   3.9929564153e-01
1.7258426966e+01   4.3712466746e-01
1.7274059599e+01   4.7793844556e-01
1.7289692233e+01   5.2155872371e-01
1.7305324866e+01   5.6754924559e-01
1.7320957499e+01   6.1526162294e-01
1.7336590132e+01   6.6354222338e-01
1.7352222765e+01   7.1099263313e-01
1.7367855398e+01   7.5584128734e-01
1.7383488031e+01   7.9607354530e-01
1.7399120664e+01   8.2961199447e-01
1.7414753298e+01   8.5457366548e-01
1.7430385931e+01   8.6944435935e-01
1.7446018564e+01   8.7392066773e-01
1.7461651197e+01   8.6807355898e-01
1.7477283830e+01   8.5330521121e-01
1.7492916463e+01   8.3156241179e-01
1.7508549096e+01   8.0609259224e-01
1.7524181729e+01   7.7971992639e-01
1.7539814362e+01   7.5614697340e-01
1.7555446996e+01   7.3687840600e-01
1.7571079629e+01   7.2581435744e-01
1.7586712262e+01   7.2324630350e-01
1.7602344895e+01   7.3221086044e-01
1.7617977528e+01   7.5298043232e-01
1.7633610161e+01   7.8513751263e-01
1.7649242794e+01   8.2941438848e-01
1.7664875427e+01   8.8256630489e-01
1.7680508061e+01   9.4306951495e-01
1.7696140694e+01   1.0063629654e+00
1.7711773327e+01   1.0671903686e+00
1.7727405960e+01   1.1157115587e+00
1.7743038593e+01   1.1507387383e+00
1.7758671226e+01   1.1624523882e+00
1.7774303859e+01   1.1463639980e+00
1.7789936492e+01   1.1039647442e+00
1.7805569126e+01   1.0396276683e+00
1.7821201759e+01   9.5702125374e-01
1.7836834392e+01   8.6633957373e-01
1.7852467025e+01   7.7368741908e-01
1.7868099658e+01   6.8600769556e-01
1.7883732291e+01   6.0646510736e-01
1.7899364924e+01   5.3953945439e-01
1.7914997557e+01   4.8612702569e-01
1.7930630191e+01   4.4570728827e-01
1.7946262824e+01   4.2005903283e-01
1.7961895457e+01   4.0609227756e-01
1.7977528090e+01   4.0313801503e-01
1.7993160723e+01   4.1119151872e-01
1.8008793356e+01   4.2757781638e-01
1.8024425989e+01   4.5080039603e-01
1.8040058622e+01   4.7860679304e-01
1.8055691255e+01   5.0890775088e-01
1.8071323889e+01   5.3860646249e-01
1.8086956522e+01   5.6444713678e-01
1.8102589155e+01   5.8295080535e-01
1.8118221788e+01   5.9052877978e-01
1.8133854421e+01   5.8431623725e-01
1.8149487054e+01   5.6206655332e-01
1.8165119687e+01   5.2292576755e-01
1.8180752320e+01   4.6689794631e-01
1.8196384954e+01   3.9606316405e-01
1.8212017587e+01   3.1322112432e-01
1.8227650220e+01   2.2110179547e-01
1.8243282853e+01   1.2338250871e-01
1.8258915486e+01   2.3115277109e-02
1.8274548119e+01   7.6626431364e-02
1.8290180752e+01   1.7380179414e-01
1.8305813385e+01   2.6613562517e-01
1.8321446019e+01   3.5192606138e-01
1.8337078652e+01   4.2951974404e-01
1.8352711285e+01   4.9749162877e-01
1.8368343918e+01   5.5399008283e-01
1.8383976551e+01   5.9771650502e-01
1.8399609184e+01   6.2793105727e-01
1.8415241817e+01   6.4204048929e-01
1.8430874450e+01   6.4363960334e-01
1.8446507084e+01   6.3022756816e-01
1.8462139717e+01   6.0609563788e-01
1.8477772350e+01   5.7078042742e-01
1.8493404983e+01   5.2755958668e-01
1.8509037616e+01   4.7941231291e-01
1.8524670249e+01   4.2815578069e-01
1.8540302882e+01   3.7578560219e-01
1.8555935515e+01   3.2412902170e-01
1.8571568149e+01   2.7408751475e-01
1.8587200782e+01   2.2632004268e-01
1.8602833415e+01   1.8130589274e-01
1.8618466048e+01   1.3897886355e-01
1.8634098681e+01   9.8934541136e-02
1.8649731314e+01   6.1548922951e-02
1.8665363947e+01   2.5175354226e-02
1.8680996580e+01   1.0322868357e-02
1.8696629213e+01   4.5600069459e-02
1.8712261847e+01   8.1315799724e-02
1.8727894480e+01   1.1830067456e-01
1.8743527113e+01   1.5654945253e-01
1.8759159746e+01   1.9702409805e-01
1.8774792379e+01   2.3980153221e-01
1.8790425012e+01   2.8482567270e-01
1.8806057645e+01   3.3188661726e-01
1.8821690278e+01   3.7939405218e-01
1.8837322912e+01   4.2583698867e-01
1.8852955545e+01   4.6855770284e-01
1.8868588178e+01   5.0372523460e-01
1.8884220811e+01   5.2764553430e-01
1.8899853444e+01   5.3564307855e-01
1.8915486077e+01   5.2286795821e-01
1.8931118710e+01   4.8728598239e-01
1.8946751343e+01   4.2689780032e-01
1.8962383977e+01   3.4347666681e-01
1.8978016610e+01   2.4053992017e-01
1.8993649243e+01   1.2329911976e-01
1.9009281876e+01   1.7424647406e-03
1.9024914509e+01   1.2789785344e-01
1.9040547142e+01   2.4914596265e-01
1.9056179775e+01   3.6073021301e-01
1.9071812408e+01   4.5693675162e-01
1.9087445042e+01   5.3505989963e-01
1.9103077675e+01   5.9150345389e-01
1.9118710308e+01   6.2930656331e-01
1.9134342941e+01   6.4543599632e-01
1.9149975574e+01   6.4541403742e-01
1.9165608207e+01   6.2903120438e-01
1.9181240840e+01   6.0122871900e-01
1.9196873473e+01   5.6550693618e-01
1.9212506106e+01   5.2516992388e-01
1.9228138740e+01   4.8312617262e-01
1.9243771373e+01   4.4218149056e-01
1.9259404006e+01   4.0344124673e-01
1.9275036639e+01   3.6891787841e-01
1.9290669272e+01   3.3902679918e-01
1.9306301905e+01   3.1500260185e-01
1.9321934538e+01   2.9571332540e-01
1.9337567171e+01   2.8175439385e-01
1.9353199805e+01   2.7277643024e-01
1.9368832438e+01   2.6942194710e-01
1.9384465071e+01   2.7074217379e-01
1.9400097704e+01   2.7692588621e-01
1.9415730337e+01   2.8793918701e-01
1.9431362970e+01   3.0382439641e-01
1.9446995603e+01   3.2470880071e-01
1.9462628236e+01   3.5059617583e-01
1.9478260870e+01   3.8224991552e-01
1.9493893503e+01   4.1975921566e-01
1.9509526136e+01   4.6359910786e-01
1.9525158769e+01   5.1424088706e-01
1.9540791402e+01   5.7225572926e-01
1.9556424035e+01   6.3780067145e-01
1.9572056668e+01   7.1103039651e-01
1.9587689301e+01   7.9240204189e-01
1.9603321935e+01   8.8061332410e-01
1.9618954568e+01   9.7436646056e-01
1.9634587201e+01   1.0722718767e+00
1.9650219834e+01   1.1704615378e+00
1.9665852467e+01   1.2653368384e+00
1.9681485100e+01   1.3527169467e+00
1.9697117733e+01   1.4265897193e+00
1.9712750366e+01   1.4837682136e+00
1.9728383000e+01   1.5207048020e+00
1.9744015633e+01   1.5366014334e+00
1.9759648266e+01   1.5312283109e+00
1.9775280899e+01   1.5066551171e+00
1.9790913532e+01   1.4652796574e+00
1.9806546165e+01   1.4066839127e+00
1.9822178798e+01   1.3366230845e+00
1.9837811431e+01   1.2525039856e+00
1.9853444064e+01   1.1590041070e+00
1.9869076698e+01   1.0573135864e+00
1.9884709331e+01   9.4870322047e-01
1.9900341964e+01   8.3992945523e-01
1.9915974597e+01   7.3156871535e-01
1.9931607230e+01   6.2772558769e-01
1.9947239863e+01   5.3015616687e-01
1.9962872496e+01   4.4119724591e-01
1.9978505129e+01   3.6058254359e-01
1.9994137763e+01   2.9004515030e-01
2.0009770396e+01   2.2802262965e-01
2.0025403029e+01   1.7386505638e-01
2.0041035662e+01   1.2801341859e-01
2.0056668295e+01   8.8608155129e-02
2.0072300928e+01   5.4830393439e-02
2.0087933561e+01   2.5646885949e-02
2.0103566194e+01   2.2360369825e-04
2.0119198828e+01   2.2366299338e-02
2.0134831461e+01   4.2922563434e-02
2.0150464094e+01   6.2173437779e-02
2.0166096727e+01   8.0782000527e-02
2.0181729360e+01   9.9413083962e-02
2.0197361993e+01   1.1836775437e-01
2.0212994626e+01   1.3852591253e-01
2.0228627259e+01   1.6022644615e-01
2.0244259893e+01   1.8393885943e-01
2.0259892526e+01   2.1010428145e-01
2.0275525159e+01   2.3912460601e-01
2.0291157792e+01   2.7133972895e-01
2.0306790425e+01   3.0698847516e-01
2.0322423058e+01   3.4624955064e-01
2.0338055691e+01   3.8868195754e-01
2.0353688324e+01   4.3398703098e-01
2.0369320957e+01   4.8104579633e-01
2.0384953591e+01   5.2814017864e-01
2.0400586224e+01   5.7300577619e-01
2.0416218857e+01   6.1174860936e-01
2.0431851490e+01   6.4040675763e-01
2.0447484123e+01   6.5386388900e-01
2.0463116756e+01   6.4856032075e-01
2.0478749389e+01   6.1946086106e-01
2.0494382022e+01   5.6574279750e-01
2.0510014656e+01   4.8582648980e-01
2.0525647289e+01   3.8229433951e-01
2.0541279922e+01   2.5921196090e-01
2.0556912555e+01   1.2047394782e-01
2.0572545188e+01   2.6668441642e-02
2.0588177821e+01   1.7769787613e-01
2.0603810454e+01   3.2612538271e-01
2.0619443087e+01   4.6630695168e-01
2.0635075721e+01   5.9015078801e-01
2.0650708354e+01   6.9518601151e-01
2.0666340987e+01   7.7131950715e-01
2.0681973620e+01   8.2080229253e-01
2.0697606253e+01   8.3595998952e-01
2.0713238886e+01   8.2025104055e-01
2.0728871519e+01   7.7932895067e-01
2.0744504152e+01   7.1672688970e-01
2.0760136786e+01   6.4193624973e-01
2.0775769419e+01   5.6082835725e-01
2.0791402052e+01   4.7897855319e-01
2.0807034685e+01   4.0160465603e-01
2.0822667318e+01   3.2949556912e-01
2.0838299951e+01   2.6646516890e-01
2.0853932584e+01   2.1178812878e-01
2.0869565217e+01   1.6561682918e-01
2.0885197851e+01   1.2875305986e-01
2.0900830484e+01   9.8539902603e-02
2.0916463117e+01   7.4671786475e-02
2.0932095750e+01   5.7328386550e-02
2.0947728383e+01   4.4831771838e-02
2.0963361016e+01   3.6795484011e-02
2.0978993649e+01   3.2664059338e-02
2.0994626282e+01   3.1895461303e-02
2.1010258915e+01   3.4427620294e-02
2.1025891549e+01   3.9873656952e-02
2.1041524182e+01   4.8114741795e-02
2.1057156815e+01   5.9115268936e-02
2.1072789448e+01   7.2755297428e-02
2.1088422081e+01   8.9369386330e-02
2.1104054714e+01   1.0892527924e-01
2.1119687347e+01   1.3160581887e-01
2.1135319980e+01   1.5685988936e-01
2.1150952614e+01   1.8493789161e-01
2.1166585247e+01   2.1534606913e-01
2.1182217880e+01   2.4634550376e-01
2.1197850513e+01   2.7660321707e-01
2.1213483146e+01   3.0371909605e-01
2.1229115779e+01   3.2371429873e-01
2.1244748412e+01   3.3351222030e-01
2.1260381045e+01   3.2807372397e-01
2.1276013679e+01   3.0410195047e-01
2.1291646312e+01   2.5917357281e-01
2.1307278945e+01   1.9441815926e-01
2.1322911578e+01   1.1211974304e-01
2.1338544211e+01   1.7820296856e-02
2.1354176844e+01   7.8723839811e-02
2.1369809477e+01   1.7321290286e-01
2.1385442110e+01   2.5509819095e-01
2.1401074744e+01   3.2095368844e-01
2.1416707377e+01   3.6942938892e-01
2.1432340010e+01   3.9807800883e-01
2.1447972643e+01   4.1156910357e-01
2.1463605276e+01   4.1053821857e-01
2.1479237909e+01   3.9940400075e-01
2.1494870542e+01   3.8099862522e-01
2.1510503175e+01   3.5918949107e-01
2.1526135808e+01   3.3513026912e-01
2.1541768442e+01   3.1212431897e-01
2.1557401075e+01   2.9049972491e-01
2.1573033708e+01   2.7098471263e-01
2.1588666341e+01   2.5534398289e-01
2.1604298974e+01   2.4317378216e-01
2.1619931607e+01   2.3468348113e-01
2.1635564240e+01   2.3008163889e-01
2.1651196873e+01   2.2894959554e-01
2.1666829507e+01   2.3145246436e-01
2.1682462140e+01   2.3756167775e-01
2.1698094773e+01   2.4728400097e-01
2.1713727406e+01   2.6067564466e-01
2.1729360039e+01   2.7775848826e-01
2.1744992672e+01   2.9906290418e-01
2.1760625305e+01   3.2440124007e-01
2.1776257938e+01   3.5424954581e-01
2.1791890572e+01   3.8896624215e-01
2.1807523205e+01   4.2895123240e-01
2.1823155838e+01   4.7445552913e-01
2.1838788471e+01   5.2628877897e-01
2.1854421104e+01   5.8448582296e-01
2.1870053737e+01   6.4933700500e-01
2.1885686370e+01   7.2071843790e-01
2.1901319003e+01   7.9852185533e-01
2.1916951637e+01   8.8171086643e-01
2.1932584270e+01   9.6964288449e-01
2.1948216903e+01   1.0589475679e+00
2.1963849536e+01   1.1482142893e+00
2.1979482169e+01   1.2328985257e+00
2.1995114802e+01   1.3107584866e+00
2.2010747435e+01   1.3782019989e+00
2.2026380068e+01   1.4318239823e+00
2.2042012702e+01   1.4705832159e+00
2.2057645335e+01   1.4932558411e+00
2.2073277968e+01   1.4998230120e+00
2.2088910601e+01   1.4905955338e+00
2.2104543234e+01   1.4655635947e+00
2.2120175867e+01   1.4252256423e+00
2.2135808500e+01   1.3659643879e+00
2.2151441133e+01   1.2941510593e+00
2.2167073766e+01   1.2071219832e+00
2.2182706400e+01   1.1062403885e+00
2.2198339033e+01   9.9757344799e-01
2.2213971666e+01   8.8465719942e-01
2.2229604299e+01   7.7150963885e-01
2.2245236932e+01   6.6278758240e-01
2.2260869565e+01   5.6124225919e-01
2.2276502198e+01   4.6815848834e-01
2.2292134831e+01   3.8568420927e-01
2.2307767465e+01   3.1464425462e-01
2.2323400098e+01   2.5306907045e-01
2.2339032731e+01   2.0067454201e-01
2.2354665364e+01   1.5781902393e-01
2.2370297997e+01   1.2208989850e-01
2.2385930630e+01   9.2945497401e-02
2.2401563263e+01   6.9043264491e-02
2.2417195896e+01   5.0280587754e-02
2.2432828530e+01   3.5273289761e-02
2.2448461163e+01   2.3391359083e-02
2.2464093796e+01   1.4025728832e-02
2.2479726429e+01   6.6655263982e-03
2.2495359062e+01   8.8839610985e-04
2.2510991695e+01   3.6503913857e-03
2.2526624328e+01   7.2334322923e-03
2.2542256961e+01   1.0076888360e-02
2.2557889595e+01   1.2354952877e-02
2.2573522228e+01   1.4202564578e-02
2.2589154861e+01   1.5722193376e-02
2.2604787494e+01   1.6989379434e-02
2.2620420127e+01   1.8000616939e-02
2.2636052760e+01   1.9031509339e-02
2.2651685393e+01   1.9797580110e-02
2.2667318026e+01   2.0416468585e-02
2.2682950660e+01   2.0873581905e-02
2.2698583293e+01   2.0929264006e-02
2.2714215926e+01   2.1054001323e-02
2.2729848559e+01   2.0753936170e-02
2.2745481192e+01   1.9777437190e-02
2.2761113825e+01   1.8425855034e-02
2.2776746458e+01   1.7064978135e-02
2.2792379091e+01   1.4015796397e-02
2.2808011724e+01   1.0632502975e-02
2.2823644358e+01   5.0906922469e-03
2.2839276991e+01   1.2639009691e-03
2.2854909624e+01   9.1311010830e-03
2.2870542257e+01   1.8906947693e-02
2.2886174890e+01   2.9835410984e-02
2.2901807523e+01   4.1429045075e-02
2.2917440156e+01   5.2974184808e-02
2.2933072789e+01   6.1890747257e-02
2.2948705423e+01   6.6658614104e-02
2.2964338056e+01   6.9345046180e-02
2.2979970689e+01   6.1573626277e-02
2.2995603322e+01   4.8412856598e-02
2.3011235955e+01   3.1846347853e-02
2.3026868588e+01   1.2245499529e-02
2.3042501221e+01   8.0964815077e-03
2.3058133854e+01   2.6445300605e-02
2.3073766488e+01   4.2600135328e-02
2.3089399121e+01   5.5239123230e-02
2.3105031754e+01   6.5212987269e-02
2.3120664387e+01   7.3570941424e-02
2.3136297020e+01   7.8503986458e-02
2.3151929653e+01   8.3076705950e-02
2.3167562286e+01   8.5234330773e-02
2.3183194919e+01   8.7694623326e-02
2.3198827553e+01   8.9676718524e-02
2.3214460186e+01   9.1647328801e-02
2.3230092819e+01   9.3769820090e-02
2.3245725452e+01   9.6218428267e-02
2.3261358085e+01   9.9106608752e-02
2.3276990718e+01   1.0246539410e-01
2.3292623351e+01   1.0657120701e-01
2.3308255984e+01   1.1116855460e-01
2.3323888617e+01   1.1642521598e-01
2.3339521251e+01   1.2234833775e-01
2.3355153884e+01   1.2892302109e-01
2.3370786517e+01   1.3620984590e-01
2.3386419150e+01   1.4386825559e-01
2.3402051783e+01   1.5197860326e-01
2.3417684416e+01   1.6027798801e-01
2.3433317049e+01   1.6869687957e-01
2.3448949682e+01   1.7640666100e-01
2.3464582316e+01   1.8309925935e-01
2.3480214949e+01   1.8758039445e-01
2.3495847582e+01   1.9000361690e-01
2.3511480215e+01   1.8822761028e-01
2.3527112848e+01   1.8216141177e-01
2.3542745481e+01   1.6957140973e-01
2.3558378114e+01   1.4980490473e-01
2.3574010747e+01   1.2214332811e-01
2.3589643381e+01   8.6357883798e-02
2.3605276014e+01   4.2847050139e-02
2.3620908647e+01   6.0968212569e-03
2.3636541280e+01   5.8226157540e-02
2.3652173913e+01   1.1058856411e-01
2.3667806546e+01   1.5831353256e-01
2.3683439179e+01   1.9555629020e-01
2.3699071812e+01   2.2446250369e-01
2.3714704446e+01   2.3869337870e-01
2.3730337079e+01   2.4223316763e-01
2.3745969712e+01   2.3263559360e-01
2.3761602345e+01   2.1353255878e-01
2.3777234978e+01   1.8767597450e-01
2.3792867611e+01   1.5742919325e-01
2.3808500244e+01   1.2468867819e-01
2.3824132877e+01   9.1973456557e-02
2.3839765511e+01   5.9829891533e-02
2.3855398144e+01   2.9675589642e-02
2.3871030777e+01   1.5309649273e-03
2.3886663410e+01   2.3415929391e-02
2.3902296043e+01   4.6835063632e-02
2.3917928676e+01   6.8296200383e-02
2.3933561309e+01   8.8416932745e-02
2.3949193942e+01   1.0680116458e-01
2.3964826575e+01   1.2464926227e-01
2.3980459209e+01   1.4212372106e-01
2.3996091842e+01   1.5962695488e-01
2.4011724475e+01   1.7753766918e-01
2.4027357108e+01   1.9620443119e-01
2.4042989741e+01   2.1609693405e-01
2.4058622374e+01   2.3714481821e-01
2.4074255007e+01   2.5976066583e-01
2.4089887640e+01   2.8407329903e-01
2.4105520274e+01   3.1012957213e-01
2.4121152907e+01   3.3784926086e-01
2.4136785540e+01   3.6698328515e-01
2.4152418173e+01   3.9693460378e-01
2.4168050806e+01   4.2719909073e-01
2.4183683439e+01   4.5658061397e-01
2.4199316072e+01   4.8375079132e-01
2.4214948705e+01   5.0639002028e-01
2.4230581339e+01   5.2282542979e-01
2.4246213972e+01   5.3068997790e-01
2.4261846605e+01   5.2678613714e-01
2.4277479238e+01   5.0926076469e-01
2.4293111871e+01   4.7624590311e-01
2.4308744504e+01   4.2669343770e-01
2.4324377137e+01   3.5957788701e-01
2.4340009770e+01   2.7750293893e-01
2.4355642404e+01   1.8075137153e-01
2.4371275037e+01   7.3473512978e-02
2.4386907670e+01   4.2122190099e-02
2.4402540303e+01   1.6123954717e-01
2.4418172936e+01   2.7920264124e-01
2.4433805569e+01   3.8987821275e-01
2.4449438202e+01   4.8964003963e-01
2.4465070835e+01   5.7009790274e-01
2.4480703468e+01   6.2759751048e-01
2.4496336102e+01   6.5954334567e-01
2.4511968735e+01   6.6190435260e-01
2.4527601368e+01   6.3929220937e-01
2.4543234001e+01   5.9200636712e-01
2.4558866634e+01   5.2816389730e-01
2.4574499267e+01   4.5259422154e-01
2.4590131900e+01   3.7122624739e-01
2.4605764533e+01   2.8835155267e-01
2.4621397167e+01   2.0816733985e-01
2.4637029800e+01   1.3162968964e-01
2.4652662433e+01   6.1024802284e-02
2.4668295066e+01   2.5435811611e-03
2.4683927699e+01   6.1429389115e-02
2.4699560332e+01   1.1577251430e-01
2.4715192965e+01   1.6524245299e-01
2.4730825598e+01   2.1219646819e-01
2.4746458232e+01   2.5726051556e-01
2.4762090865e+01   3.0178831077e-01
2.4777723498e+01   3.4609184637e-01
2.4793356131e+01   3.9153838501e-01
2.4808988764e+01   4.3886164838e-01
2.4824621397e+01   4.8869018622e-01
2.4840254030e+01   5.4145319249e-01
2.4855886663e+01   5.9732646209e-01
2.4871519297e+01   6.5620377462e-01
2.4887151930e+01   7.1749198340e-01
2.4902784563e+01   7.8022354635e-01
2.4918417196e+01   8.4291709904e-01
2.4934049829e+01   9.0352369611e-01
2.4949682462e+01   9.6013254307e-01
2.4965315095e+01   1.0098470809e+00
2.4980947728e+01   1.0503974186e+00
2.4996580362e+01   1.0807776457e+00
2.5012212995e+01   1.0999119982e+00
2.5027845628e+01   1.1082801262e+00
2.5043478261e+01   1.1078293800e+00
2.5059110894e+01   1.1017701842e+00
2.5074743527e+01   1.0917704764e+00
2.5090376160e+01   1.0821016103e+00
2.5106008793e+01   1.0741672496e+00
2.5121641426e+01   1.0704099345e+00
2.5137274060e+01   1.0706078350e+00
2.5152906693e+01   1.0741989063e+00
2.5168539326e+01   1.0780434857e+00
2.5184171959e+01   1.0800959225e+00
2.5199804592e+01   1.0776339674e+00
2.5215437225e+01   1.0643159041e+00
2.5231069858e+01   1.0399092755e+00
2.5246702491e+01   1.0021850239e+00
2.5262335125e+01   9.4989533021e-01
2.5277967758e+01   8.8752083388e-01
2.5293600391e+01   8.1571457729e-01
2.5309233024e+01   7.4056756353e-01
2.5324865657e+01   6.6444252194e-01
2.5340498290e+01   5.9094090509e-01
2.5356130923e+01   5.2290791212e-01
2.5371763556e+01   4.6188903822e-01
2.5387396190e+01   4.0879241066e-01
2.5403028823e+01   3.6539427572e-01
2.5418661456e+01   3.3001465812e-01
2.5434294089e+01   3.0271270631e-01
2.5449926722e+01   2.8428078358e-01
2.5465559355e+01   2.7317367521e-01
2.5481191988e+01   2.6924703297e-01
2.5496824621e+01   2.7174192527e-01
2.5512457255e+01   2.8107750487e-01
2.5528089888e+01   2.9659756926e-01
2.5543722521e+01   3.1814180328e-01
2.5559355154e+01   3.4561496432e-01
2.5574987787e+01   3.7895121922e-01
2.5590620420e+01   4.1805994958e-01
2.5606253053e+01   4.6274947716e-01
2.5621885686e+01   5.1262425763e-01
2.5637518319e+01   5.6701127517e-01
2.5653150953e+01   6.2460350148e-01
2.5668783586e+01   6.8364195005e-01
2.5684416219e+01   7.4158123454e-01
2.5700048852e+01   7.9514315328e-01
2.5715681485e+01   8.4047619510e-01
2.5731314118e+01   8.7353267605e-01
2.5746946751e+01   8.9065292777e-01
2.5762579384e+01   8.8924862092e-01
2.5778212018e+01   8.6838844108e-01
2.5793844651e+01   8.2907478934e-01
2.5809477284e+01   7.7409518266e-01
2.5825109917e+01   7.0749635724e-01
2.5840742550e+01   6.3386693579e-01
2.5856375183e+01   5.5765099131e-01
2.5872007816e+01   4.8265092967e-01
2.5887640449e+01   4.1177328238e-01
2.5903273083e+01   3.4698603188e-01
2.5918905716e+01   2.8941662027e-01
2.5934538349e+01   2.3951888659e-01
2.5950170982e+01   1.9725565983e-01
2.5965803615e+01   1.6223249119e-01
2.5981436248e+01   1.3401029407e-01
2.5997068881e+01   1.1184304420e-01
2.6012701514e+01   9.5136308437e-02
2.6028334148e+01   8.3300291446e-02
2.6043966781e+01   7.5824133792e-02
2.6059599414e+01   7.2295903500e-02
2.6075232047e+01   7.2413575529e-02
2.6090864680e+01   7.5799993591e-02
2.6106497313e+01   8.2784918404e-02
2.6122129946e+01   9.3157333381e-02
2.6137762579e+01   1.0712680904e-01
2.6153395213e+01   1.2504993782e-01
2.6169027846e+01   1.4718033134e-01
2.6184660479e+01   1.7383324843e-01
2.6200293112e+01   2.0670307850e-01
2.6215925745e+01   2.4449983313e-01
2.6231558378e+01   2.8985491553e-01
2.6247191011e+01   3.4151404660e-01
2.6262823644e+01   4.0135498136e-01
2.6278456277e+01   4.6937671549e-01
2.6294088911e+01   5.4356317807e-01
2.6309721544e+01   6.2255070532e-01
2.6325354177e+01   7.0228829061e-01
2.6340986810e+01   7.7633260891e-01
2.6356619443e+01   8.3783117567e-01
2.6372252076e+01   8.7610247287e-01
2.6387884709e+01   8.8022867795e-01
2.6403517342e+01   8.4751688105e-01
2.6419149976e+01   7.6885925344e-01
2.6434782609e+01   6.5338106913e-01
2.6450415242e+01   5.0321143680e-01
2.6466047875e+01   3.3192688631e-01
2.6481680508e+01   1.4756689940e-01
2.6497313141e+01   4.0963947696e-02
2.6512945774e+01   2.2711989968e-01
2.6528578407e+01   4.0661733966e-01
2.6544211041e+01   5.7380375725e-01
2.6559843674e+01   7.2888590133e-01
2.6575476307e+01   8.6420637295e-01
2.6591108940e+01   9.7814319872e-01
2.6606741573e+01   1.0640586549e+00
2.6622374206e+01   1.1192276766e+00
2.6638006839e+01   1.1411376199e+00
2.6653639472e+01   1.1321685873e+00
2.6669272106e+01   1.0956705376e+00
2.6684904739e+01   1.0381051623e+00
2.6700537372e+01   9.6666209510e-01
2.6716170005e+01   8.8910514220e-01
2.6731802638e+01   8.1165305557e-01
2.6747435271e+01   7.3911102842e-01
2.6763067904e+01   6.7459937090e-01
2.6778700537e+01   6.1999801003e-01
2.6794333170e+01   5.7586193273e-01
2.6809965804e+01   5.4199194350e-01
2.6825598437e+01   5.1763811435e-01
2.6841231070e+01   5.0159477431e-01
2.6856863703e+01   4.9252727122e-01
2.6872496336e+01   4.8892256219e-01
2.6888128969e+01   4.8919421917e-01
2.6903761602e+01   4.9174190962e-01
2.6919394235e+01   4.9515972809e-01
2.6935026869e+01   4.9739314190e-01
2.6950659502e+01   4.9729589439e-01
2.6966292135e+01   4.9339931554e-01
2.6981924768e+01   4.8451372382e-01
2.6997557401e+01   4.6969366723e-01
2.7013190034e+01   4.4858105077e-01
2.7028822667e+01   4.2023231862e-01
2.7044455300e+01   3.8505848813e-01
2.7060087934e+01   3.4259581615e-01
2.7075720567e+01   2.9445900493e-01
2.7091353200e+01   2.4090141459e-01
2.7106985833e+01   1.8237194066e-01
2.7122618466e+01   1.2005541825e-01
2.7138251099e+01   5.4615973152e-02
2.7153883732e+01   1.2898160912e-02
2.7169516365e+01   8.1515861927e-02
2.7185148999e+01   1.5008081407e-01
2.7200781632e+01   2.1704807333e-01
2.7216414265e+01   2.8109063340e-01
2.7232046898e+01   3.4004859604e-01
2.7247679531e+01   3.9161645020e-01
2.7263312164e+01   4.3330119821e-01
2.7278944797e+01   4.6264590739e-01
2.7294577430e+01   4.7753951887e-01
2.7310210064e+01   4.7669220884e-01
2.7325842697e+01   4.5913399629e-01
2.7341475330e+01   4.2611172903e-01
2.7357107963e+01   3.7906717850e-01
2.7372740596e+01   3.2048044428e-01
2.7388373229e+01   2.5347548866e-01
2.7404005862e+01   1.8058637694e-01
2.7419638495e+01   1.0496272473e-01
2.7435271128e+01   2.8891696154e-02
2.7450903762e+01   4.5690340425e-02
2.7466536395e+01   1.1752397204e-01
2.7482169028e+01   1.8552015244e-01
2.7497801661e+01   2.4910861928e-01
2.7513434294e+01   3.0756567699e-01
2.7529066927e+01   3.6063853332e-01
2.7544699560e+01   4.0771625923e-01
2.7560332193e+01   4.4849668176e-01
2.7575964827e+01   4.8242773385e-01
2.7591597460e+01   5.0898366140e-01
2.7607230093e+01   5.2820241471e-01
2.7622862726e+01   5.3864679614e-01
2.7638495359e+01   5.4060581889e-01
2.7654127992e+01   5.3406135204e-01
2.7669760625e+01   5.1885660121e-01
2.7685393258e+01   4.9648797154e-01
2.7701025892e+01   4.6744259815e-01
2.7716658525e+01   4.3199430156e-01
2.7732291158e+01   3.9195813702e-01
2.7747923791e+01   3.4806070101e-01
2.7763556424e+01   3.0105985110e-01
2.7779189057e+01   2.5187287763e-01
2.7794821690e+01   2.0105347410e-01
2.7810454323e+01   1.4899337347e-01
2.7826086957e+01   9.5912658238e-02
2.7841719590e+01   4.1759443839e-02
2.7857352223e+01   1.2915895085e-02
2.7872984856e+01   6.8928122344e-02
2.7888617489e+01   1.2592443773e-01
2.7904250122e+01   1.8369580174e-01
2.7919882755e+01   2.4173296589e-01
2.7935515388e+01   2.9909427618e-01
2.7951148021e+01   3.5448187855e-01
2.7966780655e+01   4.0521121126e-01
2.7982413288e+01   4.4901154302e-01
2.7998045921e+01   4.8247639562e-01
2.8013678554e+01   5.0217972850e-01
2.8029311187e+01   5.0526970868e-01
2.8044943820e+01   4.8900266315e-01
2.8060576453e+01   4.5280219926e-01
2.8076209086e+01   3.9747912741e-01
2.8091841720e+01   3.2523881659e-01
2.8107474353e+01   2.4010906004e-01
2.8123106986e+01   1.4620683932e-01
2.8138739619e+01   4.7697820710e-02
2.8154372252e+01   5.1136046208e-02
2.8170004885e+01   1.4701220753e-01
2.8185637518e+01   2.3702927388e-01
2.8201270151e+01   3.1907769286e-01
2.8216902785e+01   3.9153150693e-01
2.8232535418e+01   4.5316062551e-01
2.8248168051e+01   5.0337412838e-01
2.8263800684e+01   5.4173049839e-01
2.8279433317e+01   5.6852731444e-01
2.8295065950e+01   5.8290554662e-01
2.8310698583e+01   5.8729872842e-01
2.8326331216e+01   5.8253317065e-01
2.8341963850e+01   5.6893111522e-01
2.8357596483e+01   5.4927636251e-01
2.8373229116e+01   5.2432142723e-01
2.8388861749e+01   4.9606054093e-01
2.8404494382e+01   4.6606531374e-01
2.8420127015e+01   4.3557940429e-01
2.8435759648e+01   4.0550479305e-01
2.8451392281e+01   3.7712695070e-01
2.8467024915e+01   3.5058489193e-01
2.8482657548e+01   3.2643046761e-01
2.8498290181e+01   3.0457366939e-01
2.8513922814e+01   2.8578101025e-01
2.8529555447e+01   2.6959148013e-01
2.8545188080e+01   2.5595484226e-01
2.8560820713e+01   2.4470230581e-01
2.8576453346e+01   2.3562597688e-01
2.8592085979e+01   2.2849131062e-01
2.8607718613e+01   2.2312997426e-01
2.8623351246e+01   2.1909842461e-01
2.8638983879e+01   2.1619515782e-01
2.8654616512e+01   2.1410665141e-01
2.8670249145e+01   2.1236728835e-01
2.8685881778e+01   2.1106450418e-01
2.8701514411e+01   2.0913703302e-01
2.8717147044e+01   2.0611313998e-01
2.8732779678e+01   2.0183816639e-01
2.8748412311e+01   1.9518100208e-01
2.8764044944e+01   1.8527276193e-01
2.8779677577e+01   1.7137203951e-01
2.8795310210e+01   1.5227961822e-01
2.8810942843e+01   1.2686528744e-01
2.8826575476e+01   9.4133427185e-02
2.8842208109e+01   5.3612889126e-02
2.8857840743e+01   4.6818521230e-03
2.8873473376e+01   5.1294976876e-02
2.8889106009e+01   1.1229686798e-01
2.8904738642e+01   1.7456479021e-01
2.8920371275e+01   2.3209570185e-01
2.8936003908e+01   2.8015580498e-01
2.8951636541e+01   3.1172409109e-01
2.8967269174e+01   3.2256749400e-01
2.8982901808e+01   3.0990995883e-01
2.8998534441e+01   2.7636953156e-01
2.9014167074e+01   2.2487635900e-01
2.9029799707e+01   1.6219715757e-01
2.9045432340e+01   9.3935281367e-02
2.9061064973e+01   2.5422731643e-02
2.9076697606e+01   3.9573564024e-02
2.9092330239e+01   9.8633709162e-02
2.9107962872e+01   1.5129479912e-01
2.9123595506e+01   1.9663174614e-01
2.9139228139e+01   2.3552305195e-01
2.9154860772e+01   2.6887497175e-01
2.9170493405e+01   2.9753181057e-01
2.9186126038e+01   3.2330018257e-01
2.9201758671e+01   3.4660499778e-01
2.9217391304e+01   3.6867103154e-01
2.9233023937e+01   3.9041612333e-01
2.9248656571e+01   4.1266233388e-01
2.9264289204e+01   4.3586392426e-01
2.9279921837e+01   4.6125839550e-01
2.9295554470e+01   4.8910276952e-01
2.9311187103e+01   5.1994628223e-01
2.9326819736e+01   5.5446159905e-01
2.9342452369e+01   5.9267448348e-01
2.9358085002e+01   6.3501015558e-01
2.9373717636e+01   6.8225284959e-01
2.9389350269e+01   7.3402129954e-01
2.9404982902e+01   7.9042301173e-01
2.9420615535e+01   8.5179903184e-01
2.9436248168e+01   9.1747856223e-01
2.9451880801e+01   9.8686403812e-01
2.9467513434e+01   1.0590339789e+00
2.9483146067e+01   1.1325995779e+00
2.9498778701e+01   1.2052161648e+00
2.9514411334e+01   1.2750557807e+00
2.9530043967e+01   1.3391324742e+00
2.9545676600e+01   1.3948765294e+00
2.9561309233e+01   1.4377366189e+00
2.9576941866e+01   1.4660390752e+00
2.9592574499e+01   1.4779222363e+00
2.9608207132e+01   1.4701096987e+00
2.9623839766e+01   1.4426088716e+00
2.9639472399e+01   1.3980451082e+00
2.9655105032e+01   1.3369188630e+00
2.9670737665e+01   1.2636273636e+00
2.9686370298e+01   1.1809570298e+00
2.9702002931e+01   1.0932590308e+00
2.9717635564e+01   1.0041003921e+00
2.9733268197e+01   9.1664695975e-01
2.9748900830e+01   8.3411798749e-01
2.9764533464e+01   7.5767629962e-01
2.9780166097e+01   6.8892157989e-01
2.9795798730e+01   6.2830055666e-01
2.9811431363e+01   5.7687363383e-01
2.9827063996e+01   5.3390669121e-01
2.9842696629e+01   4.9931409019e-01
2.9858329262e+01   4.7267880244e-01
2.9873961895e+01   4.5352107237e-01
2.9889594529e+01   4.4107782935e-01
2.9905227162e+01   4.3545916615e-01
2.9920859795e+01   4.3598038256e-01
2.9936492428e+01   4.4232268611e-01
2.9952125061e+01   4.5422740099e-01
2.9967757694e+01   4.7188206851e-01
2.9983390327e+01   4.9460358654e-01
2.9999022960e+01   5.2267778836e-01
3.0014655594e+01   5.5598288690e-01
3.0030288227e+01   5.9513501841e-01
3.0045920860e+01   6.3963484388e-01
3.0061553493e+01   6.8950346195e-01
3.0077186126e+01   7.4525564816e-01
3.0092818759e+01   8.0638374876e-01
3.0108451392e+01   8.7259594846e-01
3.0124084025e+01   9.4325157129e-01
3.0139716659e+01   1.0174958255e+00
3.0155349292e+01   1.0936797606e+00
3.0170981925e+01   1.1703553907e+00
3.0186614558e+01   1.2456529156e+00
3.0202247191e+01   1.3158222132e+00
3.0217879824e+01   1.3787943960e+00
3.0233512457e+01   1.4312344710e+00
3.0249145090e+01   1.4708131245e+00
3.0264777723e+01   1.4936261734e+00
3.0280410357e+01   1.4969157367e+00
3.0296042990e+01   1.4821151062e+00
3.0311675623e+01   1.4468262672e+00
3.0327308256e+01   1.3937824353e+00
3.0342940889e+01   1.3240987273e+00
3.0358573522e+01   1.2417224806e+00
3.0374206155e+01   1.1503443922e+00
3.0389838788e+01   1.0546429109e+00
3.0405471422e+01   9.5803059126e-01
3.0421104055e+01   8.6383329166e-01
3.0436736688e+01   7.7563754025e-01
3.0452369321e+01   6.9478024306e-01
3.0468001954e+01   6.2266950765e-01
3.0483634587e+01   5.5972919716e-01
3.0499267220e+01   5.0650343573e-01
3.0514899853e+01   4.6256245793e-01
3.0530532487e+01   4.2745743311e-01
3.0546165120e+01   4.0061499698e-01
3.0561797753e+01   3.8132102371e-01
3.0577430386e+01   3.6948804735e-01
3.0593063019e+01   3.6381886617e-01
3.0608695652e+01   3.6417634657e-01
3.0624328285e+01   3.7018387037e-01
3.0639960918e+01   3.8138065197e-01
3.0655593552e+01   3.9811559391e-01
3.0671226185e+01   4.1976886607e-01
3.0686858818e+01   4.4619525128e-01
3.0702491451e+01   4.7803403001e-01
3.0718124084e+01   5.1500828133e-01
3.0733756717e+01   5.5740605182e-01
3.0749389350e+01   6.0471432397e-01
3.0765021983e+01   6.5758583969e-01
3.0780654617e+01   7.1505423862e-01
3.0796287250e+01   7.7737319444e-01
3.0811919883e+01   8.4353620819e-01
3.0827552516e+01   9.1282897726e-01
3.0843185149e+01   9.8335189835e-01
3.0858817782e+01   1.0541546946e+00
3.0874450415e+01   1.1237361669e+00
3.0890083048e+01   1.1885993055e+00
3.0905715681e+01   1.2482600666e+00
3.0921348315e+01   1.3018123132e+00
3.0936980948e+01   1.3455136271e+00
3.0952613581e+01   1.3787461742e+00
3.0968246214e+01   1.4030085318e+00
3.0983878847e+01   1.4150986703e+00
3.0999511480e+01   1.4161671204e+00
3.1015144113e+01   1.4035257463e+00
3.1030776746e+01   1.3767601573e+00
3.1046409380e+01   1.3346587133e+00
3.1062042013e+01   1.2777802134e+00
3.1077674646e+01   1.2064548990e+00
3.1093307279e+01   1.1229266741e+00
3.1108939912e+01   1.0315223351e+00
3.1124572545e+01   9.3540461872e-01
3.1140205178e+01   8.3886388376e-01
3.1155837811e+01   7.4509530923e-01
3.1171470445e+01   6.5789315808e-01
3.1187103078e+01   5.7884006320e-01
3.1202735711e+01   5.0916108501e-01
3.1218368344e+01   4.4938732767e-01
3.1234000977e+01   3.9951161395e-01
3.1249633610e+01   3.5946346226e-01
3.1265266243e+01   3.2808173260e-01
3.1280898876e+01   3.0496904765e-01
3.1296531510e+01   2.8941288130e-01
3.1312164143e+01   2.8059184835e-01
3.1327796776e+01   2.7839261633e-01
3.1343429409e+01   2.8178583929e-01
3.1359062042e+01   2.9056087778e-01
3.1374694675e+01   3.0414012854e-01
3.1390327308e+01   3.2291534081e-01
3.1405959941e+01   3.4633853642e-01
3.1421592574e+01   3.7441948170e-01
3.1437225208e+01   4.0678337145e-01
3.1452857841e+01   4.4396687057e-01
3.1468490474e+01   4.8461599599e-01
3.1484123107e+01   5.2923686181e-01
3.1499755740e+01   5.7643514312e-01
3.1515388373e+01   6.2565888606e-01
3.1531021006e+01   6.7497483792e-01
3.1546653639e+01   7.2295856293e-01
3.1562286273e+01   7.6636018439e-01
3.1577918906e+01   8.0345739012e-01
3.1593551539e+01   8.3250453121e-01
3.1609184172e+01   8.4898290444e-01
3.1624816805e+01   8.5216434802e-01
3.1640449438e+01   8.4308110420e-01
3.1656082071e+01   8.1946131034e-01
3.1671714704e+01   7.8704409098e-01
3.1687347338e+01   7.4526783474e-01
3.1702979971e+01   6.9928723249e-01
3.1718612604e+01   6.5130786549e-01
3.1734245237e+01   6.0508228487e-01
3.1749877870e+01   5.6280037525e-01
3.1765510503e+01   5.2731367432e-01
3.1781143136e+01   4.9901751206e-01
3.1796775769e+01   4.8039027836e-01
3.1812408403e+01   4.7165723345e-01
3.1828041036e+01   4.7374372355e-01
3.1843673669e+01   4.8643345204e-01
3.1859306302e+01   5.1032197403e-01
3.1874938935e+01   5.4536931373e-01
3.1890571568e+01   5.9226921352e-01
3.1906204201e+01   6.4978299645e-01
3.1921836834e+01   7.1737068438e-01
3.1937469468e+01   7.9329312637e-01
3.1953102101e+01   8.7461386348e-01
3.1968734734e+01   9.5688855539e-01
3.1984367367e+01   1.0339049754e+00
3.2000000000e+01   1.0985974897e+00
3.2000000000e+01   1.0985974897e+00
