X    Y
2.0000000000e-01   0.0000000000e+00
1.9999388596e-01   -1.5650082301e-03
1.9997552586e-01   -3.1334477275e-03
1.9994489321e-01   -4.7052303755e-03
1.9990196224e-01   -6.2802677085e-03
1.9984670785e-01   -7.8584709179e-03
1.9977910563e-01   -9.4397508558e-03
1.9969913190e-01   -1.1024018041e-02
1.9960676365e-01   -1.2611182664e-02
1.9950197859e-01   -1.4201154591e-02
1.9938475513e-01   -1.5793843369e-02
1.9925507239e-01   -1.7389158231e-02
1.9911291020e-01   -1.8987008102e-02
1.9895824909e-01   -2.0587301602e-02
1.9879107034e-01   -2.2189947053e-02
1.9861135590e-01   -2.3794852481e-02
1.9841908849e-01   -2.5401925625e-02
1.9821425151e-01   -2.7011073937e-02
1.9799682912e-01   -2.8622204592e-02
1.9776680617e-01   -3.0235224490e-02
1.9752416827e-01   -3.1850040259e-02
1.9726890174e-01   -3.3466558265e-02
1.9700099365e-01   -3.5084684613e-02
1.9672043179e-01   -3.6704325154e-02
1.9642720470e-01   -3.8325385487e-02
1.9612130165e-01   -3.9947770967e-02
1.9580271265e-01   -4.1571386708e-02
1.9547142845e-01   -4.3196137590e-02
1.9512744057e-01   -4.4821928260e-02
1.9477074123e-01   -4.6448663139e-02
1.9440132345e-01   -4.8076246429e-02
1.9401918095e-01   -4.9704582114e-02
1.9362430824e-01   -5.1333573967e-02
1.9321670056e-01   -5.2963125553e-02
1.9279635392e-01   -5.4593140235e-02
1.9236326508e-01   -5.6223521181e-02
1.9191743154e-01   -5.7854171364e-02
1.9145885159e-01   -5.9484993570e-02
1.9098752427e-01   -6.1115890401e-02
1.9050344936e-01   -6.2746764281e-02
1.9000662744e-01   -6.4377517459e-02
1.8949705982e-01   -6.6008052018e-02
1.8897474860e-01   -6.7638269874e-02
1.8843969664e-01   -6.9268072782e-02
1.8789190757e-01   -7.0897362344e-02
1.8733138578e-01   -7.2526040011e-02
1.8675813645e-01   -7.4154007087e-02
1.8617216550e-01   -7.5781164735e-02
1.8557347967e-01   -7.7407413981e-02
1.8496208642e-01   -7.9032655720e-02
1.8433799404e-01   -8.0656790717e-02
1.8370121155e-01   -8.2279719615e-02
1.8305174877e-01   -8.3901342939e-02
1.8238961630e-01   -8.5521561099e-02
1.8171482550e-01   -8.7140274395e-02
1.8102738854e-01   -8.8757383023e-02
1.8032731834e-01   -9.0372787077e-02
1.7961462862e-01   -9.1986386555e-02
1.7888933387e-01   -9.3598081366e-02
1.7815144937e-01   -9.5207771327e-02
1.7740099119e-01   -9.6815356176e-02
1.7663797617e-01   -9.8420735570e-02
1.7586242195e-01   -1.0002380909e-01
1.7507434693e-01   -1.0162447626e-01
1.7427377033e-01   -1.0322263653e-01
1.7346071212e-01   -1.0481818927e-01
1.7263519309e-01   -1.0641103383e-01
1.7179723479e-01   -1.0800106948e-01
1.7094685957e-01   -1.0958819546e-01
1.7008409058e-01   -1.1117231096e-01
1.6920895173e-01   -1.1275331511e-01
1.6832146774e-01   -1.1433110705e-01
1.6742166411e-01   -1.1590558585e-01
1.6650956713e-01   -1.1747665058e-01
1.6558520389e-01   -1.1904420026e-01
1.6464860224e-01   -1.2060813392e-01
1.6369979086e-01   -1.2216835056e-01
1.6273879919e-01   -1.2372474918e-01
1.6176565746e-01   -1.2527722877e-01
1.6078039671e-01   -1.2682568833e-01
1.5978304874e-01   -1.2837002684e-01
1.5877364617e-01   -1.2991014332e-01
1.5775222240e-01   -1.3144593677e-01
1.5671881160e-01   -1.3297730623e-01
1.5567344874e-01   -1.3450415076e-01
1.5461616961e-01   -1.3602636943e-01
1.5354701073e-01   -1.3754386135e-01
1.5246600946e-01   -1.3905652566e-01
1.5137320392e-01   -1.4056426154e-01
1.5026863303e-01   -1.4206696821e-01
1.4915233650e-01   -1.4356454494e-01
1.4802435480e-01   -1.4505689106e-01
1.4688472923e-01   -1.4654390593e-01
1.4573350184e-01   -1.4802548899e-01
1.4457071548e-01   -1.4950153973e-01
1.4339641379e-01   -1.5097195772e-01
1.4221064119e-01   -1.5243664260e-01
1.4101344288e-01   -1.5389549408e-01
1.3980486485e-01   -1.5534841196e-01
1.3858495387e-01   -1.5679529611e-01
1.3735375749e-01   -1.5823604651e-01
1.3611132405e-01   -1.5967056322e-01
1.3485770266e-01   -1.6109874640e-01
1.3359294321e-01   -1.6252049632e-01
1.3231709639e-01   -1.6393571334e-01
1.3103021363e-01   -1.6534429796e-01
1.2973234718e-01   -1.6674615076e-01
1.2842355003e-01   -1.6814117248e-01
1.2710387597e-01   -1.6952926395e-01
1.2577337956e-01   -1.7091032615e-01
1.2443211612e-01   -1.7228426018e-01
1.2308014176e-01   -1.7365096730e-01
1.2171751334e-01   -1.7501034889e-01
1.2034428852e-01   -1.7636230649e-01
1.1896052571e-01   -1.7770674179e-01
1.1756628408e-01   -1.7904355663e-01
1.1616162358e-01   -1.8037265302e-01
1.1474660493e-01   -1.8169393312e-01
1.1332128961e-01   -1.8300729929e-01
1.1188573984e-01   -1.8431265403e-01
1.1044001863e-01   -1.8560990004e-01
1.0898418975e-01   -1.8689894020e-01
1.0751831770e-01   -1.8817967757e-01
1.0604246777e-01   -1.8945201542e-01
1.0455670599e-01   -1.9071585721e-01
1.0306109913e-01   -1.9197110658e-01
1.0155571474e-01   -1.9321766741e-01
1.0004062111e-01   -1.9445544376e-01
9.8515887271e-02   -1.9568433993e-01
9.6981583004e-02   -1.9690426043e-01
9.5437778841e-02   -1.9811510998e-01
9.3884546055e-02   -1.9931679355e-01
9.2321956661e-02   -2.0050921633e-01
9.0750083414e-02   -2.0169228373e-01
8.9168999807e-02   -2.0286590144e-01
8.7578780069e-02   -2.0402997534e-01
8.5979499166e-02   -2.0518441161e-01
8.4371232795e-02   -2.0632911665e-01
8.2754057381e-02   -2.0746399711e-01
8.1128050082e-02   -2.0858895991e-01
7.9493288779e-02   -2.0970391223e-01
7.7849852081e-02   -2.1080876150e-01
7.6197819315e-02   -2.1190341544e-01
7.4537270533e-02   -2.1298778201e-01
7.2868286502e-02   -2.1406176947e-01
7.1190948706e-02   -2.1512528631e-01
6.9505339344e-02   -2.1617824135e-01
6.7811541325e-02   -2.1722054363e-01
6.6109638270e-02   -2.1825210251e-01
6.4399714506e-02   -2.1927282760e-01
6.2681855064e-02   -2.2028262880e-01
6.0956145682e-02   -2.2128141628e-01
5.9222672796e-02   -2.2226910050e-01
5.7481523541e-02   -2.2324559218e-01
5.5732785751e-02   -2.2421080233e-01
5.3976547951e-02   -2.2516464223e-01
5.2212899362e-02   -2.2610702343e-01
5.0441929892e-02   -2.2703785773e-01
4.8663730141e-02   -2.2795705723e-01
4.6878391391e-02   -2.2886453427e-01
4.5086005612e-02   -2.2976020145e-01
4.3286665453e-02   -2.3064397161e-01
4.1480464245e-02   -2.3151575787e-01
3.9667495997e-02   -2.3237547355e-01
3.7847855395e-02   -2.3322303223e-01
3.6021637798e-02   -2.3405834769e-01
3.4188939240e-02   -2.3488133395e-01
3.2349856424e-02   -2.3569190523e-01
3.0504486725e-02   -2.3648997593e-01
2.8652928185e-02   -2.3727546065e-01
2.6795279514e-02   -2.3804827415e-01
2.4931640086e-02   -2.3880833137e-01
2.3062109940e-02   -2.3955554738e-01
2.1186789779e-02   -2.4028983738e-01
1.9305780968e-02   -2.4101111668e-01
1.7419185533e-02   -2.4171930072e-01
1.5527106161e-02   -2.4241430499e-01
1.3629646199e-02   -2.4309604505e-01
1.1726909654e-02   -2.4376443650e-01
9.8190011935e-03   -2.4441939498e-01
7.9060261431e-03   -2.4506083612e-01
5.9880904885e-03   -2.4568867552e-01
4.0653008751e-03   -2.4630282874e-01
2.1377646086e-03   -2.4690321129e-01
2.0558965555e-04   -2.4748973856e-01
-1.7311153559e-03   -2.4806232583e-01
-3.6722513955e-03   -2.4862354786e-01
-5.6177198541e-03   -2.4917087173e-01
-7.5674118230e-03   -2.4970422685e-01
-9.5212178443e-03   -2.5022354326e-01
-1.1479027915e-02   -2.5072875164e-01
-1.3440731495e-02   -2.5121978332e-01
-1.5406217507e-02   -2.5169657030e-01
-1.7375374347e-02   -2.5215904523e-01
-1.9348089887e-02   -2.5260714144e-01
-2.1324251479e-02   -2.5304079296e-01
-2.3303745963e-02   -2.5345993449e-01
-2.5286459672e-02   -2.5386450143e-01
-2.7272278437e-02   -2.5425442990e-01
-2.9261087590e-02   -2.5462965673e-01
-3.1252771975e-02   -2.5499011947e-01
-3.3247215950e-02   -2.5533575640e-01
-3.5244303391e-02   -2.5566650654e-01
-3.7243917704e-02   -2.5598230967e-01
-3.9245941825e-02   -2.5628310630e-01
-4.1250258229e-02   -2.5656883771e-01
-4.3256748933e-02   -2.5683944597e-01
-4.5265295507e-02   -2.5709487390e-01
-4.7275779076e-02   -2.5733506513e-01
-4.9288080326e-02   -2.5755996405e-01
-5.1302079515e-02   -2.5776951588e-01
-5.3317656472e-02   -2.5796366664e-01
-5.5334690609e-02   -2.5814236317e-01
-5.7353060927e-02   -2.5830555312e-01
-5.9372646018e-02   -2.5845318497e-01
-6.1393324079e-02   -2.5858520806e-01
-6.3414972909e-02   -2.5870157256e-01
-6.5437469925e-02   -2.5880222948e-01
-6.7460692163e-02   -2.5888713072e-01
-6.9484516286e-02   -2.5895622903e-01
-7.1508818592e-02   -2.5900947804e-01
-7.3533475018e-02   -2.5904683226e-01
-7.5558361153e-02   -2.5906824710e-01
-7.7583352236e-02   -2.5907367884e-01
-7.9608323171e-02   -2.5906308471e-01
-8.1633148531e-02   -2.5903642281e-01
-8.3657702563e-02   -2.5899365219e-01
-8.5681859201e-02   -2.5893473281e-01
-8.7705492067e-02   -2.5885962559e-01
-8.9728474482e-02   -2.5876829236e-01
-9.1750679473e-02   -2.5866069592e-01
-9.3771979777e-02   -2.5853680004e-01
-9.5792247857e-02   -2.5839656943e-01
-9.7811355899e-02   -2.5823996980e-01
-9.9829175827e-02   -2.5806696783e-01
-1.0184557931e-01   -2.5787753118e-01
-1.0386043776e-01   -2.5767162853e-01
-1.0587362236e-01   -2.5744922955e-01
-1.0788500406e-01   -2.5721030494e-01
-1.0989445356e-01   -2.5695482641e-01
-1.1190184139e-01   -2.5668276670e-01
-1.1390703782e-01   -2.5639409960e-01
-1.1590991294e-01   -2.5608879994e-01
-1.1791033667e-01   -2.5576684360e-01
-1.1990817872e-01   -2.5542820754e-01
-1.2190330862e-01   -2.5507286977e-01
-1.2389559574e-01   -2.5470080940e-01
-1.2588490930e-01   -2.5431200662e-01
-1.2787111837e-01   -2.5390644271e-01
-1.2985409185e-01   -2.5348410007e-01
-1.3183369855e-01   -2.5304496221e-01
-1.3380980711e-01   -2.5258901375e-01
-1.3578228609e-01   -2.5211624045e-01
-1.3775100393e-01   -2.5162662921e-01
-1.3971582897e-01   -2.5112016806e-01
-1.4167662946e-01   -2.5059684621e-01
-1.4363327357e-01   -2.5005665400e-01
-1.4558562941e-01   -2.4949958297e-01
-1.4753356502e-01   -2.4892562582e-01
-1.4947694839e-01   -2.4833477644e-01
-1.5141564745e-01   -2.4772702990e-01
-1.5334953012e-01   -2.4710238249e-01
-1.5527846430e-01   -2.4646083170e-01
-1.5720231784e-01   -2.4580237621e-01
-1.5912095862e-01   -2.4512701596e-01
-1.6103425451e-01   -2.4443475207e-01
-1.6294207339e-01   -2.4372558694e-01
-1.6484428316e-01   -2.4299952417e-01
-1.6674075178e-01   -2.4225656863e-01
-1.6863134723e-01   -2.4149672642e-01
-1.7051593753e-01   -2.4072000490e-01
-1.7239439079e-01   -2.3992641269e-01
-1.7426657518e-01   -2.3911595968e-01
-1.7613235896e-01   -2.3828865703e-01
-1.7799161047e-01   -2.3744451716e-01
-1.7984419815e-01   -2.3658355377e-01
-1.8168999057e-01   -2.3570578184e-01
-1.8352885641e-01   -2.3481121763e-01
-1.8536066449e-01   -2.3389987869e-01
-1.8718528375e-01   -2.3297178386e-01
-1.8900258331e-01   -2.3202695326e-01
-1.9081243243e-01   -2.3106540829e-01
-1.9261470057e-01   -2.3008717167e-01
-1.9440925735e-01   -2.2909226738e-01
-1.9619597258e-01   -2.2808072073e-01
-1.9797471629e-01   -2.2705255829e-01
-1.9974535870e-01   -2.2600780793e-01
-2.0150777029e-01   -2.2494649883e-01
-2.0326182173e-01   -2.2386866143e-01
-2.0500738396e-01   -2.2277432751e-01
-2.0674432816e-01   -2.2166353007e-01
-2.0847252579e-01   -2.2053630346e-01
-2.1019184857e-01   -2.1939268328e-01
-2.1190216851e-01   -2.1823270642e-01
-2.1360335789e-01   -2.1705641105e-01
-2.1529528933e-01   -2.1586383662e-01
-2.1697783574e-01   -2.1465502383e-01
-2.1865087037e-01   -2.1343001468e-01
-2.2031426678e-01   -2.1218885243e-01
-2.2196789888e-01   -2.1093158157e-01
-2.2361164095e-01   -2.0965824789e-01
-2.2524536762e-01   -2.0836889839e-01
-2.2686895389e-01   -2.0706358136e-01
-2.2848227515e-01   -2.0574234630e-01
-2.3008520717e-01   -2.0440524395e-01
-2.3167762613e-01   -2.0305232630e-01
-2.3325940862e-01   -2.0168364655e-01
-2.3483043166e-01   -2.0029925912e-01
-2.3639057267e-01   -1.9889921966e-01
-2.3793970955e-01   -1.9748358502e-01
-2.3947772063e-01   -1.9605241324e-01
-2.4100448468e-01   -1.9460576358e-01
-2.4251988096e-01   -1.9314369647e-01
-2.4402378921e-01   -1.9166627355e-01
-2.4551608965e-01   -1.9017355761e-01
-2.4699666299e-01   -1.8866561263e-01
-2.4846539045e-01   -1.8714250375e-01
-2.4992215376e-01   -1.8560429728e-01
-2.5136683517e-01   -1.8405106067e-01
-2.5279931748e-01   -1.8248286251e-01
-2.5421948402e-01   -1.8089977257e-01
-2.5562721865e-01   -1.7930186170e-01
-2.5702240581e-01   -1.7768920192e-01
-2.5840493051e-01   -1.7606186636e-01
-2.5977467833e-01   -1.7441992925e-01
-2.6113153543e-01   -1.7276346596e-01
-2.6247538856e-01   -1.7109255293e-01
-2.6380612509e-01   -1.6940726772e-01
-2.6512363299e-01   -1.6770768898e-01
-2.6642780083e-01   -1.6599389643e-01
-2.6771851785e-01   -1.6426597088e-01
-2.6899567388e-01   -1.6252399420e-01
-2.7025915943e-01   -1.6076804936e-01
-2.7150886564e-01   -1.5899822035e-01
-2.7274468432e-01   -1.5721459223e-01
-2.7396650795e-01   -1.5541725112e-01
-2.7517422969e-01   -1.5360628417e-01
-2.7636774337e-01   -1.5178177957e-01
-2.7754694352e-01   -1.4994382653e-01
-2.7871172539e-01   -1.4809251531e-01
-2.7986198492e-01   -1.4622793717e-01
-2.8099761876e-01   -1.4435018438e-01
-2.8211852431e-01   -1.4245935022e-01
-2.8322459968e-01   -1.4055552899e-01
-2.8431574373e-01   -1.3863881595e-01
-2.8539185609e-01   -1.3670930737e-01
-2.8645283710e-01   -1.3476710051e-01
-2.8749858790e-01   -1.3281229357e-01
-2.8852901039e-01   -1.3084498577e-01
-2.8954400725e-01   -1.2886527724e-01
-2.9054348194e-01   -1.2687326911e-01
-2.9152733873e-01   -1.2486906343e-01
-2.9249548269e-01   -1.2285276322e-01
-2.9344781967e-01   -1.2082447241e-01
-2.9438425637e-01   -1.1878429587e-01
-2.9530470029e-01   -1.1673233940e-01
-2.9620905979e-01   -1.1466870970e-01
-2.9709724403e-01   -1.1259351440e-01
-2.9796916304e-01   -1.1050686200e-01
-2.9882472770e-01   -1.0840886192e-01
-2.9966384973e-01   -1.0629962446e-01
-3.0048644174e-01   -1.0417926079e-01
-3.0129241719e-01   -1.0204788295e-01
-3.0208169045e-01   -9.9905603856e-02
-3.0285417674e-01   -9.7752537257e-02
-3.0360979219e-01   -9.5588797765e-02
-3.0434845384e-01   -9.3414500820e-02
-3.0507007961e-01   -9.1229762694e-02
-3.0577458835e-01   -8.9034700479e-02
-3.0646189983e-01   -8.6829432076e-02
-3.0713193472e-01   -8.4614076191e-02
-3.0778461466e-01   -8.2388752320e-02
-3.0841986220e-01   -8.0153580746e-02
-3.0903760084e-01   -7.7908682523e-02
-3.0963775503e-01   -7.5654179474e-02
-3.1022025017e-01   -7.3390194174e-02
-3.1078501263e-01   -7.1116849947e-02
-3.1133196973e-01   -6.8834270852e-02
-3.1186104979e-01   -6.6542581673e-02
-3.1237218209e-01   -6.4241907911e-02
-3.1286529689e-01   -6.1932375776e-02
-3.1334032545e-01   -5.9614112170e-02
-3.1379720002e-01   -5.7287244683e-02
-3.1423585385e-01   -5.4951901580e-02
-3.1465622119e-01   -5.2608211793e-02
-3.1505823731e-01   -5.0256304908e-02
-3.1544183849e-01   -4.7896311153e-02
-3.1580696204e-01   -4.5528361395e-02
-3.1615354628e-01   -4.3152587118e-02
-3.1648153056e-01   -4.0769120426e-02
-3.1679085528e-01   -3.8378094018e-02
-3.1708146188e-01   -3.5979641191e-02
-3.1735329281e-01   -3.3573895818e-02
-3.1760629162e-01   -3.1160992344e-02
-3.1784040288e-01   -2.8741065776e-02
-3.1805557221e-01   -2.6314251666e-02
-3.1825174633e-01   -2.3880686106e-02
-3.1842887298e-01   -2.1440505717e-02
-3.1858690101e-01   -1.8993847635e-02
-3.1872578032e-01   -1.6540849504e-02
-3.1884546188e-01   -1.4081649462e-02
-3.1894589778e-01   -1.1616386134e-02
-3.1902704115e-01   -9.1451986208e-03
-3.1908884624e-01   -6.6682264857e-03
-3.1913126838e-01   -4.1856097472e-03
-3.1915426400e-01   -1.6974888676e-03
-3.1915779063e-01   7.9599525728e-04
-3.1914180615e-01   3.2948907418e-03
-3.1910626961e-01   5.7988532394e-03
-3.1905114197e-01   8.3077406934e-03
-3.1897638529e-01   1.0821410668e-02
-3.1888196274e-01   1.3339720359e-02
-3.1876783862e-01   1.5862526599e-02
-3.1863397834e-01   1.8389685871e-02
-3.1848034844e-01   2.0921054313e-02
-3.1830691658e-01   2.3456487731e-02
-3.1811365156e-01   2.5995841603e-02
-3.1790052329e-01   2.8538971091e-02
-3.1766750283e-01   3.1085731049e-02
-3.1741456238e-01   3.3635976029e-02
-3.1714167526e-01   3.6189560292e-02
-3.1684881594e-01   3.8746337814e-02
-3.1653596004e-01   4.1306162295e-02
-3.1620308430e-01   4.3868887168e-02
-3.1585016664e-01   4.6434365605e-02
-3.1547718611e-01   4.9002450525e-02
-3.1508412291e-01   5.1572994602e-02
-3.1467095838e-01   5.4145850272e-02
-3.1423767506e-01   5.6720869743e-02
-3.1378425659e-01   5.9297904998e-02
-3.1331068780e-01   6.1876807803e-02
-3.1281695467e-01   6.4457429719e-02
-3.1230304435e-01   6.7039622100e-02
-3.1176894515e-01   6.9623236109e-02
-3.1121464653e-01   7.2208122719e-02
-3.1064013913e-01   7.4794132721e-02
-3.1004541476e-01   7.7381116731e-02
-3.0943046638e-01   7.9968925193e-02
-3.0879528813e-01   8.2557408393e-02
-3.0813987533e-01   8.5146416456e-02
-3.0746422446e-01   8.7735799358e-02
-3.0676833318e-01   9.0325406929e-02
-3.0605220032e-01   9.2915088860e-02
-3.0531582589e-01   9.5504694708e-02
-3.0455921106e-01   9.8094073903e-02
-3.0378235820e-01   1.0068307575e-01
-3.0298527085e-01   1.0327154944e-01
-3.0216795373e-01   1.0585934404e-01
-3.0133041273e-01   1.0844630853e-01
-3.0047265493e-01   1.1103229177e-01
-2.9959468859e-01   1.1361714253e-01
-2.9869652317e-01   1.1620070948e-01
-2.9777816927e-01   1.1878284121e-01
-2.9683963872e-01   1.2136338624e-01
-2.9588094451e-01   1.2394219296e-01
-2.9490210082e-01   1.2651910975e-01
-2.9390312301e-01   1.2909398487e-01
-2.9288402763e-01   1.3166666654e-01
-2.9184483242e-01   1.3423700289e-01
-2.9078555632e-01   1.3680484203e-01
-2.8970621942e-01   1.3937003198e-01
-2.8860684304e-01   1.4193242072e-01
-2.8748744965e-01   1.4449185619e-01
-2.8634806295e-01   1.4704818627e-01
-2.8518870779e-01   1.4960125881e-01
-2.8400941024e-01   1.5215092161e-01
-2.8281019754e-01   1.5469702246e-01
-2.8159109812e-01   1.5723940909e-01
-2.8035214162e-01   1.5977792922e-01
-2.7909335884e-01   1.6231243052e-01
-2.7781478181e-01   1.6484276068e-01
-2.7651644371e-01   1.6736876732e-01
-2.7519837893e-01   1.6989029808e-01
-2.7386062307e-01   1.7240720056e-01
-2.7250321288e-01   1.7491932238e-01
-2.7112618633e-01   1.7742651111e-01
-2.6972958257e-01   1.7992861434e-01
-2.6831344196e-01   1.8242547965e-01
-2.6687780602e-01   1.8491695461e-01
-2.6542271749e-01   1.8740288680e-01
-2.6394822028e-01   1.8988312379e-01
-2.6245435951e-01   1.9235751316e-01
-2.6094118148e-01   1.9482590251e-01
-2.5940873369e-01   1.9728813943e-01
-2.5785706481e-01   1.9974407152e-01
-2.5628622472e-01   2.0219354641e-01
-2.5469626450e-01   2.0463641172e-01
-2.5308723639e-01   2.0707251511e-01
-2.5145919386e-01   2.0950170425e-01
-2.4981219152e-01   2.1192382681e-01
-2.4814628523e-01   2.1433873052e-01
-2.4646153199e-01   2.1674626311e-01
-2.4475799002e-01   2.1914627233e-01
-2.4303571871e-01   2.2153860598e-01
-2.4129477866e-01   2.2392311187e-01
-2.3953523165e-01   2.2629963786e-01
-2.3775714064e-01   2.2866803182e-01
-2.3596056979e-01   2.3102814167e-01
-2.3414558444e-01   2.3337981537e-01
-2.3231225113e-01   2.3572290091e-01
-2.3046063758e-01   2.3805724632e-01
-2.2859081270e-01   2.4038269969e-01
-2.2670284659e-01   2.4269910913e-01
-2.2479681053e-01   2.4500632282e-01
-2.2287277699e-01   2.4730418897e-01
-2.2093081962e-01   2.4959255584e-01
-2.1897101328e-01   2.5187127177e-01
-2.1699343398e-01   2.5414018512e-01
-2.1499815894e-01   2.5639914433e-01
-2.1298526655e-01   2.5864799789e-01
-2.1095483640e-01   2.6088659435e-01
-2.0890694926e-01   2.6311478234e-01
-2.0684168706e-01   2.6533241054e-01
-2.0475913293e-01   2.6753932770e-01
-2.0265937120e-01   2.6973538265e-01
-2.0054248735e-01   2.7192042428e-01
-1.9840856806e-01   2.7409430157e-01
-1.9625770118e-01   2.7625686358e-01
-1.9408997574e-01   2.7840795943e-01
-1.9190548195e-01   2.8054743837e-01
-1.8970431122e-01   2.8267514968e-01
-1.8748655610e-01   2.8479094278e-01
-1.8525231034e-01   2.8689466717e-01
-1.8300166886e-01   2.8898617242e-01
-1.8073472776e-01   2.9106530825e-01
-1.7845158430e-01   2.9313192444e-01
-1.7615233694e-01   2.9518587090e-01
-1.7383708528e-01   2.9722699766e-01
-1.7150593012e-01   2.9925515484e-01
-1.6915897341e-01   3.0127019269e-01
-1.6679631830e-01   3.0327196160e-01
-1.6441806906e-01   3.0526031206e-01
-1.6202433118e-01   3.0723509471e-01
-1.5961521129e-01   3.0919616032e-01
-1.5719081717e-01   3.1114335980e-01
-1.5475125781e-01   3.1307654420e-01
-1.5229664332e-01   3.1499556472e-01
-1.4982708500e-01   3.1690027273e-01
-1.4734269530e-01   3.1879051974e-01
-1.4484358783e-01   3.2066615742e-01
-1.4232987736e-01   3.2252703764e-01
-1.3980167981e-01   3.2437301240e-01
-1.3725911228e-01   3.2620393391e-01
-1.3470229299e-01   3.2801965456e-01
-1.3213134135e-01   3.2982002692e-01
-1.2954637789e-01   3.3160490377e-01
-1.2694752430e-01   3.3337413807e-01
-1.2433490344e-01   3.3512758302e-01
-1.2170863927e-01   3.3686509199e-01
-1.1906885694e-01   3.3858651861e-01
-1.1641568273e-01   3.4029171672e-01
-1.1374924404e-01   3.4198054038e-01
-1.1106966945e-01   3.4365284391e-01
-1.0837708863e-01   3.4530848185e-01
-1.0567163244e-01   3.4694730902e-01
-1.0295343282e-01   3.4856918047e-01
-1.0022262287e-01   3.5017395154e-01
-9.7479336834e-02   3.5176147782e-01
-9.4723710051e-02   3.5333161519e-01
-9.1955879004e-02   3.5488421981e-01
-8.9175981296e-02   3.5641914814e-01
-8.6384155651e-02   3.5793625694e-01
-8.3580541911e-02   3.5943540328e-01
-8.0765281033e-02   3.6091644452e-01
-7.7938515088e-02   3.6237923837e-01
-7.5100387261e-02   3.6382364287e-01
-7.2251041840e-02   3.6524951639e-01
-6.9390624223e-02   3.6665671763e-01
-6.6519280908e-02   3.6804510567e-01
-6.3637159496e-02   3.6941453995e-01
-6.0744408684e-02   3.7076488025e-01
-5.7841178261e-02   3.7209598677e-01
-5.4927619112e-02   3.7340772006e-01
-5.2003883207e-02   3.7469994109e-01
-4.9070123602e-02   3.7597251121e-01
-4.6126494435e-02   3.7722529221e-01
-4.3173150923e-02   3.7845814629e-01
-4.0210249358e-02   3.7967093606e-01
-3.7237947106e-02   3.8086352459e-01
-3.4256402598e-02   3.8203577540e-01
-3.1265775333e-02   3.8318755244e-01
-2.8266225870e-02   3.8431872017e-01
-2.5257915827e-02   3.8542914348e-01
-2.2241007875e-02   3.8651868779e-01
-1.9215665734e-02   3.8758721897e-01
-1.6182054174e-02   3.8863460344e-01
-1.3140339004e-02   3.8966070810e-01
-1.0090687071e-02   3.9066540040e-01
-7.0332662588e-03   3.9164854832e-01
-3.9682454780e-03   3.9261002039e-01
-8.9579466631e-04   3.9354968571e-01
2.1839152180e-03   3.9446741393e-01
5.2707169757e-03   3.9536431154e-01
8.3644428495e-03   3.9623910151e-01
1.1464919556e-02   3.9709166040e-01
1.4571972851e-02   3.9792186560e-01
1.7685427534e-02   3.9872959537e-01
2.0805107457e-02   3.9951472886e-01
2.3930835531e-02   4.0027714611e-01
2.7062433733e-02   4.0101672811e-01
3.0199723113e-02   4.0173335676e-01
3.3342523803e-02   4.0242691494e-01
3.6490655022e-02   4.0309728651e-01
3.9643935084e-02   4.0374435631e-01
4.2802181410e-02   4.0436801022e-01
4.5965210531e-02   4.0496813516e-01
4.9132838098e-02   4.0554461910e-01
5.2304878891e-02   4.0609735109e-01
5.5481146828e-02   4.0662622128e-01
5.8661454972e-02   4.0713112096e-01
6.1845615541e-02   4.0761194253e-01
6.5033439914e-02   4.0806857957e-01
6.8224738648e-02   4.0850092684e-01
7.1419321477e-02   4.0890888030e-01
7.4616997329e-02   4.0929233715e-01
7.7817574334e-02   4.0965119582e-01
8.1020859831e-02   4.0998535601e-01
8.4226660381e-02   4.1029471870e-01
8.7434781777e-02   4.1057918620e-01
9.0645029052e-02   4.1083866214e-01
9.3857206493e-02   4.1107305150e-01
9.7071117647e-02   4.1128226064e-01
1.0028656534e-01   4.1146619732e-01
1.0350335167e-01   4.1162477070e-01
1.0672127805e-01   4.1175789139e-01
1.0994014518e-01   4.1186547148e-01
1.1315975309e-01   4.1194742452e-01
1.1637990114e-01   4.1200366556e-01
1.1960038803e-01   4.1203411120e-01
1.2282101181e-01   4.1203867958e-01
1.2604156991e-01   4.1201729041e-01
1.2926185911e-01   4.1196986499e-01
1.3248167563e-01   4.1189632624e-01
1.3570081503e-01   4.1179659871e-01
1.3891907235e-01   4.1167060862e-01
1.4213624201e-01   4.1151828387e-01
1.4535211791e-01   4.1133955405e-01
1.4856649337e-01   4.1113435049e-01
1.5177916122e-01   4.1090260625e-01
1.5498991374e-01   4.1064425618e-01
1.5819854274e-01   4.1035923691e-01
1.6140483950e-01   4.1004748686e-01
1.6460859486e-01   4.0970894632e-01
1.6780959919e-01   4.0934355740e-01
1.7100764241e-01   4.0895126412e-01
1.7420251403e-01   4.0853201236e-01
1.7739400311e-01   4.0808574994e-01
1.8058189833e-01   4.0761242661e-01
1.8376598800e-01   4.0711199408e-01
1.8694606002e-01   4.0658440603e-01
1.9012190198e-01   4.0602961816e-01
1.9329330110e-01   4.0544758817e-01
1.9646004430e-01   4.0483827580e-01
1.9962191816e-01   4.0420164285e-01
2.0277870901e-01   4.0353765320e-01
2.0593020288e-01   4.0284627283e-01
2.0907618555e-01   4.0212746981e-01
2.1221644256e-01   4.0138121437e-01
2.1535075922e-01   4.0060747888e-01
2.1847892064e-01   3.9980623788e-01
2.2160071173e-01   3.9897746809e-01
2.2471591724e-01   3.9812114843e-01
2.2782432175e-01   3.9723726006e-01
2.3092570971e-01   3.9632578634e-01
2.3401986546e-01   3.9538671292e-01
2.3710657320e-01   3.9442002768e-01
2.4018561708e-01   3.9342572081e-01
2.4325678117e-01   3.9240378478e-01
2.4631984948e-01   3.9135421437e-01
2.4937460601e-01   3.9027700668e-01
2.5242083473e-01   3.8917216117e-01
2.5545831962e-01   3.8803967963e-01
2.5848684469e-01   3.8687956620e-01
2.6150619397e-01   3.8569182742e-01
2.6451615157e-01   3.8447647219e-01
2.6751650168e-01   3.8323351182e-01
2.7050702857e-01   3.8196296003e-01
2.7348751665e-01   3.8066483293e-01
2.7645775045e-01   3.7933914907e-01
2.7941751466e-01   3.7798592945e-01
2.8236659413e-01   3.7660519746e-01
2.8530477392e-01   3.7519697900e-01
2.8823183931e-01   3.7376130237e-01
2.9114757578e-01   3.7229819836e-01
2.9405176908e-01   3.7080770023e-01
2.9694420523e-01   3.6928984368e-01
2.9982467054e-01   3.6774466692e-01
3.0269295162e-01   3.6617221063e-01
3.0554883541e-01   3.6457251796e-01
3.0839210920e-01   3.6294563456e-01
3.1122256064e-01   3.6129160856e-01
3.1403997778e-01   3.5961049060e-01
3.1684414906e-01   3.5790233377e-01
3.1963486335e-01   3.5616719370e-01
3.2241190997e-01   3.5440512847e-01
3.2517507870e-01   3.5261619868e-01
3.2792415981e-01   3.5080046741e-01
3.3065894405e-01   3.4895800021e-01
3.3337922272e-01   3.4708886514e-01
3.3608478764e-01   3.4519313274e-01
3.3877543121e-01   3.4327087601e-01
3.4145094640e-01   3.4132217044e-01
3.4411112677e-01   3.3934709399e-01
3.4675576652e-01   3.3734572706e-01
3.4938466048e-01   3.3531815256e-01
3.5199760412e-01   3.3326445579e-01
3.5459439361e-01   3.3118472455e-01
3.5717482582e-01   3.2907904903e-01
3.5973869830e-01   3.2694752190e-01
3.6228580937e-01   3.2479023820e-01
3.6481595808e-01   3.2260729542e-01
3.6732894427e-01   3.2039879345e-01
3.6982456855e-01   3.1816483454e-01
3.7230263234e-01   3.1590552336e-01
3.7476293792e-01   3.1362096692e-01
3.7720528837e-01   3.1131127462e-01
3.7962948766e-01   3.0897655819e-01
3.8203534064e-01   3.0661693168e-01
3.8442265307e-01   3.0423251149e-01
3.8679123159e-01   3.0182341630e-01
3.8914088383e-01   2.9938976710e-01
3.9147141833e-01   2.9693168715e-01
3.9378264463e-01   2.9444930199e-01
3.9607437325e-01   2.9194273938e-01
3.9834641571e-01   2.8941212934e-01
4.0059858457e-01   2.8685760407e-01
4.0283069343e-01   2.8427929800e-01
4.0504255694e-01   2.8167734773e-01
4.0723399083e-01   2.7905189201e-01
4.0940481192e-01   2.7640307176e-01
4.1155483814e-01   2.7373102999e-01
4.1368388856e-01   2.7103591184e-01
4.1579178337e-01   2.6831786453e-01
4.1787834394e-01   2.6557703735e-01
4.1994339280e-01   2.6281358162e-01
4.2198675368e-01   2.6002765069e-01
4.2400825152e-01   2.5721939993e-01
4.2600771245e-01   2.5438898667e-01
4.2798496389e-01   2.5153657020e-01
4.2993983446e-01   2.4866231174e-01
4.3187215409e-01   2.4576637445e-01
4.3378175397e-01   2.4284892334e-01
4.3566846660e-01   2.3991012532e-01
4.3753212577e-01   2.3695014911e-01
4.3937256661e-01   2.3396916527e-01
4.4118962560e-01   2.3096734614e-01
4.4298314057e-01   2.2794486583e-01
4.4475295069e-01   2.2490190017e-01
4.4649889655e-01   2.2183862674e-01
4.4822082011e-01   2.1875522477e-01
4.4991856475e-01   2.1565187518e-01
4.5159197526e-01   2.1252876051e-01
4.5324089787e-01   2.0938606491e-01
4.5486518026e-01   2.0622397411e-01
4.5646467156e-01   2.0304267539e-01
4.5803922236e-01   1.9984235754e-01
4.5958868476e-01   1.9662321088e-01
4.6111291232e-01   1.9338542716e-01
4.6261176014e-01   1.9012919959e-01
4.6408508480e-01   1.8685472279e-01
4.6553274443e-01   1.8356219274e-01
4.6695459869e-01   1.8025180678e-01
4.6835050879e-01   1.7692376359e-01
4.6972033749e-01   1.7357826312e-01
4.7106394913e-01   1.7021550658e-01
4.7238120962e-01   1.6683569644e-01
4.7367198646e-01   1.6343903633e-01
4.7493614875e-01   1.6002573109e-01
4.7617356718e-01   1.5659598668e-01
4.7738411407e-01   1.5315001018e-01
4.7856766335e-01   1.4968800976e-01
4.7972409060e-01   1.4621019462e-01
4.8085327302e-01   1.4271677500e-01
4.8195508948e-01   1.3920796212e-01
4.8302942047e-01   1.3568396816e-01
4.8407614817e-01   1.3214500625e-01
4.8509515643e-01   1.2859129039e-01
4.8608633076e-01   1.2502303548e-01
4.8704955836e-01   1.2144045724e-01
4.8798472812e-01   1.1784377221e-01
4.8889173063e-01   1.1423319770e-01
4.8977045817e-01   1.1060895179e-01
4.9062080474e-01   1.0697125327e-01
4.9144266605e-01   1.0332032161e-01
4.9223593952e-01   9.9656376970e-02
4.9300052430e-01   9.5979640124e-02
4.9373632127e-01   9.2290332459e-02
4.9444323303e-01   8.8588675936e-02
4.9512116394e-01   8.4874893067e-02
4.9577002008e-01   8.1149206882e-02
4.9638970929e-01   7.7411840907e-02
4.9698014114e-01   7.3663019128e-02
4.9754122698e-01   6.9902965973e-02
4.9807287989e-01   6.6131906280e-02
4.9857501472e-01   6.2350065270e-02
4.9904754808e-01   5.8557668521e-02
4.9949039835e-01   5.4754941945e-02
4.9990348568e-01   5.0942111760e-02
5.0028673196e-01   4.7119404463e-02
5.0064006089e-01   4.3287046808e-02
5.0096339793e-01   3.9445265780e-02
5.0125667030e-01   3.5594288570e-02
5.0151980702e-01   3.1734342556e-02
5.0175273886e-01   2.7865655272e-02
5.0195539840e-01   2.3988454389e-02
5.0212771998e-01   2.0102967696e-02
5.0226963973e-01   1.6209423071e-02
5.0238109554e-01   1.2308048464e-02
5.0246202713e-01   8.3990718723e-03
5.0251237594e-01   4.4827213248e-03
5.0253208525e-01   5.5922485667e-04
5.0252110007e-01   -3.3711895080e-03
5.0247936734e-01   -7.3082689349e-03
5.0240683575e-01   -1.1251809665e-02
5.0230345569e-01   -1.5201583919e-02
5.0216917932e-01   -1.9157364001e-02
5.0200396059e-01   -2.3118922318e-02
5.0180775523e-01   -2.7086031396e-02
5.0158052073e-01   -3.1058463895e-02
5.0132221638e-01   -3.5035992629e-02
5.0103280322e-01   -3.9018390577e-02
5.0071224410e-01   -4.3005430898e-02
5.0036050360e-01   -4.6996886950e-02
4.9997754809e-01   -5.0992532298e-02
4.9956334572e-01   -5.4992140731e-02
4.9911786639e-01   -5.8995486274e-02
4.9864108178e-01   -6.3002343199e-02
4.9813296532e-01   -6.7012486041e-02
4.9759349220e-01   -7.1025689601e-02
4.9702263938e-01   -7.5041728965e-02
4.9642038558e-01   -7.9060379512e-02
4.9578671125e-01   -8.3081416920e-02
4.9512159863e-01   -8.7104617179e-02
4.9442503168e-01   -9.1129756597e-02
4.9369699611e-01   -9.5156611811e-02
4.9293747939e-01   -9.9184959792e-02
4.9214647071e-01   -1.0321457785e-01
4.9132396103e-01   -1.0724524365e-01
4.9046994301e-01   -1.1127673521e-01
4.8958441108e-01   -1.1530883090e-01
4.8866736137e-01   -1.1934130946e-01
4.8771879175e-01   -1.2337395000e-01
4.8673870182e-01   -1.2740653200e-01
4.8572709290e-01   -1.3143883532e-01
4.8468396803e-01   -1.3547064018e-01
4.8360933196e-01   -1.3950172722e-01
4.8250319115e-01   -1.4353187742e-01
4.8136555379e-01   -1.4756087218e-01
4.8019642975e-01   -1.5158849325e-01
4.7899583063e-01   -1.5561452279e-01
4.7776376972e-01   -1.5963874334e-01
4.7650026200e-01   -1.6366093782e-01
4.7520532417e-01   -1.6768088953e-01
4.7387897458e-01   -1.7169838217e-01
4.7252123332e-01   -1.7571319978e-01
4.7113212213e-01   -1.7972512682e-01
4.6971166444e-01   -1.8373394810e-01
4.6825988538e-01   -1.8773944879e-01
4.6677681173e-01   -1.9174141445e-01
4.6526247196e-01   -1.9573963099e-01
4.6371689621e-01   -1.9973388467e-01
4.6214011630e-01   -2.0372396210e-01
4.6053216569e-01   -2.0770965026e-01
4.5889307953e-01   -2.1169073642e-01
4.5722289462e-01   -2.1566700824e-01
4.5552164941e-01   -2.1963825366e-01
4.5378938403e-01   -2.2360426096e-01
4.5202614023e-01   -2.2756481872e-01
4.5023196145e-01   -2.3151971583e-01
4.4840689275e-01   -2.3546874146e-01
4.4655098085e-01   -2.3941168508e-01
4.4466427411e-01   -2.4334833642e-01
4.4274682253e-01   -2.4727848550e-01
4.4079867775e-01   -2.5120192255e-01
4.3881989307e-01   -2.5511843810e-01
4.3681052339e-01   -2.5902782288e-01
4.3477062527e-01   -2.6292986784e-01
4.3270025689e-01   -2.6682436417e-01
4.3059947809e-01   -2.7071110324e-01
4.2846835029e-01   -2.7458987660e-01
4.2630693658e-01   -2.7846047601e-01
4.2411530167e-01   -2.8232269337e-01
4.2189351188e-01   -2.8617632074e-01
4.1964163516e-01   -2.9002115031e-01
4.1735974110e-01   -2.9385697442e-01
4.1504790089e-01   -2.9768358550e-01
4.1270618736e-01   -3.0150077608e-01
4.1033467496e-01   -3.0530833881e-01
4.0793343974e-01   -3.0910606637e-01
4.0550255939e-01   -3.1289375152e-01
4.0304211322e-01   -3.1667118707e-01
4.0055218215e-01   -3.2043816585e-01
3.9803284872e-01   -3.2419448072e-01
3.9548419710e-01   -3.2793992452e-01
3.9290631306e-01   -3.3167429011e-01
3.9029928401e-01   -3.3539737028e-01
3.8766319896e-01   -3.3910895782e-01
3.8499814856e-01   -3.4280884544e-01
3.8230422507e-01   -3.4649682580e-01
3.7958152237e-01   -3.5017269144e-01
3.7683013596e-01   -3.5383623483e-01
3.7405016297e-01   -3.5748724832e-01
3.7124170215e-01   -3.6112552411e-01
3.6840485387e-01   -3.6475085428e-01
3.6553972014e-01   -3.6836303075e-01
3.6264640457e-01   -3.7196184523e-01
3.5972501243e-01   -3.7554708928e-01
3.5677565061e-01   -3.7911855425e-01
3.5379842761e-01   -3.8267603125e-01
3.5079345360e-01   -3.8621931118e-01
3.4776084035e-01   -3.8974818468e-01
3.4470070130e-01   -3.9326244214e-01
3.4161315150e-01   -3.9676187367e-01
3.3849830766e-01   -4.0024626908e-01
3.3535628814e-01   -4.0371541790e-01
3.3218721292e-01   -4.0716910932e-01
3.2899120366e-01   -4.1060713222e-01
3.2576838364e-01   -4.1402927513e-01
3.2251887783e-01   -4.1743532622e-01
3.1924281281e-01   -4.2082507330e-01
3.1594031688e-01   -4.2419830380e-01
3.1261151995e-01   -4.2755480476e-01
3.0925655362e-01   -4.3089436280e-01
3.0587555116e-01   -4.3421676415e-01
3.0246864751e-01   -4.3752179460e-01
2.9903597928e-01   -4.4080923950e-01
2.9557768477e-01   -4.4407888376e-01
2.9209390395e-01   -4.4733051182e-01
2.8858477850e-01   -4.5056390768e-01
2.8505045175e-01   -4.5377885485e-01
2.8149106877e-01   -4.5697513633e-01
2.7790677630e-01   -4.6015253467e-01
2.7429772279e-01   -4.6331083190e-01
2.7066405838e-01   -4.6644980953e-01
2.6700593495e-01   -4.6956924856e-01
2.6332350607e-01   -4.7266892950e-01
2.5961692704e-01   -4.7574863227e-01
2.5588635487e-01   -4.7880813632e-01
2.5213194831e-01   -4.8184722053e-01
2.4835386783e-01   -4.8486566322e-01
2.4455227564e-01   -4.8786324221e-01
2.4072733569e-01   -4.9083973474e-01
2.3687921367e-01   -4.9379491750e-01
2.3300807702e-01   -4.9672856663e-01
2.2911409492e-01   -4.9964045771e-01
2.2519743832e-01   -5.0253036578e-01
2.2125827994e-01   -5.0539806530e-01
2.1729679424e-01   -5.0824333020e-01
2.1331315746e-01   -5.1106593383e-01
2.0930754763e-01   -5.1386564900e-01
2.0528014453e-01   -5.1664224799e-01
2.0123112973e-01   -5.1939550250e-01
1.9716068661e-01   -5.2212518370e-01
1.9306900031e-01   -5.2483106224e-01
1.8895625778e-01   -5.2751290822e-01
1.8482264776e-01   -5.3017049123e-01
1.8066836081e-01   -5.3280358032e-01
1.7649358929e-01   -5.3541194405e-01
1.7229852735e-01   -5.3799535049e-01
1.6808337098e-01   -5.4055356719e-01
1.6384831799e-01   -5.4308636124e-01
1.5959356799e-01   -5.4559349926e-01
1.5531932243e-01   -5.4807474741e-01
1.5102578460e-01   -5.5052987141e-01
1.4671315961e-01   -5.5295863656e-01
1.4238165440e-01   -5.5536080772e-01
1.3803147775e-01   -5.5773614939e-01
1.3366284031e-01   -5.6008442566e-01
1.2927595454e-01   -5.6240540026e-01
1.2487103477e-01   -5.6469883660e-01
1.2044829717e-01   -5.6696449773e-01
1.1600795977e-01   -5.6920214643e-01
1.1155024245e-01   -5.7141154517e-01
1.0707536695e-01   -5.7359245618e-01
1.0258355686e-01   -5.7574464144e-01
9.8075037660e-02   -5.7786786273e-01
9.3550036658e-02   -5.7996188163e-01
8.9008783047e-02   -5.8202645958e-01
8.4451507877e-02   -5.8406135785e-01
7.9878444070e-02   -5.8606633766e-01
7.5289826409e-02   -5.8804116010e-01
7.0685891549e-02   -5.8998558626e-01
6.6066878010e-02   -5.9189937719e-01
6.1433026181e-02   -5.9378229396e-01
5.6784578318e-02   -5.9563409772e-01
5.2121778542e-02   -5.9745454967e-01
4.7444872843e-02   -5.9924341116e-01
4.2754109073e-02   -6.0100044368e-01
3.8049736950e-02   -6.0272540893e-01
3.3332008052e-02   -6.0441806884e-01
2.8601175817e-02   -6.0607818561e-01
2.3857495541e-02   -6.0770552177e-01
1.9101224375e-02   -6.0929984018e-01
1.4332621321e-02   -6.1086090412e-01
9.5519472308e-03   -6.1238847730e-01
4.7594648002e-03   -6.1388232392e-01
-4.4561433299e-05   -6.1534220870e-01
-4.8598640549e-03   -6.1676762800e-01
-9.6861737337e-03   -6.1815860037e-01
-1.4523220306e-02   -6.1951489165e-01
-1.9370731780e-02   -6.2083626838e-01
-2.4228434344e-02   -6.2212249785e-01
-2.9096052368e-02   -6.2337334813e-01
-3.3973308413e-02   -6.2458858815e-01
-3.8859923238e-02   -6.2576798775e-01
-4.3755615807e-02   -6.2691131772e-01
-4.8660103296e-02   -6.2801834984e-01
-5.3573101100e-02   -6.2908885698e-01
-5.8494322845e-02   -6.3012261312e-01
-6.3423480394e-02   -6.3111939341e-01
-6.8360283857e-02   -6.3207897425e-01
-7.3304441602e-02   -6.3300113333e-01
-7.8255660264e-02   -6.3388564968e-01
-8.3213644757e-02   -6.3473230376e-01
-8.8178098283e-02   -6.3554087749e-01
-9.3148722348e-02   -6.3631115434e-01
-9.8125216770e-02   -6.3704291936e-01
-1.0310727969e-01   -6.3773595928e-01
-1.0809460760e-01   -6.3839006254e-01
-1.1308689534e-01   -6.3900501939e-01
-1.1808383610e-01   -6.3958062190e-01
-1.2308512148e-01   -6.4011666408e-01
-1.2809044146e-01   -6.4061294194e-01
-1.3309948444e-01   -6.4106925352e-01
-1.3811193725e-01   -6.4148539898e-01
-1.4312748517e-01   -6.4186118068e-01
-1.4814581193e-01   -6.4219640323e-01
-1.5316659976e-01   -6.4249087356e-01
-1.5818952937e-01   -6.4274440101e-01
-1.6321428000e-01   -6.4295679735e-01
-1.6824052945e-01   -6.4312787693e-01
-1.7326795403e-01   -6.4325745665e-01
-1.7829622867e-01   -6.4334535612e-01
-1.8332502689e-01   -6.4339139767e-01
-1.8835402083e-01   -6.4339540647e-01
-1.9338288127e-01   -6.4335721054e-01
-1.9841127767e-01   -6.4327664088e-01
-2.0343887816e-01   -6.4315353152e-01
-2.0846534961e-01   -6.4298771957e-01
-2.1349035761e-01   -6.4277904531e-01
-2.1851356652e-01   -6.4252735226e-01
-2.2353463949e-01   -6.4223248728e-01
-2.2855323850e-01   -6.4189430056e-01
-2.3356902434e-01   -6.4151264578e-01
-2.3858165671e-01   -6.4108738013e-01
-2.4359079417e-01   -6.4061836438e-01
-2.4859609423e-01   -6.4010546299e-01
-2.5359721334e-01   -6.3954854412e-01
-2.5859380696e-01   -6.3894747976e-01
-2.6358552954e-01   -6.3830214574e-01
-2.6857203457e-01   -6.3761242184e-01
-2.7355297464e-01   -6.3687819186e-01
-2.7852800144e-01   -6.3609934365e-01
-2.8349676578e-01   -6.3527576920e-01
-2.8845891767e-01   -6.3440736471e-01
-2.9341410630e-01   -6.3349403066e-01
-2.9836198012e-01   -6.3253567184e-01
-3.0330218685e-01   -6.3153219746e-01
-3.0823437350e-01   -6.3048352118e-01
-3.1315818644e-01   -6.2938956116e-01
-3.1807327141e-01   -6.2825024018e-01
-3.2297927358e-01   -6.2706548565e-01
-3.2787583754e-01   -6.2583522965e-01
-3.3276260740e-01   -6.2455940907e-01
-3.3763922678e-01   -6.2323796557e-01
-3.4250533886e-01   -6.2187084570e-01
-3.4736058642e-01   -6.2045800094e-01
-3.5220461191e-01   -6.1899938774e-01
-3.5703705741e-01   -6.1749496759e-01
-3.6185756475e-01   -6.1594470703e-01
-3.6666577553e-01   -6.1434857776e-01
-3.7146133111e-01   -6.1270655664e-01
-3.7624387272e-01   -6.1101862577e-01
-3.8101304147e-01   -6.0928477249e-01
-3.8576847837e-01   -6.0750498946e-01
-3.9050982442e-01   -6.0567927471e-01
-3.9523672060e-01   -6.0380763164e-01
-3.9994880796e-01   -6.0189006907e-01
-4.0464572762e-01   -5.9992660132e-01
-4.0932712086e-01   -5.9791724817e-01
-4.1399262912e-01   -5.9586203496e-01
-4.1864189404e-01   -5.9376099259e-01
-4.2327455756e-01   -5.9161415754e-01
-4.2789026191e-01   -5.8942157192e-01
-4.3248864968e-01   -5.8718328349e-01
-4.3706936382e-01   -5.8489934567e-01
-4.4163204778e-01   -5.8256981758e-01
-4.4617634544e-01   -5.8019476404e-01
-4.5070190123e-01   -5.7777425560e-01
-4.5520836017e-01   -5.7530836856e-01
-4.5969536787e-01   -5.7279718497e-01
-4.6416257063e-01   -5.7024079266e-01
-4.6860961543e-01   -5.6763928522e-01
-4.7303615003e-01   -5.6499276204e-01
-4.7744182298e-01   -5.6230132828e-01
-4.8182628368e-01   -5.5956509492e-01
-4.8618918240e-01   -5.5678417871e-01
-4.9053017037e-01   -5.5395870219e-01
-4.9484889979e-01   -5.5108879371e-01
-4.9914502388e-01   -5.4817458738e-01
-5.0341819695e-01   -5.4521622309e-01
-5.0766807440e-01   -5.4221384648e-01
-5.1189431281e-01   -5.3916760897e-01
-5.1609656995e-01   -5.3607766768e-01
-5.2027450487e-01   -5.3294418548e-01
-5.2442777787e-01   -5.2976733090e-01
-5.2855605064e-01   -5.2654727818e-01
-5.3265898621e-01   -5.2328420719e-01
-5.3673624907e-01   -5.1997830344e-01
-5.4078750516e-01   -5.1662975803e-01
-5.4481242195e-01   -5.1323876762e-01
-5.4881066846e-01   -5.0980553441e-01
-5.5278191531e-01   -5.0633026610e-01
-5.5672583478e-01   -5.0281317585e-01
-5.6064210082e-01   -4.9925448224e-01
-5.6453038912e-01   -4.9565440921e-01
-5.6839037714e-01   -4.9201318607e-01
-5.7222174415e-01   -4.8833104740e-01
-5.7602417127e-01   -4.8460823300e-01
-5.7979734152e-01   -4.8084498791e-01
-5.8354093987e-01   -4.7704156225e-01
-5.8725465323e-01   -4.7319821127e-01
-5.9093817055e-01   -4.6931519522e-01
-5.9459118284e-01   -4.6539277932e-01
-5.9821338318e-01   -4.6143123371e-01
-6.0180446679e-01   -4.5743083337e-01
-6.0536413107e-01   -4.5339185805e-01
-6.0889207560e-01   -4.4931459222e-01
-6.1238800223e-01   -4.4519932500e-01
-6.1585161507e-01   -4.4104635008e-01
-6.1928262055e-01   -4.3685596568e-01
-6.2268072743e-01   -4.3262847440e-01
-6.2604564688e-01   -4.2836418325e-01
-6.2937709248e-01   -4.2406340348e-01
-6.3267478024e-01   -4.1972645057e-01
-6.3593842868e-01   -4.1535364411e-01
-6.3916775881e-01   -4.1094530772e-01
-6.4236249419e-01   -4.0650176900e-01
-6.4552236097e-01   -4.0202335940e-01
-6.4864708789e-01   -3.9751041419e-01
-6.5173640634e-01   -3.9296327230e-01
-6.5479005036e-01   -3.8838227632e-01
-6.5780775667e-01   -3.8376777232e-01
-6.6078926475e-01   -3.7912010985e-01
-6.6373431679e-01   -3.7443964177e-01
-6.6664265775e-01   -3.6972672420e-01
-6.6951403541e-01   -3.6498171642e-01
-6.7234820036e-01   -3.6020498079e-01
-6.7514490601e-01   -3.5539688260e-01
-6.7790390868e-01   -3.5055779006e-01
-6.8062496754e-01   -3.4568807412e-01
-6.8330784470e-01   -3.4078810843e-01
-6.8595230518e-01   -3.3585826922e-01
-6.8855811696e-01   -3.3089893520e-01
-6.9112505098e-01   -3.2591048747e-01
-6.9365288118e-01   -3.2089330940e-01
-6.9614138451e-01   -3.1584778658e-01
-6.9859034091e-01   -3.1077430666e-01
-7.0099953340e-01   -3.0567325929e-01
-7.0336874803e-01   -3.0054503600e-01
-7.0569777391e-01   -2.9539003011e-01
-7.0798640324e-01   -2.9020863664e-01
-7.1023443133e-01   -2.8500125216e-01
-7.1244165658e-01   -2.7976827478e-01
-7.1460788049e-01   -2.7451010396e-01
-7.1673290772e-01   -2.6922714045e-01
-7.1881654606e-01   -2.6391978620e-01
-7.2085860642e-01   -2.5858844423e-01
-7.2285890289e-01   -2.5323351859e-01
-7.2481725272e-01   -2.4785541416e-01
-7.2673347631e-01   -2.4245453667e-01
-7.2860739726e-01   -2.3703129252e-01
-7.3043884233e-01   -2.3158608870e-01
-7.3222764147e-01   -2.2611933273e-01
-7.3397362781e-01   -2.2063143251e-01
-7.3567663768e-01   -2.1512279628e-01
-7.3733651060e-01   -2.0959383248e-01
-7.3895308927e-01   -2.0404494968e-01
-7.4052621961e-01   -1.9847655650e-01
-7.4205575069e-01   -1.9288906148e-01
-7.4354153483e-01   -1.8728287303e-01
-7.4498342750e-01   -1.8165839932e-01
-7.4638128736e-01   -1.7601604820e-01
-7.4773497629e-01   -1.7035622711e-01
-7.4904435931e-01   -1.6467934299e-01
-7.5030930464e-01   -1.5898580221e-01
-7.5152968368e-01   -1.5327601048e-01
-7.5270537099e-01   -1.4755037274e-01
-7.5383624429e-01   -1.4180929315e-01
-7.5492218446e-01   -1.3605317493e-01
-7.5596307553e-01   -1.3028242034e-01
-7.5695880465e-01   -1.2449743057e-01
-7.5790926214e-01   -1.1869860570e-01
-7.5881434140e-01   -1.1288634460e-01
-7.5967393898e-01   -1.0706104485e-01
-7.6048795450e-01   -1.0122310271e-01
-7.6125629069e-01   -9.5372913021e-02
-7.6197885337e-01   -8.9510869136e-02
-7.6265555141e-01   -8.3637362875e-02
-7.6328629673e-01   -7.7752784454e-02
-7.6387100433e-01   -7.1857522418e-02
-7.6440959219e-01   -6.5951963590e-02
-7.6490198135e-01   -6.0036493007e-02
-7.6534809583e-01   -5.4111493869e-02
-7.6574786265e-01   -4.8177347481e-02
-7.6610121179e-01   -4.2234433204e-02
-7.6640807619e-01   -3.6283128403e-02
-7.6666839174e-01   -3.0323808398e-02
-7.6688209725e-01   -2.4356846420e-02
-7.6704913444e-01   -1.8382613564e-02
-7.6716944792e-01   -1.2401478747e-02
-7.6724298518e-01   -6.4138086663e-03
-7.6726969656e-01   -4.1996776336e-04
-7.6724953525e-01   5.5796818167e-03
-7.6718245719e-01   1.1584793850e-02
-7.6706842115e-01   1.7594998109e-02
-7.6690738870e-01   2.3609939541e-02
-7.6669932420e-01   2.9629265520e-02
-7.6644419475e-01   3.5652625870e-02
-7.6614197018e-01   4.1679672896e-02
-7.6579262301e-01   4.7710061399e-02
-7.6539612848e-01   5.3743448706e-02
-7.6495246447e-01   5.9779494684e-02
-7.6446161152e-01   6.5817861760e-02
-7.6392355281e-01   7.1858214938e-02
-7.6333827410e-01   7.7900221808e-02
-7.6270576377e-01   8.3943552564e-02
-7.6202601275e-01   8.9987880010e-02
-7.6129901451e-01   9.6032879568e-02
-7.6052476506e-01   1.0207822929e-01
-7.5970326292e-01   1.0812360985e-01
-7.5883450908e-01   1.1416870455e-01
-7.5791850701e-01   1.2021319935e-01
-7.5695526261e-01   1.2625678282e-01
-7.5594478422e-01   1.3229914615e-01
-7.5488708258e-01   1.3833998319e-01
-7.5378217079e-01   1.4437899036e-01
-7.5263006434e-01   1.5041586672e-01
-7.5143078106e-01   1.5645031392e-01
-7.5018434108e-01   1.6248203620e-01
-7.4889076686e-01   1.6851074036e-01
-7.4755008312e-01   1.7453613577e-01
-7.4616231686e-01   1.8055793434e-01
-7.4472749729e-01   1.8657585050e-01
-7.4324565589e-01   1.9258960117e-01
-7.4171682630e-01   1.9859890575e-01
-7.4014104437e-01   2.0460348612e-01
-7.3851834809e-01   2.1060306657e-01
-7.3684877763e-01   2.1659737378e-01
-7.3513237526e-01   2.2258613684e-01
-7.3336918536e-01   2.2856908716e-01
-7.3155925441e-01   2.3454595847e-01
-7.2970263097e-01   2.4051648679e-01
-7.2779936563e-01   2.4648041036e-01
-7.2584951103e-01   2.5243746967e-01
-7.2385312183e-01   2.5838740736e-01
-7.2181025470e-01   2.6432996821e-01
-7.1972096829e-01   2.7026489909e-01
-7.1758532322e-01   2.7619194895e-01
-7.1540338207e-01   2.8211086873e-01
-7.1317520934e-01   2.8802141135e-01
-7.1090087148e-01   2.9392333165e-01
-7.0858043683e-01   2.9981638635e-01
-7.0621397564e-01   3.0570033400e-01
-7.0380156002e-01   3.1157493495e-01
-7.0134326396e-01   3.1743995125e-01
-6.9883916331e-01   3.2329514668e-01
-6.9628933574e-01   3.2914028661e-01
-6.9369386077e-01   3.3497513801e-01
-6.9105281971e-01   3.4079946937e-01
-6.8836629570e-01   3.4661305066e-01
-6.8563437366e-01   3.5241565327e-01
-6.8285714029e-01   3.5820704991e-01
-6.8003468405e-01   3.6398701465e-01
-6.7716709520e-01   3.6975532277e-01
-6.7425446570e-01   3.7551175072e-01
-6.7129688930e-01   3.8125607612e-01
-6.6829446145e-01   3.8698807761e-01
-6.6524727934e-01   3.9270753486e-01
-6.6215544189e-01   3.9841422848e-01
-6.5901904970e-01   4.0410793993e-01
-6.5583820511e-01   4.0978845152e-01
-6.5261301214e-01   4.1545554629e-01
-6.4934357650e-01   4.2110900797e-01
-6.4603000559e-01   4.2674862090e-01
-6.4267240851e-01   4.3237417000e-01
-6.3927089602e-01   4.3798544064e-01
-6.3582558057e-01   4.4358221864e-01
-6.3233657626e-01   4.4916429017e-01
-6.2880399888e-01   4.5473144168e-01
-6.2522796589e-01   4.6028345983e-01
-6.2160859641e-01   4.6582013144e-01
-6.1794601121e-01   4.7134124341e-01
-6.1424033277e-01   4.7684658263e-01
-6.1049168518e-01   4.8233593596e-01
-6.0670019425e-01   4.8780909012e-01
-6.0286598741e-01   4.9326583162e-01
-5.9898919379e-01   4.9870594671e-01
-5.9506994418e-01   5.0412922131e-01
-5.9110837106e-01   5.0953544091e-01
-5.8710460857e-01   5.1492439053e-01
-5.8305879253e-01   5.2029585465e-01
-5.7897106048e-01   5.2564961710e-01
-5.7484155161e-01   5.3098546104e-01
-5.7067040683e-01   5.3630316886e-01
-5.6645776875e-01   5.4160252211e-01
-5.6220378169e-01   5.4688330144e-01
-5.5790859170e-01   5.5214528653e-01
-5.5357234654e-01   5.5738825601e-01
-5.4919519571e-01   5.6261198738e-01
-5.4477729046e-01   5.6781625698e-01
-5.4031878378e-01   5.7300083987e-01
-5.3581983043e-01   5.7816550979e-01
-5.3128058696e-01   5.8331003911e-01
-5.2670121167e-01   5.8843419870e-01
-5.2208186468e-01   5.9353775793e-01
-5.1742270793e-01   5.9862048455e-01
-5.1272390516e-01   6.0368214465e-01
-5.0798562194e-01   6.0872250258e-01
-5.0320802572e-01   6.1374132091e-01
-4.9839128579e-01   6.1873836032e-01
-4.9353557331e-01   6.2371337956e-01
-4.8864106136e-01   6.2866613539e-01
-4.8370792490e-01   6.3359638252e-01
-4.7873634085e-01   6.3850387352e-01
-4.7372648804e-01   6.4338835877e-01
-4.6867854728e-01   6.4824958641e-01
-4.6359270134e-01   6.5308730228e-01
-4.5846913501e-01   6.5790124982e-01
-4.5330803508e-01   6.6269117008e-01
-4.4810959036e-01   6.6745680158e-01
-4.4287399174e-01   6.7219788032e-01
-4.3760143218e-01   6.7691413969e-01
-4.3229210671e-01   6.8160531044e-01
-4.2694621250e-01   6.8627112059e-01
-4.2156394885e-01   6.9091129539e-01
-4.1614551722e-01   6.9552555728e-01
-4.1069112123e-01   7.0011362586e-01
-4.0520096674e-01   7.0467521777e-01
-3.9967526181e-01   7.0921004671e-01
-3.9411421676e-01   7.1371782337e-01
-3.8851804417e-01   7.1819825537e-01
-3.8288695894e-01   7.2265104724e-01
-3.7722117827e-01   7.2707590036e-01
-3.7152092171e-01   7.3147251292e-01
-3.6578641121e-01   7.3584057992e-01
-3.6001787107e-01   7.4017979306e-01
-3.5421552805e-01   7.4448984076e-01
-3.4837961134e-01   7.4877040810e-01
-3.4251035260e-01   7.5302117682e-01
-3.3660798602e-01   7.5724182524e-01
-3.3067274829e-01   7.6143202828e-01
-3.2470487866e-01   7.6559145738e-01
-3.1870461896e-01   7.6971978053e-01
-3.1267221364e-01   7.7381666222e-01
-3.0660790978e-01   7.7788176342e-01
-3.0051195711e-01   7.8191474156e-01
-2.9438460808e-01   7.8591525052e-01
-2.8822611784e-01   7.8988294062e-01
-2.8203674429e-01   7.9381745859e-01
-2.7581674811e-01   7.9771844757e-01
-2.6956639276e-01   8.0158554712e-01
-2.6328594458e-01   8.0541839319e-01
-2.5697567272e-01   8.0921661812e-01
-2.5063584924e-01   8.1297985067e-01
-2.4426674912e-01   8.1670771599e-01
-2.3786865028e-01   8.2039983563e-01
-2.3144183361e-01   8.2405582756e-01
-2.2498658299e-01   8.2767530617e-01
-2.1850318535e-01   8.3125788232e-01
-2.1199193066e-01   8.3480316328e-01
-2.0545311197e-01   8.3831075283e-01
-1.9888702546e-01   8.4178025125e-01
-1.9229397043e-01   8.4521125531e-01
-1.8567424935e-01   8.4860335838e-01
-1.7902816788e-01   8.5195615038e-01
-1.7235603491e-01   8.5526921787e-01
-1.6565816257e-01   8.5854214405e-01
-1.5893486624e-01   8.6177450883e-01
-1.5218646462e-01   8.6496588887e-01
-1.4541327973e-01   8.6811585761e-01
-1.3861563692e-01   8.7122398534e-01
-1.3179386494e-01   8.7428983925e-01
-1.2494829590e-01   8.7731298347e-01
-1.1807926536e-01   8.8029297916e-01
-1.1118711229e-01   8.8322938458e-01
-1.0427217916e-01   8.8612175510e-01
-9.7334811888e-02   8.8896964334e-01
-9.0375359933e-02   8.9177259923e-01
-8.3394176264e-02   8.9453017006e-01
-7.6391617402e-02   8.9724190059e-01
-6.9368043437e-02   8.9990733313e-01
-6.2323818045e-02   9.0252600762e-01
-5.5259308507e-02   9.0509746176e-01
-4.8174885726e-02   9.0762123107e-01
-4.1070924243e-02   9.1009684900e-01
-3.3947802256e-02   9.1252384704e-01
-2.6805901629e-02   9.1490175486e-01
-1.9645607911e-02   9.1723010036e-01
-1.2467310348e-02   9.1950840984e-01
-5.2714018918e-03   9.2173620812e-01
1.9417207832e-03   9.2391301862e-01
9.1716578107e-03   9.2603850129e-01
1.6418005600e-02   9.2811204233e-01
2.3680356283e-02   9.3013316173e-01
3.0958298237e-02   9.3210137863e-01
3.8251416078e-02   9.3401621146e-01
4.5559290656e-02   9.3587717812e-01
5.2881499048e-02   9.3768379608e-01
6.0217614564e-02   9.3943558258e-01
6.7567206734e-02   9.4113205477e-01
7.4929841319e-02   9.4277272988e-01
8.2305080304e-02   9.4435712535e-01
8.9692481906e-02   9.4588475908e-01
9.7091600575e-02   9.4735514952e-01
1.0450198700e-01   9.4876781590e-01
1.1192318811e-01   9.5012227840e-01
1.1935474710e-01   9.5141805829e-01
1.2679620342e-01   9.5265467821e-01
1.3424709280e-01   9.5383166226e-01
1.4170694725e-01   9.5494853628e-01
1.4917529508e-01   9.5600482797e-01
1.5665166092e-01   9.5700006716e-01
1.6413556573e-01   9.5793378598e-01
1.7162652685e-01   9.5880551904e-01
1.7912405794e-01   9.5961480371e-01
1.8662766911e-01   9.6036118027e-01
1.9413686685e-01   9.6104419214e-01
2.0165115410e-01   9.6166338611e-01
2.0917003030e-01   9.6221831256e-01
2.1669299136e-01   9.6270852567e-01
2.2421952973e-01   9.6313358366e-01
2.3174913442e-01   9.6349304899e-01
2.3928129105e-01   9.6378648861e-01
2.4681548186e-01   9.6401347420e-01
2.5435118577e-01   9.6417358238e-01
2.6188787841e-01   9.6426639494e-01
2.6942503215e-01   9.6429149911e-01
2.7696211616e-01   9.6424848775e-01
2.8449859648e-01   9.6413695964e-01
2.9203393599e-01   9.6395651966e-01
2.9956759453e-01   9.6370677907e-01
3.0709902895e-01   9.6338735575e-01
3.1462769309e-01   9.6299787443e-01
3.2215303792e-01   9.6253796690e-01
3.2967451156e-01   9.6200727232e-01
3.3719155932e-01   9.6140543740e-01
3.4470362379e-01   9.6073211667e-01
3.5221014489e-01   9.5998697271e-01
3.5971055995e-01   9.5916967640e-01
3.6720430372e-01   9.5827990714e-01
3.7469080853e-01   9.5731735310e-01
3.8216950426e-01   9.5628171146e-01
3.8963981849e-01   9.5517268865e-01
3.9710117654e-01   9.5399000056e-01
4.0455300153e-01   9.5273337278e-01
4.1199471448e-01   9.5140254085e-01
4.1942573440e-01   9.4999725045e-01
4.2684547833e-01   9.4851725769e-01
4.3425336146e-01   9.4696232923e-01
4.4164879718e-01   9.4533224261e-01
4.4903119721e-01   9.4362678638e-01
4.5639997164e-01   9.4184576035e-01
4.6375452906e-01   9.3998897582e-01
4.7109427660e-01   9.3805625573e-01
4.7841862007e-01   9.3604743492e-01
4.8572696405e-01   9.3396236027e-01
4.9301871196e-01   9.3180089094e-01
5.0029326615e-01   9.2956289855e-01
5.0755002803e-01   9.2724826733e-01
5.1478839818e-01   9.2485689433e-01
5.2200777637e-01   9.2238868960e-01
5.2920756177e-01   9.1984357632e-01
5.3638715298e-01   9.1722149100e-01
5.4354594816e-01   9.1452238360e-01
5.5068334512e-01   9.1174621772e-01
5.5779874145e-01   9.0889297072e-01
5.6489153462e-01   9.0596263386e-01
5.7196112208e-01   9.0295521241e-01
5.7900690139e-01   8.9987072583e-01
5.8602827030e-01   8.9670920782e-01
5.9302462688e-01   8.9347070649e-01
5.9999536964e-01   8.9015528441e-01
6.0693989765e-01   8.8676301873e-01
6.1385761061e-01   8.8329400129e-01
6.2074790901e-01   8.7974833864e-01
6.2761019424e-01   8.7612615217e-01
6.3444386869e-01   8.7242757814e-01
6.4124833587e-01   8.6865276775e-01
6.4802300052e-01   8.6480188719e-01
6.5476726877e-01   8.6087511764e-01
6.6148054819e-01   8.5687265537e-01
6.6816224796e-01   8.5279471170e-01
6.7481177897e-01   8.4864151303e-01
6.8142855394e-01   8.4441330087e-01
6.8801198753e-01   8.4011033180e-01
6.9456149647e-01   8.3573287746e-01
7.0107649967e-01   8.3128122457e-01
7.0755641834e-01   8.2675567484e-01
7.1400067610e-01   8.2215654497e-01
7.2040869913e-01   8.1748416658e-01
7.2677991622e-01   8.1273888616e-01
7.3311375896e-01   8.0792106499e-01
7.3940966180e-01   8.0303107910e-01
7.4566706220e-01   7.9806931914e-01
7.5188540072e-01   7.9303619029e-01
7.5806412116e-01   7.8793211221e-01
7.6420267063e-01   7.8275751884e-01
7.7030049972e-01   7.7751285836e-01
7.7635706254e-01   7.7219859300e-01
7.8237181691e-01   7.6681519896e-01
7.8834422438e-01   7.6136316620e-01
7.9427375043e-01   7.5584299832e-01
8.0015986450e-01   7.5025521238e-01
8.0600204012e-01   7.4460033877e-01
8.1179975504e-01   7.3887892094e-01
8.1755249129e-01   7.3309151531e-01
8.2325973530e-01   7.2723869101e-01
8.2892097800e-01   7.2132102970e-01
8.3453571493e-01   7.1533912533e-01
8.4010344630e-01   7.0929358396e-01
8.4562367711e-01   7.0318502352e-01
8.5109591724e-01   6.9701407354e-01
8.5651968152e-01   6.9078137496e-01
8.6189448986e-01   6.8448757985e-01
8.6721986728e-01   6.7813335116e-01
8.7249534404e-01   6.7171936249e-01
8.7772045571e-01   6.6524629776e-01
8.8289474324e-01   6.5871485100e-01
8.8801775303e-01   6.5212572603e-01
8.9308903704e-01   6.4547963621e-01
8.9810815284e-01   6.3877730411e-01
9.0307466366e-01   6.3201946124e-01
9.0798813850e-01   6.2520684778e-01
9.1284815218e-01   6.1834021221e-01
9.1765428540e-01   6.1142031107e-01
9.2240612480e-01   6.0444790859e-01
9.2710326302e-01   5.9742377643e-01
9.3174529876e-01   5.9034869332e-01
9.3633183685e-01   5.8322344476e-01
9.4086248826e-01   5.7604882270e-01
9.4533687019e-01   5.6882562520e-01
9.4975460610e-01   5.6155465609e-01
9.5411532575e-01   5.5423672467e-01
9.5841866525e-01   5.4687264539e-01
9.6266426708e-01   5.3946323743e-01
9.6685178017e-01   5.3200932449e-01
9.7098085987e-01   5.2451173435e-01
9.7505116804e-01   5.1697129857e-01
9.7906237306e-01   5.0938885219e-01
9.8301414981e-01   5.0176523333e-01
9.8690617978e-01   4.9410128291e-01
9.9073815101e-01   4.8639784427e-01
9.9450975815e-01   4.7865576285e-01
9.9822070247e-01   4.7087588588e-01
1.0018706919e+00   4.6305906202e-01
1.0054594408e+00   4.5520614104e-01
1.0089866706e+00   4.4731797347e-01
1.0124521090e+00   4.3939541031e-01
1.0158554905e+00   4.3143930269e-01
1.0191965562e+00   4.2345050153e-01
1.0224750538e+00   4.1542985723e-01
1.0256907379e+00   4.0737821939e-01
1.0288433695e+00   3.9929643643e-01
1.0319327163e+00   3.9118535535e-01
1.0349585526e+00   3.8304582136e-01
1.0379206592e+00   3.7487867763e-01
1.0408188236e+00   3.6668476497e-01
1.0436528400e+00   3.5846492153e-01
1.0464225089e+00   3.5021998253e-01
1.0491276373e+00   3.4195077996e-01
1.0517680389e+00   3.3365814232e-01
1.0543435337e+00   3.2534289431e-01
1.0568539482e+00   3.1700585660e-01
1.0592991153e+00   3.0864784554e-01
1.0616788742e+00   3.0026967293e-01
1.0639930705e+00   2.9187214574e-01
1.0662415561e+00   2.8345606587e-01
1.0684241889e+00   2.7502222992e-01
1.0705408335e+00   2.6657142893e-01
1.0725913601e+00   2.5810444821e-01
1.0745756455e+00   2.4962206703e-01
1.0764935722e+00   2.4112505849e-01
1.0783450290e+00   2.3261418924e-01
1.0801299104e+00   2.2409021935e-01
1.0818481170e+00   2.1555390202e-01
1.0834995552e+00   2.0700598350e-01
1.0850841373e+00   1.9844720281e-01
1.0866017811e+00   1.8987829162e-01
1.0880524104e+00   1.8129997405e-01
1.0894359545e+00   1.7271296655e-01
1.0907523481e+00   1.6411797770e-01
1.0920015316e+00   1.5551570806e-01
1.0931834509e+00   1.4690685008e-01
1.0942980572e+00   1.3829208791e-01
1.0953453068e+00   1.2967209729e-01
1.0963251616e+00   1.2104754545e-01
1.0972375885e+00   1.1241909095e-01
1.0980825595e+00   1.0378738361e-01
1.0988600518e+00   9.5153064426e-02
1.0995700473e+00   8.6516765411e-02
1.1002125331e+00   7.7879109567e-02
1.1007875009e+00   6.9240710781e-02
1.1012949474e+00   6.0602173757e-02
1.1017348737e+00   5.1964093946e-02
1.1021072857e+00   4.3327057492e-02
1.1024121939e+00   3.4691641171e-02
1.1026496131e+00   2.6058412350e-02
1.1028195626e+00   1.7427928947e-02
1.1029220661e+00   8.8007393925e-03
1.1029571514e+00   1.7738260554e-04
1.1029248504e+00   -8.4416120284e-03
1.1028251999e+00   -1.7055608889e-02
1.1026582404e+00   -2.5664210144e-02
1.1024240161e+00   -3.4266915007e-02
1.1021225749e+00   -4.2863232253e-02
1.1017539688e+00   -5.1452680201e-02
1.1013182532e+00   -6.0034786705e-02
1.1008154873e+00   -6.8609089134e-02
1.1002457340e+00   -7.7175134343e-02
1.0996090594e+00   -8.5732478644e-02
1.0989055334e+00   -9.4280687772e-02
1.0981352289e+00   -1.0281933684e-01
1.0972982224e+00   -1.1134801030e-01
1.0963945934e+00   -1.1986630186e-01
1.0954244246e+00   -1.2837381450e-01
1.0943878018e+00   -1.3687016032e-01
1.0932848137e+00   -1.4535496053e-01
1.0921155520e+00   -1.5382784539e-01
1.0908801114e+00   -1.6228845408e-01
1.0895785891e+00   -1.7073643467e-01
1.0882110851e+00   -1.7917144402e-01
1.0867777023e+00   -1.8759314769e-01
1.0852785458e+00   -1.9600121985e-01
1.0837137235e+00   -2.0439534319e-01
1.0820833455e+00   -2.1277520880e-01
1.0803875246e+00   -2.2114051611e-01
1.0786263757e+00   -2.2949097273e-01
1.0768000159e+00   -2.3782629439e-01
1.0749085646e+00   -2.4614620478e-01
1.0729521434e+00   -2.5445043548e-01
1.0709308758e+00   -2.6273872580e-01
1.0688448875e+00   -2.7101082269e-01
1.0666943059e+00   -2.7926648057e-01
1.0644792605e+00   -2.8750546126e-01
1.0621998826e+00   -2.9572753382e-01
1.0598563051e+00   -3.0393247439e-01
1.0574486629e+00   -3.1212006610e-01
1.0549770924e+00   -3.2029009891e-01
1.0524417316e+00   -3.2844236945e-01
1.0498427201e+00   -3.3657668093e-01
1.0471801991e+00   -3.4469284292e-01
1.0444543111e+00   -3.5279067128e-01
1.0416652002e+00   -3.6086998795e-01
1.0388130117e+00   -3.6893062083e-01
1.0358978923e+00   -3.7697240362e-01
1.0329199899e+00   -3.8499517567e-01
1.0298794539e+00   -3.9299878180e-01
1.0267764345e+00   -4.0098307218e-01
1.0236110833e+00   -4.0894790214e-01
1.0203835530e+00   -4.1689313201e-01
1.0170939974e+00   -4.2481862698e-01
1.0137425710e+00   -4.3272425693e-01
1.0103294299e+00   -4.4060989623e-01
1.0068547306e+00   -4.4847542364e-01
1.0033186308e+00   -4.5632072207e-01
9.9972128916e-01   -4.6414567847e-01
9.9606286501e-01   -4.7195018363e-01
9.9234351864e-01   -4.7973413203e-01
9.8856341115e-01   -4.8749742163e-01
9.8472270439e-01   -4.9523995375e-01
9.8082156098e-01   -5.0296163288e-01
9.7686014428e-01   -5.1066236648e-01
9.7283861836e-01   -5.1834206485e-01
9.6875714798e-01   -5.2600064091e-01
9.6461589857e-01   -5.3363801007e-01
9.6041503622e-01   -5.4125409004e-01
9.5615472763e-01   -5.4884880062e-01
9.5183514016e-01   -5.5642206358e-01
9.4745644173e-01   -5.6397380245e-01
9.4301880089e-01   -5.7150394235e-01
9.3852238674e-01   -5.7901240981e-01
9.3396736897e-01   -5.8649913260e-01
9.2935391781e-01   -5.9396403956e-01
9.2468220407e-01   -6.0140706040e-01
9.1995239909e-01   -6.0882812554e-01
9.1516467474e-01   -6.1622716593e-01
9.1031920345e-01   -6.2360411286e-01
9.0541615817e-01   -6.3095889780e-01
9.0045571240e-01   -6.3829145223e-01
8.9543804017e-01   -6.4560170741e-01
8.9036331605e-01   -6.5288959426e-01
8.8523171514e-01   -6.6015504317e-01
8.8004341310e-01   -6.6739798381e-01
8.7479858614e-01   -6.7461834493e-01
8.6949741103e-01   -6.8181605424e-01
8.6414006512e-01   -6.8899103820e-01
8.5872672631e-01   -6.9614322181e-01
8.5325757313e-01   -7.0327252852e-01
8.4773278470e-01   -7.1037887995e-01
8.4215254074e-01   -7.1746219579e-01
8.3651702164e-01   -7.2452239361e-01
8.3082640843e-01   -7.3155938865e-01
8.2508088279e-01   -7.3857309367e-01
8.1928062714e-01   -7.4556341879e-01
8.1342582456e-01   -7.5253027126e-01
8.0751665890e-01   -7.5947355536e-01
8.0155331476e-01   -7.6639317218e-01
7.9553597754e-01   -7.7328901943e-01
7.8946483343e-01   -7.8016099132e-01
7.8334006948e-01   -7.8700897833e-01
7.7716187360e-01   -7.9383286710e-01
7.7093043460e-01   -8.0063254020e-01
7.6464594224e-01   -8.0740787598e-01
7.5830858723e-01   -8.1415874841e-01
7.5191856130e-01   -8.2088502690e-01
7.4547605720e-01   -8.2758657614e-01
7.3898126877e-01   -8.3426325591e-01
7.3243439097e-01   -8.4091492092e-01
7.2583561989e-01   -8.4754142067e-01
7.1918515286e-01   -8.5414259924e-01
7.1248318840e-01   -8.6071829514e-01
7.0572992636e-01   -8.6726834118e-01
6.9892556788e-01   -8.7379256424e-01
6.9207031552e-01   -8.8029078516e-01
6.8516437323e-01   -8.8676281855e-01
6.7820794644e-01   -8.9320847263e-01
6.7120124212e-01   -8.9962754911e-01
6.6414446880e-01   -9.0601984296e-01
6.5703783665e-01   -9.1238514231e-01
6.4988155751e-01   -9.1872322825e-01
6.4267584497e-01   -9.2503387473e-01
6.3542091442e-01   -9.3131684834e-01
6.2811698309e-01   -9.3757190819e-01
6.2076427013e-01   -9.4379880579e-01
6.1336299666e-01   -9.4999728482e-01
6.0591338584e-01   -9.5616708105e-01
5.9841566292e-01   -9.6230792218e-01
5.9087005531e-01   -9.6841952766e-01
5.8327679266e-01   -9.7450160858e-01
5.7563610689e-01   -9.8055386754e-01
5.6794823229e-01   -9.8657599844e-01
5.6021340557e-01   -9.9256768645e-01
5.5243186595e-01   -9.9852860776e-01
5.4460385521e-01   -1.0044584295e+00
5.3672961776e-01   -1.0103568097e+00
5.2880940072e-01   -1.0162233970e+00
5.2084345400e-01   -1.0220578306e+00
5.1283203036e-01   -1.0278597401e+00
5.0477538551e-01   -1.0336287454e+00
4.9667377814e-01   -1.0393644567e+00
4.8852747006e-01   -1.0450664742e+00
4.8033672622e-01   -1.0507343881e+00
4.7210181481e-01   -1.0563677783e+00
4.6382300737e-01   -1.0619662147e+00
4.5550057881e-01   -1.0675292567e+00
4.4713480754e-01   -1.0730564532e+00
4.3872597555e-01   -1.0785473427e+00
4.3027436846e-01   -1.0840014529e+00
4.2178027562e-01   -1.0894183009e+00
4.1324399021e-01   -1.0947973930e+00
4.0466580932e-01   -1.1001382244e+00
3.9604603400e-01   -1.1054402796e+00
3.8738496939e-01   -1.1107030319e+00
3.7868292479e-01   -1.1159259437e+00
3.6994021375e-01   -1.1211084659e+00
3.6115715415e-01   -1.1262500386e+00
3.5233406827e-01   -1.1313500902e+00
3.4347128295e-01   -1.1364080383e+00
3.3456912958e-01   -1.1414232886e+00
3.2562794426e-01   -1.1463952360e+00
3.1664806787e-01   -1.1513232635e+00
3.0762984615e-01   -1.1562067429e+00
2.9857362978e-01   -1.1610450347e+00
2.8947977451e-01   -1.1658374877e+00
2.8034864121e-01   -1.1705834394e+00
2.7118059598e-01   -1.1752822158e+00
2.6197601022e-01   -1.1799331316e+00
2.5273526074e-01   -1.1845354899e+00
2.4345872984e-01   -1.1890885827e+00
2.3414680541e-01   -1.1935916904e+00
2.2479988098e-01   -1.1980440823e+00
2.1541835587e-01   -1.2024450165e+00
2.0600263522e-01   -1.2067937397e+00
1.9655313011e-01   -1.2110894877e+00
1.8707025763e-01   -1.2153314853e+00
1.7755444097e-01   -1.2195189462e+00
1.6800610952e-01   -1.2236510735e+00
1.5842569894e-01   -1.2277270595e+00
1.4881365123e-01   -1.2317460858e+00
1.3917041485e-01   -1.2357073237e+00
1.2949644475e-01   -1.2396099340e+00
1.1979220250e-01   -1.2434530675e+00
1.1005815634e-01   -1.2472358648e+00
1.0029478127e-01   -1.2509574570e+00
9.0502559120e-02   -1.2546169650e+00
8.0681978619e-02   -1.2582135009e+00
7.0833535481e-02   -1.2617461669e+00
6.0957732469e-02   -1.2652140566e+00
5.1055079468e-02   -1.2686162547e+00
4.1126093549e-02   -1.2719518372e+00
3.1171299038e-02   -1.2752198720e+00
2.1191227581e-02   -1.2784194188e+00
1.1186418199e-02   -1.2815495296e+00
1.1574173575e-03   -1.2846092489e+00
-8.8952209859e-03   -1.2875976142e+00
-1.8970924222e-02   -1.2905108224e+00
-2.9069112340e-02   -1.2933507716e+00
-3.9189208923e-02   -1.2961164880e+00
-4.9330629921e-02   -1.2988069925e+00
-5.9492783608e-02   -1.3014213006e+00
-6.9675070548e-02   -1.3039584234e+00
-7.9876883558e-02   -1.3064173677e+00
-9.0097607674e-02   -1.3087971363e+00
-1.0033662013e-01   -1.3110967288e+00
-1.1059329031e-01   -1.3133151417e+00
-1.2086697978e-01   -1.3154513688e+00
-1.3115704220e-01   -1.3175044020e+00
-1.4146282335e-01   -1.3194732318e+00
-1.5178366112e-01   -1.3213568471e+00
-1.6211888550e-01   -1.3231542367e+00
-1.7246781857e-01   -1.3248643889e+00
-1.8282977451e-01   -1.3264862927e+00
-1.9320405957e-01   -1.3280189380e+00
-2.0358997216e-01   -1.3294613161e+00
-2.1398680277e-01   -1.3308124206e+00
-2.2439383406e-01   -1.3320712475e+00
-2.3481034084e-01   -1.3332367963e+00
-2.4523559013e-01   -1.3343080702e+00
-2.5566884116e-01   -1.3352840767e+00
-2.6610934543e-01   -1.3361638286e+00
-2.7655634674e-01   -1.3369463441e+00
-2.8700908124e-01   -1.3376306481e+00
-2.9746677750e-01   -1.3382157720e+00
-3.0792865653e-01   -1.3387007551e+00
-3.1839393187e-01   -1.3390846449e+00
-3.2886180965e-01   -1.3393664977e+00
-3.3933148866e-01   -1.3395453796e+00
-3.4980216043e-01   -1.3396203669e+00
-3.6027300931e-01   -1.3395905469e+00
-3.7074321257e-01   -1.3394550183e+00
-3.8121194046e-01   -1.3392128927e+00
-3.9167835637e-01   -1.3388632943e+00
-4.0214161688e-01   -1.3384053613e+00
-4.1260087189e-01   -1.3378382464e+00
-4.2305526473e-01   -1.3371611173e+00
-4.3350393230e-01   -1.3363731579e+00
-4.4394600517e-01   -1.3354735685e+00
-4.5438060775e-01   -1.3344615669e+00
-4.6480685839e-01   -1.3333363888e+00
-4.7522386953e-01   -1.3320972890e+00
-4.8563074788e-01   -1.3307435415e+00
-4.9602659454e-01   -1.3292744406e+00
-5.0641050519e-01   -1.3276893016e+00
-5.1678157023e-01   -1.3259874613e+00
-5.2713887497e-01   -1.3241682789e+00
-5.3748149979e-01   -1.3222311367e+00
-5.4780852035e-01   -1.3201754405e+00
-5.5811900774e-01   -1.3180006207e+00
-5.6841202871e-01   -1.3157061327e+00
-5.7868664586e-01   -1.3132914575e+00
-5.8894191782e-01   -1.3107561027e+00
-5.9917689949e-01   -1.3080996027e+00
-6.0939064222e-01   -1.3053215197e+00
-6.1958219407e-01   -1.3024214442e+00
-6.2975059999e-01   -1.2993989954e+00
-6.3989490209e-01   -1.2962538221e+00
-6.5001413983e-01   -1.2929856031e+00
-6.6010735030e-01   -1.2895940478e+00
-6.7017356843e-01   -1.2860788968e+00
-6.8021182724e-01   -1.2824399221e+00
-6.9022115811e-01   -1.2786769283e+00
-7.0020059099e-01   -1.2747897522e+00
-7.1014915472e-01   -1.2707782641e+00
-7.2006587723e-01   -1.2666423676e+00
-7.2994978585e-01   -1.2623820003e+00
-7.3979990753e-01   -1.2579971344e+00
-7.4961526916e-01   -1.2534877766e+00
-7.5939489781e-01   -1.2488539688e+00
-7.6913782103e-01   -1.2440957884e+00
-7.7884306709e-01   -1.2392133484e+00
-7.8850966530e-01   -1.2342067979e+00
-7.9813664627e-01   -1.2290763222e+00
-8.0772304222e-01   -1.2238221432e+00
-8.1726788721e-01   -1.2184445193e+00
-8.2677021750e-01   -1.2129437458e+00
-8.3622907179e-01   -1.2073201551e+00
-8.4564349151e-01   -1.2015741163e+00
-8.5501252114e-01   -1.1957060361e+00
-8.6433520848e-01   -1.1897163581e+00
-8.7361060492e-01   -1.1836055632e+00
-8.8283776579e-01   -1.1773741696e+00
-8.9201575059e-01   -1.1710227323e+00
-9.0114362332e-01   -1.1645518439e+00
-9.1022045273e-01   -1.1579621334e+00
-9.1924531267e-01   -1.1512542670e+00
-9.2821728230e-01   -1.1444289475e+00
-9.3713544644e-01   -1.1374869141e+00
-9.4599889583e-01   -1.1304289420e+00
-9.5480672741e-01   -1.1232558428e+00
-9.6355804457e-01   -1.1159684632e+00
-9.7225195751e-01   -1.1085676858e+00
-9.8088758343e-01   -1.1010544277e+00
-9.8946404684e-01   -1.0934296407e+00
-9.9798047983e-01   -1.0856943109e+00
-1.0064360223e+00   -1.0778494579e+00
-1.0148298224e+00   -1.0698961347e+00
-1.0231610363e+00   -1.0618354268e+00
-1.0314288291e+00   -1.0536684521e+00
-1.0396323748e+00   -1.0453963600e+00
-1.0477708561e+00   -1.0370203308e+00
-1.0558434655e+00   -1.0285415754e+00
-1.0638494048e+00   -1.0199613344e+00
-1.0717878857e+00   -1.0112808774e+00
-1.0796581300e+00   -1.0025015025e+00
-1.0874593696e+00   -9.9362453525e-01
-1.0951908471e+00   -9.8465132842e-01
-1.1028518154e+00   -9.7558326075e-01
-1.1104415388e+00   -9.6642173640e-01
-1.1179592921e+00   -9.5716818410e-01
-1.1254043618e+00   -9.4782405632e-01
-1.1327760457e+00   -9.3839082842e-01
-1.1400736531e+00   -9.2886999781e-01
-1.1472965053e+00   -9.1926308305e-01
-1.1544439354e+00   -9.0957162295e-01
-1.1615152886e+00   -8.9979717571e-01
-1.1685099224e+00   -8.8994131794e-01
-1.1754272067e+00   -8.8000564376e-01
-1.1822665240e+00   -8.6999176384e-01
-1.1890272693e+00   -8.5990130448e-01
-1.1957088504e+00   -8.4973590660e-01
-1.2023106880e+00   -8.3949722480e-01
-1.2088322159e+00   -8.2918692636e-01
-1.2152728808e+00   -8.1880669029e-01
-1.2216321427e+00   -8.0835820632e-01
-1.2279094747e+00   -7.9784317392e-01
-1.2341043634e+00   -7.8726330129e-01
-1.2402163086e+00   -7.7662030440e-01
-1.2462448237e+00   -7.6591590597e-01
-1.2521894355e+00   -7.5515183449e-01
-1.2580496843e+00   -7.4432982323e-01
-1.2638251241e+00   -7.3345160927e-01
-1.2695153223e+00   -7.2251893250e-01
-1.2751198601e+00   -7.1153353464e-01
-1.2806383322e+00   -7.0049715830e-01
-1.2860703469e+00   -6.8941154600e-01
-1.2914155262e+00   -6.7827843924e-01
-1.2966735057e+00   -6.6709957752e-01
-1.3018439345e+00   -6.5587669745e-01
-1.3069264753e+00   -6.4461153181e-01
-1.3119208044e+00   -6.3330580865e-01
-1.3168266115e+00   -6.2196125038e-01
-1.3216435997e+00   -6.1057957294e-01
-1.3263714857e+00   -5.9916248487e-01
-1.3310099992e+00   -5.8771168649e-01
-1.3355588834e+00   -5.7622886909e-01
-1.3400178947e+00   -5.6471571409e-01
-1.3443868023e+00   -5.5317389223e-01
-1.3486653888e+00   -5.4160506283e-01
-1.3528534495e+00   -5.3001087299e-01
-1.3569507925e+00   -5.1839295686e-01
-1.3609572388e+00   -5.0675293495e-01
-1.3648726218e+00   -4.9509241338e-01
-1.3686967876e+00   -4.8341298323e-01
-1.3724295945e+00   -4.7171621988e-01
-1.3760709131e+00   -4.6000368235e-01
-1.3796206262e+00   -4.4827691273e-01
-1.3830786285e+00   -4.3653743552e-01
-1.3864448266e+00   -4.2478675714e-01
-1.3897191387e+00   -4.1302636531e-01
-1.3929014948e+00   -4.0125772855e-01
-1.3959918359e+00   -3.8948229572e-01
-1.3989901146e+00   -3.7770149546e-01
-1.4018962945e+00   -3.6591673580e-01
-1.4047103500e+00   -3.5412940370e-01
-1.4074322664e+00   -3.4234086465e-01
-1.4100620395e+00   -3.3055246225e-01
-1.4125996756e+00   -3.1876551793e-01
-1.4150451911e+00   -3.0698133049e-01
-1.4173986142e+00   -2.9520159115e-01
-1.4196599830e+00   -2.8342715239e-01
-1.4218293439e+00   -2.7165924395e-01
-1.4239067525e+00   -2.5989907190e-01
-1.4258922740e+00   -2.4814781838e-01
-1.4277859826e+00   -2.3640664142e-01
-1.4295879615e+00   -2.2467667473e-01
-1.4312983027e+00   -2.1295902757e-01
-1.4329171067e+00   -2.0125478457e-01
-1.4344444826e+00   -1.8956500566e-01
-1.4358805473e+00   -1.7789072592e-01
-1.4372254261e+00   -1.6623295553e-01
-1.4384792517e+00   -1.5459267968e-01
-1.4396421648e+00   -1.4297085859e-01
-1.4407143132e+00   -1.3136842742e-01
-1.4416958521e+00   -1.1978629630e-01
-1.4425869436e+00   -1.0822535036e-01
-1.4433877567e+00   -9.6686449735e-02
-1.4440984670e+00   -8.5170429615e-02
-1.4447192566e+00   -7.3678100338e-02
-1.4452503135e+00   -6.2210247457e-02
-1.4456918323e+00   -5.0767631841e-02
-1.4460440130e+00   -3.9350989793e-02
-1.4463070614e+00   -2.7961033180e-02
-1.4464811889e+00   -1.6598449577e-02
-1.4465666119e+00   -5.2639024252e-03
-1.4465635522e+00   6.0419687910e-03
-1.4464722364e+00   1.7318541562e-02
-1.4462928957e+00   2.8565229603e-02
-1.4460257660e+00   3.9781464083e-02
-1.4456710874e+00   5.0966699322e-02
-1.4452291044e+00   6.2120412555e-02
-1.4447000652e+00   7.3242103693e-02
-1.4440842221e+00   8.4331295071e-02
-1.4433818309e+00   9.5387531185e-02
-1.4425931509e+00   1.0641037842e-01
-1.4417184446e+00   1.1739942477e-01
-1.4407579778e+00   1.2835427957e-01
-1.4397120193e+00   1.3927457315e-01
-1.4385808405e+00   1.5015995659e-01
-1.4373647156e+00   1.6101010139e-01
-1.4360639212e+00   1.7182469912e-01
-1.4346787364e+00   1.8260346116e-01
-1.4332094424e+00   1.9334611832e-01
-1.4316563222e+00   2.0405242053e-01
-1.4300196611e+00   2.1472213649e-01
-1.4282997457e+00   2.2535505335e-01
-1.4264968646e+00   2.3595097633e-01
-1.4246113075e+00   2.4650972841e-01
-1.4226433657e+00   2.5703114993e-01
-1.4205933315e+00   2.6751509828e-01
-1.4184614983e+00   2.7796144749e-01
-1.4162481604e+00   2.8837008793e-01
-1.4139536130e+00   2.9874092587e-01
-1.4115781518e+00   3.0907388167e-01
-1.4091220733e+00   3.1936889372e-01
-1.4065856741e+00   3.2962591391e-01
-1.4039692514e+00   3.3984490862e-01
-1.4012731024e+00   3.5002585831e-01
-1.3984975247e+00   3.6016875718e-01
-1.3956428155e+00   3.7027361281e-01
-1.3927092722e+00   3.8034044573e-01
-1.3896971918e+00   3.9036928911e-01
-1.3866068712e+00   4.0036018838e-01
-1.3834386066e+00   4.1031320082e-01
-1.3801926940e+00   4.2022839525e-01
-1.3768694286e+00   4.3010585163e-01
-1.3734691051e+00   4.3994566066e-01
-1.3699920173e+00   4.4974792351e-01
-1.3699920173e+00   4.4974792351e-01
