X    Y
0.0000000000e+00   -9.0000000000e-01
1.5655577299e-02   -8.9518308081e-01
3.1311154599e-02   -8.9048609409e-01
4.6966731898e-02   -8.8590584753e-01
6.2622309198e-02   -8.8143863158e-01
7.8277886497e-02   -8.7708053648e-01
9.3933463796e-02   -8.7282765611e-01
1.0958904110e-01   -8.6867619885e-01
1.2524461840e-01   -8.6462253434e-01
1.4090019569e-01   -8.6066320383e-01
1.5655577299e-01   -8.5679491484e-01
1.7221135029e-01   -8.5301453169e-01
1.8786692759e-01   -8.4931906605e-01
2.0352250489e-01   -8.4570566823e-01
2.1917808219e-01   -8.4217161899e-01
2.3483365949e-01   -8.3871432203e-01
2.5048923679e-01   -8.3533129692e-01
2.6614481409e-01   -8.3202017259e-01
2.8180039139e-01   -8.2877868119e-01
2.9745596869e-01   -8.2560465243e-01
3.1311154599e-01   -8.2249600826e-01
3.2876712329e-01   -8.1945075789e-01
3.4442270059e-01   -8.1646699318e-01
3.6007827789e-01   -8.1354288426e-01
3.7573385519e-01   -8.1067667550e-01
3.9138943249e-01   -8.0786668165e-01
4.0704500978e-01   -8.0511128431e-01
4.2270058708e-01   -8.0240892856e-01
4.3835616438e-01   -7.9975811976e-01
4.5401174168e-01   -7.9715742066e-01
4.6966731898e-01   -7.9460544855e-01
4.8532289628e-01   -7.9210087268e-01
5.0097847358e-01   -7.8964241174e-01
5.1663405088e-01   -7.8722883157e-01
5.3228962818e-01   -7.8485894294e-01
5.4794520548e-01   -7.8253159950e-01
5.6360078278e-01   -7.8024569577e-01
5.7925636008e-01   -7.7800016534e-01
5.9491193738e-01   -7.7579397912e-01
6.1056751468e-01   -7.7362614364e-01
6.2622309198e-01   -7.7149569952e-01
6.4187866928e-01   -7.6940172000e-01
6.5753424658e-01   -7.6734330948e-01
6.7318982387e-01   -7.6531960224e-01
6.8884540117e-01   -7.6332976117e-01
7.0450097847e-01   -7.6137297654e-01
7.2015655577e-01   -7.5944846490e-01
7.3581213307e-01   -7.5755546796e-01
7.5146771037e-01   -7.5569325160e-01
7.6712328767e-01   -7.5386110488e-01
7.8277886497e-01   -7.5205833911e-01
7.9843444227e-01   -7.5028428696e-01
8.1409001957e-01   -7.4853830161e-01
8.2974559687e-01   -7.4681975601e-01
8.4540117417e-01   -7.4512804201e-01
8.6105675147e-01   -7.4346256975e-01
8.7671232877e-01   -7.4182276686e-01
8.9236790607e-01   -7.4020807788e-01
9.0802348337e-01   -7.3861796358e-01
9.2367906067e-01   -7.3705190038e-01
9.3933463796e-01   -7.3550937976e-01
9.5499021526e-01   -7.3398990771e-01
9.7064579256e-01   -7.3249300423e-01
9.8630136986e-01   -7.3101820278e-01
1.0019569472e+00   -7.2956504985e-01
1.0176125245e+00   -7.2813310446e-01
1.0332681018e+00   -7.2672193773e-01
1.0489236791e+00   -7.2533113248e-01
1.0645792564e+00   -7.2396028280e-01
1.0802348337e+00   -7.2260899367e-01
1.0958904110e+00   -7.2127688059e-01
1.1115459883e+00   -7.1996356922e-01
1.1272015656e+00   -7.1866869506e-01
1.1428571429e+00   -7.1739190309e-01
1.1585127202e+00   -7.1613284748e-01
1.1741682975e+00   -7.1489119127e-01
1.1898238748e+00   -7.1366660610e-01
1.2054794521e+00   -7.1245877192e-01
1.2211350294e+00   -7.1126737672e-01
1.2367906067e+00   -7.1009211630e-01
1.2524461840e+00   -7.0893269398e-01
1.2681017613e+00   -7.0778882037e-01
1.2837573386e+00   -7.0666021320e-01
1.2994129159e+00   -7.0554659702e-01
1.3150684932e+00   -7.0444770304e-01
1.3307240705e+00   -7.0336326889e-01
1.3463796477e+00   -7.0229303848e-01
1.3620352250e+00   -7.0123676176e-01
1.3776908023e+00   -7.0019419453e-01
1.3933463796e+00   -6.9916509833e-01
1.4061303430e+00   -6.9833459220e-01
1.4217859203e+00   -6.9732937481e-01
1.4374414976e+00   -6.9633698594e-01
1.4530970749e+00   -6.9535720737e-01
1.4687526522e+00   -6.9438982580e-01
1.4844082295e+00   -6.9343463276e-01
1.5000638068e+00   -6.9249142439e-01
1.5157193841e+00   -6.9156000141e-01
1.5313749614e+00   -6.9064016890e-01
1.5470305387e+00   -6.8973173624e-01
1.5626861160e+00   -6.8883451696e-01
1.5783416933e+00   -6.8794832864e-01
1.5939972706e+00   -6.8707299277e-01
1.6096528479e+00   -6.8620833468e-01
1.6253084252e+00   -6.8535418344e-01
1.6409640025e+00   -6.8451037169e-01
1.6566195798e+00   -6.8367673564e-01
1.6722751571e+00   -6.8285311490e-01
1.6879307344e+00   -6.8203935242e-01
1.7035863117e+00   -6.8123529441e-01
1.7192418890e+00   -6.8044079024e-01
1.7348974663e+00   -6.7965569235e-01
1.7505530436e+00   -6.7887985620e-01
1.7662086209e+00   -6.7811314015e-01
1.7818641982e+00   -6.7735540543e-01
1.7975197755e+00   -6.7660651602e-01
1.8131753528e+00   -6.7586633865e-01
1.8288309301e+00   -6.7513474264e-01
1.8444865074e+00   -6.7441159990e-01
1.8601420847e+00   -6.7369678486e-01
1.8757976620e+00   -6.7299017438e-01
1.8914532393e+00   -6.7229164769e-01
1.9071088166e+00   -6.7160108638e-01
1.9227643939e+00   -6.7091837428e-01
1.9384199712e+00   -6.7024339744e-01
1.9540755485e+00   -6.6957604409e-01
1.9697311258e+00   -6.6891620455e-01
1.9853867031e+00   -6.6826377120e-01
2.0010422804e+00   -6.6761863842e-01
2.0166978577e+00   -6.6698070258e-01
2.0323534350e+00   -6.6634986193e-01
2.0480090123e+00   -6.6572601662e-01
2.0636645896e+00   -6.6510906861e-01
2.0793201669e+00   -6.6449892165e-01
2.0949757442e+00   -6.6389548123e-01
2.1106313215e+00   -6.6329865456e-01
2.1262868988e+00   -6.6270835049e-01
2.1419424761e+00   -6.6212447950e-01
2.1575980534e+00   -6.6154695369e-01
2.1732536307e+00   -6.6097568668e-01
2.1889092080e+00   -6.6041059361e-01
2.2045647853e+00   -6.5985159115e-01
2.2202203626e+00   -6.5929859736e-01
2.2358759399e+00   -6.5875153176e-01
2.2515315172e+00   -6.5821031526e-01
2.2671870945e+00   -6.5767487011e-01
2.2828426718e+00   -6.5714511991e-01
2.2984982491e+00   -6.5662098954e-01
2.3141538264e+00   -6.5610240516e-01
2.3298094037e+00   -6.5558929420e-01
2.3454649810e+00   -6.5508158527e-01
2.3611205583e+00   -6.5457920821e-01
2.3767761356e+00   -6.5408209399e-01
2.3924317129e+00   -6.5359017475e-01
2.4080872902e+00   -6.5310338375e-01
2.4237428675e+00   -6.5262165533e-01
2.4393984448e+00   -6.5214492492e-01
2.4550540221e+00   -6.5167312900e-01
2.4707095994e+00   -6.5120620506e-01
2.4863651767e+00   -6.5074409162e-01
2.5020207540e+00   -6.5028672818e-01
2.5176763313e+00   -6.4983405520e-01
2.5333319086e+00   -6.4938601412e-01
2.5489874859e+00   -6.4894254726e-01
2.5646430632e+00   -6.4850359790e-01
2.5802986405e+00   -6.4806911019e-01
2.5959542178e+00   -6.4763902914e-01
2.6116097951e+00   -6.4721330064e-01
2.6272653724e+00   -6.4679187142e-01
2.6429209497e+00   -6.4637468903e-01
2.6585765270e+00   -6.4596170183e-01
2.6742321043e+00   -6.4555285896e-01
2.6898876816e+00   -6.4514811035e-01
2.7055432589e+00   -6.4474740670e-01
2.7211988362e+00   -6.4435069944e-01
2.7368544135e+00   -6.4395794075e-01
2.7525099908e+00   -6.4356908352e-01
2.7681655681e+00   -6.4318408134e-01
2.7838211454e+00   -6.4280288850e-01
2.7994767227e+00   -6.4242545998e-01
2.8151323000e+00   -6.4205175142e-01
2.8307878773e+00   -6.4168171910e-01
2.8464434546e+00   -6.4131531997e-01
2.8620990319e+00   -6.4095251158e-01
2.8777546092e+00   -6.4059325213e-01
2.8934101865e+00   -6.4023750040e-01
2.9090657638e+00   -6.3988521578e-01
2.9247213411e+00   -6.3953635825e-01
2.9403769184e+00   -6.3919088837e-01
2.9560324957e+00   -6.3884876724e-01
2.9716880730e+00   -6.3850995653e-01
2.9873436503e+00   -6.3817441846e-01
3.0029992276e+00   -6.3784211579e-01
3.0186548049e+00   -6.3751301178e-01
3.0343103822e+00   -6.3718707023e-01
3.0499659595e+00   -6.3686425545e-01
3.0656215368e+00   -6.3654453222e-01
3.0812771141e+00   -6.3622786583e-01
3.0969326914e+00   -6.3591422206e-01
3.1125882687e+00   -6.3560356715e-01
3.1282438459e+00   -6.3529586781e-01
3.1438994232e+00   -6.3499109119e-01
3.1595550005e+00   -6.3468920491e-01
3.1752105778e+00   -6.3439017703e-01
3.1908661551e+00   -6.3409397603e-01
3.2065217324e+00   -6.3380057083e-01
3.2221773097e+00   -6.3350993076e-01
3.2378328870e+00   -6.3322202557e-01
3.2534884643e+00   -6.3293682541e-01
3.2691440416e+00   -6.3265430082e-01
3.2847996189e+00   -6.3237442275e-01
3.3004551962e+00   -6.3209716253e-01
3.3161107735e+00   -6.3182249187e-01
3.3317663508e+00   -6.3155038283e-01
3.3474219281e+00   -6.3128080788e-01
3.3630775054e+00   -6.3101373981e-01
3.3787330827e+00   -6.3074915178e-01
3.3943886600e+00   -6.3048701732e-01
3.4100442373e+00   -6.3022731026e-01
3.4256998146e+00   -6.2997000481e-01
3.4413553919e+00   -6.2971507549e-01
3.4570109692e+00   -6.2946249715e-01
3.4726665465e+00   -6.2921224497e-01
3.4883221238e+00   -6.2896429443e-01
3.5039777011e+00   -6.2871862135e-01
3.5196332784e+00   -6.2847520182e-01
3.5352888557e+00   -6.2823401227e-01
3.5509444330e+00   -6.2799502940e-01
3.5666000103e+00   -6.2775823022e-01
3.5822555876e+00   -6.2752359202e-01
3.5979111649e+00   -6.2729109237e-01
3.6135667422e+00   -6.2706070913e-01
3.6292223195e+00   -6.2683242042e-01
3.6448778968e+00   -6.2660620466e-01
3.6605334741e+00   -6.2638204050e-01
3.6761890514e+00   -6.2615990688e-01
3.6918446287e+00   -6.2593978298e-01
3.7075002060e+00   -6.2572164826e-01
3.7231557833e+00   -6.2550548240e-01
3.7388113606e+00   -6.2529126535e-01
3.7544669379e+00   -6.2507897730e-01
3.7701225152e+00   -6.2486859866e-01
3.7857780925e+00   -6.2466011011e-01
3.8014336698e+00   -6.2445349254e-01
3.8170892471e+00   -6.2424872707e-01
3.8327448244e+00   -6.2404579505e-01
3.8484004017e+00   -6.2384467807e-01
3.8640559790e+00   -6.2364535790e-01
3.8797115563e+00   -6.2344781656e-01
3.8953671336e+00   -6.2325203628e-01
3.9110227109e+00   -6.2305799948e-01
3.9266782882e+00   -6.2286568881e-01
3.9423338655e+00   -6.2267508711e-01
3.9579894428e+00   -6.2248617741e-01
3.9736450201e+00   -6.2229894298e-01
3.9893005974e+00   -6.2211336724e-01
4.0049561747e+00   -6.2192943383e-01
4.0206117520e+00   -6.2174712656e-01
4.0362673293e+00   -6.2156642945e-01
4.0519229066e+00   -6.2138732669e-01
4.0675784839e+00   -6.2120980265e-01
4.0832340612e+00   -6.2103384189e-01
4.0988896385e+00   -6.2085942913e-01
4.1145452158e+00   -6.2068654929e-01
4.1302007931e+00   -6.2051518745e-01
4.1458563704e+00   -6.2034532884e-01
4.1615119477e+00   -6.2017695888e-01
4.1771675250e+00   -6.2001006316e-01
4.1928231023e+00   -6.1984462741e-01
4.2084786796e+00   -6.1968063755e-01
4.2241342569e+00   -6.1951807962e-01
4.2397898342e+00   -6.1935693985e-01
4.2554454115e+00   -6.1919720462e-01
4.2711009888e+00   -6.1903886043e-01
4.2867565661e+00   -6.1888189398e-01
4.3024121434e+00   -6.1872629207e-01
4.3180677207e+00   -6.1857204168e-01
4.3337232980e+00   -6.1841912992e-01
4.3493788753e+00   -6.1826754405e-01
4.3650344526e+00   -6.1811727145e-01
4.3806900299e+00   -6.1796829966e-01
4.3963456072e+00   -6.1782061635e-01
4.4120011845e+00   -6.1767420932e-01
4.4276567618e+00   -6.1752906651e-01
4.4433123391e+00   -6.1738517599e-01
4.4589679164e+00   -6.1724252595e-01
4.4746234937e+00   -6.1710110472e-01
4.4902790710e+00   -6.1696090075e-01
4.5059346483e+00   -6.1682190262e-01
4.5215902256e+00   -6.1668409903e-01
4.5372458029e+00   -6.1654747879e-01
4.5529013802e+00   -6.1641203085e-01
4.5685569575e+00   -6.1627774426e-01
4.5842125348e+00   -6.1614460821e-01
4.5998681121e+00   -6.1601261197e-01
4.6155236894e+00   -6.1588174496e-01
4.6311792667e+00   -6.1575199670e-01
4.6468348440e+00   -6.1562335680e-01
4.6624904213e+00   -6.1549581500e-01
4.6781459986e+00   -6.1536936116e-01
4.6938015759e+00   -6.1524398522e-01
4.7094571532e+00   -6.1511967724e-01
4.7251127305e+00   -6.1499642738e-01
4.7407683078e+00   -6.1487422592e-01
4.7564238851e+00   -6.1475306320e-01
4.7720794624e+00   -6.1463292970e-01
4.7877350397e+00   -6.1451381599e-01
4.8033906170e+00   -6.1439571273e-01
4.8190461943e+00   -6.1427861067e-01
4.8347017716e+00   -6.1416250068e-01
4.8503573489e+00   -6.1404737370e-01
4.8660129262e+00   -6.1393322078e-01
4.8816685035e+00   -6.1382003305e-01
4.8973240808e+00   -6.1370780174e-01
4.9129796581e+00   -6.1359651817e-01
4.9286352354e+00   -6.1348617373e-01
4.9442908127e+00   -6.1337675993e-01
4.9599463900e+00   -6.1326826833e-01
4.9756019673e+00   -6.1316069061e-01
4.9912575446e+00   -6.1305401851e-01
5.0069131219e+00   -6.1294824387e-01
5.0225686992e+00   -6.1284335860e-01
5.0382242765e+00   -6.1273935470e-01
5.0538798538e+00   -6.1263622424e-01
5.0695354311e+00   -6.1253395939e-01
5.0851910084e+00   -6.1243255237e-01
5.1008465857e+00   -6.1233199551e-01
5.1165021630e+00   -6.1223228119e-01
5.1321577403e+00   -6.1213340187e-01
5.1478133176e+00   -6.1203535011e-01
5.1634688949e+00   -6.1193811851e-01
5.1791244722e+00   -6.1184169977e-01
5.1947800495e+00   -6.1174608665e-01
5.2104356268e+00   -6.1165127198e-01
5.2260912041e+00   -6.1155724866e-01
5.2417467814e+00   -6.1146400967e-01
5.2574023587e+00   -6.1137154805e-01
5.2730579360e+00   -6.1127985691e-01
5.2887135133e+00   -6.1118892944e-01
5.3043690906e+00   -6.1109875889e-01
5.3200246679e+00   -6.1100933855e-01
5.3356802452e+00   -6.1092066181e-01
5.3513358225e+00   -6.1083272212e-01
5.3669913998e+00   -6.1074551298e-01
5.3826469771e+00   -6.1065902796e-01
5.3983025544e+00   -6.1057326069e-01
5.4139581317e+00   -6.1048820486e-01
5.4296137090e+00   -6.1040385424e-01
5.4452692863e+00   -6.1032020263e-01
5.4609248636e+00   -6.1023724392e-01
5.4765804409e+00   -6.1015497203e-01
5.4922360182e+00   -6.1007338096e-01
5.5078915955e+00   -6.0999246476e-01
5.5235471728e+00   -6.0991221753e-01
5.5392027501e+00   -6.0983263344e-01
5.5548583274e+00   -6.0975370672e-01
5.5705139047e+00   -6.0967543163e-01
5.5861694820e+00   -6.0959780250e-01
5.6018250593e+00   -6.0952081373e-01
5.6174806366e+00   -6.0944445974e-01
5.6331362139e+00   -6.0936873502e-01
5.6487917912e+00   -6.0929363412e-01
5.6644473685e+00   -6.0921915164e-01
5.6801029458e+00   -6.0914528222e-01
5.6957585231e+00   -6.0907202054e-01
5.7114141004e+00   -6.0899936137e-01
5.7270696777e+00   -6.0892729949e-01
5.7427252550e+00   -6.0885582976e-01
5.7583808323e+00   -6.0878494705e-01
5.7740364096e+00   -6.0871464632e-01
5.7896919868e+00   -6.0864492255e-01
5.8053475641e+00   -6.0857577078e-01
5.8210031414e+00   -6.0850718609e-01
5.8366587187e+00   -6.0843916360e-01
5.8523142960e+00   -6.0837169849e-01
5.8679698733e+00   -6.0830478599e-01
5.8836254506e+00   -6.0823842134e-01
5.8992810279e+00   -6.0817259986e-01
5.9149366052e+00   -6.0810731689e-01
5.9305921825e+00   -6.0804256784e-01
5.9462477598e+00   -6.0797834813e-01
5.9619033371e+00   -6.0791465324e-01
5.9775589144e+00   -6.0785147871e-01
5.9932144917e+00   -6.0778882007e-01
6.0088700690e+00   -6.0772667294e-01
6.0245256463e+00   -6.0766503297e-01
6.0401812236e+00   -6.0760389582e-01
6.0558368009e+00   -6.0754325723e-01
6.0714923782e+00   -6.0748311296e-01
6.0871479555e+00   -6.0742345881e-01
6.1028035328e+00   -6.0736429060e-01
6.1184591101e+00   -6.0730560424e-01
6.1341146874e+00   -6.0724739561e-01
6.1497702647e+00   -6.0718966069e-01
6.1654258420e+00   -6.0713239545e-01
6.1810814193e+00   -6.0707559593e-01
6.1967369966e+00   -6.0701925818e-01
6.2123925739e+00   -6.0696337829e-01
6.2280481512e+00   -6.0690795241e-01
6.2437037285e+00   -6.0685297670e-01
6.2593593058e+00   -6.0679844736e-01
6.2750148831e+00   -6.0674436063e-01
6.2906704604e+00   -6.0669071277e-01
6.3063260377e+00   -6.0663750010e-01
6.3219816150e+00   -6.0658471894e-01
6.3376371923e+00   -6.0653236567e-01
6.3532927696e+00   -6.0648043670e-01
6.3689483469e+00   -6.0642892845e-01
6.3846039242e+00   -6.0637783740e-01
6.4002595015e+00   -6.0632716004e-01
6.4159150788e+00   -6.0627689290e-01
6.4315706561e+00   -6.0622703255e-01
6.4472262334e+00   -6.0617757557e-01
6.4628818107e+00   -6.0612851859e-01
6.4785373880e+00   -6.0607985826e-01
6.4941929653e+00   -6.0603159127e-01
6.5098485426e+00   -6.0598371431e-01
6.5255041199e+00   -6.0593622415e-01
6.5411596972e+00   -6.0588911754e-01
6.5568152745e+00   -6.0584239128e-01
6.5724708518e+00   -6.0579604220e-01
6.5881264291e+00   -6.0575006717e-01
6.6037820064e+00   -6.0570446305e-01
6.6194375837e+00   -6.0565922675e-01
6.6350931610e+00   -6.0561435523e-01
6.6507487383e+00   -6.0556984544e-01
6.6664043156e+00   -6.0552569437e-01
6.6820598929e+00   -6.0548189905e-01
6.6977154702e+00   -6.0543845651e-01
6.7133710475e+00   -6.0539536383e-01
6.7290266248e+00   -6.0535261810e-01
6.7446822021e+00   -6.0531021644e-01
6.7603377794e+00   -6.0526815601e-01
6.7759933567e+00   -6.0522643396e-01
6.7916489340e+00   -6.0518504751e-01
6.8073045113e+00   -6.0514399387e-01
6.8229600886e+00   -6.0510327028e-01
6.8386156659e+00   -6.0506287402e-01
6.8542712432e+00   -6.0502280238e-01
6.8699268205e+00   -6.0498305267e-01
6.8855823978e+00   -6.0494362224e-01
6.9012379751e+00   -6.0490450844e-01
6.9168935524e+00   -6.0486570867e-01
6.9325491297e+00   -6.0482722034e-01
6.9482047070e+00   -6.0478904087e-01
6.9638602843e+00   -6.0475116772e-01
6.9795158616e+00   -6.0471359837e-01
6.9951714389e+00   -6.0467633031e-01
7.0108270162e+00   -6.0463936106e-01
7.0264825935e+00   -6.0460268816e-01
7.0421381708e+00   -6.0456630918e-01
7.0577937481e+00   -6.0453022170e-01
7.0734493254e+00   -6.0449442333e-01
7.0891049027e+00   -6.0445891167e-01
7.1047604800e+00   -6.0442368440e-01
7.1204160573e+00   -6.0438873916e-01
7.1360716346e+00   -6.0435407364e-01
7.1517272119e+00   -6.0431968555e-01
7.1673827892e+00   -6.0428557262e-01
7.1830383665e+00   -6.0425173258e-01
7.1986939438e+00   -6.0421816321e-01
7.2143495211e+00   -6.0418486228e-01
7.2300050984e+00   -6.0415182760e-01
7.2456606757e+00   -6.0411905699e-01
7.2613162530e+00   -6.0408654828e-01
7.2769718303e+00   -6.0405429935e-01
7.2926274076e+00   -6.0402230806e-01
7.3082829849e+00   -6.0399057230e-01
7.3239385622e+00   -6.0395908999e-01
7.3395941395e+00   -6.0392785907e-01
7.3552497168e+00   -6.0389687747e-01
7.3709052941e+00   -6.0386614316e-01
7.3865608714e+00   -6.0383565413e-01
7.4022164487e+00   -6.0380540838e-01
7.4178720260e+00   -6.0377540392e-01
7.4335276033e+00   -6.0374563879e-01
7.4491831806e+00   -6.0371611103e-01
7.4648387579e+00   -6.0368681871e-01
7.4804943352e+00   -6.0365775993e-01
7.4961499125e+00   -6.0362893277e-01
7.5118054898e+00   -6.0360033535e-01
7.5274610671e+00   -6.0357196580e-01
7.5431166444e+00   -6.0354382228e-01
7.5587722217e+00   -6.0351590293e-01
7.5744277990e+00   -6.0348820596e-01
7.5900833763e+00   -6.0346072953e-01
7.6057389536e+00   -6.0343347187e-01
7.6213945309e+00   -6.0340643121e-01
7.6370501082e+00   -6.0337960577e-01
7.6527056855e+00   -6.0335299381e-01
7.6683612628e+00   -6.0332659360e-01
7.6840168401e+00   -6.0330040343e-01
7.6996724174e+00   -6.0327442159e-01
7.7153279947e+00   -6.0324864640e-01
7.7309835720e+00   -6.0322307617e-01
7.7466391493e+00   -6.0319770925e-01
7.7622947266e+00   -6.0317254400e-01
7.7779503039e+00   -6.0314757879e-01
7.7936058812e+00   -6.0312281198e-01
7.8092614585e+00   -6.0309824199e-01
7.8249170358e+00   -6.0307386721e-01
7.8405726131e+00   -6.0304968607e-01
7.8562281904e+00   -6.0302569700e-01
7.8718837677e+00   -6.0300189846e-01
7.8875393450e+00   -6.0297828890e-01
7.9031949223e+00   -6.0295486680e-01
7.9188504996e+00   -6.0293163065e-01
7.9345060769e+00   -6.0290857894e-01
7.9501616542e+00   -6.0288571018e-01
7.9658172315e+00   -6.0286302290e-01
7.9814728088e+00   -6.0284051564e-01
7.9971283861e+00   -6.0281818694e-01
8.0000000000e+00   -6.0281411058e-01
