X    Y
0.0000000000e+00   0.0000000000e+00
4.8851978505e-03   2.1263204108e-04
9.7703957010e-03   1.7824997340e-04
1.4655593552e-02   1.4847296801e-04
1.9540791402e-02   1.2259610014e-04
2.4425989253e-02   1.0001285198e-04
2.9311187103e-02   8.0200346670e-05
3.4196384954e-02   6.2706736008e-05
3.9081582804e-02   4.7140404798e-05
4.3966780655e-02   3.3160712163e-05
4.8851978505e-02   2.0470035666e-05
5.3737176356e-02   8.8069213678e-06
5.8622374206e-02   2.0598264158e-06
6.3507572057e-02   1.2336256189e-05
6.8392769907e-02   2.2207699992e-05
7.3277967758e-02   4.5180899793e-05
7.8163165608e-02   5.8151364264e-05
8.3048363459e-02   7.1235518677e-05
8.7933561309e-02   8.4617091445e-05
9.2818759160e-02   9.8472346887e-05
9.7703957010e-02   1.1297264132e-04
1.0258915486e-01   1.2828659661e-04
1.0747435271e-01   1.2594583615e-04
1.1235955056e-01   1.4103975270e-04
1.1724474841e-01   1.5728463692e-04
1.2212994626e-01   1.7482724115e-04
1.2701514411e-01   7.0052853872e-05
1.3190034196e-01   7.7468605469e-05
1.3678553981e-01   8.5510884988e-05
1.4167073766e-01   1.0746409704e-05
1.4655593552e-01   1.5900147039e-04
1.5144113337e-01   1.7479101610e-04
1.5632633122e-01   3.7006028347e-04
1.6121152907e-01   4.0526576472e-04
1.6609672692e-01   4.6591125487e-04
1.7098192477e-01   5.0771130986e-04
1.7586712262e-01   3.4437454474e-04
1.8075232047e-01   1.7109608830e-05
1.8563751832e-01   1.0720099567e-04
1.9052271617e-01   5.5300578346e-04
1.9540791402e-01   7.5751132773e-04
2.0029311187e-01   6.5188346749e-04
2.0517830972e-01   1.7910910157e-04
2.1006350757e-01   2.0790621951e-05
2.1494870542e-01   4.8924890890e-04
2.1983390327e-01   8.2291443569e-04
2.2471910112e-01   7.1211510257e-04
2.2960429897e-01   4.0909987556e-04
2.3448949682e-01   1.2869484918e-04
2.3937469468e-01   7.4831858343e-06
2.4425989253e-01   7.0566060544e-06
2.4914509038e-01   6.1873399628e-06
2.5403028823e-01   5.5648697050e-06
2.5891548608e-01   5.5949583761e-05
2.6380068393e-01   3.6583200632e-04
2.6868588178e-01   9.3021316746e-04
2.7357107963e-01   1.6642756453e-03
2.7845627748e-01   2.2587248037e-03
2.8334147533e-01   2.4025291368e-03
2.8822667318e-01   2.1101730126e-03
2.9311187103e-01   1.3029875934e-03
2.9799706888e-01   6.4797279149e-05
3.0288226673e-01   2.3901016123e-04
3.0776746458e-01   1.0032053197e-03
3.1265266243e-01   8.7443949913e-05
3.1753786028e-01   4.6078727686e-04
3.2242305813e-01   3.0864198602e-05
3.2730825598e-01   1.1984358884e-04
3.3219345383e-01   4.7419416568e-05
3.3707865169e-01   1.7970355901e-06
3.4196384954e-01   2.1769775210e-04
3.4684904739e-01   7.5210471290e-06
3.5173424524e-01   1.8732844684e-05
3.5661944309e-01   5.5932833386e-04
3.6150464094e-01   8.9970528060e-04
3.6638983879e-01   1.1167099186e-03
3.7127503664e-01   1.3824049861e-03
3.7616023449e-01   1.7325909245e-03
3.8104543234e-01   1.8589061634e-03
3.8593063019e-01   6.7018291006e-04
3.9081582804e-01   7.9307837526e-05
3.9570102589e-01   1.1635891138e-03
4.0058622374e-01   2.1850695602e-03
4.0547142159e-01   2.1731195471e-03
4.1035661944e-01   2.1981223186e-03
4.1524181729e-01   2.1304173122e-03
4.2012701514e-01   1.2262295949e-03
4.2501221299e-01   5.8687660244e-05
4.2989741085e-01   3.3294446246e-04
4.3478260870e-01   1.3074010915e-03
4.3966780655e-01   1.4018021663e-03
4.4455300440e-01   9.0897596400e-04
4.4943820225e-01   1.7084443425e-04
4.5432340010e-01   1.5241183317e-05
4.5920859795e-01   2.9099743994e-04
4.6409379580e-01   2.5025118973e-04
4.6897899365e-01   3.7897230917e-05
4.7386419150e-01   7.6154833590e-05
4.7874938935e-01   9.4707939946e-06
4.8363458720e-01   9.1976125888e-05
4.8851978505e-01   3.7553349409e-04
4.9340498290e-01   5.2409243148e-04
4.9829018075e-01   4.3134069915e-04
5.0317537860e-01   6.0362563879e-05
5.0806057645e-01   2.4009489311e-06
5.1294577430e-01   3.8122832557e-04
5.1783097215e-01   5.6785494153e-04
5.2271617000e-01   5.0394477245e-04
5.2760136786e-01   2.2699920941e-04
5.3248656571e-01   2.1162926769e-04
5.3737176356e-01   1.8790045733e-05
5.4225696141e-01   1.5329943588e-04
5.4714215926e-01   1.3959255889e-04
5.5202735711e-01   3.0347756516e-04
5.5691255496e-01   2.7192878144e-04
5.6179775281e-01   2.6838904122e-04
5.6668295066e-01   2.3760022317e-04
5.7156814851e-01   1.4468661397e-04
5.7645334636e-01   1.2740397300e-04
5.8133854421e-01   1.1234678794e-04
5.8622374206e-01   1.7221547766e-07
5.9110893991e-01   2.9367046683e-08
5.9599413776e-01   1.5023620570e-08
6.0087933561e-01   7.8810113990e-09
6.0576453346e-01   7.2971576730e-05
6.1064973131e-01   7.0915423828e-05
6.1553492916e-01   7.1089065124e-05
6.2042012702e-01   1.0484146468e-04
6.2530532487e-01   1.1149888755e-04
6.3019052272e-01   1.2089958827e-04
6.3507572057e-01   1.1928064731e-04
6.3996091842e-01   1.3215871171e-04
6.4484611627e-01   1.4676443042e-04
6.4973131412e-01   1.6278826752e-04
6.5461651197e-01   7.4238814884e-05
6.5950170982e-01   8.1499180916e-05
6.6438690767e-01   8.8822737131e-05
6.6927210552e-01   9.6014154055e-05
6.7415730337e-01   1.0286812555e-04
6.7904250122e-01   1.2098544208e-05
6.8392769907e-01   1.3866465511e-04
6.8881289692e-01   1.4498825022e-04
6.9369809477e-01   1.5001104939e-04
6.9858329262e-01   1.5351588601e-04
7.0346849047e-01   1.5531861804e-04
7.0835368832e-01   1.5527664930e-04
7.1323888617e-01   3.1536205588e-04
7.1812408403e-01   3.0655899104e-04
7.2300928188e-01   2.9372329216e-04
7.2789447973e-01   2.9364895459e-04
7.3277967758e-01   2.7138952130e-04
7.3766487543e-01   2.4577529071e-04
7.4255007328e-01   1.3864898350e-04
7.4743527113e-01   1.1845934226e-04
7.5232046898e-01   3.3881619597e-06
7.5720566683e-01   1.4570422686e-05
7.6209086468e-01   1.0926942226e-05
7.6697606253e-01   4.6929993448e-05
7.7186126038e-01   2.1420440365e-05
7.7674645823e-01   9.0533231879e-06
7.8163165608e-01   3.9730285733e-05
7.8651685393e-01   6.0703450544e-05
7.9140205178e-01   8.2498501312e-05
7.9628724963e-01   1.0221395575e-04
8.0117244748e-01   3.9220317300e-05
8.0605764533e-01   4.4082274977e-05
8.1094284319e-01   4.8264316529e-05
8.1582804104e-01   6.0901318191e-06
8.2071323889e-01   1.0274323949e-04
8.2559843674e-01   1.0781090430e-04
8.3048363459e-01   1.1184652004e-04
8.3536883244e-01   2.0930420564e-04
8.4025403029e-01   2.1327871206e-04
8.4513922814e-01   2.1604822155e-04
8.5002442599e-01   2.1782970189e-04
8.5490962384e-01   2.2286529950e-04
8.5979482169e-01   2.2322996131e-04
8.6468001954e-01   2.2322881194e-04
8.6956521739e-01   2.2303808276e-04
8.7445041524e-01   2.2281840410e-04
8.7933561309e-01   2.2271407571e-04
8.8422081094e-01   1.3261603200e-04
8.8910600879e-01   1.3295674247e-04
8.9399120664e-01   1.3357066177e-04
8.9887640449e-01   1.3450174430e-04
9.0376160234e-01   1.3578358243e-04
9.0864680020e-01   8.4056911087e-06
9.1353199805e-01   4.9737863373e-05
9.1841719590e-01   5.0551899175e-05
9.2330239375e-01   5.1501888036e-05
9.2818759160e-01   5.2580644320e-05
9.3307278945e-01   2.1173882675e-04
9.3795798730e-01   2.1681387716e-04
9.4284318515e-01   2.2214998855e-04
9.4772838300e-01   2.8383334031e-04
9.5261358085e-01   2.9049404528e-04
9.5749877870e-01   2.3539476709e-04
9.6238397655e-01   2.3961143515e-04
9.6726917440e-01   5.4620207356e-05
9.7215437225e-01   5.4979305458e-05
9.7703957010e-01   6.7191770197e-06
9.8192476795e-01   1.8137484268e-04
9.8680996580e-01   1.7790760034e-04
9.9169516365e-01   2.7824648665e-04
9.9658036150e-01   2.6163532814e-04
1.0014655594e+00   2.2660760974e-04
1.0063507572e+00   1.0135927934e-04
1.0112359551e+00   7.9659159062e-06
1.0161211529e+00   3.9693236914e-05
1.0210063508e+00   5.0425519579e-05
1.0258915486e+00   3.0358049662e-05
1.0307767465e+00   1.0179701485e-04
1.0356619443e+00   1.9060266847e-05
1.0405471422e+00   8.2422677106e-07
1.0454323400e+00   2.9423644827e-04
1.0503175379e+00   3.8470234795e-04
1.0552027357e+00   7.4085617260e-04
1.0600879336e+00   8.8473015292e-04
1.0649731314e+00   9.6094739053e-04
1.0698583293e+00   1.0780882331e-03
1.0747435271e+00   5.5256406593e-04
1.0796287250e+00   5.8720934042e-04
1.0845139228e+00   6.1398130789e-05
1.0893991207e+00   5.5942397615e-04
1.0942843185e+00   1.2952901900e-03
1.0991695164e+00   1.3852408483e-03
1.1040547142e+00   8.8528910022e-04
1.1089399121e+00   8.9120597544e-06
1.1138251099e+00   3.3777055544e-05
1.1187103078e+00   6.5127828626e-04
1.1235955056e+00   6.9966043310e-04
1.1284807035e+00   4.2590929483e-04
1.1333659013e+00   9.5973783060e-05
1.1382510992e+00   7.9288126649e-06
1.1431362970e+00   1.7508837606e-05
1.1480214949e+00   1.1971371647e-04
1.1529066927e+00   2.6163200447e-04
1.1577918906e+00   2.3418191935e-04
1.1626770884e+00   8.6241323917e-06
1.1675622863e+00   6.1511854805e-05
1.1724474841e+00   4.0499616277e-04
1.1773326820e+00   5.5251620620e-04
1.1822178798e+00   4.6058092906e-04
1.1871030777e+00   1.3375244240e-04
1.1919882755e+00   1.4866998085e-05
1.1968734734e+00   2.7705592758e-04
1.2017586712e+00   4.5643071204e-04
1.2066438691e+00   4.2015192269e-04
1.2115290669e+00   3.8381323377e-04
1.2164142648e+00   1.9700730462e-04
1.2212994626e+00   1.7503923679e-04
1.2261846605e+00   1.0259663134e-05
1.2310698583e+00   5.9143748956e-05
1.2359550562e+00   5.0768410997e-05
1.2408402540e+00   1.4908467756e-04
1.2457254519e+00   1.2294370044e-04
1.2506106497e+00   1.1731446583e-04
1.2554958476e+00   9.1958748247e-05
1.2603810454e+00   5.2355755488e-05
1.2652662433e+00   3.8712507707e-05
1.2701514411e+00   5.6197896732e-06
1.2750366390e+00   4.2989909987e-06
1.2799218368e+00   8.1734466950e-07
1.2848070347e+00   1.2759142295e-05
1.2896922325e+00   1.4253230780e-05
1.2945774304e+00   3.1076438279e-05
1.2994626282e+00   4.3750115516e-05
1.3043478261e+00   6.1605785415e-05
1.3092330239e+00   8.3917097715e-05
1.3141182218e+00   5.9535016751e-05
1.3190034196e+00   7.6085064842e-05
1.3238886175e+00   7.7045875391e-06
1.3287738153e+00   6.9481628249e-05
1.3336590132e+00   8.3698976066e-05
1.3385442110e+00   9.8838165151e-05
1.3434294089e+00   3.1744793708e-04
1.3483146067e+00   3.6089934325e-04
1.3531998046e+00   4.0360741200e-04
1.3580850024e+00   5.2142072502e-04
1.3629702003e+00   5.6372744074e-04
1.3678553981e+00   6.0010700842e-04
1.3727405960e+00   6.2898148407e-04
1.3776257938e+00   4.7411963070e-04
1.3825109917e+00   4.8012480192e-04
1.3873961895e+00   4.7810934103e-04
1.3922813874e+00   3.0399360314e-05
1.3971665852e+00   2.9042424771e-05
1.4020517831e+00   1.1142897984e-06
1.4069369809e+00   3.7180658386e-04
1.4118221788e+00   3.3703283934e-04
1.4167073766e+00   4.2809036056e-04
1.4215925745e+00   3.6311877014e-04
1.4264777723e+00   2.5782756739e-04
1.4313629702e+00   1.9416186565e-04
1.4362481681e+00   5.3605757787e-05
1.4411333659e+00   2.8723485164e-06
1.4460185638e+00   1.4437768748e-05
1.4509037616e+00   3.0447127564e-05
1.4557889595e+00   8.0032648140e-05
1.4606741573e+00   1.4283003434e-04
1.4655593552e+00   1.8344613583e-04
1.4704445530e+00   1.5012113119e-04
1.4753297509e+00   1.6780158919e-04
1.4802149487e+00   2.3560613701e-06
1.4851001466e+00   1.4877604756e-05
1.4899853444e+00   1.5377945683e-05
1.4948705423e+00   2.1651709040e-04
1.4997557401e+00   2.1710423781e-04
1.5046409380e+00   2.9328972986e-04
1.5095261358e+00   2.8643410503e-04
1.5144113337e+00   2.3672059234e-04
1.5192965315e+00   2.2640953714e-04
1.5241817294e+00   2.1471757948e-04
1.5290669272e+00   7.1757569362e-05
1.5339521251e+00   6.6768491756e-05
1.5388373229e+00   6.1633514384e-05
1.5437225208e+00   4.8454804778e-06
1.5486077186e+00   8.4295428942e-05
1.5534929165e+00   7.6357800836e-05
1.5583781143e+00   6.8530318730e-05
1.5632633122e+00   6.0866034794e-05
1.5681485100e+00   1.0329964513e-04
1.5730337079e+00   8.9552283754e-05
1.5779189057e+00   7.6269973000e-05
1.5828041036e+00   6.3454903463e-05
1.5876893014e+00   5.1584641948e-05
1.5925744993e+00   3.9204479239e-05
1.5974596971e+00   2.7222998538e-05
1.6023448950e+00   1.5589385102e-05
1.6072300928e+00   4.2451467824e-06
1.6121152907e+00   6.9256200859e-06
1.6170004885e+00   1.3833577839e-05
1.6218856864e+00   2.0706277210e-05
1.6267708842e+00   2.7593198144e-05
1.6316560821e+00   3.4545744884e-05
1.6365412799e+00   7.3531793704e-06
1.6414264778e+00   1.6331013923e-05
1.6463116756e+00   1.8539339275e-05
1.6511968735e+00   2.0839558851e-05
1.6560820713e+00   2.3248741377e-05
1.6609672692e+00   2.5784360084e-05
1.6658524670e+00   1.0964415597e-04
1.6707376649e+00   1.2153976371e-04
1.6756228627e+00   1.3414979402e-04
1.6805080606e+00   1.4754916440e-04
1.6853932584e+00   2.0673169218e-04
1.6902784563e+00   2.2612517225e-04
1.6951636541e+00   2.4677578606e-04
1.7000488520e+00   2.2389791389e-04
1.7049340498e+00   2.4322044476e-04
1.7098192477e+00   8.4350844283e-05
1.7147044455e+00   9.1127491279e-05
1.7195896434e+00   2.7754588945e-05
1.7244748412e+00   2.2683201698e-04
1.7293600391e+00   2.4361848104e-04
1.7342452369e+00   4.3517038798e-04
1.7391304348e+00   4.6350562406e-04
1.7440156326e+00   4.9123431302e-04
1.7489008305e+00   3.0529080437e-04
1.7537860283e+00   5.0213318900e-05
1.7586712262e+00   1.7010640485e-04
1.7635564240e+00   5.0145092361e-04
1.7684416219e+00   6.0313523755e-04
1.7733268197e+00   4.6210114317e-04
1.7782120176e+00   1.0486969582e-04
1.7830972154e+00   4.6113152066e-05
1.7879824133e+00   3.1273731857e-04
1.7928676111e+00   3.5911273458e-04
1.7977528090e+00   2.0040184094e-04
1.8026380068e+00   2.8209832473e-05
1.8075232047e+00   3.5511084157e-05
1.8124084025e+00   8.8372651567e-05
1.8172936004e+00   5.8482774212e-04
1.8221787982e+00   1.0585268153e-03
1.8270639961e+00   1.0501800868e-03
1.8319491939e+00   2.0977847825e-05
1.8368343918e+00   1.4202029363e-05
1.8417195896e+00   1.6834743972e-03
1.8466047875e+00   2.7579503959e-03
1.8514899853e+00   2.4927053960e-03
1.8563751832e+00   1.3499934192e-03
1.8612603810e+00   5.3571810796e-04
1.8661455789e+00   2.9759411181e-04
1.8710307767e+00   4.4895704285e-04
1.8759159746e+00   6.8782110343e-04
1.8808011724e+00   7.8865561747e-04
1.8856863703e+00   6.7651443882e-04
1.8905715681e+00   4.1672550265e-04
1.8954567660e+00   1.5478438649e-04
1.9003419638e+00   8.8724740201e-05
1.9052271617e+00   7.7869453722e-05
1.9101123596e+00   6.1958664859e-06
1.9149975574e+00   1.5318926896e-04
1.9198827553e+00   2.8899201271e-04
1.9247679531e+00   3.4785338092e-04
1.9296531510e+00   2.3238861908e-04
1.9345383488e+00   2.6681266799e-05
1.9394235467e+00   3.7469222537e-05
1.9443087445e+00   8.3753403843e-04
1.9491939424e+00   1.1898735006e-03
1.9540791402e+00   1.0257309723e-03
1.9589643381e+00   3.7908011727e-04
1.9638495359e+00   1.5642057346e-05
1.9687347338e+00   4.9609021921e-04
1.9736199316e+00   1.0155677401e-03
1.9785051295e+00   1.0012427151e-03
1.9833903273e+00   1.0501159714e-03
1.9882755252e+00   1.0357377332e-03
1.9931607230e+00   1.0198344855e-03
1.9980459209e+00   6.4126674777e-04
2.0029311187e+00   6.2660664590e-04
2.0078163166e+00   6.0790416313e-04
2.0127015144e+00   2.3711980455e-05
2.0175867123e+00   1.1145408993e-04
2.0224719101e+00   1.0731715280e-04
2.0273571080e+00   6.0151983484e-04
2.0322423058e+00   5.5041163682e-04
2.0371275037e+00   6.3329926389e-04
2.0420127015e+00   5.5349123036e-04
2.0468978994e+00   3.8336364630e-04
2.0517830972e+00   3.1305869559e-04
2.0566682951e+00   8.2673106349e-05
2.0615534929e+00   2.1131822335e-05
2.0664386908e+00   9.0057220987e-05
2.0713238886e+00   6.9044752846e-05
2.0762090865e+00   4.2964498430e-06
2.0810942843e+00   6.1638966322e-05
2.0859794822e+00   6.4768861665e-05
2.0908646800e+00   8.9764352227e-05
2.0957498779e+00   2.8228028982e-06
2.1006350757e+00   4.0255998241e-05
2.1055202736e+00   4.6615389238e-05
2.1104054714e+00   2.1451880054e-04
2.1152906693e+00   2.2422188651e-04
2.1201758671e+00   2.8474784058e-04
2.1250610650e+00   2.8560835213e-04
2.1299462628e+00   2.2056654906e-04
2.1348314607e+00   2.1533551838e-04
2.1397166585e+00   4.3638706551e-05
2.1446018564e+00   4.2539126407e-05
2.1494870542e+00   4.1147214469e-05
2.1543722521e+00   7.3805552832e-06
2.1592574499e+00   1.3037448178e-04
2.1641426478e+00   1.2118096525e-04
2.1690278456e+00   1.1174360000e-04
2.1739130435e+00   1.5833292462e-04
2.1787982413e+00   1.4238043159e-04
2.1836834392e+00   1.2660156196e-04
2.1885686370e+00   1.1109173316e-04
2.1934538349e+00   9.0426043447e-05
2.1983390327e+00   7.6263269359e-05
2.2032242306e+00   6.2470115083e-05
2.2081094284e+00   4.9038428460e-05
2.2129946263e+00   2.4552785473e-05
2.2178798241e+00   1.8303448913e-05
2.2227650220e+00   1.2199691096e-05
2.2276502198e+00   6.2144817552e-06
2.2325354177e+00   1.6900699051e-05
2.2374206155e+00   6.0498170801e-06
2.2423058134e+00   2.8706013582e-06
2.2471910112e+00   2.7761327523e-07
2.2520762091e+00   3.4150736751e-06
2.2569614069e+00   6.4491421439e-05
2.2618466048e+00   7.6185580263e-05
2.2667318026e+00   8.8222407809e-05
2.2716170005e+00   1.0066998656e-04
2.2765021983e+00   1.4046796192e-04
2.2813873962e+00   1.5662728385e-04
2.2862725940e+00   1.7349561999e-04
2.2911577919e+00   1.3288151917e-04
2.2960429897e+00   1.4586122368e-04
2.3009281876e+00   2.5062170697e-05
2.3058133854e+00   2.6397915988e-05
2.3106985833e+00   4.8582606136e-05
2.3155837811e+00   1.7165063434e-04
2.3204689790e+00   1.8454072574e-04
2.3253541768e+00   3.2549422473e-04
2.3302393747e+00   3.4573095274e-04
2.3351245725e+00   3.3096296573e-04
2.3400097704e+00   1.2028407512e-04
2.3448949682e+00   5.4445579312e-05
2.3497801661e+00   1.1312414221e-04
2.3546653639e+00   3.6464440273e-04
2.3595505618e+00   4.0909665139e-04
2.3644357596e+00   2.3994072355e-04
2.3693209575e+00   9.0751812009e-05
2.3742061553e+00   7.9519773450e-05
2.3790913532e+00   1.7542572035e-04
2.3839765511e+00   1.8516989936e-04
2.3888617489e+00   3.3512405337e-05
2.3937469468e+00   1.0685284133e-04
2.3986321446e+00   1.0493955100e-04
2.4035173425e+00   2.3970184888e-04
2.4084025403e+00   6.3117561932e-04
2.4132877382e+00   9.6252704629e-04
2.4181729360e+00   8.4011817416e-04
2.4230581339e+00   8.8532369320e-05
2.4279433317e+00   2.8039987164e-04
2.4328285296e+00   1.6281114531e-03
2.4377137274e+00   2.3763150608e-03
2.4425989253e+00   2.1020890603e-03
2.4474841231e+00   5.6391832634e-04
2.4523693210e+00   1.1440170176e-05
2.4572545188e+00   2.5797880537e-04
2.4621397167e+00   5.9424042678e-04
2.4670249145e+00   5.1653093727e-04
2.4719101124e+00   2.7387617173e-04
2.4767953102e+00   1.8310733426e-05
2.4816805081e+00   1.8416790318e-04
2.4865657059e+00   1.6560797241e-04
2.4914509038e+00   1.8186386035e-04
2.4963361016e+00   1.9254403191e-04
2.5012212995e+00   2.2879179720e-04
2.5061064973e+00   2.8882996985e-04
2.5109916952e+00   3.1090087128e-04
2.5158768930e+00   2.1617528317e-04
2.5207620909e+00   1.8453190318e-04
2.5256472887e+00   1.3618798438e-04
2.5305324866e+00   7.9624963953e-04
2.5354176844e+00   1.1742384443e-03
2.5403028823e+00   1.0818508129e-03
2.5451880801e+00   5.4983711193e-04
2.5500732780e+00   1.2048305123e-04
2.5549584758e+00   4.3147894630e-04
2.5598436737e+00   9.1341526077e-04
2.5647288715e+00   9.7861185021e-04
2.5696140694e+00   9.4244454156e-04
2.5744992672e+00   6.4724635363e-04
2.5793844651e+00   6.2534343772e-04
2.5842696629e+00   1.9673805844e-05
2.5891548608e+00   1.5950802976e-05
2.5940400586e+00   1.0700502862e-05
2.5989252565e+00   6.0222916347e-06
2.6038104543e+00   5.4793841723e-04
2.6086956522e+00   5.3138053970e-04
2.6135808500e+00   5.1316736522e-04
2.6184660479e+00   4.9265202729e-04
2.6233512457e+00   6.6422610604e-04
2.6282364436e+00   6.2661295610e-04
2.6331216414e+00   5.8423579436e-04
2.6380068393e+00   4.6684552999e-04
2.6428920371e+00   4.2109840750e-04
2.6477772350e+00   1.3998483813e-04
2.6526624328e+00   1.1977146214e-04
2.6575476307e+00   1.4829493704e-06
2.6624328285e+00   1.1484507864e-04
2.6673180264e+00   8.9513938614e-05
2.6722032242e+00   1.3219909648e-04
2.6770884221e+00   8.1828513042e-05
2.6819736199e+00   2.9367553968e-05
2.6868588178e+00   1.6897747949e-05
2.6917440156e+00   4.0957362757e-05
2.6966292135e+00   6.3579954680e-05
2.7015144113e+00   6.0708025637e-06
2.7063996092e+00   5.6204809382e-06
2.7112848070e+00   5.9323752540e-06
2.7161700049e+00   1.4300616103e-04
2.7210552027e+00   1.5311097010e-04
2.7259404006e+00   2.1988097674e-04
2.7308255984e+00   2.2539993549e-04
2.7357107963e+00   1.8663426388e-04
2.7405959941e+00   1.8530801748e-04
2.7454811920e+00   1.8196515507e-04
2.7503663898e+00   3.4513288452e-05
2.7552515877e+00   3.1015866934e-05
2.7601367855e+00   2.7212982429e-05
2.7650219834e+00   3.1033737646e-05
2.7699071812e+00   7.7059281509e-05
2.7747923791e+00   7.0713626208e-05
2.7796775769e+00   6.4224003016e-05
2.7845627748e+00   5.7687575254e-05
2.7894479726e+00   1.3141924164e-04
2.7943331705e+00   1.2172885734e-04
2.7992183683e+00   1.1241490128e-04
2.8041035662e+00   1.0356248671e-04
2.8089887640e+00   9.5238342943e-05
2.8138739619e+00   8.9399433906e-05
2.8187591597e+00   8.2325070486e-05
2.8236443576e+00   7.5915144918e-05
2.8285295554e+00   7.0186740480e-05
2.8334147533e+00   6.5149932870e-05
2.8382999511e+00   6.0809411251e-05
2.8431851490e+00   3.3019909498e-07
2.8480703468e+00   3.1714493163e-06
2.8529555447e+00   6.4029699516e-06
2.8578407426e+00   9.3794402928e-06
2.8627259404e+00   1.2116987267e-05
2.8676111383e+00   1.0395295636e-04
2.8724963361e+00   8.1222375403e-05
2.8773815340e+00   8.6672387679e-05
2.8822667318e+00   9.2421005699e-05
2.8871519297e+00   9.8501817310e-05
2.8920371275e+00   2.2950454958e-05
2.8969223254e+00   2.4233781065e-05
2.9018075232e+00   2.5879934203e-05
2.9066927211e+00   8.0505569854e-05
2.9115779189e+00   8.6353619066e-05
2.9164631168e+00   9.2641479054e-05
2.9213483146e+00   3.5257809819e-05
2.9262335125e+00   3.7689903205e-05
2.9311187103e+00   1.8292937501e-04
2.9360039082e+00   1.9524080056e-04
2.9408891060e+00   2.7264640519e-04
2.9457743039e+00   4.8761729390e-05
2.9506595017e+00   5.4661729280e-05
2.9555446996e+00   1.1455541240e-04
2.9604298974e+00   9.7891262630e-05
2.9653150953e+00   1.2879156768e-04
2.9702002931e+00   3.7710964694e-04
2.9750854910e+00   2.6807552286e-04
2.9799706888e+00   1.7510091424e-05
2.9848558867e+00   8.9080647860e-06
2.9897410845e+00   1.6460117324e-04
2.9946262824e+00   4.5770019384e-04
2.9995114802e+00   4.9086243253e-04
3.0043966781e+00   3.7534680533e-04
3.0092818759e+00   4.7490118861e-04
3.0141670738e+00   6.5439036912e-04
3.0190522716e+00   6.4540707958e-04
3.0239374695e+00   4.5019310458e-04
3.0288226673e+00   7.0283279893e-04
3.0337078652e+00   1.3822595572e-03
3.0385930630e+00   1.7886294168e-03
3.0434782609e+00   1.4680940383e-03
3.0483634587e+00   7.4104156484e-05
3.0532486566e+00   2.1928655956e-05
3.0581338544e+00   1.6627927749e-03
3.0630190523e+00   2.3839390241e-03
3.0679042501e+00   1.6675741166e-03
3.0727894480e+00   6.7245729877e-04
3.0776746458e+00   2.1035553930e-05
3.0825598437e+00   3.5272119870e-04
3.0874450415e+00   4.5389845214e-04
3.0923302394e+00   4.8013610931e-04
3.0972154372e+00   5.3230593721e-04
3.1021006351e+00   6.4081830454e-04
3.1069858329e+00   7.8724634515e-04
3.1118710308e+00   9.3820993278e-04
3.1167562286e+00   1.0725096939e-03
3.1216414265e+00   1.1909310497e-03
3.1265266243e+00   1.3059064360e-03
3.1314118222e+00   1.4136553222e-03
3.1362970200e+00   1.4542901472e-03
3.1411822179e+00   1.2658820023e-03
3.1460674157e+00   6.1859808531e-04
3.1509526136e+00   6.1369300312e-04
3.1558378114e+00   1.2771021226e-03
3.1607230093e+00   1.4852376369e-03
3.1656082071e+00   1.2586825466e-03
3.1704934050e+00   6.4288874579e-04
3.1753786028e+00   3.2926297520e-04
3.1802638007e+00   7.0526006052e-04
3.1851489985e+00   6.5160830766e-04
3.1900341964e+00   9.8936014519e-04
3.1949193942e+00   9.3477965445e-04
3.1998045921e+00   9.1491399811e-04
3.2046897899e+00   8.7003845507e-04
3.2095749878e+00   8.2882090072e-04
3.2144601856e+00   5.0057551205e-04
3.2193453835e+00   4.6916602676e-04
3.2242305813e+00   4.3871264924e-04
3.2291157792e+00   4.0859242916e-04
3.2340009770e+00   3.7829490121e-04
3.2388861749e+00   3.2689379216e-05
3.2437713727e+00   4.2973223856e-05
3.2486565706e+00   2.9376720196e-05
3.2535417684e+00   1.7189827800e-05
3.2584269663e+00   3.2107514842e-04
3.2633121641e+00   2.7807444539e-04
3.2681973620e+00   3.1185473505e-04
3.2730825598e+00   2.5532818335e-04
3.2779677577e+00   1.4165664986e-04
3.2828529555e+00   9.8939735998e-05
3.2877381534e+00   2.6497482362e-05
3.2926233512e+00   3.0215304382e-05
3.2975085491e+00   3.6426810588e-05
3.3023937469e+00   2.7677909611e-05
3.3072789448e+00   4.2903405948e-05
3.3121641426e+00   9.5903752282e-05
3.3170493405e+00   1.1892025679e-04
3.3219345383e+00   1.3941053690e-04
3.3268197362e+00   1.5172004338e-04
3.3317049340e+00   7.3042412344e-05
3.3365901319e+00   6.9765515861e-05
3.3414753298e+00   5.4144891629e-05
3.3463605276e+00   1.1724544380e-05
3.3512457255e+00   2.1018623148e-05
3.3561309233e+00   1.1507525227e-04
3.3610161212e+00   1.0451654558e-04
3.3659013190e+00   9.2356125580e-05
3.3707865169e+00   1.1992564772e-04
3.3756717147e+00   1.0430900226e-04
3.3805569126e+00   8.7780092475e-05
3.3854421104e+00   1.6329500566e-05
3.3903273083e+00   5.4926781440e-07
3.3952125061e+00   1.5418824080e-05
3.4000977040e+00   3.1481530099e-05
3.4049829018e+00   1.7152861308e-04
3.4098680997e+00   1.8286558466e-04
3.4147532975e+00   1.9450235491e-04
3.4196384954e+00   2.0650409539e-04
3.4245236932e+00   2.1894090056e-04
3.4294088911e+00   2.5003871423e-04
3.4342940889e+00   1.6440292039e-04
3.4391792868e+00   1.8028137140e-04
3.4440644846e+00   1.9644304889e-04
3.4489496825e+00   2.1296090959e-04
3.4538348803e+00   2.2991547186e-04
3.4587200782e+00   2.4739420020e-04
3.4636052760e+00   2.1085324214e-04
3.4684904739e+00   2.2844545833e-04
3.4733756717e+00   2.4646079520e-04
3.4782608696e+00   2.6500149548e-04
3.4831460674e+00   2.8417543394e-04
3.4880312653e+00   3.1345591385e-04
3.4929164631e+00   3.3459656299e-04
3.4978016610e+00   3.5680014738e-04
3.5026868588e+00   3.8020206061e-04
3.5075720567e+00   5.1076064365e-04
3.5124572545e+00   5.4368312592e-04
3.5173424524e+00   5.7887490876e-04
3.5222276502e+00   7.3249591872e-04
3.5271128481e+00   6.9318395421e-04
3.5319980459e+00   7.3854336667e-04
3.5368832438e+00   6.1049896351e-04
3.5417684416e+00   6.5073353926e-04
3.5466536395e+00   6.4495222858e-04
3.5515388373e+00   6.8860682501e-04
3.5564240352e+00   8.5360885783e-04
3.5613092330e+00   9.1076913890e-04
3.5661944309e+00   1.2920003704e-03
3.5710796287e+00   1.3761411312e-03
3.5759648266e+00   1.1185331782e-03
3.5808500244e+00   1.0422700613e-03
3.5857352223e+00   1.1725297084e-03
3.5906204201e+00   1.5006935968e-03
3.5955056180e+00   1.7232972743e-03
3.6003908158e+00   1.6196748559e-03
3.6052760137e+00   1.5260596052e-03
3.6101612115e+00   1.6267106665e-03
3.6150464094e+00   1.8053387749e-03
3.6199316072e+00   1.8588139691e-03
3.6248168051e+00   1.8193315729e-03
3.6297020029e+00   1.9910756882e-03
3.6345872008e+00   2.2320074755e-03
3.6394723986e+00   2.2252505289e-03
3.6443575965e+00   1.5594979161e-03
3.6492427943e+00   9.5948426999e-04
3.6541279922e+00   1.4644060710e-03
3.6590131900e+00   2.1529235241e-03
3.6638983879e+00   2.0548828366e-03
3.6687835857e+00   8.2736388388e-04
3.6736687836e+00   1.0344190936e-03
3.6785539814e+00   1.2205016638e-03
3.6834391793e+00   7.5916255094e-04
3.6883243771e+00   1.0557620414e-03
3.6932095750e+00   1.5877570956e-03
3.6980947728e+00   2.1393536182e-03
3.7029799707e+00   2.6351706854e-03
3.7078651685e+00   3.0432958843e-03
3.7127503664e+00   3.3373868428e-03
3.7176355642e+00   3.4963419814e-03
3.7225207621e+00   3.5191825230e-03
3.7274059599e+00   3.4374639044e-03
3.7322911578e+00   3.3145585139e-03
3.7371763556e+00   3.2282976720e-03
3.7420615535e+00   3.2388179557e-03
3.7469467513e+00   3.3465482146e-03
3.7518319492e+00   3.4462442893e-03
3.7567171470e+00   3.2291845104e-03
3.7616023449e+00   2.4955401099e-03
3.7664875427e+00   1.9183214842e-03
3.7713727406e+00   2.0893096796e-03
3.7762579384e+00   2.3686600387e-03
3.7811431363e+00   2.2333190039e-03
3.7860283341e+00   1.7305938952e-03
3.7909135320e+00   9.7606877788e-04
3.7957987298e+00   8.7161639190e-04
3.8006839277e+00   7.3285367423e-04
3.8055691255e+00   1.1488331726e-03
3.8104543234e+00   1.0181106383e-03
3.8153395213e+00   1.1013120918e-03
3.8202247191e+00   9.9020964095e-04
3.8251099170e+00   8.8955156888e-04
3.8299951148e+00   6.9262242465e-04
3.8348803127e+00   6.1090310309e-04
3.8397655105e+00   5.3601756024e-04
3.8446507084e+00   4.6705218507e-04
3.8495359062e+00   4.0324610435e-04
3.8544211041e+00   4.4476452756e-06
3.8593063019e+00   3.2049124227e-05
3.8641914998e+00   6.2011672455e-05
3.8690766976e+00   2.1839861521e-04
3.8739618955e+00   1.0254087614e-05
3.8788470933e+00   3.0429786798e-05
3.8837322912e+00   1.0932361931e-04
3.8886174890e+00   7.4513164901e-05
3.8935026869e+00   4.5135149248e-05
3.8983878847e+00   1.7549491394e-05
3.9032730826e+00   5.7207991881e-05
3.9081582804e+00   5.4671758830e-05
3.9130434783e+00   5.8505669439e-05
3.9179286761e+00   2.1425876078e-05
3.9228138740e+00   1.1392425982e-05
3.9276990718e+00   1.1883405604e-05
3.9325842697e+00   2.6793098560e-06
3.9374694675e+00   1.6620867318e-05
3.9423546654e+00   2.8860181678e-07
3.9472398632e+00   5.7682369654e-05
3.9521250611e+00   8.5479661638e-05
3.9570102589e+00   2.5411764103e-04
3.9618954568e+00   2.9096466153e-04
3.9667806546e+00   3.2754514971e-04
3.9716658525e+00   4.1102968164e-04
3.9765510503e+00   3.1369227874e-04
3.9814362482e+00   3.4950835446e-04
3.9863214460e+00   3.8566773049e-04
3.9912066439e+00   3.2796799047e-04
3.9960918417e+00   3.6690709082e-04
4.0009770396e+00   4.0641534251e-04
4.0058622374e+00   4.4645588325e-04
4.0107474353e+00   4.9030700676e-04
4.0156326331e+00   5.3136515486e-04
4.0205178310e+00   5.7305502340e-04
4.0254030288e+00   6.1548869530e-04
4.0302882267e+00   6.5880623490e-04
4.0351734245e+00   7.8133663849e-04
4.0400586224e+00   8.2535544468e-04
4.0449438202e+00   8.7117221915e-04
4.0498290181e+00   9.1904524029e-04
4.0547142159e+00   9.6924596155e-04
4.0595994138e+00   1.0220585225e-03
4.0644846116e+00   1.1656348910e-03
4.0693698095e+00   1.1862353613e-03
4.0742550073e+00   1.2498615239e-03
4.0791402052e+00   1.3176801222e-03
4.0840254030e+00   1.3900385344e-03
4.0889106009e+00   1.4672918390e-03
4.0937957987e+00   1.4294699204e-03
4.0986809966e+00   1.5121630700e-03
4.1035661944e+00   1.6001096458e-03
4.1084513923e+00   1.6512645276e-03
4.1133365901e+00   1.7483900184e-03
4.1182217880e+00   1.8516209889e-03
4.1231069858e+00   2.0275456072e-03
4.1279921837e+00   2.1478112748e-03
4.1328773815e+00   2.4831652864e-03
4.1377625794e+00   2.6298383566e-03
4.1426477772e+00   2.8241911101e-03
4.1475329751e+00   2.7571396495e-03
4.1524181729e+00   2.9163442169e-03
4.1573033708e+00   2.9379643656e-03
4.1621885686e+00   3.1041243901e-03
4.1670737665e+00   3.3001228487e-03
4.1719589643e+00   3.6850560379e-03
4.1768441622e+00   4.0505047778e-03
4.1817293600e+00   4.0896246392e-03
4.1866145579e+00   4.0299663854e-03
4.1914997557e+00   4.1531150905e-03
4.1963849536e+00   4.4246985811e-03
4.2012701514e+00   4.7601141139e-03
4.2061553493e+00   4.8101002594e-03
4.2110405471e+00   4.7017210841e-03
4.2159257450e+00   4.7276689372e-03
4.2208109428e+00   4.7363346859e-03
4.2256961407e+00   4.4814419059e-03
4.2305813385e+00   4.0085287381e-03
4.2354665364e+00   3.8426477212e-03
4.2403517342e+00   3.8819921300e-03
4.2452369321e+00   3.5546174452e-03
4.2501221299e+00   2.4790995672e-03
4.2550073278e+00   5.0821374953e-04
4.2598925256e+00   3.7394829294e-04
4.2647777235e+00   1.4341942207e-06
4.2696629213e+00   4.4518964588e-04
4.2745481192e+00   1.9130078932e-03
4.2794333170e+00   4.3934121392e-03
4.2843185149e+00   5.9439478678e-03
4.2892037128e+00   6.9418807415e-03
4.2940889106e+00   7.2879005468e-03
4.2989741085e+00   7.8137029762e-03
4.3038593063e+00   8.3055323162e-03
4.3087445042e+00   8.6674270041e-03
4.3136297020e+00   8.8670816129e-03
4.3185148999e+00   8.9097066929e-03
4.3234000977e+00   8.8242285342e-03
4.3282852956e+00   8.6499419504e-03
4.3331704934e+00   8.4167733479e-03
4.3380556913e+00   8.1174268430e-03
4.3429408891e+00   7.6735384692e-03
4.3478260870e+00   6.8942720286e-03
4.3527112848e+00   5.9402681525e-03
4.3575964827e+00   5.6267336006e-03
4.3624816805e+00   5.5741473377e-03
4.3673668784e+00   5.1468253853e-03
4.3722520762e+00   4.3690548502e-03
4.3771372741e+00   3.2944920188e-03
4.3820224719e+00   2.8060978847e-03
4.3869076698e+00   2.9186822582e-03
4.3917928676e+00   2.7472377600e-03
4.3966780655e+00   2.3705789710e-03
4.4015632633e+00   1.9657169197e-03
4.4064484612e+00   1.6652536679e-03
4.4113336590e+00   1.0879339769e-03
4.4162188569e+00   8.6521747660e-04
4.4211040547e+00   6.7275616736e-04
4.4259892526e+00   3.0196162940e-04
4.4308744504e+00   3.7629512798e-04
4.4357596483e+00   2.6558480772e-04
4.4406448461e+00   1.7944227189e-04
4.4455300440e+00   1.1638466396e-04
4.4504152418e+00   7.4904676908e-05
4.4553004397e+00   3.1557929008e-04
4.4601856375e+00   3.0585168893e-04
4.4650708354e+00   3.1137033602e-04
4.4699560332e+00   3.3026206797e-04
4.4748412311e+00   3.6069697103e-04
4.4797264289e+00   4.3470714223e-04
4.4846116268e+00   4.7969779681e-04
4.4894968246e+00   5.3090594034e-04
4.4943820225e+00   4.8092030346e-04
4.4992672203e+00   5.5294204700e-04
4.5041524182e+00   4.7504420121e-04
4.5090376160e+00   5.8921856658e-04
4.5139228139e+00   6.9262527704e-04
4.5188080117e+00   8.7501124353e-04
4.5236932096e+00   9.4690256357e-04
4.5285784074e+00   1.0204291600e-03
4.5334636053e+00   1.0772943910e-03
4.5383488031e+00   1.1332278065e-03
4.5432340010e+00   1.1897740591e-03
4.5481191988e+00   1.3010232763e-03
4.5530043967e+00   1.3650949005e-03
4.5578895945e+00   1.4684825517e-03
4.5627747924e+00   1.4525728968e-03
4.5676599902e+00   1.4984294388e-03
4.5725451881e+00   1.5403553070e-03
4.5774303859e+00   1.4828359509e-03
4.5823155838e+00   1.5144243408e-03
4.5872007816e+00   1.5442149177e-03
4.5920859795e+00   1.5626177070e-03
4.5969711773e+00   1.5898878504e-03
4.6018563752e+00   1.6163495767e-03
4.6067415730e+00   1.6423270574e-03
4.6116267709e+00   1.7536787300e-03
4.6165119687e+00   1.7791224749e-03
4.6213971666e+00   1.8048910230e-03
4.6262823644e+00   1.8313624323e-03
4.6311675623e+00   1.8588957714e-03
4.6360527601e+00   2.0173208469e-03
4.6409379580e+00   2.0185065234e-03
4.6458231558e+00   2.0508588646e-03
4.6507083537e+00   2.0857820464e-03
4.6555935515e+00   2.1235619195e-03
4.6604787494e+00   2.1644515155e-03
4.6653639472e+00   2.2086697382e-03
4.6702491451e+00   2.1134771721e-03
4.6751343429e+00   2.1625205883e-03
4.6800195408e+00   2.2147273794e-03
4.6849047386e+00   2.2701481209e-03
4.6897899365e+00   2.2730315872e-03
4.6946751343e+00   2.3330841773e-03
4.6995603322e+00   2.3960396956e-03
4.7044455300e+00   2.5117463591e-03
4.7093307279e+00   2.5817477351e-03
4.7142159257e+00   2.6540880437e-03
4.7191011236e+00   2.9096424104e-03
4.7239863214e+00   2.9913159186e-03
4.7288715193e+00   3.1379830513e-03
4.7337567171e+00   3.0449578462e-03
4.7386419150e+00   3.1210545045e-03
4.7435271128e+00   3.0547937715e-03
4.7484123107e+00   3.1213777015e-03
4.7532975085e+00   3.1850937718e-03
4.7581827064e+00   3.2386813964e-03
4.7630679043e+00   3.4192512391e-03
4.7679531021e+00   3.5924473240e-03
4.7728383000e+00   3.5169967712e-03
4.7777234978e+00   3.3406863614e-03
4.7826086957e+00   3.2776359314e-03
4.7874938935e+00   3.2589425505e-03
4.7923790914e+00   3.1682734610e-03
4.7972642892e+00   2.9437389513e-03
4.8021494871e+00   2.7565380230e-03
4.8070346849e+00   2.6126461468e-03
4.8119198828e+00   2.3390590179e-03
4.8168050806e+00   1.7130497550e-03
4.8216902785e+00   8.7452728441e-04
4.8265754763e+00   5.4242862899e-04
4.8314606742e+00   7.4191244030e-05
4.8363458720e+00   2.0333649007e-05
4.8412310699e+00   6.3890385237e-04
4.8461162677e+00   1.0748539647e-03
4.8510014656e+00   2.2198931385e-03
4.8558866634e+00   4.1203434911e-03
4.8607718613e+00   4.8177542983e-03
4.8656570591e+00   4.2286432760e-03
4.8705422570e+00   4.3051061990e-03
4.8754274548e+00   4.9843436969e-03
4.8803126527e+00   6.0209443124e-03
4.8851978505e+00   6.5362028302e-03
4.8900830484e+00   6.1980194589e-03
4.8949682462e+00   5.8974291018e-03
4.8998534441e+00   5.8543786119e-03
4.9047386419e+00   5.7744475728e-03
4.9096238398e+00   5.4230851279e-03
4.9145090376e+00   4.9465547503e-03
4.9193942355e+00   4.6591180739e-03
4.9242794333e+00   4.3315379607e-03
4.9291646312e+00   3.7880921167e-03
4.9340498290e+00   2.9397716187e-03
4.9389350269e+00   2.1859904070e-03
4.9438202247e+00   1.9148230503e-03
4.9487054226e+00   1.7008155848e-03
4.9535906204e+00   1.2278384810e-03
4.9584758183e+00   5.1772053903e-04
4.9633610161e+00   2.9053833207e-04
4.9682462140e+00   6.2932883282e-04
4.9731314118e+00   6.5372196819e-04
4.9780166097e+00   8.9745192002e-04
4.9829018075e+00   1.2229476885e-03
4.9877870054e+00   1.5828971434e-03
4.9926722032e+00   1.8246796506e-03
4.9975574011e+00   2.2135649020e-03
5.0024425989e+00   2.3588838169e-03
5.0073277968e+00   2.5246839578e-03
5.0122129946e+00   2.4660374866e-03
5.0170981925e+00   2.5044766887e-03
5.0219833903e+00   2.4176718689e-03
5.0268685882e+00   2.3807227660e-03
5.0317537860e+00   2.3001791489e-03
5.0366389839e+00   2.1776517412e-03
5.0415241817e+00   2.0122818814e-03
5.0464093796e+00   1.8822914017e-03
5.0512945774e+00   1.6357720467e-03
5.0561797753e+00   1.3492402945e-03
5.0610649731e+00   1.1516723330e-03
5.0659501710e+00   7.5383141371e-04
5.0708353688e+00   3.6507271169e-04
5.0757205667e+00   5.4192150811e-05
5.0806057645e+00   5.0001472485e-04
5.0854909624e+00   1.1729663343e-03
5.0903761602e+00   1.6697359223e-03
5.0952613581e+00   2.1752923492e-03
5.1001465559e+00   2.6821167765e-03
5.1050317538e+00   3.1821609739e-03
5.1099169516e+00   3.7488682189e-03
5.1148021495e+00   4.2103095225e-03
5.1196873473e+00   4.6386266908e-03
5.1245725452e+00   5.0257676806e-03
5.1294577430e+00   5.2724565012e-03
5.1343429409e+00   5.5592007452e-03
5.1392281387e+00   5.7867966686e-03
5.1441133366e+00   5.7377869017e-03
5.1489985344e+00   5.8566488654e-03
5.1538837323e+00   5.8722303941e-03
5.1587689301e+00   6.0101660982e-03
5.1636541280e+00   5.9157607341e-03
5.1685393258e+00   5.8117609745e-03
5.1734245237e+00   5.5786014735e-03
5.1783097215e+00   5.2819104387e-03
5.1831949194e+00   4.9460661607e-03
5.1880801172e+00   4.5705419671e-03
5.1929653151e+00   4.1700966306e-03
5.1978505129e+00   3.7772714191e-03
5.2027357108e+00   3.3032774187e-03
5.2076209086e+00   2.8269252934e-03
5.2125061065e+00   2.2454975081e-03
5.2173913043e+00   1.7304844839e-03
5.2222765022e+00   1.1800894902e-03
5.2271617000e+00   6.5704768833e-04
5.2320468979e+00   1.3606173611e-04
5.2369320957e+00   3.1937344074e-04
5.2418172936e+00   8.2794065520e-04
5.2467024915e+00   1.3296409868e-03
5.2515876893e+00   1.6601886734e-03
5.2564728872e+00   2.1464586733e-03
5.2613580850e+00   2.6258285476e-03
5.2662432829e+00   3.0987033363e-03
5.2711284807e+00   3.5517416933e-03
5.2760136786e+00   4.1707375237e-03
5.2808988764e+00   4.6280189155e-03
5.2857840743e+00   5.0836188698e-03
5.2906692721e+00   5.5394578507e-03
5.2955544700e+00   5.9976116986e-03
5.3004396678e+00   6.5305696204e-03
5.3053248657e+00   6.9995993583e-03
5.3102100635e+00   7.4780607262e-03
5.3150952614e+00   7.9684077008e-03
5.3199804592e+00   8.4731194763e-03
5.3248656571e+00   8.9946786551e-03
5.3297508549e+00   9.5168083486e-03
5.3346360528e+00   1.0079222795e-02
5.3395212506e+00   1.0665616806e-02
5.3444064485e+00   1.1278216769e-02
5.3492916463e+00   1.1798797657e-02
5.3541768442e+00   1.2465881225e-02
5.3590620420e+00   1.3164205760e-02
5.3639472399e+00   1.3795031500e-02
5.3688324377e+00   1.4653530938e-02
5.3737176356e+00   1.5450995338e-02
5.3786028334e+00   1.6281604402e-02
5.3834880313e+00   1.7302519778e-02
5.3883732291e+00   1.8200272965e-02
5.3932584270e+00   1.9156587488e-02
5.3981436248e+00   2.0100049651e-02
5.4030288227e+00   2.0942921738e-02
5.4079140205e+00   2.1896888875e-02
5.4127992184e+00   2.2593568426e-02
5.4176844162e+00   2.3523645759e-02
5.4225696141e+00   2.4643423528e-02
5.4274548119e+00   2.5533249578e-02
5.4323400098e+00   2.6173190976e-02
5.4372252076e+00   2.6565335630e-02
5.4421104055e+00   2.6894732367e-02
5.4469956033e+00   2.7180240440e-02
5.4518808012e+00   2.7128970910e-02
5.4567659990e+00   2.6646475949e-02
5.4616511969e+00   2.5803215936e-02
5.4665363947e+00   2.4682798674e-02
5.4714215926e+00   2.2961589824e-02
5.4763067904e+00   2.0383861081e-02
5.4811919883e+00   1.7257945975e-02
5.4860771861e+00   1.3814425391e-02
5.4909623840e+00   1.0339692221e-02
5.4958475818e+00   5.7289042381e-03
5.5007327797e+00   9.2677560683e-04
5.5056179775e+00   5.4419484407e-03
5.5105031754e+00   1.2053381709e-02
5.5153883732e+00   1.8092809699e-02
5.5202735711e+00   2.3279637520e-02
5.5251587689e+00   2.8066890035e-02
5.5300439668e+00   3.3784698021e-02
5.5349291646e+00   3.9503346250e-02
5.5398143625e+00   4.3682001088e-02
5.5446995603e+00   4.6416023854e-02
5.5495847582e+00   4.8168217861e-02
5.5544699560e+00   4.9521585836e-02
5.5593551539e+00   5.0231989041e-02
5.5642403517e+00   5.0133196051e-02
5.5691255496e+00   4.9068454865e-02
5.5740107474e+00   4.7306326501e-02
5.5788959453e+00   4.5147322874e-02
5.5837811431e+00   4.2841284991e-02
5.5886663410e+00   3.9948394220e-02
5.5935515388e+00   3.6495240871e-02
5.5984367367e+00   3.3141948058e-02
5.6033219345e+00   3.0057258539e-02
5.6082071324e+00   2.7323632133e-02
5.6130923302e+00   2.4416380491e-02
5.6179775281e+00   2.1129386545e-02
5.6228627259e+00   1.8103650299e-02
5.6277479238e+00   1.5551054379e-02
5.6326331216e+00   1.3433662834e-02
5.6375183195e+00   1.1543374257e-02
5.6424035173e+00   9.4649848949e-03
5.6472887152e+00   7.7018080073e-03
5.6521739130e+00   5.8899996913e-03
5.6570591109e+00   4.5492122232e-03
5.6619443087e+00   3.3357137117e-03
5.6668295066e+00   2.3711448689e-03
5.6717147044e+00   1.6521897093e-03
5.6765999023e+00   1.0227878545e-03
5.6814851001e+00   7.2908235803e-04
5.6863702980e+00   4.0535287514e-04
5.6912554958e+00   2.2825200968e-04
5.6961406937e+00   2.2625019251e-04
5.7010258915e+00   1.5856530037e-04
5.7059110894e+00   3.7123753650e-04
5.7107962872e+00   6.9621968963e-04
5.7156814851e+00   1.0153714486e-03
5.7205666830e+00   1.5316226104e-03
5.7254518808e+00   2.1296815830e-03
5.7303370787e+00   2.7979480163e-03
5.7352222765e+00   3.5238604302e-03
5.7401074744e+00   4.3083738307e-03
5.7449926722e+00   5.1090352985e-03
5.7498778701e+00   5.9244589311e-03
5.7547630679e+00   6.7391014646e-03
5.7596482658e+00   7.5372137341e-03
5.7645334636e+00   8.3031577957e-03
5.7694186615e+00   9.1939964342e-03
5.7743038593e+00   9.8459123774e-03
5.7791890572e+00   1.0420933768e-02
5.7840742550e+00   1.1050280211e-02
5.7889594529e+00   1.1339062607e-02
5.7938446507e+00   1.1616468651e-02
5.7987298486e+00   1.1782263189e-02
5.8036150464e+00   1.1714889921e-02
5.8085002443e+00   1.1670002733e-02
5.8133854421e+00   1.1497255702e-02
5.8182706400e+00   1.1234506438e-02
5.8231558378e+00   1.0890018712e-02
5.8280410357e+00   1.0413914544e-02
5.8329262335e+00   9.8443075090e-03
5.8378114314e+00   9.1739510095e-03
5.8426966292e+00   8.4294066760e-03
5.8475818271e+00   7.6835442525e-03
5.8524670249e+00   6.8466554567e-03
5.8573522228e+00   6.0120424701e-03
5.8622374206e+00   5.1032910153e-03
5.8671226185e+00   4.1674847570e-03
5.8720078163e+00   3.1964405157e-03
5.8768930142e+00   2.2269101362e-03
5.8817782120e+00   1.2506248418e-03
5.8866634099e+00   1.6283365254e-04
5.8915486077e+00   8.1621423469e-04
5.8964338056e+00   1.7895277599e-03
5.9013190034e+00   2.7551616260e-03
5.9062042013e+00   3.7949490965e-03
5.9110893991e+00   4.6578412609e-03
5.9159745970e+00   5.5966022290e-03
5.9208597948e+00   6.5275436376e-03
5.9257449927e+00   7.4521426970e-03
5.9306301905e+00   8.3723340899e-03
5.9355153884e+00   9.1765478444e-03
5.9404005862e+00   1.0095461466e-02
5.9452857841e+00   1.1017584252e-02
5.9501709819e+00   1.1945888689e-02
5.9550561798e+00   1.2883452425e-02
5.9599413776e+00   1.3833387922e-02
5.9648265755e+00   1.4777909147e-02
5.9697117733e+00   1.5761329919e-02
5.9745969712e+00   1.6765852141e-02
5.9794821690e+00   1.7793954585e-02
5.9843673669e+00   1.8927494570e-02
5.9892525647e+00   2.0010395377e-02
5.9941377626e+00   2.1121709334e-02
5.9990229604e+00   2.2440474525e-02
6.0039081583e+00   2.3600218366e-02
6.0087933561e+00   2.4798094202e-02
6.0136785540e+00   2.6017920462e-02
6.0185637518e+00   2.7051199300e-02
6.0234489497e+00   2.8291451426e-02
6.0283341475e+00   2.9446270514e-02
6.0332193454e+00   3.0671422263e-02
6.0381045432e+00   3.1912686644e-02
6.0429897411e+00   3.3060673138e-02
6.0478749389e+00   3.4308413346e-02
6.0527601368e+00   3.5275925828e-02
6.0576453346e+00   3.6182168789e-02
6.0625305325e+00   3.6699979460e-02
6.0674157303e+00   3.7020645366e-02
6.0723009282e+00   3.7186550642e-02
6.0771861260e+00   3.7084297595e-02
6.0820713239e+00   3.6546818536e-02
6.0869565217e+00   3.5465692688e-02
6.0918417196e+00   3.3922341971e-02
6.0967269174e+00   3.1858059692e-02
6.1016121153e+00   2.9076424086e-02
6.1064973131e+00   2.5344530221e-02
6.1113825110e+00   2.0965045604e-02
6.1162677088e+00   1.6351792527e-02
6.1211529067e+00   1.0720456486e-02
6.1260381045e+00   4.8791392227e-03
6.1309233024e+00   1.9159076048e-03
6.1358085002e+00   9.1578255571e-03
6.1406936981e+00   1.6707859007e-02
6.1455788959e+00   2.5009842550e-02
6.1504640938e+00   3.3380947383e-02
6.1553492916e+00   4.0312788078e-02
6.1602344895e+00   4.6172269731e-02
6.1651196873e+00   5.1998747383e-02
6.1700048852e+00   5.7526877406e-02
6.1748900830e+00   6.2413749107e-02
6.1797752809e+00   6.5496506408e-02
6.1846604787e+00   6.6851479700e-02
6.1895456766e+00   6.7532954533e-02
6.1944308745e+00   6.7455382893e-02
6.1993160723e+00   6.6429849955e-02
6.2042012702e+00   6.4371116480e-02
6.2090864680e+00   6.1597471447e-02
6.2139716659e+00   5.8411905629e-02
6.2188568637e+00   5.4748485871e-02
6.2237420616e+00   5.0579149383e-02
6.2286272594e+00   4.5940670765e-02
6.2335124573e+00   4.1550392259e-02
6.2383976551e+00   3.7589834938e-02
6.2432828530e+00   3.3496504949e-02
6.2481680508e+00   2.9295389080e-02
6.2530532487e+00   2.5053222973e-02
6.2579384465e+00   2.1160313897e-02
6.2628236444e+00   1.7907408088e-02
6.2677088422e+00   1.4936804038e-02
6.2725940401e+00   1.1998241460e-02
6.2774792379e+00   9.3630703442e-03
6.2823644358e+00   6.9809905417e-03
6.2872496336e+00   4.7694766398e-03
6.2921348315e+00   2.9468127255e-03
6.2970200293e+00   1.2411913676e-03
6.3019052272e+00   2.9727836989e-05
6.3067904250e+00   1.0736924744e-03
6.3116756229e+00   1.7819317934e-03
6.3165608207e+00   2.3783247537e-03
6.3214460186e+00   2.7269390630e-03
6.3263312164e+00   2.8896001109e-03
6.3312164143e+00   2.8570228707e-03
6.3361016121e+00   2.6067489345e-03
6.3409868100e+00   2.2057346131e-03
6.3458720078e+00   1.5743407341e-03
6.3507572057e+00   7.8920105407e-04
6.3556424035e+00   2.3428042825e-04
6.3605276014e+00   1.3763228652e-03
6.3654127992e+00   2.7316282477e-03
6.3702979971e+00   4.1690903626e-03
6.3751831949e+00   5.7262342005e-03
6.3800683928e+00   7.3944064929e-03
6.3849535906e+00   9.1287586751e-03
6.3898387885e+00   1.0912419245e-02
6.3947239863e+00   1.2584875654e-02
6.3996091842e+00   1.4357913758e-02
6.4044943820e+00   1.6080187511e-02
6.4093795799e+00   1.7713607351e-02
6.4142647777e+00   1.8941536443e-02
6.4191499756e+00   2.0343209106e-02
6.4240351734e+00   2.1468106904e-02
6.4289203713e+00   2.2354683590e-02
6.4338055691e+00   2.2971552484e-02
6.4386907670e+00   2.3635082674e-02
6.4435759648e+00   2.3633789219e-02
6.4484611627e+00   2.3298683395e-02
6.4533463605e+00   2.2724082774e-02
6.4582315584e+00   2.1707405298e-02
6.4631167562e+00   2.0277241868e-02
6.4680019541e+00   1.8640789961e-02
6.4728871519e+00   1.6539259335e-02
6.4777723498e+00   1.4413446220e-02
6.4826575476e+00   1.2045980373e-02
6.4875427455e+00   9.6323811228e-03
6.4924279433e+00   6.9653738268e-03
6.4973131412e+00   4.2091941187e-03
6.5021983390e+00   1.3642636106e-03
6.5070835369e+00   1.5113356871e-03
6.5119687347e+00   4.3757165784e-03
6.5168539326e+00   7.1468978892e-03
6.5217391304e+00   9.9142616963e-03
6.5266243283e+00   1.2512845232e-02
6.5315095261e+00   1.5177449422e-02
6.5363947240e+00   1.7708399654e-02
6.5412799218e+00   2.0295688624e-02
6.5461651197e+00   2.2650967360e-02
6.5510503175e+00   2.4960325722e-02
6.5559355154e+00   2.7142743118e-02
6.5608207132e+00   2.9182609148e-02
6.5657059111e+00   3.1226697965e-02
6.5705911089e+00   3.3219586951e-02
6.5754763068e+00   3.5010146291e-02
6.5803615046e+00   3.6948722750e-02
6.5852467025e+00   3.8880758999e-02
6.5901319003e+00   4.0801656269e-02
6.5950170982e+00   4.2908557625e-02
6.5999022960e+00   4.4914241524e-02
6.6047874939e+00   4.6981038903e-02
6.6096726917e+00   4.9127033999e-02
6.6145578896e+00   5.1428762196e-02
6.6194430874e+00   5.3786108030e-02
6.6243282853e+00   5.6279741984e-02
6.6292134831e+00   5.8929734856e-02
6.6340986810e+00   6.1756869676e-02
6.6389838788e+00   6.4772612201e-02
6.6438690767e+00   6.8020358869e-02
6.6487542745e+00   7.1513194197e-02
6.6536394724e+00   7.5276207343e-02
6.6585246702e+00   7.9336002673e-02
6.6634098681e+00   8.3720901480e-02
6.6682950660e+00   8.8403436515e-02
6.6731802638e+00   9.3531131996e-02
6.6780654617e+00   9.9080938750e-02
6.6829506595e+00   1.0509031294e-01
6.6878358574e+00   1.1159962732e-01
6.6927210552e+00   1.1865244852e-01
6.6976062531e+00   1.2623951975e-01
6.7024914509e+00   1.3456833740e-01
6.7073766488e+00   1.4354857015e-01
6.7122618466e+00   1.5328430811e-01
6.7171470445e+00   1.6383954579e-01
6.7220322423e+00   1.7538020556e-01
6.7269174402e+00   1.8779339896e-01
6.7318026380e+00   2.0124976944e-01
6.7366878359e+00   2.1586254906e-01
6.7415730337e+00   2.3166953854e-01
6.7464582316e+00   2.4879361729e-01
6.7513434294e+00   2.6725463196e-01
6.7562286273e+00   2.8731996701e-01
6.7611138251e+00   3.0879243021e-01
6.7659990230e+00   3.3223879281e-01
6.7708842208e+00   3.5755737148e-01
6.7757694187e+00   3.8514764402e-01
6.7806546165e+00   4.1458567578e-01
6.7855398144e+00   4.4637700601e-01
6.7904250122e+00   4.8035637693e-01
6.7953102101e+00   5.1667458808e-01
6.8001954079e+00   5.5521857151e-01
6.8050806058e+00   5.9632134368e-01
6.8099658036e+00   6.4024475102e-01
6.8148510015e+00   6.8653476797e-01
6.8197361993e+00   7.3473120126e-01
6.8246213972e+00   7.8454685669e-01
6.8295065950e+00   8.3566961550e-01
6.8343917929e+00   8.8793524699e-01
6.8392769907e+00   9.4034077492e-01
6.8441621886e+00   9.9142541631e-01
6.8490473864e+00   1.0400120243e+00
6.8539325843e+00   1.0847398268e+00
6.8588177821e+00   1.1236188882e+00
6.8637029800e+00   1.1538660074e+00
6.8685881778e+00   1.1730357995e+00
6.8734733757e+00   1.1788490652e+00
6.8783585735e+00   1.1688430658e+00
6.8832437714e+00   1.1399566249e+00
6.8881289692e+00   1.0873264373e+00
6.8930141671e+00   1.0086780031e+00
6.8978993649e+00   9.0441707525e-01
6.9027845628e+00   7.7399321051e-01
6.9076697606e+00   6.1602734527e-01
6.9125549585e+00   4.3121376983e-01
6.9174401563e+00   2.2195199225e-01
6.9223253542e+00   7.9724240626e-03
6.9272105520e+00   2.5368617073e-01
6.9320957499e+00   5.0948778584e-01
6.9369809477e+00   7.6908376272e-01
6.9418661456e+00   1.0258170866e+00
6.9467513434e+00   1.2729066809e+00
6.9516365413e+00   1.5036764541e+00
6.9565217391e+00   1.7118073900e+00
6.9614069370e+00   1.8919283372e+00
6.9662921348e+00   2.0397487127e+00
6.9711773327e+00   2.1523118960e+00
6.9760625305e+00   2.2281913060e+00
6.9809477284e+00   2.2671227777e+00
6.9858329262e+00   2.2704738216e+00
6.9907181241e+00   2.2418719476e+00
6.9956033219e+00   2.1849976528e+00
7.0004885198e+00   2.1041100264e+00
7.0053737176e+00   2.0026362061e+00
7.0102589155e+00   1.8849810917e+00
7.0151441133e+00   1.7565977961e+00
7.0200293112e+00   1.6212539191e+00
7.0249145090e+00   1.4818780578e+00
7.0297997069e+00   1.3409222662e+00
7.0346849047e+00   1.2009826240e+00
7.0395701026e+00   1.0626071207e+00
7.0444553004e+00   9.2737000327e-01
7.0493404983e+00   7.9637984706e-01
7.0542256961e+00   6.6911205961e-01
7.0591108940e+00   5.4691083053e-01
7.0639960918e+00   4.2973850642e-01
7.0688812897e+00   3.1743929487e-01
7.0737664875e+00   2.1113107422e-01
7.0786516854e+00   1.1063110598e-01
7.0835368832e+00   1.6439221892e-02
7.0884220811e+00   7.0933716535e-02
7.0933072789e+00   1.5142467457e-01
7.0981924768e+00   2.2413022208e-01
7.1030776746e+00   2.8923888557e-01
7.1079628725e+00   3.4606223124e-01
7.1128480703e+00   3.9447526851e-01
7.1177332682e+00   4.3400528464e-01
7.1226184660e+00   4.6482330919e-01
7.1275036639e+00   4.8701929630e-01
7.1323888617e+00   5.0088353875e-01
7.1372740596e+00   5.0682040111e-01
7.1421592574e+00   5.0543318577e-01
7.1470444553e+00   4.9719850362e-01
7.1519296532e+00   4.8295675166e-01
7.1568148510e+00   4.6323647876e-01
7.1617000489e+00   4.3907822317e-01
7.1665852467e+00   4.1105659268e-01
7.1714704446e+00   3.8018704790e-01
7.1763556424e+00   3.4706071270e-01
7.1812408403e+00   3.1238158848e-01
7.1861260381e+00   2.7683354505e-01
7.1910112360e+00   2.4075859556e-01
7.1958964338e+00   2.0470983472e-01
7.2007816317e+00   1.6921115950e-01
7.2056668295e+00   1.3425361724e-01
7.2105520274e+00   1.0027264297e-01
7.2154372252e+00   6.7418372715e-02
7.2203224231e+00   3.5688226760e-02
7.2252076209e+00   5.3965822331e-03
7.2300928188e+00   2.3563044244e-02
7.2349780166e+00   5.1205707306e-02
7.2398632145e+00   7.7606135673e-02
7.2447484123e+00   1.0277552005e-01
7.2496336102e+00   1.2683747899e-01
7.2545188080e+00   1.4989964692e-01
7.2594040059e+00   1.7208161855e-01
7.2642892037e+00   1.9349903844e-01
7.2691744016e+00   2.1431324955e-01
7.2740595994e+00   2.3464753178e-01
7.2789447973e+00   2.5464159434e-01
7.2838299951e+00   2.7443549734e-01
7.2887151930e+00   2.9416846794e-01
7.2936003908e+00   3.1397361247e-01
7.2984855887e+00   3.3399940658e-01
7.3033707865e+00   3.5436814086e-01
7.3082559844e+00   3.7520763683e-01
7.3131411822e+00   3.9664122056e-01
7.3180263801e+00   4.1878700825e-01
7.3229115779e+00   4.4176707676e-01
7.3277967758e+00   4.6564398913e-01
7.3326819736e+00   4.9056643169e-01
7.3375671715e+00   5.1660063524e-01
7.3424523693e+00   5.4382044351e-01
7.3473375672e+00   5.7228462356e-01
7.3522227650e+00   6.0203351363e-01
7.3571079629e+00   6.3303886892e-01
7.3619931607e+00   6.6537816093e-01
7.3668783586e+00   6.9896691425e-01
7.3717635564e+00   7.3372171704e-01
7.3766487543e+00   7.6950712034e-01
7.3815339521e+00   8.0614084729e-01
7.3864191500e+00   8.4336244789e-01
7.3913043478e+00   8.8091938237e-01
7.3961895457e+00   9.1822574909e-01
7.4010747435e+00   9.5482852339e-01
7.4059599414e+00   9.9023145265e-01
7.4108451392e+00   1.0233309181e+00
7.4157303371e+00   1.0534646571e+00
7.4206155349e+00   1.0793397874e+00
7.4255007328e+00   1.1001842305e+00
7.4303859306e+00   1.1144302690e+00
7.4352711285e+00   1.1208310374e+00
7.4401563263e+00   1.1179291171e+00
7.4450415242e+00   1.1043280125e+00
7.4499267220e+00   1.0780796088e+00
7.4548119199e+00   1.0375698930e+00
7.4596971177e+00   9.8199306894e-01
7.4645823156e+00   9.1040905844e-01
7.4694675134e+00   8.2205198629e-01
7.4743527113e+00   7.1623477621e-01
7.4792379091e+00   5.9249162224e-01
7.4841231070e+00   4.5154593516e-01
7.4890083048e+00   2.9473394961e-01
7.4938935027e+00   1.2340779733e-01
7.4987787005e+00   6.0682336375e-02
7.5036638984e+00   2.5548864801e-01
7.5085490962e+00   4.5791494171e-01
7.5134342941e+00   6.6443506964e-01
7.5183194919e+00   8.7169173443e-01
7.5232046898e+00   1.0761803154e+00
7.5280898876e+00   1.2734895747e+00
7.5329750855e+00   1.4581137770e+00
7.5378602833e+00   1.6260420803e+00
7.5427454812e+00   1.7743700851e+00
7.5476306790e+00   1.8998936679e+00
7.5525158769e+00   1.9996392977e+00
7.5574010747e+00   2.0678158619e+00
7.5622862726e+00   2.1052684979e+00
7.5671714704e+00   2.1114305380e+00
7.5720566683e+00   2.0872992561e+00
7.5769418661e+00   2.0351070119e+00
7.5818270640e+00   1.9572553672e+00
7.5867122618e+00   1.8581029051e+00
7.5915974597e+00   1.7419777172e+00
7.5964826575e+00   1.6129821510e+00
7.6013678554e+00   1.4749702661e+00
7.6062530532e+00   1.3322148591e+00
7.6111382511e+00   1.1884107990e+00
7.6160234489e+00   1.0464927023e+00
7.6209086468e+00   9.0891380005e-01
7.6257938447e+00   7.7766114871e-01
7.6306790425e+00   6.5424347245e-01
7.6355642404e+00   5.3968661740e-01
7.6404494382e+00   4.3452988180e-01
7.6453346361e+00   3.3878344352e-01
7.6502198339e+00   2.5332102304e-01
7.6551050318e+00   1.7907861980e-01
7.6599902296e+00   1.1510698324e-01
7.6648754275e+00   6.0632829651e-02
7.6697606253e+00   1.5509698782e-02
7.6746458232e+00   1.9490425005e-02
7.6795310210e+00   4.5844148613e-02
7.6844162189e+00   6.2131858386e-02
7.6893014167e+00   6.9667144123e-02
7.6941866146e+00   6.7916713028e-02
7.6990718124e+00   5.8910599705e-02
7.7039570103e+00   4.2341854854e-02
7.7088422081e+00   1.8530165784e-02
7.7137274060e+00   1.1305758584e-02
7.7186126038e+00   4.6519039925e-02
7.7234978017e+00   8.6604247207e-02
7.7283829995e+00   1.3002340137e-01
7.7332681974e+00   1.7676771753e-01
7.7381533952e+00   2.2519774807e-01
7.7430385931e+00   2.7487480683e-01
7.7479237909e+00   3.2425599153e-01
7.7528089888e+00   3.7232567862e-01
7.7576941866e+00   4.1836833224e-01
7.7625793845e+00   4.6177177335e-01
7.7674645823e+00   5.0192324781e-01
7.7723497802e+00   5.3814395338e-01
7.7772349780e+00   5.7004363899e-01
7.7821201759e+00   5.9747169305e-01
7.7870053737e+00   6.2037806010e-01
7.7918905716e+00   6.3853559568e-01
7.7967757694e+00   6.5221194172e-01
7.8016609673e+00   6.6136154643e-01
7.8065461651e+00   6.6664821298e-01
7.8114313630e+00   6.6815399696e-01
7.8163165608e+00   6.6652564162e-01
7.8212017587e+00   6.6208987846e-01
7.8260869565e+00   6.5527997725e-01
7.8309721544e+00   6.4668648386e-01
7.8358573522e+00   6.3650034403e-01
7.8407425501e+00   6.2539981856e-01
7.8456277479e+00   6.1349699276e-01
7.8505129458e+00   6.0142156216e-01
7.8553981436e+00   5.8935513023e-01
7.8602833415e+00   5.7784059537e-01
7.8651685393e+00   5.6704677744e-01
7.8700537372e+00   5.5721409381e-01
7.8749389350e+00   5.4860177180e-01
7.8798241329e+00   5.4138989202e-01
7.8847093307e+00   5.3576777882e-01
7.8895945286e+00   5.3185222971e-01
7.8944797264e+00   5.2979884826e-01
7.8993649243e+00   5.2971502254e-01
7.9042501221e+00   5.3171927714e-01
7.9091353200e+00   5.3591257371e-01
7.9140205178e+00   5.4238091504e-01
7.9189057157e+00   5.5128839278e-01
7.9237909135e+00   5.6260745975e-01
7.9286761114e+00   5.7647608686e-01
7.9335613092e+00   5.9304167667e-01
7.9384465071e+00   6.1229655853e-01
7.9433317049e+00   6.3439038741e-01
7.9482169028e+00   6.5941612556e-01
7.9531021006e+00   6.8751328070e-01
7.9579872985e+00   7.1866029409e-01
7.9628724963e+00   7.5322743427e-01
7.9677576942e+00   7.9110543177e-01
7.9726428920e+00   8.3276174763e-01
7.9775280899e+00   8.7800614599e-01
7.9824132877e+00   9.2724385380e-01
7.9872984856e+00   9.8023115841e-01
7.9921836834e+00   1.0372783316e+00
7.9970688813e+00   1.0982635548e+00
8.0019540791e+00   1.1632403850e+00
8.0068392770e+00   1.2326121072e+00
8.0117244748e+00   1.3062808560e+00
8.0166096727e+00   1.3837042827e+00
8.0214948705e+00   1.4646876118e+00
8.0263800684e+00   1.5489743971e+00
8.0312652662e+00   1.6362794300e+00
8.0361504641e+00   1.7259516751e+00
8.0410356619e+00   1.8170430210e+00
8.0459208598e+00   1.9086968647e+00
8.0508060576e+00   2.0000166195e+00
8.0556912555e+00   2.0898969499e+00
8.0605764533e+00   2.1762020382e+00
8.0654616512e+00   2.2571528391e+00
8.0703468490e+00   2.3319755314e+00
8.0752320469e+00   2.3993901971e+00
8.0801172447e+00   2.4581750177e+00
8.0850024426e+00   2.5057125861e+00
8.0898876404e+00   2.5400137125e+00
8.0947728383e+00   2.5618703458e+00
8.0996580362e+00   2.5717949913e+00
8.1045432340e+00   2.5700079453e+00
8.1094284319e+00   2.5565102711e+00
8.1143136297e+00   2.5310988673e+00
8.1191988276e+00   2.4961607929e+00
8.1240840254e+00   2.4545600868e+00
8.1289692233e+00   2.4080090256e+00
8.1338544211e+00   2.3584264288e+00
8.1387396190e+00   2.3077175716e+00
8.1436248168e+00   2.2575887396e+00
8.1485100147e+00   2.2093945298e+00
8.1533952125e+00   2.1642471757e+00
8.1582804104e+00   2.1227370967e+00
8.1631656082e+00   2.0849297242e+00
8.1680508061e+00   2.0497728873e+00
8.1729360039e+00   2.0158736572e+00
8.1778212018e+00   1.9814434627e+00
8.1827063996e+00   1.9450510819e+00
8.1875915975e+00   1.9043406099e+00
8.1924767953e+00   1.8557715611e+00
8.1973619932e+00   1.7965013402e+00
8.2022471910e+00   1.7240008001e+00
8.2071323889e+00   1.6364375270e+00
8.2120175867e+00   1.5325867984e+00
8.2169027846e+00   1.4111677461e+00
8.2217879824e+00   1.2716699064e+00
8.2266731803e+00   1.1152373440e+00
8.2315583781e+00   9.4331115729e-01
8.2364435760e+00   7.5805583385e-01
8.2413287738e+00   5.6248902391e-01
8.2462139717e+00   3.5925792068e-01
8.2510991695e+00   1.5211257732e-01
8.2559843674e+00   5.6118118734e-02
8.2608695652e+00   2.6252954859e-01
8.2657547631e+00   4.6426618467e-01
8.2706399609e+00   6.5963360570e-01
8.2755251588e+00   8.4657057853e-01
8.2804103566e+00   1.0236734939e+00
8.2852955545e+00   1.1897953945e+00
8.2901807523e+00   1.3444537632e+00
8.2950659502e+00   1.4871040566e+00
8.2999511480e+00   1.6175358825e+00
8.3048363459e+00   1.7357115776e+00
8.3097215437e+00   1.8417221278e+00
8.3146067416e+00   1.9357499921e+00
8.3194919394e+00   2.0180820888e+00
8.3243771373e+00   2.0889155842e+00
8.3292623351e+00   2.1485998236e+00
8.3341475330e+00   2.1974543194e+00
8.3390327308e+00   2.2359745730e+00
8.3439179287e+00   2.2641466704e+00
8.3488031265e+00   2.2824924813e+00
8.3536883244e+00   2.2914461198e+00
8.3585735222e+00   2.2911289854e+00
8.3634587201e+00   2.2822162878e+00
8.3683439179e+00   2.2650384135e+00
8.3732291158e+00   2.2400085722e+00
8.3781143136e+00   2.2077538010e+00
8.3829995115e+00   2.1687530774e+00
8.3878847093e+00   2.1235931292e+00
8.3927699072e+00   2.0728954392e+00
8.3976551050e+00   2.0173219074e+00
8.4025403029e+00   1.9575148217e+00
8.4074255007e+00   1.8942818974e+00
8.4123106986e+00   1.8282938564e+00
8.4171958964e+00   1.7602748539e+00
8.4220810943e+00   1.6910386913e+00
8.4269662921e+00   1.6210691734e+00
8.4318514900e+00   1.5511155325e+00
8.4367366878e+00   1.4818442409e+00
8.4416218857e+00   1.4137223708e+00
8.4465070835e+00   1.3473152626e+00
8.4513922814e+00   1.2830834878e+00
8.4562774792e+00   1.2213955060e+00
8.4611626771e+00   1.1626656756e+00
8.4660478749e+00   1.1071491667e+00
8.4709330728e+00   1.0550812688e+00
8.4758182706e+00   1.0066469440e+00
8.4807034685e+00   9.6185548770e-01
8.4855886663e+00   9.2106374625e-01
8.4904738642e+00   8.8420357929e-01
8.4953590620e+00   8.5130542916e-01
8.5002442599e+00   8.2237394765e-01
8.5051294577e+00   7.9739296911e-01
8.5100146556e+00   7.7627211138e-01
8.5148998534e+00   7.5919483067e-01
8.5197850513e+00   7.4582867278e-01
8.5246702491e+00   7.3622819718e-01
8.5295554470e+00   7.3033536709e-01
8.5344406448e+00   7.2820067058e-01
8.5393258427e+00   7.2955690247e-01
8.5442110405e+00   7.3445980990e-01
8.5490962384e+00   7.4287189281e-01
8.5539814362e+00   7.5474023419e-01
8.5588666341e+00   7.7003850210e-01
8.5637518319e+00   7.8862943010e-01
8.5686370298e+00   8.1070436535e-01
8.5735222277e+00   8.3597123605e-01
8.5784074255e+00   8.6477945954e-01
8.5832926234e+00   8.9684766352e-01
8.5881778212e+00   9.3237413548e-01
8.5930630191e+00   9.7094236769e-01
8.5979482169e+00   1.0127316277e+00
8.6028334148e+00   1.0575340572e+00
8.6077186126e+00   1.1052336171e+00
8.6126038105e+00   1.1557877493e+00
8.6174890083e+00   1.2088031660e+00
8.6223742062e+00   1.2642645955e+00
8.6272594040e+00   1.3218253258e+00
8.6321446019e+00   1.3808775170e+00
8.6370297997e+00   1.4409481669e+00
8.6419149976e+00   1.5015513698e+00
8.6468001954e+00   1.5620530791e+00
8.6516853933e+00   1.6214286096e+00
8.6565705911e+00   1.6787161571e+00
8.6614557890e+00   1.7333266285e+00
8.6663409868e+00   1.7839155265e+00
8.6712261847e+00   1.8296504240e+00
8.6761113825e+00   1.8695860980e+00
8.6809965804e+00   1.9022388194e+00
8.6858817782e+00   1.9276932260e+00
8.6907669761e+00   1.9435220574e+00
8.6956521739e+00   1.9499796144e+00
8.7005373718e+00   1.9455004397e+00
8.7054225696e+00   1.9314533172e+00
8.7103077675e+00   1.9081934601e+00
8.7151929653e+00   1.8761310165e+00
8.7200781632e+00   1.8352951516e+00
8.7249633610e+00   1.7860921761e+00
8.7298485589e+00   1.7306192170e+00
8.7347337567e+00   1.6708928401e+00
8.7396189546e+00   1.6082579141e+00
8.7445041524e+00   1.5440999576e+00
8.7493893503e+00   1.4797331780e+00
8.7542745481e+00   1.4170736641e+00
8.7591597460e+00   1.3578409085e+00
8.7640449438e+00   1.3031857997e+00
8.7689301417e+00   1.2541660763e+00
8.7738153395e+00   1.2120127102e+00
8.7787005374e+00   1.1779071719e+00
8.7835857352e+00   1.1522946641e+00
8.7884709331e+00   1.1353909896e+00
8.7933561309e+00   1.1274574133e+00
8.7982413288e+00   1.1286828214e+00
8.8031265266e+00   1.1394951683e+00
8.8080117245e+00   1.1594574354e+00
8.8128969223e+00   1.1874883380e+00
8.8177821202e+00   1.2227873070e+00
8.8226673180e+00   1.2645016044e+00
8.8275525159e+00   1.3108701695e+00
8.8324377137e+00   1.3605030732e+00
8.8373229116e+00   1.4108884350e+00
8.8422081094e+00   1.4596796501e+00
8.8470933073e+00   1.5035499208e+00
8.8519785051e+00   1.5394270167e+00
8.8568637030e+00   1.5636486134e+00
8.8617489008e+00   1.5727326043e+00
8.8666340987e+00   1.5632519395e+00
8.8715192965e+00   1.5321066477e+00
8.8764044944e+00   1.4768898255e+00
8.8812896922e+00   1.3959098775e+00
8.8861748901e+00   1.2885566275e+00
8.8910600879e+00   1.1552453277e+00
8.8959452858e+00   9.9751491472e-01
8.9008304836e+00   8.1787474395e-01
8.9057156815e+00   6.1963965967e-01
8.9106008793e+00   4.0666320411e-01
8.9154860772e+00   1.8307974948e-01
8.9203712750e+00   4.6936823915e-02
8.9252564729e+00   2.7946522407e-01
8.9301416707e+00   5.1078637490e-01
8.9350268686e+00   7.3777997760e-01
8.9399120664e+00   9.5760446825e-01
8.9447972643e+00   1.1682649252e+00
8.9496824621e+00   1.3678142759e+00
8.9545676600e+00   1.5550960154e+00
8.9594528578e+00   1.7289854121e+00
8.9643380557e+00   1.8887179219e+00
8.9692232535e+00   2.0337023501e+00
8.9741084514e+00   2.1635176154e+00
8.9789936492e+00   2.2781097659e+00
8.9838788471e+00   2.3767326141e+00
8.9887640449e+00   2.4594663521e+00
8.9936492428e+00   2.5265243074e+00
8.9985344406e+00   2.5770831331e+00
9.0034196385e+00   2.6118760247e+00
9.0083048363e+00   2.6305111006e+00
9.0131900342e+00   2.6340275543e+00
9.0180752320e+00   2.6223707876e+00
9.0229604299e+00   2.5962604060e+00
9.0278456277e+00   2.5564423188e+00
9.0327308256e+00   2.5034626451e+00
9.0376160234e+00   2.4386940080e+00
9.0425012213e+00   2.3627381067e+00
9.0473864191e+00   2.2769072225e+00
9.0522716170e+00   2.1828373724e+00
9.0571568149e+00   2.0817955416e+00
9.0620420127e+00   1.9750600251e+00
9.0669272106e+00   1.8639636765e+00
9.0718124084e+00   1.7499500530e+00
9.0766976063e+00   1.6343168489e+00
9.0815828041e+00   1.5181229870e+00
9.0864680020e+00   1.4025391424e+00
9.0913531998e+00   1.2884807812e+00
9.0962383977e+00   1.1767262785e+00
9.1011235955e+00   1.0681574323e+00
9.1060087934e+00   9.6306886507e-01
9.1108939912e+00   8.6233376229e-01
9.1157791891e+00   7.6606429082e-01
9.1206643869e+00   6.7469804273e-01
9.1255495848e+00   5.8794060678e-01
9.1304347826e+00   5.0610819943e-01
9.1353199805e+00   4.2900089969e-01
9.1402051783e+00   3.5658505968e-01
9.1450903762e+00   2.8865956393e-01
9.1499755740e+00   2.2507948864e-01
9.1548607719e+00   1.6555995821e-01
9.1597459697e+00   1.0972727852e-01
9.1646311676e+00   5.7485840607e-02
9.1695163654e+00   8.4173321323e-03
9.1744015633e+00   3.7799494809e-02
9.1792867611e+00   8.1520056086e-02
9.1841719590e+00   1.2296643161e-01
9.1890571568e+00   1.6258921166e-01
9.1939423547e+00   2.0066235686e-01
9.1988275525e+00   2.3750431041e-01
9.2037127504e+00   2.7341646470e-01
9.2085979482e+00   3.0873737588e-01
9.2134831461e+00   3.4375089797e-01
9.2183683439e+00   3.7875492134e-01
9.2232535418e+00   4.1404671053e-01
9.2281387396e+00   4.4991049068e-01
9.2330239375e+00   4.8663743091e-01
9.2379091353e+00   5.2451477191e-01
9.2427943332e+00   5.6379871888e-01
9.2476795310e+00   6.0483450350e-01
9.2525647289e+00   6.4788702831e-01
9.2574499267e+00   6.9325016783e-01
9.2623351246e+00   7.4112971708e-01
9.2672203224e+00   7.9202095842e-01
9.2721055203e+00   8.4611192390e-01
9.2769907181e+00   9.0373094366e-01
9.2818759160e+00   9.6533477862e-01
9.2867611138e+00   1.0309678848e+00
9.2916463117e+00   1.1010754391e+00
9.2965315095e+00   1.1760374077e+00
9.3014167074e+00   1.2560230097e+00
9.3063019052e+00   1.3413233140e+00
9.3111871031e+00   1.4323127535e+00
9.3160723009e+00   1.5289332149e+00
9.3209574988e+00   1.6318115543e+00
9.3258426966e+00   1.7407551027e+00
9.3307278945e+00   1.8562158690e+00
9.3356130923e+00   1.9777676187e+00
9.3404982902e+00   2.1050502003e+00
9.3453834880e+00   2.2376829460e+00
9.3502686859e+00   2.3752739620e+00
9.3551538837e+00   2.5174772431e+00
9.3600390816e+00   2.6630909331e+00
9.3649242794e+00   2.8104065204e+00
9.3698094773e+00   2.9578547241e+00
9.3746946751e+00   3.1036100327e+00
9.3795798730e+00   3.2457334255e+00
9.3844650708e+00   3.3815272243e+00
9.3893502687e+00   3.5078421956e+00
9.3942354665e+00   3.6217445397e+00
9.3991206644e+00   3.7202959308e+00
9.4040058622e+00   3.8001848863e+00
9.4088910601e+00   3.8573250327e+00
9.4137762579e+00   3.8886627861e+00
9.4186614558e+00   3.8923939559e+00
9.4235466536e+00   3.8667460973e+00
9.4284318515e+00   3.8105054987e+00
9.4333170493e+00   3.7202066742e+00
9.4382022472e+00   3.5953031390e+00
9.4430874450e+00   3.4399295800e+00
9.4479726429e+00   3.2554954270e+00
9.4528578407e+00   3.0438895927e+00
9.4577430386e+00   2.8083247129e+00
9.4626282364e+00   2.5528446520e+00
9.4675134343e+00   2.2819398480e+00
9.4723986321e+00   2.0002351743e+00
9.4772838300e+00   1.7122493480e+00
9.4821690278e+00   1.4222199987e+00
9.4870542257e+00   1.1339829253e+00
9.4919394235e+00   8.5089321512e-01
9.4968246214e+00   5.7577755850e-01
9.5017098192e+00   3.1090982547e-01
9.5065950171e+00   5.8004318108e-02
9.5114802149e+00   1.8177725096e-01
9.5163654128e+00   4.0780812186e-01
9.5212506106e+00   6.1997137722e-01
9.5261358085e+00   8.1870969316e-01
9.5310210064e+00   1.0040739857e+00
9.5359062042e+00   1.1752621626e+00
9.5407914021e+00   1.3328421090e+00
9.5456765999e+00   1.4784567558e+00
9.5505617978e+00   1.6125854243e+00
9.5554469956e+00   1.7356824423e+00
9.5603321935e+00   1.8472911547e+00
9.5652173913e+00   1.9486062191e+00
9.5701025892e+00   2.0390674153e+00
9.5749877870e+00   2.1200169534e+00
9.5798729849e+00   2.1908988197e+00
9.5847581827e+00   2.2526666227e+00
9.5896433806e+00   2.3050790356e+00
9.5945285784e+00   2.3482295535e+00
9.5994137763e+00   2.3822976047e+00
9.6042989741e+00   2.4073711112e+00
9.6091841720e+00   2.4235884157e+00
9.6140693698e+00   2.4313727376e+00
9.6189545677e+00   2.4304096430e+00
9.6238397655e+00   2.4212232998e+00
9.6287249634e+00   2.4044417078e+00
9.6336101612e+00   2.3797018416e+00
9.6384953591e+00   2.3479140964e+00
9.6433805569e+00   2.3092409005e+00
9.6482657548e+00   2.2647408639e+00
9.6531509526e+00   2.2146527024e+00
9.6580361505e+00   2.1596950275e+00
9.6629213483e+00   2.1004676328e+00
9.6678065462e+00   2.0375434655e+00
9.6726917440e+00   1.9716282058e+00
9.6775769419e+00   1.9033258255e+00
9.6824621397e+00   1.8332971612e+00
9.6873473376e+00   1.7622445935e+00
9.6922325354e+00   1.6906539751e+00
9.6971177333e+00   1.6191892495e+00
9.7020029311e+00   1.5482282801e+00
9.7068881290e+00   1.4783081795e+00
9.7117733268e+00   1.4098542192e+00
9.7166585247e+00   1.3431481989e+00
9.7215437225e+00   1.2787257079e+00
9.7264289204e+00   1.2166485665e+00
9.7313141182e+00   1.1574718376e+00
9.7361993161e+00   1.1011590888e+00
9.7410845139e+00   1.0479240493e+00
9.7459697118e+00   9.9803139177e-01
9.7508549096e+00   9.5128183301e-01
9.7557401075e+00   9.0788002159e-01
9.7606253053e+00   8.6789580076e-01
9.7655105032e+00   8.3126373679e-01
9.7703957010e+00   7.9801390578e-01
9.7752808989e+00   7.6812247292e-01
9.7801660967e+00   7.4151026236e-01
9.7850512946e+00   7.1822199117e-01
9.7899364924e+00   6.9816206167e-01
9.7948216903e+00   6.8127762944e-01
9.7997068881e+00   6.6751549194e-01
9.8045920860e+00   6.5673147353e-01
9.8094772838e+00   6.4906716509e-01
9.8143624817e+00   6.4438430506e-01
9.8192476795e+00   6.4264854823e-01
9.8241328774e+00   6.4383423726e-01
9.8290180752e+00   6.4792558858e-01
9.8339032731e+00   6.5490230061e-01
9.8387884709e+00   6.6488091522e-01
9.8436736688e+00   6.7770803159e-01
9.8485588666e+00   6.9349473311e-01
9.8534440645e+00   7.1228663484e-01
9.8583292623e+00   7.3414297918e-01
9.8632144602e+00   7.5913673227e-01
9.8680996580e+00   7.8740938928e-01
9.8729848559e+00   8.1895407676e-01
9.8778700537e+00   8.5393608058e-01
9.8827552516e+00   8.9248041325e-01
9.8876404494e+00   9.3471457762e-01
9.8925256473e+00   9.8080082008e-01
9.8974108451e+00   1.0308843367e+00
9.9022960430e+00   1.0850156270e+00
9.9071812408e+00   1.1435635864e+00
9.9120664387e+00   1.2065862453e+00
9.9169516365e+00   1.2741114921e+00
9.9218368344e+00   1.3466097168e+00
9.9267220322e+00   1.4239123549e+00
9.9316072301e+00   1.5063876173e+00
9.9364924279e+00   1.5937252447e+00
9.9413776258e+00   1.6861672498e+00
9.9462628236e+00   1.7835572498e+00
9.9511480215e+00   1.8856971059e+00
9.9560332193e+00   1.9922872653e+00
9.9609184172e+00   2.1035286726e+00
9.9658036150e+00   2.2190476736e+00
9.9706888129e+00   2.3377281147e+00
9.9755740107e+00   2.4588081081e+00
9.9804592086e+00   2.5813979943e+00
9.9853444064e+00   2.7047575837e+00
9.9902296043e+00   2.8279116458e+00
9.9951148021e+00   2.9490752753e+00
1.0000000000e+01   3.0660823389e+00
1.0000000000e+01   3.0660823389e+00
