X    Y
0.0000000000e+00   2.0000000000e-01
1.0000000000e-04   2.0000005400e-01
1.1000000000e-03   2.0000652812e-01
1.1100000000e-02   2.0065959061e-01
2.6740273705e-02   2.0378776868e-01
4.2380547410e-02   2.0943500212e-01
5.8020821114e-02   2.1757630161e-01
7.3661094819e-02   2.2822338369e-01
8.9301368524e-02   2.4142296824e-01
1.0494164223e-01   2.5725296334e-01
1.2058191593e-01   2.7581626081e-01
1.3622218964e-01   2.9723156168e-01
1.5186246334e-01   3.2162033547e-01
1.6750273705e-01   3.4908871652e-01
1.8314301075e-01   3.7970290892e-01
1.9878328446e-01   4.1345662149e-01
2.1442355816e-01   4.5022937581e-01
2.1452355816e-01   4.5047369668e-01
2.1552355816e-01   4.5292307106e-01
2.2552355816e-01   4.7801062835e-01
2.4116383187e-01   5.1916344112e-01
2.4126383187e-01   5.1943292448e-01
2.4226383187e-01   5.2213157797e-01
2.4236383187e-01   5.2240182031e-01
2.4336383187e-01   5.2510792536e-01
2.5900410557e-01   5.6811822327e-01
2.7464437928e-01   6.1162051468e-01
2.7474437928e-01   6.1189733546e-01
2.7574437928e-01   6.1466338142e-01
2.9138465298e-01   6.5708491161e-01
2.9148465298e-01   6.5734896826e-01
2.9248465298e-01   6.5998298125e-01
3.0812492669e-01   6.9923704072e-01
3.0822492669e-01   6.9947382970e-01
3.0922492669e-01   7.0183005047e-01
3.1922492669e-01   7.2410633549e-01
3.3486520039e-01   7.5321670292e-01
3.3496520039e-01   7.5337644616e-01
3.3596520039e-01   7.5495373741e-01
3.5160547410e-01   7.7448799271e-01
3.6724574780e-01   7.8321746467e-01
3.6734574780e-01   7.8323563226e-01
3.6834574780e-01   7.8339023776e-01
3.8398602151e-01   7.7931000334e-01
3.9962629521e-01   7.6301384879e-01
4.1526656891e-01   7.3522911448e-01
4.1536656891e-01   7.3501751907e-01
4.1636656891e-01   7.3287929489e-01
4.2636656891e-01   7.0938135005e-01
4.4200684262e-01   6.6598860608e-01
4.4210684262e-01   6.6568944854e-01
4.4310684262e-01   6.6268476601e-01
4.5310684262e-01   6.3146696408e-01
4.5320684262e-01   6.3114531808e-01
4.5420684262e-01   6.2791994067e-01
4.6420684262e-01   5.9491180188e-01
4.7984711632e-01   5.4169308709e-01
4.7994711632e-01   5.4135073285e-01
4.8094711632e-01   5.3792750337e-01
4.8104711632e-01   5.3758522379e-01
4.8204711632e-01   5.3416307136e-01
4.9768739003e-01   4.8116335197e-01
5.1332766373e-01   4.3032708714e-01
5.1342766373e-01   4.3001216655e-01
5.1442766373e-01   4.2687100530e-01
5.3006793744e-01   3.7983158857e-01
5.3016793744e-01   3.7954445448e-01
5.3116793744e-01   3.7668322960e-01
5.4680821114e-01   3.3442862542e-01
5.4690821114e-01   3.3417406207e-01
5.4790821114e-01   3.3163960983e-01
5.5790821114e-01   3.0742460547e-01
5.7354848485e-01   2.7371682085e-01
5.8918875855e-01   2.4504942549e-01
5.8928875855e-01   2.4488199650e-01
5.9028875855e-01   2.4321860304e-01
6.0028875855e-01   2.2765936899e-01
6.1592903226e-01   2.0709684727e-01
6.3156930596e-01   1.9083305296e-01
6.4720957967e-01   1.7850548800e-01
6.6284985337e-01   1.6976106195e-01
6.7849012708e-01   1.6427760517e-01
6.9413040078e-01   1.6177763909e-01
7.0977067449e-01   1.6203634368e-01
7.2541094819e-01   1.6488536176e-01
7.4105122190e-01   1.7021373655e-01
7.5669149560e-01   1.7796693491e-01
7.7233176931e-01   1.8814458228e-01
7.8797204301e-01   2.0079722683e-01
8.0361231672e-01   2.1602215163e-01
8.1925259042e-01   2.3395794836e-01
8.3489286413e-01   2.5477723558e-01
8.5053313783e-01   2.7867653266e-01
8.6617341153e-01   3.0586187505e-01
8.6627341153e-01   3.0604669738e-01
8.6727341153e-01   3.0790276536e-01
8.7727341153e-01   3.2725721652e-01
8.9291368524e-01   3.6049208927e-01
9.0855395894e-01   3.9742756540e-01
9.2419423265e-01   4.3805049447e-01
9.2429423265e-01   4.3832179488e-01
9.2529423265e-01   4.4104268540e-01
9.3529423265e-01   4.6902137339e-01
9.5093450635e-01   5.1536224972e-01
9.5103450635e-01   5.1566757025e-01
9.5203450635e-01   5.1872645818e-01
9.6203450635e-01   5.4983276137e-01
9.6213450635e-01   5.5014807019e-01
9.6313450635e-01   5.5330518605e-01
9.7313450635e-01   5.8521098792e-01
9.8877478006e-01   6.3563683566e-01
9.8887478006e-01   6.3595827674e-01
9.8987478006e-01   6.3917045493e-01
9.8997478006e-01   6.3949143753e-01
9.9097478006e-01   6.4269870021e-01
1.0066150538e+00   6.9182927756e-01
1.0067150538e+00   6.9213444196e-01
1.0077150538e+00   6.9517781268e-01
1.0078150538e+00   6.9548130735e-01
1.0088150538e+00   6.9850756492e-01
1.0244553275e+00   7.4326405242e-01
1.0245553275e+00   7.4353140743e-01
1.0255553275e+00   7.4618949954e-01
1.0411956012e+00   7.8354656675e-01
1.0568358749e+00   8.1099186027e-01
1.0569358749e+00   8.1112955523e-01
1.0570358749e+00   8.1126673555e-01
1.0726761486e+00   8.2602483452e-01
1.0883164223e+00   8.2637691851e-01
1.0884164223e+00   8.2633050567e-01
1.0894164223e+00   8.2583201838e-01
1.1050566960e+00   8.0995437932e-01
1.1206969697e+00   7.7953124769e-01
1.1207969697e+00   7.7929335386e-01
1.1217969697e+00   7.7688585805e-01
1.1317969697e+00   7.5009363626e-01
1.1474372434e+00   6.9964164153e-01
1.1630775171e+00   6.4161216479e-01
1.1631775171e+00   6.4122404680e-01
1.1641775171e+00   6.3733362961e-01
1.1741775171e+00   5.9767985852e-01
1.1742775171e+00   5.9727800609e-01
1.1752775171e+00   5.9325536028e-01
1.1852775171e+00   5.5277499106e-01
1.1853775171e+00   5.5236926251e-01
1.1863775171e+00   5.4831244425e-01
1.2020177908e+00   4.8545000269e-01
1.2021177908e+00   4.8505431287e-01
1.2031177908e+00   4.8110350044e-01
1.2032177908e+00   4.8070903913e-01
1.2042177908e+00   4.7677082169e-01
1.2198580645e+00   4.1702375984e-01
1.2354983382e+00   3.6173383391e-01
1.2355983382e+00   3.6139705785e-01
1.2365983382e+00   3.5804164549e-01
1.2522386119e+00   3.0858839954e-01
1.2523386119e+00   3.0829100254e-01
1.2533386119e+00   3.0533041269e-01
1.2689788856e+00   2.6221250077e-01
1.2690788856e+00   2.6195611140e-01
1.2700788856e+00   2.5940564997e-01
1.2800788856e+00   2.3523477311e-01
1.2957191593e+00   2.0216852901e-01
1.3113594330e+00   1.7455113991e-01
1.3269997067e+00   1.5191271561e-01
1.3426399804e+00   1.3373785370e-01
1.3582802542e+00   1.1951086851e-01
1.3739205279e+00   1.0874622169e-01
1.3895608016e+00   1.0100744326e-01
1.4052010753e+00   9.5917552542e-02
1.4208413490e+00   9.3163522284e-02
1.4364816227e+00   9.2496821567e-02
1.4521218964e+00   9.3731599028e-02
1.4677621701e+00   9.6741658203e-02
1.4834024438e+00   1.0145703897e-01
1.4990427175e+00   1.0786074806e-01
1.5146829912e+00   1.1598596595e-01
1.5303232649e+00   1.2591388275e-01
1.5459635386e+00   1.3777216439e-01
1.5616038123e+00   1.5173390442e-01
1.5772440860e+00   1.6801675390e-01
1.5928843597e+00   1.8688171603e-01
1.6085246334e+00   2.0863081340e-01
1.6241649071e+00   2.3360244637e-01
1.6242649071e+00   2.3377325362e-01
1.6252649071e+00   2.3548941392e-01
1.6352649071e+00   2.5347997949e-01
1.6509051808e+00   2.8481700389e-01
1.6665454545e+00   3.2038453489e-01
1.6666454545e+00   3.2062631106e-01
1.6676454545e+00   3.2305437111e-01
1.6776454545e+00   3.4838001974e-01
1.6932857283e+00   3.9190871046e-01
1.7089260020e+00   4.4032365981e-01
1.7245662757e+00   4.9352164304e-01
1.7246662757e+00   4.9387640257e-01
1.7256662757e+00   4.9743375869e-01
1.7356662757e+00   5.3394140898e-01
1.7513065494e+00   5.9395971561e-01
1.7514065494e+00   5.9435258080e-01
1.7524065494e+00   5.9828630358e-01
1.7624065494e+00   6.3802642744e-01
1.7625065494e+00   6.3842649956e-01
1.7635065494e+00   6.4242892352e-01
1.7735065494e+00   6.8248744986e-01
1.7891468231e+00   7.4390263768e-01
1.7892468231e+00   7.4428464416e-01
1.7902468231e+00   7.4809433432e-01
1.8002468231e+00   7.8494366761e-01
1.8158870968e+00   8.3608277383e-01
1.8315273705e+00   8.7546044818e-01
1.8316273705e+00   8.7566508785e-01
1.8317273705e+00   8.7586907219e-01
1.8473676442e+00   8.9909047372e-01
1.8474676442e+00   8.9917984416e-01
1.8475676442e+00   8.9926842303e-01
1.8632079179e+00   9.0302370126e-01
1.8633079179e+00   9.0298140930e-01
1.8643079179e+00   9.0251131411e-01
1.8743079179e+00   8.9308592915e-01
1.8899481916e+00   8.6149829325e-01
1.8900481916e+00   8.6123326057e-01
1.8910481916e+00   8.5854094498e-01
1.9010481916e+00   8.2759837385e-01
1.9166884653e+00   7.6640397493e-01
1.9167884653e+00   7.6597037114e-01
1.9177884653e+00   7.6160862112e-01
1.9277884653e+00   7.1568708160e-01
1.9434287390e+00   6.3780328546e-01
1.9590690127e+00   5.5673114147e-01
1.9591690127e+00   5.5621188079e-01
1.9601690127e+00   5.5102176235e-01
1.9701690127e+00   4.9955327897e-01
1.9702690127e+00   4.9904416253e-01
1.9712690127e+00   4.9396069048e-01
1.9812690127e+00   4.4403874522e-01
1.9813690127e+00   4.4354913158e-01
1.9823690127e+00   4.3866468289e-01
1.9824690127e+00   4.3817741898e-01
1.9834690127e+00   4.3331679912e-01
1.9991092864e+00   3.6048132034e-01
1.9992092864e+00   3.6003667253e-01
2.0002092864e+00   3.5560593446e-01
2.0158495601e+00   2.9019512000e-01
2.0159495601e+00   2.8980116485e-01
2.0169495601e+00   2.8587894081e-01
2.0325898338e+00   2.2866169497e-01
2.0482301075e+00   1.7913053544e-01
2.0483301075e+00   1.7883789009e-01
2.0493301075e+00   1.7592784501e-01
2.0593301075e+00   1.4843629298e-01
2.0749703812e+00   1.1098844708e-01
2.0906106549e+00   7.9640390976e-02
2.1062509286e+00   5.3575589549e-02
2.1063509286e+00   5.3424162834e-02
2.1073509286e+00   5.1919883816e-02
2.1173509286e+00   3.7833654030e-02
2.1329912023e+00   1.8931273306e-02
2.1486314761e+00   3.2078192140e-03
2.1642717498e+00   -9.9951869386e-03
2.1799120235e+00   -2.1259802437e-02
2.1955522972e+00   -3.1094590137e-02
2.2111925709e+00   -3.9941559063e-02
2.2268328446e+00   -4.8185332315e-02
2.2424731183e+00   -5.6163324346e-02
2.2581133920e+00   -6.4176138906e-02
2.2737536657e+00   -7.2497712362e-02
2.2893939394e+00   -8.1384946950e-02
2.3050342131e+00   -9.1086722786e-02
2.3206744868e+00   -1.0185226037e-01
2.3363147605e+00   -1.1393883568e-01
2.3519550342e+00   -1.2761883127e-01
2.3675953079e+00   -1.4318603669e-01
2.3832355816e+00   -1.6096097913e-01
2.3988758553e+00   -1.8129485272e-01
2.4145161290e+00   -2.0457129195e-01
2.4301564027e+00   -2.3120476195e-01
2.4302564027e+00   -2.3138678461e-01
2.4312564027e+00   -2.3321556863e-01
2.4412564027e+00   -2.5238305975e-01
2.4568966764e+00   -2.8577741708e-01
2.4569966764e+00   -2.8600512410e-01
2.4579966764e+00   -2.8829246087e-01
2.4679966764e+00   -3.1221462961e-01
2.4836369501e+00   -3.5363273180e-01
2.4992772239e+00   -4.0020933675e-01
2.4993772239e+00   -4.0052418493e-01
2.5003772239e+00   -4.0368466389e-01
2.5103772239e+00   -4.3648847066e-01
2.5260174976e+00   -4.9209029622e-01
2.5416577713e+00   -5.5253017235e-01
2.5417577713e+00   -5.5293042953e-01
2.5427577713e+00   -5.5694174355e-01
2.5527577713e+00   -5.9785145943e-01
2.5528577713e+00   -5.9826708683e-01
2.5538577713e+00   -6.0242953301e-01
2.5638577713e+00   -6.4456127587e-01
2.5639577713e+00   -6.4498616031e-01
2.5649577713e+00   -6.4923760367e-01
2.5749577713e+00   -6.9186573871e-01
2.5750577713e+00   -6.9229163397e-01
2.5751577713e+00   -6.9271749396e-01
2.5907980450e+00   -7.5829058086e-01
2.6064383187e+00   -8.1914059714e-01
2.6065383187e+00   -8.1950496296e-01
2.6075383187e+00   -8.2312753748e-01
2.6076383187e+00   -8.2348765837e-01
2.6086383187e+00   -8.2706700724e-01
2.6242785924e+00   -8.7693364754e-01
2.6243785924e+00   -8.7720978586e-01
2.6244785924e+00   -8.7748531358e-01
2.6401188661e+00   -9.1227018449e-01
2.6402188661e+00   -9.1243465363e-01
2.6403188661e+00   -9.1259832936e-01
2.6559591398e+00   -9.2785462954e-01
2.6560591398e+00   -9.2788286926e-01
2.6570591398e+00   -9.2811492580e-01
2.6670591398e+00   -9.2532620437e-01
2.6826994135e+00   -9.0217367005e-01
2.6827994135e+00   -9.0195317059e-01
2.6837994135e+00   -8.9969897922e-01
2.6937994135e+00   -8.7238716039e-01
2.7094396872e+00   -8.1399507488e-01
2.7095396872e+00   -8.1356801420e-01
2.7105396872e+00   -8.0926390179e-01
2.7205396872e+00   -7.6316102805e-01
2.7352449251e+00   -6.8753004344e-01
2.7508851988e+00   -6.0147746420e-01
2.7509851988e+00   -6.0091955605e-01
2.7519851988e+00   -5.9533894232e-01
2.7619851988e+00   -5.3961111732e-01
2.7620851988e+00   -5.3905658255e-01
2.7630851988e+00   -5.3351630591e-01
2.7730851988e+00   -4.7880708535e-01
2.7731851988e+00   -4.7826796518e-01
2.7741851988e+00   -4.7288706649e-01
2.7841851988e+00   -4.2024865224e-01
2.7842851988e+00   -4.1973420014e-01
2.7852851988e+00   -4.1460384436e-01
2.7853851988e+00   -4.1409223678e-01
2.7863851988e+00   -4.0899063768e-01
2.8020254725e+00   -3.3293922934e-01
2.8021254725e+00   -3.3247717231e-01
2.8031254725e+00   -3.2787439867e-01
2.8187657462e+00   -2.6022147585e-01
2.8188657462e+00   -2.5981566301e-01
2.8198657462e+00   -2.5577642728e-01
2.8355060199e+00   -1.9706028052e-01
2.8511462936e+00   -1.4651640132e-01
2.8512462936e+00   -1.4621844163e-01
2.8522462936e+00   -1.4325592428e-01
2.8622462936e+00   -1.1529810877e-01
2.8778865673e+00   -7.7264160067e-02
2.8935268410e+00   -4.5389009332e-02
2.8936268410e+00   -4.5203031702e-02
2.8946268410e+00   -4.3354966258e-02
2.9046268410e+00   -2.5996497737e-02
2.9202671147e+00   -2.5196149373e-03
2.9359073884e+00   1.7232980694e-02
2.9515476621e+00   3.4052854873e-02
2.9671879359e+00   4.8649672685e-02
2.9828282096e+00   6.1651437403e-02
2.9984684833e+00   7.3610651503e-02
3.0141087570e+00   8.5013928506e-02
3.0297490307e+00   9.6293317936e-02
3.0453893044e+00   1.0783819740e-01
3.0610295781e+00   1.2000695331e-01
3.0766698518e+00   1.3313796138e-01
3.0923101255e+00   1.4755952494e-01
3.1079503992e+00   1.6359848596e-01
3.1235906729e+00   1.8158718397e-01
3.1392309466e+00   2.0186830102e-01
3.1548712203e+00   2.2479688480e-01
3.1705114940e+00   2.5073846964e-01
3.1706114940e+00   2.5091482286e-01
3.1716114940e+00   2.5268598149e-01
3.1816114940e+00   2.7117962149e-01
3.1972517677e+00   3.0312078848e-01
3.1973517677e+00   3.0333745675e-01
3.1983517677e+00   3.0551309607e-01
3.2083517677e+00   3.2818100588e-01
3.2239920414e+00   3.6707879124e-01
3.2396323151e+00   4.1033753396e-01
3.2397323151e+00   4.1062831376e-01
3.2407323151e+00   4.1354600844e-01
3.2507323151e+00   4.4370534313e-01
3.2663725888e+00   4.9433068014e-01
3.2820128625e+00   5.4870652622e-01
3.2821128625e+00   5.4906447809e-01
3.2831128625e+00   5.5265030355e-01
3.2931128625e+00   5.8906719233e-01
3.2932128625e+00   5.8943577301e-01
3.2942128625e+00   5.9312553555e-01
3.3042128625e+00   6.3032150136e-01
3.3198531362e+00   6.8859031816e-01
3.3199531362e+00   6.8895891591e-01
3.3200531362e+00   6.8932742535e-01
3.3356934099e+00   7.4534849850e-01
3.3513336837e+00   7.9588034980e-01
3.3514336837e+00   7.9617791085e-01
3.3524336837e+00   7.9913260591e-01
3.3525336837e+00   7.9942596157e-01
3.3535336837e+00   8.0233798902e-01
3.3691739574e+00   8.4205637587e-01
3.3848142311e+00   8.6828645861e-01
3.3849142311e+00   8.6840351986e-01
3.3850142311e+00   8.6851989721e-01
3.4006545048e+00   8.7791557182e-01
3.4007545048e+00   8.7791727654e-01
3.4008545048e+00   8.7791821899e-01
3.4164947785e+00   8.6857885844e-01
3.4321350522e+00   8.4060305386e-01
3.4477753259e+00   7.9566688857e-01
3.4478753259e+00   7.9533123288e-01
3.4488753259e+00   7.9194375832e-01
3.4588753259e+00   7.5518954502e-01
3.4745155996e+00   6.8918229800e-01
3.4746155996e+00   6.8873456442e-01
3.4756155996e+00   6.8424282737e-01
3.4856155996e+00   6.3811710917e-01
3.5012558733e+00   5.6350570534e-01
3.5013558733e+00   5.6302585067e-01
3.5023558733e+00   5.5822822343e-01
3.5123558733e+00   5.1051598411e-01
3.5124558733e+00   5.1004278825e-01
3.5134558733e+00   5.0531664953e-01
3.5234558733e+00   4.5877514748e-01
3.5390961470e+00   3.8963305799e-01
3.5391961470e+00   3.8920852849e-01
3.5401961470e+00   3.8497666840e-01
3.5402961470e+00   3.8455483303e-01
3.5412961470e+00   3.8035010798e-01
3.5569364207e+00   3.1800245176e-01
3.5725766944e+00   2.6252921218e-01
3.5726766944e+00   2.6219740439e-01
3.5736766944e+00   2.5889537787e-01
3.5893169681e+00   2.1102295312e-01
3.5894169681e+00   2.1073941910e-01
3.5904169681e+00   2.0791958116e-01
3.6060572418e+00   1.6739794343e-01
3.6216975155e+00   1.3322885818e-01
3.6373377892e+00   1.0476396414e-01
3.6529780629e+00   8.1294328480e-02
3.6686183366e+00   6.2109175227e-02
3.6842586103e+00   4.6533769637e-02
3.6998988840e+00   3.3951445635e-02
3.7155391577e+00   2.3814170868e-02
3.7311794315e+00   1.5645210404e-02
3.7468197052e+00   9.0366402305e-03
3.7624599789e+00   3.6437531526e-03
3.7781002526e+00   -8.2218272154e-04
3.7937405263e+00   -4.6018116443e-03
3.8093808000e+00   -7.8955728409e-03
3.8250210737e+00   -1.0871185931e-02
3.8406613474e+00   -1.3670533060e-02
3.8563016211e+00   -1.6415860822e-02
3.8719418948e+00   -1.9215311328e-02
3.8875821685e+00   -2.2167846575e-02
3.9032224422e+00   -2.5367662772e-02
3.9188627159e+00   -2.8908208610e-02
3.9345029896e+00   -3.2885928926e-02
3.9501432633e+00   -3.7403856473e-02
3.9657835370e+00   -4.2575172263e-02
3.9814238107e+00   -4.8526850263e-02
3.9970640844e+00   -5.5403495487e-02
4.0127043581e+00   -6.3371474635e-02
4.0283446318e+00   -7.2623422778e-02
4.0439849055e+00   -8.3383183483e-02
4.0596251793e+00   -9.5911195098e-02
4.0752654530e+00   -1.1051025970e-01
4.0909057267e+00   -1.2753150276e-01
4.1065460004e+00   -1.4738011861e-01
4.1221862741e+00   -1.7052015014e-01
4.1378265478e+00   -1.9747699815e-01
4.1379265478e+00   -1.9766286208e-01
4.1389265478e+00   -1.9953142378e-01
4.1489265478e+00   -2.1924242154e-01
4.1645668215e+00   -2.5410752236e-01
4.1646668215e+00   -2.5434744180e-01
4.1656668215e+00   -2.5675905057e-01
4.1756668215e+00   -2.8215204740e-01
4.1913070952e+00   -3.2682763218e-01
4.2069473689e+00   -3.7809063753e-01
4.2070473689e+00   -3.7844073237e-01
4.2080473689e+00   -3.8195763412e-01
4.2180473689e+00   -4.1873883805e-01
4.2336876426e+00   -4.8221583650e-01
4.2493279163e+00   -5.5278822439e-01
4.2649681900e+00   -6.2961493821e-01
4.2650681900e+00   -6.3012291081e-01
4.2660681900e+00   -6.3521260946e-01
4.2760681900e+00   -6.8696029454e-01
4.2761681900e+00   -6.8748410720e-01
4.2762681900e+00   -6.8800801606e-01
4.2919084637e+00   -7.7046094345e-01
4.3075487374e+00   -8.5072703912e-01
4.3076487374e+00   -8.5122112069e-01
4.3077487374e+00   -8.5171487105e-01
4.3233890111e+00   -9.2366861586e-01
4.3234890111e+00   -9.2408709173e-01
4.3235890111e+00   -9.2450493669e-01
4.3392292848e+00   -9.8081267029e-01
4.3393292848e+00   -9.8110680127e-01
4.3394292848e+00   -9.8139999532e-01
4.3550695585e+00   -1.0146201651e+00
4.3551695585e+00   -1.0147453182e+00
4.3552695585e+00   -1.0148692896e+00
4.3709098322e+00   -1.0190810053e+00
4.3710098322e+00   -1.0190078742e+00
4.3711098322e+00   -1.0189334470e+00
4.3867501059e+00   -9.9138955446e-01
4.4023903796e+00   -9.3382185654e-01
4.4024903796e+00   -9.3336642881e-01
4.4025903796e+00   -9.3290997407e-01
4.4182306533e+00   -8.5011221902e-01
4.4338709271e+00   -7.4997984677e-01
4.4339709271e+00   -7.4930175228e-01
4.4349709271e+00   -7.4250100160e-01
4.4449709271e+00   -6.7293594230e-01
4.4450709271e+00   -6.7222976725e-01
4.4460709271e+00   -6.6516052645e-01
4.4560709271e+00   -5.9408760093e-01
4.4691459048e+00   -5.0208440374e-01
4.4847861785e+00   -3.9718493977e-01
4.4848861785e+00   -3.9653978102e-01
4.4858861785e+00   -3.9010836900e-01
4.4958861785e+00   -3.2792741298e-01
4.4959861785e+00   -3.2732611433e-01
4.4969861785e+00   -3.2133631932e-01
4.5069861785e+00   -2.6381804819e-01
4.5070861785e+00   -2.6326516056e-01
4.5080861785e+00   -2.5776092814e-01
4.5081861785e+00   -2.5721297203e-01
4.5091861785e+00   -2.5175812654e-01
4.5248264522e+00   -1.7232186173e-01
4.5249264522e+00   -1.7184943855e-01
4.5259264522e+00   -1.6714975667e-01
4.5415667259e+00   -9.9333359449e-02
4.5572069996e+00   -4.1606514881e-02
4.5573069996e+00   -4.1267600640e-02
4.5583069996e+00   -3.7898586422e-02
4.5739472733e+00   1.0273320582e-02
4.5740472733e+00   1.0555470461e-02
4.5750472733e+00   1.3359959055e-02
4.5906875470e+00   5.3449027575e-02
4.5907875470e+00   5.3684031204e-02
4.5917875470e+00   5.6020215821e-02
4.5918875470e+00   5.6252456517e-02
4.5928875470e+00   5.8561215126e-02
4.6085278207e+00   9.1681177077e-02
4.6086278207e+00   9.1876277537e-02
4.6096278207e+00   9.3816610029e-02
4.6196278207e+00   1.1221465488e-01
4.6352680944e+00   1.3784331697e-01
4.6509083681e+00   1.6054124081e-01
4.6510083681e+00   1.6067898141e-01
4.6520083681e+00   1.6205193864e-01
4.6620083681e+00   1.7538114407e-01
4.6776486418e+00   1.9513567757e-01
4.6932889155e+00   2.1418718529e-01
4.7089291892e+00   2.3316281726e-01
4.7245694629e+00   2.5260301253e-01
4.7402097367e+00   2.7297190972e-01
4.7558500104e+00   2.9466485419e-01
4.7714902841e+00   3.1801189770e-01
4.7871305578e+00   3.4327632087e-01
4.8027708315e+00   3.7064729598e-01
4.8184111052e+00   4.0022594041e-01
4.8340513789e+00   4.3200430861e-01
4.8496916526e+00   4.6583749228e-01
4.8497916526e+00   4.6605984830e-01
4.8507916526e+00   4.6828733451e-01
4.8508916526e+00   4.6851047332e-01
4.8518916526e+00   4.7074572069e-01
4.8675319263e+00   5.0652635307e-01
4.8831722000e+00   5.4343271838e-01
4.8832722000e+00   5.4367073389e-01
4.8842722000e+00   5.4605162490e-01
4.8999124737e+00   5.8327340050e-01
4.9000124737e+00   5.8351005814e-01
4.9010124737e+00   5.8587478427e-01
4.9166527474e+00   6.2217870589e-01
4.9322930211e+00   6.5623801599e-01
4.9323930211e+00   6.5644531656e-01
4.9333930211e+00   6.5850972805e-01
4.9433930211e+00   6.7820701619e-01
4.9590332948e+00   7.0479031699e-01
4.9746735685e+00   7.2479356110e-01
4.9747735685e+00   7.2489701444e-01
4.9757735685e+00   7.2591335362e-01
4.9914138422e+00   7.3727832425e-01
4.9915138422e+00   7.3732236002e-01
4.9925138422e+00   7.3774196591e-01
5.0081541159e+00   7.3927383900e-01
5.0237943896e+00   7.3113461663e-01
5.0394346633e+00   7.1352102597e-01
5.0395346633e+00   7.1337942183e-01
5.0405346633e+00   7.1194394128e-01
5.0505346633e+00   6.9571236655e-01
5.0661749370e+00   6.6416636225e-01
5.0662749370e+00   6.6394338939e-01
5.0672749370e+00   6.6170022756e-01
5.0772749370e+00   6.3802592471e-01
5.0929152107e+00   5.9737383042e-01
5.0930152107e+00   5.9710315913e-01
5.0940152107e+00   5.9439050698e-01
5.0941152107e+00   5.9411865901e-01
5.0951152107e+00   5.9139454670e-01
5.1107554845e+00   5.4781569162e-01
5.1263957582e+00   5.0363781964e-01
5.1264957582e+00   5.0335699633e-01
5.1274957582e+00   5.0055111793e-01
5.1431360319e+00   4.5747777819e-01
5.1432360319e+00   4.5720871870e-01
5.1442360319e+00   4.5452347958e-01
5.1598763056e+00   4.1397829919e-01
5.1755165793e+00   3.7672042277e-01
5.1756165793e+00   3.7649417551e-01
5.1766165793e+00   3.7424046634e-01
5.1866165793e+00   3.5260005911e-01
5.2022568530e+00   3.2215390672e-01
5.2023568530e+00   3.2197292070e-01
5.2033568530e+00   3.2017270460e-01
5.2133568530e+00   3.0313669895e-01
5.2289971267e+00   2.8000167633e-01
5.2446374004e+00   2.6105780887e-01
5.2602776741e+00   2.4612991956e-01
5.2759179478e+00   2.3499919457e-01
5.2915582215e+00   2.2743351962e-01
5.3071984952e+00   2.2320992058e-01
5.3228387689e+00   2.2213022493e-01
5.3384790426e+00   2.2403116281e-01
5.3541193163e+00   2.2879003367e-01
5.3697595900e+00   2.3632686020e-01
5.3853998637e+00   2.4660369077e-01
5.4010401374e+00   2.5962142187e-01
5.4166804111e+00   2.7541421037e-01
5.4323206848e+00   2.9404123626e-01
5.4479609585e+00   3.1557526786e-01
5.4636012323e+00   3.4008718998e-01
5.4792415060e+00   3.6762540620e-01
5.4948817797e+00   3.9818893124e-01
5.5105220534e+00   4.3169308630e-01
5.5261623271e+00   4.6792732401e-01
5.5262623271e+00   4.6816706096e-01
5.5272623271e+00   4.7056971631e-01
5.5372623271e+00   4.9509651171e-01
5.5529026008e+00   5.3498203321e-01
5.5685428745e+00   5.7599565737e-01
5.5841831482e+00   6.1702297186e-01
5.5998234219e+00   6.5662474102e-01
5.6154636956e+00   6.9306187862e-01
5.6311039693e+00   7.2438059288e-01
5.6467442430e+00   7.4856760484e-01
5.6623845167e+00   7.6376873766e-01
5.6780247904e+00   7.6854114605e-01
5.6936650641e+00   7.6208831111e-01
5.7093053378e+00   7.4441929333e-01
5.7249456115e+00   7.1638688255e-01
5.7405858852e+00   6.7958806555e-01
5.7562261589e+00   6.3613922099e-01
5.7718664326e+00   5.8835994882e-01
5.7875067063e+00   5.3843096110e-01
5.8031469801e+00   4.8815364475e-01
5.8187872538e+00   4.3933977030e-01
5.8188872538e+00   4.3903644749e-01
5.8198872538e+00   4.3601034558e-01
5.8298872538e+00   4.0651773311e-01
5.8455275275e+00   3.6359831189e-01
5.8611678012e+00   3.2513630847e-01
5.8768080749e+00   2.9145384193e-01
5.8924483486e+00   2.6261731374e-01
5.9080886223e+00   2.3851042738e-01
5.9237288960e+00   2.1889865230e-01
5.9393691697e+00   2.0348220871e-01
5.9550094434e+00   1.9193716844e-01
5.9706497171e+00   1.8394568826e-01
5.9862899908e+00   1.7921703816e-01
6.0019302645e+00   1.7750125090e-01
6.0175705382e+00   1.7859712563e-01
6.0332108119e+00   1.8235611769e-01
6.0488510856e+00   1.8868341752e-01
6.0644913593e+00   1.9753727510e-01
6.0801316330e+00   2.0892732364e-01
6.0957719067e+00   2.2291223969e-01
6.1114121804e+00   2.3959650012e-01
6.1270524541e+00   2.5912526359e-01
6.1426927279e+00   2.8167558666e-01
6.1583330016e+00   3.0744143013e-01
6.1739732753e+00   3.3660942902e-01
6.1896135490e+00   3.6932243219e-01
6.2052538227e+00   4.0562860137e-01
6.2208940964e+00   4.4540274878e-01
6.2209940964e+00   4.4566768990e-01
6.2219940964e+00   4.4832429889e-01
6.2319940964e+00   4.7558889200e-01
6.2476343701e+00   5.2053321256e-01
6.2477343701e+00   5.2082843840e-01
6.2487343701e+00   5.2378553907e-01
6.2587343701e+00   5.5378867384e-01
6.2588343701e+00   5.5409215847e-01
6.2598343701e+00   5.5713016190e-01
6.2698343701e+00   5.8775764163e-01
6.2854746438e+00   6.3587297064e-01
6.2855746438e+00   6.3617847787e-01
6.2865746438e+00   6.3923055179e-01
6.2866746438e+00   6.3953544779e-01
6.2876746438e+00   6.4258109038e-01
6.3033149175e+00   6.8902311463e-01
6.3189551912e+00   7.3160497080e-01
6.3190551912e+00   7.3185937906e-01
6.3200551912e+00   7.3438885983e-01
6.3356954649e+00   7.6998318361e-01
6.3357954649e+00   7.7018368032e-01
6.3367954649e+00   7.7216758653e-01
6.3524357386e+00   7.9773566577e-01
6.3680760123e+00   8.1148985299e-01
6.3681760123e+00   8.1153569419e-01
6.3682760123e+00   8.1158098000e-01
6.3839162860e+00   8.1166276507e-01
6.3840162860e+00   8.1161778315e-01
6.3850162860e+00   8.1113586559e-01
6.4006565597e+00   7.9605177988e-01
6.4162968334e+00   7.6737835145e-01
6.4163968334e+00   7.6715443164e-01
6.4173968334e+00   7.6488846959e-01
6.4330371071e+00   7.2357897579e-01
6.4486773808e+00   6.7313456360e-01
6.4487773808e+00   6.7278907290e-01
6.4497773808e+00   6.6932062381e-01
6.4654176545e+00   6.1246289082e-01
6.4810579282e+00   5.5277932782e-01
6.4811579282e+00   5.5239478645e-01
6.4821579282e+00   5.4854943635e-01
6.4921579282e+00   5.1023091378e-01
6.5077982019e+00   4.5180260278e-01
6.5078982019e+00   4.5143831222e-01
6.5088982019e+00   4.4780322910e-01
6.5089982019e+00   4.4744051168e-01
6.5099982019e+00   4.4382139525e-01
6.5256384757e+00   3.8937376968e-01
6.5412787494e+00   3.3969026619e-01
6.5413787494e+00   3.3938958166e-01
6.5423787494e+00   3.3639502228e-01
6.5580190231e+00   2.9252548746e-01
6.5581190231e+00   2.9226318311e-01
6.5591190231e+00   2.8965294507e-01
6.5691190231e+00   2.6483065399e-01
6.5847592968e+00   2.3062185942e-01
6.6003995705e+00   2.0182579035e-01
6.6160398442e+00   1.7807313906e-01
6.6316801179e+00   1.5892082337e-01
6.6473203916e+00   1.4390283948e-01
6.6629606653e+00   1.3256623012e-01
6.6786009390e+00   1.2449494908e-01
6.6942412127e+00   1.1932444088e-01
6.7098814864e+00   1.1674945122e-01
6.7255217601e+00   1.1652716301e-01
6.7411620338e+00   1.1847731361e-01
6.7568023075e+00   1.2248054344e-01
6.7724425812e+00   1.2847587274e-01
6.7880828549e+00   1.3645790468e-01
6.8037231286e+00   1.4647409937e-01
6.8193634023e+00   1.5862224147e-01
6.8350036760e+00   1.7304801380e-01
6.8506439498e+00   1.8994236921e-01
6.8662842235e+00   2.0953813585e-01
6.8819244972e+00   2.3210496858e-01
6.8975647709e+00   2.5794133925e-01
6.8976647709e+00   2.5811772330e-01
6.8986647709e+00   2.5988964093e-01
6.9086647709e+00   2.7843340899e-01
6.9243050446e+00   3.1058697673e-01
6.9244050446e+00   3.1080545191e-01
6.9254050446e+00   3.1299943964e-01
6.9354050446e+00   3.3587649068e-01
6.9510453183e+00   3.7517440675e-01
6.9666855920e+00   4.1888034049e-01
6.9667855920e+00   4.1917401654e-01
6.9677855920e+00   4.2212065256e-01
6.9777855920e+00   4.5256385646e-01
6.9934258657e+00   5.0357999651e-01
7.0090661394e+00   5.5820964649e-01
7.0091661394e+00   5.5856857977e-01
7.0101661394e+00   5.6216368960e-01
7.0201661394e+00   5.9861471333e-01
7.0202661394e+00   5.9898304268e-01
7.0212661394e+00   6.0266958695e-01
7.0312661394e+00   6.3975681401e-01
7.0469064131e+00   6.9752359609e-01
7.0470064131e+00   6.9788748635e-01
7.0471064131e+00   6.9825126785e-01
7.0627466868e+00   7.5326597963e-01
7.0783869605e+00   8.0221848684e-01
7.0784869605e+00   8.0250403762e-01
7.0794869605e+00   8.0533729963e-01
7.0795869605e+00   8.0561837913e-01
7.0805869605e+00   8.0840632001e-01
7.0962272342e+00   8.4588247795e-01
7.1118675079e+00   8.6938439830e-01
7.1119675079e+00   8.6948282238e-01
7.1120675079e+00   8.6958055045e-01
7.1277077816e+00   8.7595521616e-01
7.1278077816e+00   8.7593724315e-01
7.1279077816e+00   8.7591850733e-01
7.1435480553e+00   8.6354670480e-01
7.1591883290e+00   8.3282842279e-01
7.1748286027e+00   7.8569749539e-01
7.1749286027e+00   7.8534998147e-01
7.1759286027e+00   7.8184555146e-01
7.1859286027e+00   7.4408881428e-01
7.2015688764e+00   6.7713714178e-01
7.2016688764e+00   6.7668578896e-01
7.2026688764e+00   6.7215950281e-01
7.2126688764e+00   6.2584758201e-01
7.2283091501e+00   5.5146923245e-01
7.2284091501e+00   5.5099267593e-01
7.2294091501e+00   5.4622916911e-01
7.2394091501e+00   4.9896338635e-01
7.2395091501e+00   4.9849554189e-01
7.2405091501e+00   4.9382379638e-01
7.2561494238e+00   4.2278762678e-01
7.2562494238e+00   4.2234814545e-01
7.2572494238e+00   4.1796510141e-01
7.2573494238e+00   4.1752798330e-01
7.2583494238e+00   4.1316882590e-01
7.2739896976e+00   3.4809526131e-01
7.2896299713e+00   2.8953698416e-01
7.2897299713e+00   2.8918491218e-01
7.2907299713e+00   2.8568006371e-01
7.3063702450e+00   2.3463188785e-01
7.3064702450e+00   2.3432824069e-01
7.3074702450e+00   2.3130753835e-01
7.3231105187e+00   1.8773256333e-01
7.3387507924e+00   1.5074658146e-01
7.3543910661e+00   1.1976686908e-01
7.3544910661e+00   1.1958667894e-01
7.3554910661e+00   1.1779671529e-01
7.3654910661e+00   1.0105296542e-01
7.3811313398e+00   7.8747995472e-02
7.3967716135e+00   6.0566978151e-02
7.4124118872e+00   4.5853151653e-02
7.4280521609e+00   3.4010550892e-02
7.4436924346e+00   2.4512623874e-02
7.4593327083e+00   1.6903669257e-02
7.4749729820e+00   1.0795659465e-02
7.4906132557e+00   5.8623404183e-03
7.5062535294e+00   1.8319504719e-03
7.5218938031e+00   -1.5205282307e-03
7.5375340768e+00   -4.3809983056e-03
7.5531743505e+00   -6.9034073223e-03
7.5688146242e+00   -9.2162620625e-03
7.5844548979e+00   -1.1428436715e-02
7.6000951716e+00   -1.3634292338e-02
7.6157354454e+00   -1.5918173250e-02
7.6313757191e+00   -1.8358373847e-02
7.6470159928e+00   -2.1030683406e-02
7.6626562665e+00   -2.4011621691e-02
7.6782965402e+00   -2.7381478338e-02
7.6939368139e+00   -3.1227266487e-02
7.7095770876e+00   -3.5645697633e-02
7.7252173613e+00   -4.0746280969e-02
7.7253173613e+00   -4.0781348097e-02
7.7263173613e+00   -4.1133839661e-02
7.7363173613e+00   -4.4848152481e-02
7.7519576350e+00   -5.1416698913e-02
7.7675979087e+00   -5.9055796842e-02
7.7832381824e+00   -6.7954266151e-02
7.7988784561e+00   -7.8332801796e-02
7.8145187298e+00   -9.0449419125e-02
7.8301590035e+00   -1.0460539749e-01
7.8457992772e+00   -1.2115156270e-01
7.8614395509e+00   -1.4049455302e-01
7.8770798246e+00   -1.6310238882e-01
7.8927200983e+00   -1.8950813943e-01
7.8928200983e+00   -1.8969044346e-01
7.8938200983e+00   -1.9152339233e-01
7.9038200983e+00   -2.1087783255e-01
7.9194603720e+00   -2.4519373075e-01
7.9195603720e+00   -2.4543021756e-01
7.9205603720e+00   -2.4780757984e-01
7.9305603720e+00   -2.7286801397e-01
7.9462006457e+00   -3.1707953011e-01
7.9618409194e+00   -3.6799533180e-01
7.9619409194e+00   -3.6834373060e-01
7.9629409194e+00   -3.7184410286e-01
7.9729409194e+00   -4.0850797769e-01
7.9885811932e+00   -4.7202437266e-01
8.0042214669e+00   -5.4301490119e-01
8.0198617406e+00   -6.2078073352e-01
8.0199617406e+00   -6.2129671480e-01
8.0209617406e+00   -6.2646802304e-01
8.0309617406e+00   -6.7919175046e-01
8.0310617406e+00   -6.7972685948e-01
8.0311617406e+00   -6.8026209627e-01
8.0468020143e+00   -7.6489306435e-01
8.0624422880e+00   -8.4818085393e-01
8.0625422880e+00   -8.4869694566e-01
8.0626422880e+00   -8.4921273910e-01
8.0782825617e+00   -9.2498638207e-01
8.0939228354e+00   -9.8589367519e-01
8.0940228354e+00   -9.8621832688e-01
8.0941228354e+00   -9.8654204829e-01
8.1097631091e+00   -1.0245101564e+00
8.1098631091e+00   -1.0246647676e+00
8.1099631091e+00   -1.0248181760e+00
8.1256033828e+00   -1.0332562443e+00
8.1257033828e+00   -1.0332069816e+00
8.1258033828e+00   -1.0331563738e+00
8.1414436565e+00   -1.0086426277e+00
8.1570839302e+00   -9.5246747545e-01
8.1571839302e+00   -9.5201524337e-01
8.1572839302e+00   -9.5156191153e-01
8.1729242039e+00   -8.6838425091e-01
8.1730242039e+00   -8.6778259258e-01
8.1731242039e+00   -8.6718016253e-01
8.1887644776e+00   -7.6495816481e-01
8.1888644776e+00   -7.6426304434e-01
8.1898644776e+00   -7.5728985387e-01
8.1998644776e+00   -6.8580850119e-01
8.2155047513e+00   -5.7127705677e-01
8.2311450250e+00   -4.5922441170e-01
8.2312450250e+00   -4.5852728336e-01
8.2313450250e+00   -4.5783045856e-01
8.2469852987e+00   -3.5312840792e-01
8.2626255724e+00   -2.5849666803e-01
8.2627255724e+00   -2.5792730344e-01
8.2637255724e+00   -2.5225923926e-01
8.2638255724e+00   -2.5169499373e-01
8.2648255724e+00   -2.4607819105e-01
8.2804658461e+00   -1.6432700595e-01
8.2805658461e+00   -1.6384106848e-01
8.2815658461e+00   -1.5900711325e-01
8.2972061198e+00   -8.9287207506e-02
8.3128463935e+00   -2.9988917441e-02
8.3129463935e+00   -2.9640899585e-02
8.3139463935e+00   -2.6181461421e-02
8.3295866672e+00   2.3270854327e-02
8.3296866672e+00   2.3560446516e-02
8.3306866672e+00   2.6438882452e-02
8.3463269410e+00   6.7581822441e-02
8.3464269410e+00   6.7823000755e-02
8.3474269410e+00   7.0220576931e-02
8.3475269410e+00   7.0458921518e-02
8.3485269410e+00   7.2828370966e-02
8.3641672147e+00   1.0682343885e-01
8.3642672147e+00   1.0702373361e-01
8.3652672147e+00   1.0901576019e-01
8.3752672147e+00   1.2790774659e-01
8.3909074884e+00   1.5424010277e-01
8.4065477621e+00   1.7758160316e-01
8.4066477621e+00   1.7772331318e-01
8.4076477621e+00   1.7913587797e-01
8.4176477621e+00   1.9285332381e-01
8.4332880358e+00   2.1319247048e-01
8.4489283095e+00   2.3280829131e-01
8.4645685832e+00   2.5233005791e-01
8.4802088569e+00   2.7229328873e-01
8.4958491306e+00   2.9314957992e-01
8.5114894043e+00   3.1527325670e-01
8.5271296780e+00   3.3896379813e-01
8.5427699517e+00   3.6444318599e-01
8.5584102254e+00   3.9184751224e-01
8.5740504991e+00   4.2121245152e-01
8.5896907728e+00   4.5245268607e-01
8.6053310465e+00   4.8533620087e-01
8.6054310465e+00   4.8555096333e-01
8.6064310465e+00   4.8770137597e-01
8.6220713202e+00   5.2188733298e-01
8.6221713202e+00   5.2210854171e-01
8.6231713202e+00   5.2432192120e-01
8.6388115939e+00   5.5909385299e-01
8.6544518676e+00   5.9352374535e-01
8.6545518676e+00   5.9374055204e-01
8.6555518676e+00   5.9590536955e-01
8.6655518676e+00   6.1716277503e-01
8.6811921413e+00   6.4837444849e-01
8.6812921413e+00   6.4856358816e-01
8.6822921413e+00   6.5044655675e-01
8.6922921413e+00   6.6835577373e-01
8.7079324150e+00   6.9232989985e-01
8.7235726888e+00   7.1013632898e-01
8.7236726888e+00   7.1022751862e-01
8.7246726888e+00   7.1112263109e-01
8.7346726888e+00   7.1834010746e-01
8.7503129625e+00   7.2290750826e-01
8.7504129625e+00   7.2290916013e-01
8.7514129625e+00   7.2290606552e-01
8.7670532362e+00   7.1818633614e-01
8.7826935099e+00   7.0477903524e-01
8.7827935099e+00   7.0466629642e-01
8.7837935099e+00   7.0352061040e-01
8.7937935099e+00   6.9028450196e-01
8.8094337836e+00   6.6363048124e-01
8.8095337836e+00   6.6343903632e-01
8.8105337836e+00   6.6151107872e-01
8.8205337836e+00   6.4096558565e-01
8.8361740573e+00   6.0499600451e-01
8.8362740573e+00   6.0475401393e-01
8.8372740573e+00   6.0232711943e-01
8.8373740573e+00   6.0208374117e-01
8.8383740573e+00   5.9964324660e-01
8.8540143310e+00   5.6021356087e-01
8.8696546047e+00   5.1956171283e-01
8.8697546047e+00   5.1930125467e-01
8.8707546047e+00   5.1669747106e-01
8.8863948784e+00   4.7641527907e-01
8.8864948784e+00   4.7616183994e-01
8.8874948784e+00   4.7363126893e-01
8.9031351521e+00   4.3515115843e-01
8.9187754258e+00   3.9933944035e-01
8.9188754258e+00   3.9912062506e-01
8.9198754258e+00   3.9694004219e-01
8.9298754258e+00   3.7591679193e-01
8.9455156995e+00   3.4606679350e-01
8.9456156995e+00   3.4588834963e-01
8.9466156995e+00   3.4411274872e-01
8.9566156995e+00   3.2724750331e-01
8.9722559732e+00   3.0414878438e-01
8.9878962469e+00   2.8503642544e-01
9.0035365206e+00   2.6981060875e-01
9.0191767943e+00   2.5831386267e-01
9.0348170680e+00   2.5036163378e-01
9.0504573417e+00   2.4576576993e-01
9.0660976154e+00   2.4435156771e-01
9.0817378891e+00   2.4596928609e-01
9.0973781628e+00   2.5050104564e-01
9.1130184366e+00   2.5786391026e-01
9.1286587103e+00   2.6800974512e-01
9.1442989840e+00   2.8092219682e-01
9.1599392577e+00   2.9661087354e-01
9.1755795314e+00   3.1510252916e-01
9.1912198051e+00   3.3642879475e-01
9.2068600788e+00   3.6060977894e-01
9.2225003525e+00   3.8763272529e-01
9.2381406262e+00   4.1742495068e-01
9.2537808999e+00   4.4982062215e-01
9.2694211736e+00   4.8452173472e-01
9.2695211736e+00   4.8475011194e-01
9.2705211736e+00   4.8703801179e-01
9.2805211736e+00   5.1029700241e-01
9.2961614473e+00   5.4772584030e-01
9.3118017210e+00   5.8565324866e-01
9.3274419947e+00   6.2294323371e-01
9.3430822684e+00   6.5819580266e-01
9.3587225421e+00   6.8979261819e-01
9.3743628158e+00   7.1599526318e-01
9.3900030895e+00   7.3509793075e-01
9.4056433632e+00   7.4562126347e-01
9.4212836369e+00   7.4651665990e-01
9.4369239106e+00   7.3733783108e-01
9.4525641844e+00   7.1833639248e-01
9.4682044581e+00   6.9045361977e-01
9.4838447318e+00   6.5520570081e-01
9.4994850055e+00   6.1448469438e-01
9.5151252792e+00   5.7031656538e-01
9.5307655529e+00   5.2463409408e-01
9.5464058266e+00   4.7913273124e-01
9.5620461003e+00   4.3535351926e-01
9.5621461003e+00   4.3508211286e-01
9.5631461003e+00   4.3237481817e-01
9.5731461003e+00   4.0602536071e-01
9.5887863740e+00   3.6779216399e-01
9.6044266477e+00   3.3365172820e-01
9.6200669214e+00   3.0388329865e-01
9.6357071951e+00   2.7855550057e-01
9.6513474688e+00   2.5758574928e-01
9.6669877425e+00   2.4079309258e-01
9.6826280162e+00   2.2794208040e-01
9.6982682899e+00   2.1877719002e-01
9.7139085636e+00   2.1304846735e-01
9.7295488373e+00   2.1052959043e-01
9.7451891110e+00   2.1102972511e-01
9.7608293847e+00   2.1440048395e-01
9.7764696584e+00   2.2053912943e-01
9.7921099322e+00   2.2938893806e-01
9.8077502059e+00   2.4093737586e-01
9.8233904796e+00   2.5521240863e-01
9.8390307533e+00   2.7227685302e-01
9.8546710270e+00   2.9222016176e-01
9.8703113007e+00   3.1514646701e-01
9.8859515744e+00   3.4115718637e-01
9.9015918481e+00   3.7032619186e-01
9.9172321218e+00   4.0266566422e-01
9.9328723955e+00   4.3808151520e-01
9.9485126692e+00   4.7631849463e-01
9.9486126692e+00   4.7657121150e-01
9.9496126692e+00   4.7910374770e-01
9.9497126692e+00   4.7935753488e-01
9.9507126692e+00   4.8190068558e-01
9.9663529429e+00   5.2280348284e-01
9.9819932166e+00   5.6527681069e-01
9.9820932166e+00   5.6555135340e-01
9.9830932166e+00   5.6829794744e-01
9.9831932166e+00   5.6857271642e-01
9.9841932166e+00   5.7132137634e-01
9.9998334903e+00   6.1428399912e-01
1.0015473764e+01   6.5613634789e-01
1.0015573764e+01   6.5639666669e-01
1.0016573764e+01   6.5899325425e-01
1.0032214038e+01   6.9765720886e-01
1.0032314038e+01   6.9789023814e-01
1.0033314038e+01   7.0020890312e-01
1.0043314038e+01   7.2211610258e-01
1.0058954311e+01   7.5069490505e-01
1.0059054311e+01   7.5085151705e-01
1.0060054311e+01   7.5239772393e-01
1.0075694585e+01   7.7150936854e-01
1.0091334859e+01   7.7996798858e-01
1.0091434859e+01   7.7998500126e-01
1.0092434859e+01   7.8012848754e-01
1.0108075133e+01   7.7598041846e-01
1.0123715406e+01   7.5982333973e-01
1.0139355680e+01   7.3237694427e-01
1.0139455680e+01   7.3216809904e-01
1.0140455680e+01   7.3005775811e-01
1.0150455680e+01   7.0687450592e-01
1.0166095954e+01   6.6408240037e-01
1.0166195954e+01   6.6378741809e-01
1.0167195954e+01   6.6082467935e-01
1.0177195954e+01   6.3004258311e-01
1.0177295954e+01   6.2972541758e-01
1.0178295954e+01   6.2654495140e-01
1.0188295954e+01   5.9399389649e-01
1.0203936227e+01   5.4149738217e-01
1.0204036227e+01   5.4115959936e-01
1.0205036227e+01   5.3778202177e-01
1.0205136227e+01   5.3744430095e-01
1.0206136227e+01   5.3406766838e-01
1.0221776501e+01   4.8175814084e-01
1.0237416775e+01   4.3155489750e-01
1.0237516775e+01   4.3124380298e-01
1.0238516775e+01   4.2814073855e-01
1.0254157048e+01   3.8165722693e-01
1.0254257048e+01   3.8137340129e-01
1.0255257048e+01   3.7854508793e-01
1.0270897322e+01   3.3676476627e-01
1.0270997322e+01   3.3651299529e-01
1.0271997322e+01   3.3400630341e-01
1.0281997322e+01   3.1005298055e-01
1.0297637596e+01   2.7670066502e-01
1.0313277870e+01   2.4833256035e-01
1.0313377870e+01   2.4816688957e-01
1.0314377870e+01   2.4652097930e-01
1.0324377870e+01   2.3112734877e-01
1.0340018143e+01   2.1079584984e-01
1.0355658417e+01   1.9473928108e-01
1.0371298691e+01   1.8260609144e-01
1.0386938964e+01   1.7405304703e-01
1.0402579238e+01   1.6876669129e-01
1.0418219512e+01   1.6647716633e-01
1.0433859786e+01   1.6696628061e-01
1.0449500059e+01   1.7007142013e-01
1.0465140333e+01   1.7568656703e-01
1.0480780607e+01   1.8376135011e-01
1.0496420880e+01   1.9429872680e-01
1.0512061154e+01   2.0735158492e-01
1.0527701428e+01   2.2301824892e-01
1.0543341701e+01   2.4143656166e-01
1.0558981975e+01   2.6277587462e-01
1.0574622249e+01   2.8722589796e-01
1.0574722249e+01   2.8739265543e-01
1.0575722249e+01   2.8906767518e-01
1.0585722249e+01   3.0657238961e-01
1.0601362523e+01   3.3678236804e-01
1.0617002796e+01   3.7057203575e-01
1.0632643070e+01   4.0800969824e-01
1.0648283344e+01   4.4903439133e-01
1.0663923617e+01   4.9338999929e-01
1.0664023617e+01   4.9368334785e-01
1.0665023617e+01   4.9662315838e-01
1.0675023617e+01   5.2661324164e-01
1.0675123617e+01   5.2691817207e-01
1.0676123617e+01   5.2997247091e-01
1.0686123617e+01   5.6095899761e-01
1.0701763891e+01   6.1045937195e-01
1.0701863891e+01   6.1077737151e-01
1.0702863891e+01   6.1395708562e-01
1.0702963891e+01   6.1427501854e-01
1.0703963891e+01   6.1745377984e-01
1.0719604165e+01   6.6666397301e-01
1.0735244439e+01   7.1340046783e-01
1.0735344439e+01   7.1368607213e-01
1.0736344439e+01   7.1653075445e-01
1.0746344439e+01   7.4369401498e-01
1.0761984712e+01   7.8017859307e-01
1.0777624986e+01   8.0687016343e-01
1.0777724986e+01   8.0700361446e-01
1.0777824986e+01   8.0713655940e-01
1.0793465260e+01   8.2135145500e-01
1.0809105533e+01   8.2144486997e-01
1.0809205533e+01   8.2139783864e-01
1.0810205533e+01   8.2089391933e-01
1.0825845807e+01   8.0511210938e-01
1.0841486081e+01   7.7511809198e-01
1.0841586081e+01   7.7488394458e-01
1.0842586081e+01   7.7251457115e-01
1.0858226354e+01   7.2935036967e-01
1.0858326354e+01   7.2904067414e-01
1.0858426354e+01   7.2873059128e-01
1.0874066628e+01   6.7600863997e-01
1.0889706902e+01   6.1708981333e-01
1.0889806902e+01   6.1670023526e-01
1.0890806902e+01   6.1279803267e-01
1.0906447176e+01   5.5081943735e-01
1.0922087449e+01   4.8895589738e-01
1.0922187449e+01   4.8856602240e-01
1.0923187449e+01   4.8467295026e-01
1.0923287449e+01   4.8428422214e-01
1.0924287449e+01   4.8040292782e-01
1.0939927723e+01   4.2144986208e-01
1.0955567997e+01   3.6678040505e-01
1.0955667997e+01   3.6644707657e-01
1.0956667997e+01   3.6312579590e-01
1.0972308270e+01   3.1413009614e-01
1.0972408270e+01   3.1383519577e-01
1.0973408270e+01   3.1089929608e-01
1.0989048544e+01   2.6810794974e-01
1.0989148544e+01   2.6785332268e-01
1.0990148544e+01   2.6532028101e-01
1.1000148544e+01   2.4130483648e-01
1.1015788818e+01   2.0842658514e-01
1.1031429091e+01   1.8095333447e-01
1.1047069365e+01   1.5843862270e-01
1.1062709639e+01   1.4038691896e-01
1.1078349913e+01   1.2629913301e-01
1.1093990186e+01   1.1570355827e-01
1.1109630460e+01   1.0817539614e-01
1.1125270734e+01   1.0334778774e-01
1.1140911007e+01   1.0091684967e-01
1.1156551281e+01   1.0064272612e-01
1.1172191555e+01   1.0234820965e-01
1.1187831829e+01   1.0591607912e-01
1.1203472102e+01   1.1128596669e-01
1.1219112376e+01   1.1845129090e-01
1.1234752650e+01   1.2745656976e-01
1.1250392923e+01   1.3839524002e-01
1.1266033197e+01   1.5140793976e-01
1.1281673471e+01   1.6668103882e-01
1.1297313744e+01   1.8444500321e-01
1.1312954018e+01   2.0497192496e-01
1.1328594292e+01   2.2857120676e-01
1.1344234566e+01   2.5558192332e-01
1.1344334566e+01   2.5576636099e-01
1.1345334566e+01   2.5761922897e-01
1.1355334566e+01   2.7701611054e-01
1.1370974839e+01   3.1068184493e-01
1.1371074839e+01   3.1091075638e-01
1.1372074839e+01   3.1320967387e-01
1.1382074839e+01   3.3719459572e-01
1.1397715113e+01   3.7845334748e-01
1.1413355387e+01   4.2441771330e-01
1.1428995660e+01   4.7505535467e-01
1.1429095660e+01   4.7539362617e-01
1.1430095660e+01   4.7878613274e-01
1.1440095660e+01   5.1365745563e-01
1.1455735934e+01   5.7125580512e-01
1.1455835934e+01   5.7163416552e-01
1.1456835934e+01   5.7542373668e-01
1.1466835934e+01   6.1382843447e-01
1.1466935934e+01   6.1421628467e-01
1.1467935934e+01   6.1809790302e-01
1.1477935934e+01   6.5710905307e-01
1.1493576208e+01   7.1765182332e-01
1.1493676208e+01   7.1803196763e-01
1.1493776208e+01   7.1841197918e-01
1.1509416482e+01   7.7560256622e-01
1.1509516482e+01   7.7594979947e-01
1.1509616482e+01   7.7629674464e-01
1.1525256755e+01   8.2631369636e-01
1.1540897029e+01   8.6509300634e-01
1.1540997029e+01   8.6529592924e-01
1.1541097029e+01   8.6549822601e-01
1.1556737303e+01   8.8883831598e-01
1.1556837303e+01   8.8893101169e-01
1.1556937303e+01   8.8902294958e-01
1.1572577576e+01   8.9372246188e-01
1.1572677576e+01   8.9368886997e-01
1.1573677576e+01   8.9330759537e-01
1.1583677576e+01   8.8494660371e-01
1.1599317850e+01   8.5559039575e-01
1.1614958124e+01   8.0811846004e-01
1.1615058124e+01   8.0776342880e-01
1.1616058124e+01   8.0418025058e-01
1.1626058124e+01   7.6529352315e-01
1.1641698397e+01   6.9548752937e-01
1.1641798397e+01   6.9501436162e-01
1.1642798397e+01   6.9026778008e-01
1.1652798397e+01   6.4156183896e-01
1.1668438671e+01   5.6294472774e-01
1.1668538671e+01   5.6243986119e-01
1.1669538671e+01   5.5739271937e-01
1.1679538671e+01   5.0725566202e-01
1.1679638671e+01   5.0675894573e-01
1.1680638671e+01   5.0179847423e-01
1.1690638671e+01   4.5300694782e-01
1.1690738671e+01   4.5252773324e-01
1.1691738671e+01   4.4774630454e-01
1.1701738671e+01   4.0111022848e-01
1.1701838671e+01   4.0065558052e-01
1.1702838671e+01   3.9612273628e-01
1.1702938671e+01   3.9567082395e-01
1.1703938671e+01   3.9116556848e-01
1.1719578945e+01   3.2421466163e-01
1.1719678945e+01   3.2380898947e-01
1.1720678945e+01   3.1976855078e-01
1.1736319219e+01   2.6051061061e-01
1.1751959492e+01   2.0875366885e-01
1.1752059492e+01   2.0844666778e-01
1.1753059492e+01   2.0539312610e-01
1.1763059492e+01   1.7648102541e-01
1.1778699766e+01   1.3692600170e-01
1.1794340040e+01   1.0369849225e-01
1.1809980313e+01   7.6045252046e-02
1.1810080313e+01   7.5884690331e-02
1.1811080313e+01   7.4289796026e-02
1.1821080313e+01   5.9371827386e-02
1.1836720587e+01   3.9445007068e-02
1.1852360861e+01   2.3036985032e-02
1.1868001134e+01   9.4854546798e-03
1.1883641408e+01   -1.7986195569e-03
1.1899281682e+01   -1.1330449462e-02
1.1914921956e+01   -1.9555889940e-02
1.1930562229e+01   -2.6858872581e-02
1.1946202503e+01   -3.3570368072e-02
1.1961842777e+01   -3.9977915780e-02
1.1977483050e+01   -4.6335116398e-02
1.1993123324e+01   -5.2870744085e-02
1.2008763598e+01   -5.9797317803e-02
1.2024403872e+01   -6.7319094412e-02
1.2040044145e+01   -7.5639521811e-02
1.2055684419e+01   -8.4968228726e-02
1.2071324693e+01   -9.5527634390e-02
1.2086964966e+01   -1.0755923799e-01
1.2102605240e+01   -1.2132959103e-01
1.2118245514e+01   -1.3713585655e-01
1.2133885787e+01   -1.5531070025e-01
1.2149526061e+01   -1.7622601367e-01
1.2165166335e+01   -2.0029459895e-01
1.2165266335e+01   -2.0045958569e-01
1.2166266335e+01   -2.0211757999e-01
1.2176266335e+01   -2.1953557011e-01
1.2191906609e+01   -2.5006009695e-01
1.2207546882e+01   -2.8502740522e-01
1.2207646882e+01   -2.8526634494e-01
1.2208646882e+01   -2.8766687457e-01
1.2218646882e+01   -3.1281050614e-01
1.2234287156e+01   -3.5649037417e-01
1.2234387156e+01   -3.5678744395e-01
1.2235387156e+01   -3.5977084852e-01
1.2245387156e+01   -3.9088965643e-01
1.2261027430e+01   -4.4431894528e-01
1.2276667703e+01   -5.0350221850e-01
1.2292307977e+01   -5.6796566060e-01
1.2292407977e+01   -5.6839281278e-01
1.2293407977e+01   -5.7267375546e-01
1.2303407977e+01   -6.1633556122e-01
1.2303507977e+01   -6.1677909897e-01
1.2304507977e+01   -6.2122092402e-01
1.2314507977e+01   -6.6615638951e-01
1.2314607977e+01   -6.6660922680e-01
1.2314707977e+01   -6.6706210824e-01
1.2330348251e+01   -7.3788254747e-01
1.2345988525e+01   -8.0610603572e-01
1.2346088525e+01   -8.0652439397e-01
1.2347088525e+01   -8.1069154019e-01
1.2357088525e+01   -8.5043772491e-01
1.2372728798e+01   -9.0302189576e-01
1.2372828798e+01   -9.0331063395e-01
1.2372928798e+01   -9.0359869237e-01
1.2388569072e+01   -9.3939862846e-01
1.2388669072e+01   -9.3956300805e-01
1.2388769072e+01   -9.3972650465e-01
1.2404409346e+01   -9.5380525736e-01
1.2404509346e+01   -9.5381842214e-01
1.2405509346e+01   -9.5389439646e-01
1.2415509346e+01   -9.4901716723e-01
1.2431149619e+01   -9.2080714959e-01
1.2431249619e+01   -9.2054808699e-01
1.2432249619e+01   -9.1790439968e-01
1.2442249619e+01   -8.8634982724e-01
1.2457889893e+01   -8.2042488968e-01
1.2457989893e+01   -8.1994761639e-01
1.2458989893e+01   -8.1514061686e-01
1.2468989893e+01   -7.6397524594e-01
1.2469089893e+01   -7.6343825100e-01
1.2470089893e+01   -7.5804408270e-01
1.2480089893e+01   -7.0201759614e-01
1.2494100731e+01   -6.1939548945e-01
1.2509741004e+01   -5.2594891584e-01
1.2509841004e+01   -5.2535721038e-01
1.2510841004e+01   -5.1944755268e-01
1.2520841004e+01   -4.6128180374e-01
1.2520941004e+01   -4.6071032455e-01
1.2521941004e+01   -4.5500825145e-01
1.2531941004e+01   -3.9939829251e-01
1.2532041004e+01   -3.9885630648e-01
1.2533041004e+01   -3.9345294883e-01
1.2543041004e+01   -3.4116094141e-01
1.2558681278e+01   -2.6630514826e-01
1.2558781278e+01   -2.6585519315e-01
1.2559781278e+01   -2.6137601996e-01
1.2559881278e+01   -2.6093014173e-01
1.2560881278e+01   -2.5649177034e-01
1.2576521552e+01   -1.9190544831e-01
1.2576621552e+01   -1.9152153926e-01
1.2577621552e+01   -1.8770249259e-01
1.2587621552e+01   -1.5148910805e-01
1.2603261825e+01   -1.0174850687e-01
1.2618902099e+01   -5.9683671698e-02
1.2619002099e+01   -5.9437354022e-02
1.2620002099e+01   -5.6989182450e-02
1.2630002099e+01   -3.3952954295e-02
1.2645642373e+01   -2.7104379655e-03
1.2645742373e+01   -2.5276487864e-03
1.2646742373e+01   -7.1079886962e-04
1.2656742373e+01   1.6406374798e-02
1.2672382647e+01   3.9793725336e-02
1.2688022920e+01   5.9851394468e-02
1.2688122920e+01   5.9970754514e-02
1.2689122920e+01   6.1158790471e-02
1.2699122920e+01   7.2523292081e-02
1.2714763194e+01   8.8754337050e-02
1.2730403468e+01   1.0368912613e-01
1.2746043741e+01   1.1792290786e-01
1.2761684015e+01   1.3198311712e-01
1.2777324289e+01   1.4634189534e-01
1.2792964563e+01   1.6142847661e-01
1.2808604836e+01   1.7764057135e-01
1.2824245110e+01   1.9535407289e-01
1.2839885384e+01   2.1493046341e-01
1.2855525657e+01   2.3672121869e-01
1.2871165931e+01   2.6106831149e-01
1.2886806205e+01   2.8829959713e-01
1.2886906205e+01   2.8848365618e-01
1.2887906205e+01   2.9033143607e-01
1.2897906205e+01   3.0954287641e-01
1.2913546478e+01   3.4238177940e-01
1.2929186752e+01   3.7880157888e-01
1.2944827026e+01   4.1890008079e-01
1.2960467300e+01   4.6261019816e-01
1.2976107573e+01   5.0962658904e-01
1.2976207573e+01   5.0993668379e-01
1.2977207573e+01   5.1304367746e-01
1.2987207573e+01   5.4467021681e-01
1.2987307573e+01   5.4499111274e-01
1.2988307573e+01   5.4820454474e-01
1.2998307573e+01   5.8072036980e-01
1.3013947847e+01   6.3228810392e-01
1.3014047847e+01   6.3261763072e-01
1.3015047847e+01   6.3591122738e-01
1.3015147847e+01   6.3624040799e-01
1.3016147847e+01   6.3953021308e-01
1.3031788121e+01   6.9008415004e-01
1.3031888121e+01   6.9039919970e-01
1.3032888121e+01   6.9354195087e-01
1.3032988121e+01   6.9385543616e-01
1.3033988121e+01   6.9698212170e-01
1.3049628394e+01   7.4342283199e-01
1.3049728394e+01   7.4370156654e-01
1.3050728394e+01   7.4647381690e-01
1.3066368668e+01   7.8568206615e-01
1.3082008942e+01   8.1501242826e-01
1.3082108942e+01   8.1516195897e-01
1.3082208942e+01   8.1531096996e-01
1.3097849216e+01   8.3182698388e-01
1.3113489489e+01   8.3363669737e-01
1.3113589489e+01   8.3359828374e-01
1.3113689489e+01   8.3355922666e-01
1.3129329763e+01   8.1954649828e-01
1.3144970037e+01   7.9035938678e-01
1.3145070037e+01   7.9012712291e-01
1.3146070037e+01   7.8777428524e-01
1.3156070037e+01   7.6136326038e-01
1.3171710310e+01   7.1091288407e-01
1.3187350584e+01   6.5222555509e-01
1.3187450584e+01   6.5183136760e-01
1.3188450584e+01   6.4787907029e-01
1.3198450584e+01   6.0749642739e-01
1.3214090858e+01   5.4272189516e-01
1.3214190858e+01   5.4230679721e-01
1.3215190858e+01   5.3815741331e-01
1.3230831131e+01   4.7410749453e-01
1.3230931131e+01   4.7370573255e-01
1.3231931131e+01   4.6969521473e-01
1.3232031131e+01   4.6929488412e-01
1.3233031131e+01   4.6529897913e-01
1.3248671405e+01   4.0487346485e-01
1.3264311679e+01   3.4926894162e-01
1.3264411679e+01   3.4893113662e-01
1.3265411679e+01   3.4556605008e-01
1.3281051953e+01   2.9609048267e-01
1.3281151953e+01   2.9579362510e-01
1.3282151953e+01   2.9283883970e-01
1.3297792226e+01   2.4989408170e-01
1.3297892226e+01   2.4963921258e-01
1.3298892226e+01   2.4710418585e-01
1.3308892226e+01   2.2310743061e-01
1.3324532500e+01   1.9035814429e-01
1.3340172774e+01   1.6306803546e-01
1.3355813047e+01   1.4072805490e-01
1.3371453321e+01   1.2279394057e-01
1.3387093595e+01   1.0872930223e-01
1.3402733868e+01   9.8033964004e-02
1.3418374142e+01   9.0261019499e-02
1.3434014416e+01   8.5025672075e-02
1.3449654690e+01   8.2008407917e-02
1.3465294963e+01   8.0954512472e-02
1.3480935237e+01   8.1671454718e-02
1.3496575511e+01   8.4025253138e-02
1.3512215784e+01   8.7936605391e-02
1.3527856058e+01   9.3377303228e-02
1.3543496332e+01   1.0036725314e-01
1.3559136606e+01   1.0897226716e-01
1.3574776879e+01   1.1930266160e-01
1.3590417153e+01   1.3151258818e-01
1.3606057427e+01   1.4579990297e-01
1.3621697700e+01   1.6240623324e-01
1.3637337974e+01   1.8161670392e-01
1.3652978248e+01   2.0375850176e-01
1.3668618521e+01   2.2919704583e-01
1.3668718521e+01   2.2937113916e-01
1.3669718521e+01   2.3112039482e-01
1.3679718521e+01   2.4946703155e-01
1.3695358795e+01   2.8146773118e-01
1.3695458795e+01   2.8168603918e-01
1.3696458795e+01   2.8387902130e-01
1.3706458795e+01   3.0681990077e-01
1.3722099069e+01   3.4655678920e-01
1.3737739343e+01   3.9126659018e-01
1.3737839343e+01   3.9156891831e-01
1.3738839343e+01   3.9460380434e-01
1.3748839343e+01   4.2611422093e-01
1.3764479616e+01   4.7958022908e-01
1.3780119890e+01   5.3782008845e-01
1.3780219890e+01   5.3820633386e-01
1.3781219890e+01   5.4207769269e-01
1.3791219890e+01   5.8161402496e-01
1.3791319890e+01   5.8201625640e-01
1.3792319890e+01   5.8604522506e-01
1.3802319890e+01   6.2690323082e-01
1.3817960164e+01   6.9185378196e-01
1.3818060164e+01   6.9226859565e-01
1.3818160164e+01   6.9268336232e-01
1.3833800437e+01   7.5638816408e-01
1.3849440711e+01   8.1517422740e-01
1.3849540711e+01   8.1552507046e-01
1.3850540711e+01   8.1901233383e-01
1.3850640711e+01   8.1935891641e-01
1.3851640711e+01   8.2280283035e-01
1.3867280985e+01   8.7058092641e-01
1.3867380985e+01   8.7084416219e-01
1.3867480985e+01   8.7110679655e-01
1.3883121259e+01   9.0403315103e-01
1.3883221259e+01   9.0418703757e-01
1.3883321259e+01   9.0434015088e-01
1.3898961532e+01   9.1823493491e-01
1.3899061532e+01   9.1825657799e-01
1.3900061532e+01   9.1842431027e-01
1.3910061532e+01   9.1516543967e-01
1.3925701806e+01   8.9196075658e-01
1.3941342080e+01   8.4785690137e-01
1.3941442080e+01   8.4751375180e-01
1.3942442080e+01   8.4404258922e-01
1.3952442080e+01   8.0560309080e-01
1.3967542953e+01   7.3683430268e-01
1.3983183227e+01   6.5652254908e-01
1.3983283227e+01   6.5599058016e-01
1.3984283227e+01   6.5066210590e-01
1.3994283227e+01   5.9675638946e-01
1.3994383227e+01   5.9621391821e-01
1.3995383227e+01   5.9078788225e-01
1.4005383227e+01   5.3661618783e-01
1.4005483227e+01   5.3607721826e-01
1.4006483227e+01   5.3069250491e-01
1.4016483227e+01   4.7752195430e-01
1.4016583227e+01   4.7699799642e-01
1.4017583227e+01   4.7176840807e-01
1.4027583227e+01   4.2060618831e-01
1.4027683227e+01   4.2010611269e-01
1.4028683227e+01   4.1511905719e-01
1.4038683227e+01   3.6671207609e-01
1.4038783227e+01   3.6624221444e-01
1.4039783227e+01   3.6155980981e-01
1.4049783227e+01   3.1641419608e-01
1.4065423500e+01   2.5226281602e-01
1.4065523500e+01   2.5187872311e-01
1.4066523500e+01   2.4805612269e-01
1.4066623500e+01   2.4767569538e-01
1.4067623500e+01   2.4388974540e-01
1.4083263774e+01   1.8897773066e-01
1.4098904048e+01   1.4188537491e-01
1.4099004048e+01   1.4160823936e-01
1.4100004048e+01   1.3885307489e-01
1.4110004048e+01   1.1287964166e-01
1.4125644322e+01   7.7628305450e-02
1.4141284595e+01   4.8166981191e-02
1.4156924869e+01   2.3612809838e-02
1.4172565143e+01   3.1136588692e-03
1.4188205416e+01   -1.4121241484e-02
1.4203845690e+01   -2.8806533896e-02
1.4219485964e+01   -4.1576883711e-02
1.4235126238e+01   -5.2990274029e-02
1.4250766511e+01   -6.3535681611e-02
1.4266406785e+01   -7.3643174965e-02
1.4282047059e+01   -8.3695096459e-02
1.4297687332e+01   -9.4037451147e-02
1.4313327606e+01   -1.0499095268e-01
1.4328967880e+01   -1.1686139550e-01
1.4344608153e+01   -1.2994914776e-01
1.4360248427e+01   -1.4455760499e-01
1.4375888701e+01   -1.6100041249e-01
1.4391528975e+01   -1.7960715155e-01
1.4407169248e+01   -2.0072697833e-01
1.4422809522e+01   -2.2472938387e-01
1.4438449796e+01   -2.5200078099e-01
1.4438549796e+01   -2.5218651306e-01
1.4439549796e+01   -2.5405209367e-01
1.4449549796e+01   -2.7355472883e-01
1.4465190069e+01   -3.0732246609e-01
1.4465290069e+01   -3.0755183302e-01
1.4466290069e+01   -3.0985519043e-01
1.4476290069e+01   -3.3387449038e-01
1.4491930343e+01   -3.7516310126e-01
1.4507570617e+01   -4.2115221727e-01
1.4523210891e+01   -4.7183825320e-01
1.4523310891e+01   -4.7217697602e-01
1.4524310891e+01   -4.7557412075e-01
1.4534310891e+01   -5.1050608660e-01
1.4549951164e+01   -5.6826720993e-01
1.4550051164e+01   -5.6864693924e-01
1.4551051164e+01   -5.7245045694e-01
1.4561051164e+01   -6.1102220065e-01
1.4561151164e+01   -6.1141199110e-01
1.4562151164e+01   -6.1531332341e-01
1.4572151164e+01   -6.5455440633e-01
1.4572251164e+01   -6.5494778104e-01
1.4572351164e+01   -6.5534115301e-01
1.4587991438e+01   -7.1635636721e-01
1.4603631712e+01   -7.7421640969e-01
1.4603731712e+01   -7.7456849356e-01
1.4603831712e+01   -7.7492029647e-01
1.4619471985e+01   -8.2577972783e-01
1.4635112259e+01   -8.6553574084e-01
1.4635212259e+01   -8.6574520418e-01
1.4635312259e+01   -8.6595404404e-01
1.4650952533e+01   -8.9033366099e-01
1.4651052533e+01   -8.9043299572e-01
1.4651152533e+01   -8.9053157105e-01
1.4666792806e+01   -8.9623075807e-01
1.4666892806e+01   -8.9620319005e-01
1.4667892806e+01   -8.9588180850e-01
1.4677892806e+01   -8.8807961927e-01
1.4693533080e+01   -8.5940841937e-01
1.4709173354e+01   -8.1233391219e-01
1.4724813628e+01   -7.5031099405e-01
1.4724913628e+01   -7.4987573902e-01
1.4725913628e+01   -7.4549995462e-01
1.4735913628e+01   -6.9967794095e-01
1.4751553901e+01   -6.2273321817e-01
1.4751653901e+01   -6.2222881362e-01
1.4752653901e+01   -6.1717965559e-01
1.4762653901e+01   -5.6639735227e-01
1.4762753901e+01   -5.6588880908e-01
1.4763753901e+01   -5.6080462296e-01
1.4773753901e+01   -5.1027308248e-01
1.4773853901e+01   -5.0977223420e-01
1.4774853901e+01   -5.0477027427e-01
1.4784853901e+01   -4.5555031311e-01
1.4784953901e+01   -4.5506671874e-01
1.4785953901e+01   -4.5024141809e-01
1.4786053901e+01   -4.4975996503e-01
1.4787053901e+01   -4.4495642326e-01
1.4802694175e+01   -3.7278809502e-01
1.4802794175e+01   -3.7234646313e-01
1.4803794175e+01   -3.6794509313e-01
1.4819434449e+01   -3.0282602482e-01
1.4835074722e+01   -2.4510854592e-01
1.4835174722e+01   -2.4476391033e-01
1.4836174722e+01   -2.4133459443e-01
1.4851814996e+01   -1.9168652365e-01
1.4851914996e+01   -1.9139282311e-01
1.4852914996e+01   -1.8847206820e-01
1.4868555270e+01   -1.4653006165e-01
1.4884195543e+01   -1.1117066287e-01
1.4899835817e+01   -8.1654463673e-02
1.4915476091e+01   -5.7191358133e-02
1.4931116365e+01   -3.6999506826e-02
1.4946756638e+01   -2.0342113073e-02
1.4962396912e+01   -6.5476517371e-03
1.4978037186e+01   4.9816506054e-03
1.4993677459e+01   1.4769296324e-02
1.5009317733e+01   2.3269095119e-02
1.5024958007e+01   3.0872757374e-02
1.5040598281e+01   3.7919045023e-02
1.5056238554e+01   4.4703505792e-02
1.5071878828e+01   5.1488178955e-02
1.5087519102e+01   5.8510924090e-02
1.5103159375e+01   6.5994208645e-02
1.5118799649e+01   7.4153312317e-02
1.5134439923e+01   8.3203979299e-02
1.5150080196e+01   9.3369582564e-02
1.5165720470e+01   1.0488786232e-01
1.5181360744e+01   1.1801726360e-01
1.5197001018e+01   1.3304282027e-01
1.5212641291e+01   1.5028140166e-01
1.5228281565e+01   1.7008593258e-01
1.5243921839e+01   1.9284788517e-01
1.5259562112e+01   2.1899687570e-01
1.5259662112e+01   2.1917594384e-01
1.5260662112e+01   2.2097530412e-01
1.5270662112e+01   2.3986238517e-01
1.5286302386e+01   2.7288579083e-01
1.5286402386e+01   2.7311146707e-01
1.5287402386e+01   2.7537877368e-01
1.5297402386e+01   2.9913139511e-01
1.5313042660e+01   3.4042609947e-01
1.5328682934e+01   3.8711984958e-01
1.5328782934e+01   3.8743641507e-01
1.5329782934e+01   3.9061482499e-01
1.5339782934e+01   4.2367959043e-01
1.5355423207e+01   4.8004220263e-01
1.5371063481e+01   5.4178552133e-01
1.5371163481e+01   5.4219614399e-01
1.5372163481e+01   5.4631263812e-01
1.5382163481e+01   5.8843333442e-01
1.5382263481e+01   5.8886259181e-01
1.5383263481e+01   5.9316305398e-01
1.5393263481e+01   6.3685181876e-01
1.5408903755e+01   7.0655748614e-01
1.5409003755e+01   7.0700351353e-01
1.5409103755e+01   7.0744949951e-01
1.5424744028e+01   7.7603378117e-01
1.5440384302e+01   8.3934890578e-01
1.5440484302e+01   8.3972630346e-01
1.5441484302e+01   8.4347690420e-01
1.5451484302e+01   8.7835661097e-01
1.5467124576e+01   9.2081564859e-01
1.5467224576e+01   9.2103037732e-01
1.5467324576e+01   9.2124431669e-01
1.5482964849e+01   9.4425865126e-01
1.5483064849e+01   9.4433482388e-01
1.5483164849e+01   9.4441004838e-01
1.5498805123e+01   9.4413247044e-01
1.5498905123e+01   9.4405203597e-01
1.5499005123e+01   9.4397059045e-01
1.5514645397e+01   9.1888567751e-01
1.5530285671e+01   8.7058018011e-01
1.5530385671e+01   8.7020363098e-01
1.5530485671e+01   8.6982628254e-01
1.5546125944e+01   8.0186481665e-01
1.5546225944e+01   8.0137918383e-01
1.5547225944e+01   7.9649184705e-01
1.5557225944e+01   7.4484349719e-01
1.5572866218e+01   6.5680306590e-01
1.5588506492e+01   5.6502573879e-01
1.5588606492e+01   5.6443822043e-01
1.5589606492e+01   5.5856627527e-01
1.5599606492e+01   5.0038883730e-01
1.5599706492e+01   4.9981392381e-01
1.5600706492e+01   4.9407417303e-01
1.5610706492e+01   4.3778186726e-01
1.5610806492e+01   4.3723050605e-01
1.5611806492e+01   4.3173089051e-01
1.5621806492e+01   3.7825199278e-01
1.5621906492e+01   3.7773210800e-01
1.5622906492e+01   3.7255043048e-01
1.5632906492e+01   3.2252448875e-01
1.5648546765e+01   2.5126013302e-01
1.5648646765e+01   2.5083290086e-01
1.5649646765e+01   2.4658062969e-01
1.5649746765e+01   2.4615740791e-01
1.5650746765e+01   2.4194524632e-01
1.5666387039e+01   1.8078492462e-01
1.5682027313e+01   1.2822630407e-01
1.5682127313e+01   1.2791664432e-01
1.5683127313e+01   1.2483787571e-01
1.5693127313e+01   9.5787422666e-02
1.5708767587e+01   5.6256031643e-02
1.5724407860e+01   2.3063893103e-02
1.5724507860e+01   2.2869898372e-02
1.5725507860e+01   2.0941881750e-02
1.5735507860e+01   2.8019933245e-03
1.5751148134e+01   -2.1863221454e-02
1.5751248134e+01   -2.2008039223e-02
1.5752248134e+01   -2.3447941563e-02
1.5762248134e+01   -3.7065931011e-02
1.5777888408e+01   -5.5906891054e-02
1.5793528681e+01   -7.2432256956e-02
1.5809168955e+01   -8.7338436538e-02
1.5824809229e+01   -1.0124010046e-01
1.5840449502e+01   -1.1468030758e-01
1.5856089776e+01   -1.2814250455e-01
1.5871730050e+01   -1.4206301140e-01
1.5887370324e+01   -1.5684304010e-01
1.5903010597e+01   -1.7285956229e-01
1.5918650871e+01   -1.9047447162e-01
1.5934291145e+01   -2.1004148954e-01
1.5949931418e+01   -2.3191014672e-01
1.5965571692e+01   -2.5642593426e-01
1.5981211966e+01   -2.8392536119e-01
1.5981311966e+01   -2.8411148106e-01
1.5982311966e+01   -2.8598012299e-01
1.5992311966e+01   -3.0542643954e-01
1.6000000000e+01   -3.2134697699e-01
