X    Y
0.0000000000e+00   0.0000000000e+00
2.7397260274e-03   8.8327178904e-11
5.4794520548e-03   1.0282613649e-10
8.2191780822e-03   1.0486256308e-10
1.0958904110e-02   1.0587208887e-10
1.3698630137e-02   1.0686979079e-10
1.6438356164e-02   1.0787354343e-10
1.9178082192e-02   1.0888340229e-10
2.1917808219e-02   1.0989920085e-10
2.4657534247e-02   1.1092105012e-10
2.7397260274e-02   1.1194911664e-10
3.0136986301e-02   1.1298428859e-10
3.2876712329e-02   1.1402806477e-10
3.5616438356e-02   1.1508372033e-10
3.8356164384e-02   1.1615730600e-10
4.1095890411e-02   1.1725981297e-10
4.3835616438e-02   1.1840983749e-10
4.6575342466e-02   6.6792985220e-06
4.9315068493e-02   6.7067907974e-06
5.2054794521e-02   6.7330384484e-06
5.4794520548e-02   6.7579849157e-06
5.7534246575e-02   6.7815723827e-06
6.0273972603e-02   6.8037417879e-06
6.3013698630e-02   6.8244328389e-06
6.5753424658e-02   6.8435840299e-06
6.8493150685e-02   6.8611326630e-06
7.1232876712e-02   6.8770148723e-06
7.3972602740e-02   6.8911656534e-06
7.6712328767e-02   6.9035188957e-06
7.9452054795e-02   6.9140074200e-06
8.2191780822e-02   6.9225630231e-06
8.4931506849e-02   4.3047272182e-06
8.7671232877e-02   5.0536722184e-06
9.0410958904e-02   5.0555020358e-06
9.3150684932e-02   5.0557213572e-06
9.5890410959e-02   5.0542772821e-06
9.8630136986e-02   5.0511163973e-06
1.0136986301e-01   5.0461848308e-06
1.0410958904e-01   5.0394283094e-06
1.0684931507e-01   5.0307922211e-06
1.0958904110e-01   5.0202216816e-06
1.1232876712e-01   5.0076616058e-06
1.1506849315e-01   4.9930567860e-06
1.1780821918e-01   7.3396725506e-06
1.2054794521e-01   7.3108761038e-06
1.2328767123e-01   7.2787921861e-06
1.2602739726e-01   7.2433398511e-06
1.2876712329e-01   7.2044386559e-06
1.3150684932e-01   7.1620088132e-06
1.3424657534e-01   7.1159713516e-06
1.3698630137e-01   7.0662482821e-06
1.3972602740e-01   7.0127627726e-06
1.4246575342e-01   6.9554393289e-06
1.4520547945e-01   6.8942039841e-06
1.4794520548e-01   2.4471700223e-06
1.5068493151e-01   5.1366186894e-06
1.5342465753e-01   5.0818584655e-06
1.5616438356e-01   5.0239377798e-06
1.5890410959e-01   4.9628080880e-06
1.6164383562e-01   4.8984228970e-06
1.6438356164e-01   4.8307379351e-06
1.6712328767e-01   4.7597113259e-06
1.6986301370e-01   4.6853037657e-06
1.7260273973e-01   4.6074787040e-06
1.7534246575e-01   4.5262025269e-06
1.7808219178e-01   2.4225474610e-06
1.8082191781e-01   2.3731228124e-06
1.8356164384e-01   2.3217493285e-06
1.8630136986e-01   2.2684168918e-06
1.8904109589e-01   2.2131175467e-06
1.9178082192e-01   2.1558455986e-06
1.9452054795e-01   2.0965977139e-06
1.9726027397e-01   2.0353730167e-06
2.0000000000e-01   1.9721731853e-06
2.0273972603e-01   5.5736899451e-07
2.0547945205e-01   3.7077488002e-06
2.0821917808e-01   3.5722757019e-06
2.1095890411e-01   3.4329390159e-06
2.1369863014e-01   3.2897674798e-06
2.1643835616e-01   3.1427958258e-06
2.1917808219e-01   2.9920649196e-06
2.2191780822e-01   2.8376218875e-06
2.2465753425e-01   2.6795202333e-06
2.2739726027e-01   2.5178199419e-06
2.3013698630e-01   2.9358637594e-06
2.3287671233e-01   2.7234581315e-06
2.3561643836e-01   2.5068164637e-06
2.3835616438e-01   2.2860484359e-06
2.4109589041e-01   2.0612722271e-06
2.4383561644e-01   1.8326145195e-06
2.4657534247e-01   1.6002104801e-06
2.4931506849e-01   1.3642037167e-06
2.5205479452e-01   1.1247462082e-06
2.5479452055e-01   8.8199821247e-07
2.5753424658e-01   4.9985875883e-07
2.6027397260e-01   3.6002838288e-07
2.6301369863e-01   1.3509599595e-07
2.6575342466e-01   9.2145881814e-08
2.6849315068e-01   3.2151940155e-07
2.7123287671e-01   5.5284032685e-07
2.7397260274e-01   7.8591829089e-07
2.7671232877e-01   1.0205570764e-06
2.7945205479e-01   1.2565549226e-06
2.8219178082e-01   9.7309874669e-07
2.8493150685e-01   1.1201643977e-06
2.8767123288e-01   1.2676291616e-06
2.9041095890e-01   1.4153562300e-06
2.9315068493e-01   1.5632066226e-06
2.9589041096e-01   1.7110394581e-06
2.9863013699e-01   1.8587122386e-06
3.0136986301e-01   2.0060811405e-06
3.0410958904e-01   2.1530013179e-06
3.0684931507e-01   1.3478913956e-06
3.0958904110e-01   4.5327647675e-06
3.1232876712e-01   4.8051432633e-06
3.1506849315e-01   5.0756448495e-06
3.1780821918e-01   5.3439963099e-06
3.2054794521e-01   5.6099259955e-06
3.2328767123e-01   5.8731644468e-06
3.2602739726e-01   6.1334450141e-06
3.2876712329e-01   6.3905044763e-06
3.3150684932e-01   6.6440836501e-06
3.3424657534e-01   1.7750597112e-06
3.3698630137e-01   3.1737950792e-06
3.3972602740e-01   3.2825965230e-06
3.4246575342e-01   3.3894222708e-06
3.4520547945e-01   3.4941683378e-06
3.4794520548e-01   3.5967340168e-06
3.5068493151e-01   3.6970221078e-06
3.5342465753e-01   3.7949391318e-06
3.5616438356e-01   3.8903955373e-06
3.5890410959e-01   3.9833058900e-06
3.6164383562e-01   5.3190869105e-06
3.6438356164e-01   5.4306509847e-06
3.6712328767e-01   5.5385853703e-06
3.6986301370e-01   5.6428059474e-06
3.7260273973e-01   5.7432349525e-06
3.7534246575e-01   5.8398011031e-06
3.7808219178e-01   5.9324397030e-06
3.8082191781e-01   6.0210927237e-06
3.8356164384e-01   6.1057088652e-06
3.8630136986e-01   6.1862435985e-06
3.8904109589e-01   6.2626591848e-06
3.9178082192e-01   4.0291500327e-06
3.9452054795e-01   1.0998805015e-05
3.9726027397e-01   1.1110235967e-05
4.0000000000e-01   1.1214435808e-05
4.0273972603e-01   1.1311395012e-05
4.0547945205e-01   1.1401115247e-05
4.0821917808e-01   1.1483609180e-05
4.1095890411e-01   1.1558900246e-05
4.1369863014e-01   1.1627022407e-05
4.1643835616e-01   1.1688019869e-05
4.1917808219e-01   1.1741946781e-05
4.2191780822e-01   1.1788866918e-05
4.2465753425e-01   1.1828853335e-05
4.2739726027e-01   1.0677651157e-05
4.3013698630e-01   1.1880648882e-05
4.3287671233e-01   1.1900578891e-05
4.3561643836e-01   1.1913952589e-05
4.3835616438e-01   1.1920883344e-05
4.4109589041e-01   1.1921491423e-05
4.4383561644e-01   1.1915903556e-05
4.4657534247e-01   1.1904252502e-05
4.4931506849e-01   1.1886676600e-05
4.5205479452e-01   1.1863319329e-05
4.5479452055e-01   1.1834328861e-05
4.5753424658e-01   1.1799857623e-05
4.6027397260e-01   1.1760061853e-05
4.6301369863e-01   1.1715101167e-05
4.6575342466e-01   4.8896500668e-06
4.6849315068e-01   8.1955099891e-06
4.7123287671e-01   8.1540944694e-06
4.7397260274e-01   8.1094846267e-06
4.7671232877e-01   8.0618003755e-06
4.7945205479e-01   8.0111623295e-06
4.8219178082e-01   7.9576915393e-06
4.8493150685e-01   7.9015092393e-06
4.8767123288e-01   7.8427366050e-06
4.9041095890e-01   7.7814945185e-06
4.9315068493e-01   7.7179033469e-06
4.9589041096e-01   7.6520827292e-06
4.9863013699e-01   7.5841513760e-06
5.0136986301e-01   7.5142268781e-06
5.0410958904e-01   7.4424255283e-06
5.0684931507e-01   7.3688621547e-06
5.0958904110e-01   7.2936499631e-06
5.1232876712e-01   7.2169003928e-06
5.1506849315e-01   7.1387229836e-06
5.1780821918e-01   7.0592252528e-06
5.2054794521e-01   8.2218598516e-06
5.2328767123e-01   8.1247031041e-06
5.2602739726e-01   8.0263879889e-06
5.2876712329e-01   7.9270298943e-06
5.3150684932e-01   7.8267412373e-06
5.3424657534e-01   7.7256313964e-06
5.3698630137e-01   7.6238066495e-06
5.3972602740e-01   7.5213701227e-06
5.4246575342e-01   7.4184217547e-06
5.4520547945e-01   7.3150582605e-06
5.4794520548e-01   7.2113731147e-06
5.5068493151e-01   7.1074565353e-06
5.5342465753e-01   7.0033954822e-06
5.5616438356e-01   6.8992736550e-06
5.5890410959e-01   6.7951715086e-06
5.6164383562e-01   6.6911662659e-06
5.6438356164e-01   6.5873319426e-06
5.6712328767e-01   6.4837393747e-06
5.6986301370e-01   6.3804562549e-06
5.7260273973e-01   6.2775471701e-06
5.7534246575e-01   6.1750736453e-06
5.7808219178e-01   6.0730941938e-06
5.8082191781e-01   5.9716643670e-06
5.8356164384e-01   5.8708368105e-06
5.8630136986e-01   5.7706613226e-06
5.8904109589e-01   5.6711849150e-06
5.9178082192e-01   5.5724518764e-06
5.9452054795e-01   5.4745038383e-06
5.9726027397e-01   5.3773798419e-06
6.0000000000e-01   5.2811164069e-06
6.0273972603e-01   7.4631981306e-07
6.0547945205e-01   7.3270804624e-07
6.0821917808e-01   7.1923495248e-07
6.1095890411e-01   7.0590439272e-07
6.1369863014e-01   6.9271991787e-07
6.1643835616e-01   6.7968477779e-07
6.1917808219e-01   6.6680193278e-07
6.2191780822e-01   6.5407406291e-07
6.2465753425e-01   6.4150357959e-07
6.2739726027e-01   6.2909263576e-07
6.3013698630e-01   6.1684313435e-07
6.3287671233e-01   6.0475674024e-07
6.3561643836e-01   5.9283488918e-07
6.3835616438e-01   5.8107879708e-07
6.4109589041e-01   5.6948947114e-07
6.4383561644e-01   5.5806771737e-07
6.4657534247e-01   5.4681415129e-07
6.4931506849e-01   5.3572920544e-07
6.5205479452e-01   5.2481313961e-07
6.5479452055e-01   5.1406604840e-07
6.5753424658e-01   5.0348786917e-07
6.6027397260e-01   4.9307839189e-07
6.6301369863e-01   4.8283726617e-07
6.6575342466e-01   4.7276400794e-07
6.6849315068e-01   4.6285800748e-07
6.7123287671e-01   4.5311853825e-07
6.7397260274e-01   4.4354476225e-07
6.7671232877e-01   4.3413573492e-07
6.7945205479e-01   4.2489041707e-07
6.8219178082e-01   4.1580767540e-07
6.8493150685e-01   4.0688629177e-07
6.8767123288e-01   3.9812496899e-07
6.9041095890e-01   3.8952233483e-07
6.9315068493e-01   3.8107694955e-07
6.9589041096e-01   3.7278730858e-07
6.9863013699e-01   3.6465185049e-07
7.0136986301e-01   3.5666895970e-07
7.0410958904e-01   3.4883696953e-07
7.0684931507e-01   3.4115417158e-07
7.0958904110e-01   3.3361881613e-07
7.1232876712e-01   3.2622911528e-07
7.1506849315e-01   3.1898325048e-07
7.1780821918e-01   3.1187937299e-07
7.2054794521e-01   3.0491560921e-07
7.2328767123e-01   2.9809006330e-07
7.2602739726e-01   2.9140081859e-07
7.2876712329e-01   2.8484594461e-07
7.3150684932e-01   2.7842349715e-07
7.3424657534e-01   2.7213151998e-07
7.3698630137e-01   2.6596805069e-07
7.3972602740e-01   2.5993112018e-07
7.4246575342e-01   2.5401875492e-07
7.4520547945e-01   2.4822898226e-07
7.4794520548e-01   2.4255982911e-07
7.5068493151e-01   2.3700932505e-07
7.5342465753e-01   2.3157550455e-07
7.5616438356e-01   2.2625640828e-07
7.5890410959e-01   2.2105008446e-07
7.6164383562e-01   2.1595458977e-07
7.6438356164e-01   2.1096799330e-07
7.6712328767e-01   2.0608837437e-07
7.6986301370e-01   2.0131382650e-07
7.7260273973e-01   1.9664245610e-07
7.7534246575e-01   1.9207238644e-07
7.7808219178e-01   1.8760175591e-07
7.8082191781e-01   1.8322871975e-07
7.8356164384e-01   1.7895145321e-07
7.8630136986e-01   1.7476814751e-07
7.8904109589e-01   1.7067701474e-07
7.9178082192e-01   1.6667628699e-07
7.9452054795e-01   1.6276421633e-07
7.9726027397e-01   1.5893907568e-07
8.0000000000e-01   1.5519916152e-07
8.0273972603e-01   1.5154278943e-07
8.0547945205e-01   1.4796829895e-07
8.0821917808e-01   1.4447405183e-07
8.1095890411e-01   1.4105843382e-07
8.1369863014e-01   1.3771985152e-07
8.1643835616e-01   1.3445673686e-07
8.1917808219e-01   1.3126754439e-07
8.2191780822e-01   1.2815075312e-07
8.2465753425e-01   1.2510486425e-07
8.2739726027e-01   1.2212840383e-07
8.3013698630e-01   1.1921992282e-07
8.3287671233e-01   1.1637799346e-07
8.3561643836e-01   1.1360121288e-07
8.3835616438e-01   1.1088820395e-07
8.4109589041e-01   1.0823760999e-07
8.4383561644e-01   1.0564810005e-07
8.4657534247e-01   1.0311836540e-07
8.4931506849e-01   1.0064712219e-07
8.5205479452e-01   9.8233108314e-08
8.5479452055e-01   9.5875085648e-08
8.5753424658e-01   9.3571838722e-08
8.6027397260e-01   9.1322174267e-08
8.6301369863e-01   8.9124922553e-08
8.6575342466e-01   8.6978935165e-08
8.6849315068e-01   8.4883086782e-08
8.7123287671e-01   8.2836272064e-08
8.7397260274e-01   8.0837408767e-08
8.7671232877e-01   7.8885435961e-08
8.7945205479e-01   7.6979313590e-08
8.8219178082e-01   7.5118020693e-08
8.8493150685e-01   7.3300559400e-08
8.8767123288e-01   7.1525950496e-08
8.9041095890e-01   6.9793235635e-08
8.9315068493e-01   6.8101475570e-08
8.9589041096e-01   6.6449750147e-08
8.9863013699e-01   6.4837158309e-08
9.0136986301e-01   6.3262818983e-08
9.0410958904e-01   6.1725867972e-08
9.0684931507e-01   6.0225459286e-08
9.0958904110e-01   5.8760766475e-08
9.1232876712e-01   5.7330977743e-08
9.1506849315e-01   5.5935302612e-08
9.1780821918e-01   5.4572963926e-08
9.2054794521e-01   5.3243202291e-08
9.2328767123e-01   5.1945275636e-08
9.2602739726e-01   5.0678456542e-08
9.2876712329e-01   4.9442033578e-08
9.3150684932e-01   4.8235312189e-08
9.3424657534e-01   4.7057611141e-08
9.3698630137e-01   4.5908264745e-08
9.3972602740e-01   4.4786622411e-08
9.4246575342e-01   4.3692046869e-08
9.4520547945e-01   4.2623915064e-08
9.4794520548e-01   4.1581618593e-08
9.5068493151e-01   4.0564561488e-08
9.5342465753e-01   3.9572161548e-08
9.5616438356e-01   3.8603848562e-08
9.5890410959e-01   3.7659066532e-08
9.6164383562e-01   3.6737270115e-08
9.6438356164e-01   3.5837926848e-08
9.6712328767e-01   3.4960517148e-08
9.6986301370e-01   3.4104530755e-08
9.7260273973e-01   3.3269470290e-08
9.7534246575e-01   3.2454850363e-08
9.7808219178e-01   3.1660194466e-08
9.8082191781e-01   3.0885037638e-08
9.8356164384e-01   3.0128924688e-08
9.8630136986e-01   2.9391412859e-08
9.8904109589e-01   2.8672066055e-08
9.9178082192e-01   2.7970461058e-08
9.9452054795e-01   2.7286182203e-08
9.9726027397e-01   2.6618823146e-08
1.0000000000e+00   2.5967988204e-08
1.0027397260e+00   2.5333288800e-08
1.0054794521e+00   2.4714346569e-08
1.0082191781e+00   2.4110791141e-08
1.0109589041e+00   2.3522259696e-08
1.0136986301e+00   2.2948399625e-08
1.0164383562e+00   2.2388864096e-08
1.0191780822e+00   2.1843314713e-08
1.0219178082e+00   2.1311421072e-08
1.0246575342e+00   2.0792860767e-08
1.0273972603e+00   2.0287317604e-08
1.0301369863e+00   1.9794483386e-08
1.0328767123e+00   1.9314055688e-08
1.0356164384e+00   1.8845740968e-08
1.0383561644e+00   1.8389250567e-08
1.0410958904e+00   1.7944301600e-08
1.0438356164e+00   1.7510620953e-08
1.0465753425e+00   1.7087939064e-08
1.0493150685e+00   1.6675992143e-08
1.0520547945e+00   1.6274523951e-08
1.0547945205e+00   1.5883284021e-08
1.0575342466e+00   1.5502025441e-08
1.0602739726e+00   1.5130509734e-08
1.0630136986e+00   1.4768502421e-08
1.0657534247e+00   1.4415773908e-08
1.0684931507e+00   1.4072101262e-08
1.0712328767e+00   1.3737265103e-08
1.0739726027e+00   1.3411052269e-08
1.0767123288e+00   1.3093253592e-08
1.0794520548e+00   1.2783664793e-08
1.0821917808e+00   1.2482086920e-08
1.0849315068e+00   1.2188325460e-08
1.0876712329e+00   1.1902189456e-08
1.0904109589e+00   1.1623492835e-08
1.0931506849e+00   1.1352054408e-08
1.0958904110e+00   1.1087696539e-08
1.0986301370e+00   1.0830245589e-08
1.1013698630e+00   1.0579532361e-08
1.1041095890e+00   1.0335390765e-08
1.1068493151e+00   1.0097659153e-08
1.1095890411e+00   9.8661803172e-09
1.1123287671e+00   9.6407983818e-09
1.1150684932e+00   9.4213641333e-09
1.1178082192e+00   9.2077296898e-09
1.1205479452e+00   8.9997511665e-09
1.1232876712e+00   8.7972877871e-09
1.1260273973e+00   8.6002023281e-09
1.1287671233e+00   8.4083611185e-09
1.1315068493e+00   8.2216327080e-09
1.1342465753e+00   8.0398891988e-09
1.1369863014e+00   7.8630062461e-09
1.1397260274e+00   7.6908617253e-09
1.1424657534e+00   7.5233366204e-09
1.1452054795e+00   7.3603136919e-09
1.1479452055e+00   7.2016810293e-09
1.1506849315e+00   7.0473258340e-09
1.1534246575e+00   6.8971415246e-09
1.1561643836e+00   6.7510206314e-09
1.1589041096e+00   6.6088619022e-09
1.1616438356e+00   6.4705631964e-09
1.1643835616e+00   6.3360268143e-09
1.1671232877e+00   6.2051568328e-09
1.1698630137e+00   6.0778582167e-09
1.1726027397e+00   5.9540408159e-09
1.1753424658e+00   5.8336149245e-09
1.1780821918e+00   5.7164930567e-09
1.1808219178e+00   5.6025903916e-09
1.1835616438e+00   5.4918238845e-09
1.1863013699e+00   5.3841118230e-09
1.1890410959e+00   5.2793769356e-09
1.1917808219e+00   5.1775401744e-09
1.1945205479e+00   5.0785269323e-09
1.1972602740e+00   4.9822639347e-09
1.2000000000e+00   4.8886792392e-09
1.2027397260e+00   4.7977031237e-09
1.2054794521e+00   4.7092667543e-09
1.2082191781e+00   4.6233044060e-09
1.2109589041e+00   4.5397499093e-09
1.2136986301e+00   4.4585406478e-09
1.2164383562e+00   4.3796157811e-09
1.2191780822e+00   4.3029135810e-09
1.2219178082e+00   4.2283758717e-09
1.2246575342e+00   4.1559453656e-09
1.2273972603e+00   4.0855652195e-09
1.2301369863e+00   4.0171825866e-09
1.2328767123e+00   3.9507428440e-09
1.2356164384e+00   3.8861953655e-09
1.2383561644e+00   3.8234886368e-09
1.2410958904e+00   3.7625738081e-09
1.2438356164e+00   3.7034029177e-09
1.2465753425e+00   3.6459284480e-09
1.2493150685e+00   3.5901051021e-09
1.2520547945e+00   3.5358884709e-09
1.2547945205e+00   3.4832359219e-09
1.2575342466e+00   3.4321034903e-09
1.2602739726e+00   3.3824507639e-09
1.2630136986e+00   3.3342382189e-09
1.2657534247e+00   3.2874258871e-09
1.2684931507e+00   3.2419755769e-09
1.2712328767e+00   3.1978504289e-09
1.2739726027e+00   3.1550144719e-09
1.2767123288e+00   3.1134317346e-09
1.2794520548e+00   3.0730684664e-09
1.2821917808e+00   3.0338904722e-09
1.2849315068e+00   2.9958653336e-09
1.2876712329e+00   2.9589615202e-09
1.2904109589e+00   2.9231479459e-09
1.2931506849e+00   2.8883939684e-09
1.2958904110e+00   2.8546707220e-09
1.2986301370e+00   2.8219493409e-09
1.3013698630e+00   2.7902027355e-09
1.3041095890e+00   2.7594024843e-09
1.3068493151e+00   2.7295232741e-09
1.3095890411e+00   2.7005389036e-09
1.3123287671e+00   2.6724231716e-09
1.3150684932e+00   2.6451534296e-09
1.3178082192e+00   2.6187048086e-09
1.3205479452e+00   2.5930551040e-09
1.3232876712e+00   2.5681807791e-09
1.3260273973e+00   2.5440600737e-09
1.3287671233e+00   2.5206721155e-09
1.3315068493e+00   2.4979960322e-09
1.3342465753e+00   2.4760113959e-09
1.3369863014e+00   2.4546982225e-09
1.3397260274e+00   2.4340378602e-09
1.3424657534e+00   2.4140121013e-09
1.3452054795e+00   2.3946014061e-09
1.3479452055e+00   2.3757888989e-09
1.3506849315e+00   2.3575577046e-09
1.3534246575e+00   2.3398905036e-09
1.3561643836e+00   2.3227717527e-09
1.3589041096e+00   2.3061845766e-09
1.3616438356e+00   2.2901152086e-09
1.3643835616e+00   2.2745472172e-09
1.3671232877e+00   2.2594663918e-09
1.3698630137e+00   2.2448585213e-09
1.3726027397e+00   2.2307098391e-09
1.3753424658e+00   2.2170070224e-09
1.3780821918e+00   2.2037371927e-09
1.3808219178e+00   2.1908874714e-09
1.3835616438e+00   2.1784458681e-09
1.3863013699e+00   2.1663999483e-09
1.3890410959e+00   2.1547381657e-09
1.3917808219e+00   2.1434489739e-09
1.3945205479e+00   2.1325217148e-09
1.3972602740e+00   2.1219457302e-09
1.4000000000e+00   1.4281766880e-09
