X    Y
0.0000000000e+00   2.0000000000e-01
1.5640273705e-02   2.1790469846e-01
3.1280547410e-02   2.3792873599e-01
4.6920821114e-02   2.6025142347e-01
6.2561094819e-02   2.8509433188e-01
7.8201368524e-02   3.1270733495e-01
9.3841642229e-02   3.4335300587e-01
1.0948191593e-01   3.7728748332e-01
1.2512218964e-01   4.1473552153e-01
1.4076246334e-01   4.5585701861e-01
1.5640273705e-01   5.0070210376e-01
1.7204301075e-01   5.4915182914e-01
1.8768328446e-01   6.0084233271e-01
2.0332355816e-01   6.5507238181e-01
2.1896383187e-01   7.1069845404e-01
2.3460410557e-01   7.6602872453e-01
2.5024437928e-01   8.1873820511e-01
2.6588465298e-01   8.6584086891e-01
2.8076996896e-01   9.0220571625e-01
2.9641024267e-01   9.2776406991e-01
3.1205051637e-01   9.3657608862e-01
3.2769079008e-01   9.2546517161e-01
3.4333106378e-01   8.9263369975e-01
3.5897133749e-01   8.3829602146e-01
3.7461161119e-01   7.6500861533e-01
3.8981107164e-01   6.8011964031e-01
4.0545134534e-01   5.8479630384e-01
4.2109161905e-01   4.8805118639e-01
4.2690805339e-01   4.5298864021e-01
4.4254832709e-01   3.6403274751e-01
4.5818860080e-01   2.8586267732e-01
4.7207608424e-01   2.2736083239e-01
4.7487911078e-01   2.1686202859e-01
4.9051938448e-01   1.6630111431e-01
5.0615965819e-01   1.2865848671e-01
5.2179993189e-01   1.0245387246e-01
5.3744020560e-01   8.5867534371e-02
5.5308047930e-01   7.7046868515e-02
5.6872075301e-01   7.4298842751e-02
5.8436102671e-01   7.6188432298e-02
6.0000130042e-01   8.1570969601e-02
6.1564157412e-01   8.9584003841e-02
6.3128184782e-01   9.9617908632e-02
6.4692212153e-01   1.1127816166e-01
6.6256239523e-01   1.2434706273e-01
6.7820266894e-01   1.3874899560e-01
6.9384294264e-01   1.5452111252e-01
7.0948321635e-01   1.7178966258e-01
7.2512349005e-01   1.9075161545e-01
7.4076376376e-01   2.1166060460e-01
7.5640403746e-01   2.3481600170e-01
7.7204431117e-01   2.6055372216e-01
7.8768458487e-01   2.8923715168e-01
8.0332485858e-01   3.2124630621e-01
8.1896513228e-01   3.5696294885e-01
8.2597637395e-01   3.7427535674e-01
8.4161664765e-01   4.1599239335e-01
8.5725692136e-01   4.6219993967e-01
8.7289719506e-01   5.1304489291e-01
8.8853746876e-01   5.6847176290e-01
9.0417774247e-01   6.2811991952e-01
9.1831751005e-01   6.8502607007e-01
9.3395778376e-01   7.5001992257e-01
9.4959805746e-01   8.1514968572e-01
9.6523833117e-01   8.7746628174e-01
9.8087860487e-01   9.3306602716e-01
9.8670084280e-01   9.5110610461e-01
1.0023411165e+00   9.8959483642e-01
1.0179813902e+00   1.0092953295e+00
1.0336216639e+00   1.0052929594e+00
1.0492619376e+00   9.7415365697e-01
1.0649022113e+00   9.1499861331e-01
1.0690601400e+00   8.9478474293e-01
1.0847004137e+00   8.0407231574e-01
1.1003406874e+00   6.9551766775e-01
1.1159809611e+00   5.7778993184e-01
1.1297472902e+00   4.7389079839e-01
1.1329375656e+00   4.5043274348e-01
1.1485778393e+00   3.4174639736e-01
1.1512006781e+00   3.2479767917e-01
1.1668409518e+00   2.3302095241e-01
1.1824812255e+00   1.5850657393e-01
1.1981214992e+00   1.0137973938e-01
1.2089037916e+00   7.1395269487e-02
1.2245440653e+00   3.9812548317e-02
1.2401843390e+00   1.9981223966e-02
1.2558246127e+00   9.3068884799e-03
1.2714648864e+00   5.4655059943e-03
1.2871051602e+00   6.5239734371e-03
1.3027454339e+00   1.0964547026e-02
1.3183857076e+00   1.7655170283e-02
1.3340259813e+00   2.5795167419e-02
1.3496662550e+00   3.4854404544e-02
1.3653065287e+00   4.4515753239e-02
1.3809468024e+00   5.4624843628e-02
1.3965870761e+00   6.5150990123e-02
1.4122273498e+00   7.6154882117e-02
1.4278676235e+00   8.7765844573e-02
1.4435078972e+00   1.0016573450e-01
1.4591481709e+00   1.1357850663e-01
1.4747884446e+00   1.2826425889e-01
1.4904287183e+00   1.4451689747e-01
1.5060689920e+00   1.6266363339e-01
1.5217092657e+00   1.8306684581e-01
1.5373495394e+00   2.0612619709e-01
1.5529898131e+00   2.3228056848e-01
1.5686300868e+00   2.6200845093e-01
1.5842703605e+00   2.9582509729e-01
1.5999106342e+00   3.3427401485e-01
1.6155509080e+00   3.7790947024e-01
1.6280304406e+00   4.1680776492e-01
1.6436707143e+00   4.7106986889e-01
1.6593109880e+00   5.3178273418e-01
1.6749512617e+00   5.9905264356e-01
1.6905915354e+00   6.7258279131e-01
1.6971787523e+00   7.0523159903e-01
1.7128190260e+00   7.8587687535e-01
1.7284592997e+00   8.6895107492e-01
1.7390396211e+00   9.2476069852e-01
1.7546798948e+00   1.0029976928e+00
1.7701308455e+00   1.0696611158e+00
1.7774355610e+00   1.0953765762e+00
1.7930758347e+00   1.1328269121e+00
1.8087161084e+00   1.1394023385e+00
1.8243563821e+00   1.1082985569e+00
1.8399966558e+00   1.0364015437e+00
1.8541243952e+00   9.3822202179e-01
1.8697646689e+00   8.0016795022e-01
1.8790805275e+00   7.0820974052e-01
1.8947208012e+00   5.4767519663e-01
1.9033168261e+00   4.6062733441e-01
1.9186954881e+00   3.1497766031e-01
1.9260966381e+00   2.5165449645e-01
1.9412043531e+00   1.3928292659e-01
1.9567429108e+00   4.8817527748e-02
1.9656252409e+00   8.2146840168e-03
1.9812655146e+00   -4.5677347944e-02
1.9969057884e+00   -8.0650941482e-02
2.0125460621e+00   -1.0107109634e-01
2.0281863358e+00   -1.1097825701e-01
2.0438266095e+00   -1.1377020140e-01
2.0594668832e+00   -1.1212289683e-01
2.0751071569e+00   -1.0804123033e-01
2.0907474306e+00   -1.0296565277e-01
2.1063877043e+00   -9.7891277452e-02
2.1220279780e+00   -9.3478564046e-02
2.1376682517e+00   -9.0146869720e-02
2.1533085254e+00   -8.8149624768e-02
2.1689487991e+00   -8.7632617636e-02
2.1845890728e+00   -8.8678041855e-02
2.2002293465e+00   -9.1337129341e-02
2.2158696202e+00   -9.5653966457e-02
2.2315098939e+00   -1.0168271861e-01
2.2471501676e+00   -1.0950009163e-01
2.2627904413e+00   -1.1921448145e-01
2.2784307150e+00   -1.3097290935e-01
2.2940709887e+00   -1.4496659415e-01
2.3097112624e+00   -1.6143559410e-01
2.3253515362e+00   -1.8067284654e-01
2.3409918099e+00   -2.0302751643e-01
2.3566320836e+00   -2.2890714656e-01
2.3722723573e+00   -2.5877808051e-01
2.3879126310e+00   -2.9316213448e-01
2.4035529047e+00   -3.3262752031e-01
2.4191931784e+00   -3.7777018045e-01
2.4338770989e+00   -4.2584640582e-01
2.4495173726e+00   -4.8362324531e-01
2.4651576463e+00   -5.4855552689e-01
2.4807979200e+00   -6.2075604622e-01
2.4964381937e+00   -6.9987031141e-01
2.4996204010e+00   -7.1673276752e-01
2.5152606747e+00   -8.0264213123e-01
2.5309009484e+00   -8.9163635223e-01
2.5384671668e+00   -9.3469783220e-01
2.5541074405e+00   -1.0205012214e+00
2.5697477142e+00   -1.0962111416e+00
2.5761372284e+00   -1.1223149796e+00
2.5917775021e+00   -1.1690223756e+00
2.6074177758e+00   -1.1835045137e+00
2.6219249284e+00   -1.1607378418e+00
2.6375652021e+00   -1.0926407581e+00
2.6532054758e+00   -9.8045355788e-01
2.6597714995e+00   -9.2192653010e-01
2.6752202997e+00   -7.6466801603e-01
2.6809087377e+00   -7.0217304111e-01
2.6951608017e+00   -5.4230023427e-01
2.7025684750e+00   -4.6053377820e-01
2.7167718212e+00   -3.1318669768e-01
2.7237831228e+00   -2.4704303859e-01
2.7376867679e+00   -1.3186267994e-01
2.7519681524e+00   -3.7289809663e-02
2.7608286644e+00   9.4813730476e-03
2.7651083952e+00   2.8997111805e-02
2.7807486689e+00   8.4945617195e-02
2.7963889426e+00   1.2049622221e-01
2.8120292163e+00   1.4066672957e-01
2.8258387334e+00   1.4933534828e-01
2.8414790071e+00   1.5223265796e-01
2.8571192808e+00   1.5063150925e-01
2.8727595545e+00   1.4675130970e-01
2.8883998282e+00   1.4217291619e-01
2.9040401019e+00   1.3798239870e-01
2.9196803756e+00   1.3490072304e-01
2.9353206493e+00   1.3339104122e-01
2.9509609230e+00   1.3374346307e-01
2.9666011967e+00   1.3613992205e-01
2.9822414704e+00   1.4070269043e-01
2.9978817441e+00   1.4753001136e-01
3.0135220178e+00   1.5672186112e-01
3.0291622915e+00   1.6839829843e-01
3.0448025653e+00   1.8271230059e-01
3.0604428390e+00   1.9985845518e-01
3.0760831127e+00   2.2007850880e-01
3.0917233864e+00   2.4366353044e-01
3.1073636601e+00   2.7095345298e-01
3.1230039338e+00   3.0233228044e-01
3.1386442075e+00   3.3821766778e-01
3.1542844812e+00   3.7904221960e-01
3.1640958132e+00   4.0736198467e-01
3.1797360869e+00   4.5709128383e-01
3.1953763606e+00   5.1268853247e-01
3.2110166343e+00   5.7423387318e-01
3.2266569080e+00   6.4147980447e-01
3.2383947039e+00   6.9526484981e-01
3.2540349776e+00   7.7026017615e-01
3.2696752513e+00   8.4700651737e-01
3.2825662077e+00   9.0925784153e-01
3.2982064814e+00   9.7965138042e-01
3.3125064861e+00   1.0344176312e+00
3.3281467598e+00   1.0774170835e+00
3.3368010956e+00   1.0910229078e+00
3.3524413693e+00   1.0926300948e+00
3.3680816430e+00   1.0602204622e+00
3.3837219167e+00   9.9169565342e-01
3.3965467028e+00   9.1020058159e-01
3.4121869765e+00   7.8603338184e-01
3.4229109861e+00   6.9032921979e-01
3.4238027607e+00   6.8213627270e-01
3.4327205075e+00   5.9924186686e-01
3.4483607812e+00   4.5493213214e-01
3.4502583920e+00   4.3795951080e-01
3.4658986657e+00   3.0623791035e-01
3.4727481165e+00   2.5428122629e-01
3.4883883902e+00   1.5128384264e-01
3.4979023812e+00   9.9780603827e-02
3.5135426549e+00   3.2924131614e-02
3.5211900251e+00   7.6869561135e-03
3.5368302988e+00   -3.0739866142e-02
3.5524705725e+00   -5.4535633098e-02
3.5681108462e+00   -6.7312904684e-02
3.5837511199e+00   -7.2247744680e-02
3.5993913936e+00   -7.1931162301e-02
3.6150316673e+00   -6.8362321631e-02
3.6306719410e+00   -6.3013959311e-02
3.6463122147e+00   -5.6924977740e-02
3.6619524884e+00   -5.0795163745e-02
3.6775927621e+00   -4.5069865847e-02
3.6932330358e+00   -4.0010832995e-02
3.7088733095e+00   -3.5752379052e-02
3.7245135832e+00   -3.2344555786e-02
3.7401538569e+00   -2.9785356199e-02
3.7557941306e+00   -2.8044096746e-02
3.7714344043e+00   -2.7077946985e-02
3.7870746780e+00   -2.6843299089e-02
3.8027149518e+00   -2.7303374837e-02
3.8183552255e+00   -2.8433190593e-02
3.8339954992e+00   -3.0222757382e-02
3.8496357729e+00   -3.2679189127e-02
3.8652760466e+00   -3.5828227269e-02
3.8809163203e+00   -3.9715561379e-02
3.8965565940e+00   -4.4408228629e-02
3.9121968677e+00   -4.9996281274e-02
3.9278371414e+00   -5.6594951963e-02
3.9434774151e+00   -6.4347364182e-02
3.9591176888e+00   -7.3427938893e-02
3.9747579625e+00   -8.4046584765e-02
3.9903982362e+00   -9.6453767121e-02
4.0060385099e+00   -1.1094656811e-01
4.0216787836e+00   -1.2787590360e-01
4.0373190573e+00   -1.4764921585e-01
4.0529593310e+00   -1.7074784418e-01
4.0685996047e+00   -1.9772803619e-01
4.0842398784e+00   -2.2922997641e-01
4.0872876087e+00   -2.3595551489e-01
4.1029278824e+00   -2.7382320848e-01
4.1185681561e+00   -3.1792555556e-01
4.1342084298e+00   -3.6916689826e-01
4.1498487035e+00   -4.2849071170e-01
4.1654889772e+00   -4.9681486935e-01
4.1811292509e+00   -5.7491734910e-01
4.1967695246e+00   -6.6324742536e-01
4.2045444256e+00   -7.1094393375e-01
4.2097477930e+00   -7.4421198337e-01
4.2253880667e+00   -8.5006668545e-01
4.2309875631e+00   -8.8975856646e-01
4.2466278368e+00   -1.0035324372e+00
4.2553166850e+00   -1.0669764708e+00
4.2638912274e+00   -1.1281036733e+00
4.2795315011e+00   -1.2301438239e+00
4.2951717748e+00   -1.3088862229e+00
4.3079062984e+00   -1.3453113516e+00
4.3118153748e+00   -1.3500676133e+00
4.3274556485e+00   -1.3328958321e+00
4.3430959222e+00   -1.2509787974e+00
4.3557975129e+00   -1.1359142390e+00
4.3702890832e+00   -9.5912005467e-01
4.3739149228e+00   -9.0901857288e-01
4.3852191690e+00   -7.4328473847e-01
4.3890679076e+00   -6.8490809064e-01
4.3998484517e+00   -5.2114154987e-01
4.4033824972e+00   -4.6843843395e-01
4.4141227761e+00   -3.1514317479e-01
4.4200379759e+00   -2.3675646380e-01
4.4308994317e+00   -1.0694694568e-01
4.4371317446e+00   -4.1554112104e-02
4.4481196499e+00   5.6975177939e-02
4.4597206169e+00   1.3850976292e-01
4.4686950143e+00   1.8711076494e-01
4.4818233005e+00   2.3870167103e-01
4.4862225903e+00   2.5154981244e-01
4.5018628640e+00   2.8290852703e-01
4.5137825386e+00   2.9522550975e-01
4.5294228123e+00   3.0136449837e-01
4.5450630860e+00   3.0066909949e-01
4.5607033597e+00   2.9677289335e-01
4.5763436334e+00   2.9219135616e-01
4.5919839071e+00   2.8860364776e-01
4.6076241808e+00   2.8709240987e-01
4.6232644545e+00   2.8833091666e-01
4.6389047282e+00   2.9272182144e-01
4.6545450019e+00   3.0049658474e-01
4.6701852756e+00   3.1178437107e-01
4.6858255493e+00   3.2665770304e-01
4.7014658230e+00   3.4516012023e-01
4.7171060967e+00   3.6731949098e-01
4.7327463705e+00   3.9314926103e-01
4.7483866442e+00   4.2263884550e-01
4.7640269179e+00   4.5573351676e-01
4.7796671916e+00   4.9230361002e-01
4.7953074653e+00   5.3210265262e-01
4.8109477390e+00   5.7471442002e-01
4.8265880127e+00   6.1949017868e-01
4.8422282864e+00   6.6547988059e-01
4.8578685601e+00   7.1136520992e-01
4.8735088338e+00   7.5540820188e-01
4.8891491075e+00   7.9543617275e-01
4.9047893812e+00   8.2888993066e-01
4.9204296549e+00   8.5296403785e-01
4.9360699286e+00   8.6486022347e-01
4.9517102023e+00   8.6215155798e-01
4.9673504760e+00   8.4321732562e-01
4.9829907497e+00   8.0766192932e-01
4.9986310234e+00   7.5659846151e-01
5.0142712971e+00   6.9268164917e-01
5.0299115708e+00   6.1983499822e-01
5.0455518445e+00   5.4271025090e-01
5.0555111599e+00   4.9354313297e-01
5.0711514336e+00   4.1932850389e-01
5.0867917073e+00   3.5178945977e-01
5.1024319810e+00   2.9328298946e-01
5.1177907348e+00   2.4576018193e-01
5.1334310085e+00   2.0764569627e-01
5.1490712822e+00   1.7933611834e-01
5.1647115559e+00   1.5980569153e-01
5.1803518296e+00   1.4782155677e-01
5.1959921033e+00   1.4213100387e-01
5.2116323770e+00   1.4158296518e-01
5.2272726507e+00   1.4519557775e-01
5.2429129244e+00   1.5218179477e-01
5.2585531981e+00   1.6194951775e-01
5.2741934718e+00   1.7408635537e-01
5.2898337455e+00   1.8833713935e-01
5.3054740192e+00   2.0457927288e-01
5.3211142929e+00   2.2279878397e-01
5.3367545666e+00   2.4306838039e-01
5.3523948403e+00   2.6552771873e-01
5.3680351141e+00   2.9036535643e-01
5.3836753878e+00   3.1780132255e-01
5.3993156615e+00   3.4806882535e-01
5.4149559352e+00   3.8139320185e-01
5.4305962089e+00   4.1796610840e-01
5.4462364826e+00   4.5791223131e-01
5.4618767563e+00   5.0124609421e-01
5.4775170300e+00   5.4781652166e-01
5.4931573037e+00   5.9723728087e-01
5.5087975774e+00   6.4880452115e-01
5.5244378511e+00   7.0140560820e-01
5.5400781248e+00   7.5343041088e-01
5.5557183985e+00   8.0270538973e-01
5.5713586722e+00   8.4648190117e-01
5.5869989459e+00   8.8151968796e-01
5.6026392196e+00   9.0430838273e-01
5.6182794933e+00   9.1145324493e-01
5.6339197670e+00   9.0021115167e-01
5.6495600407e+00   8.6909657665e-01
5.6652003144e+00   8.1840770493e-01
5.6808405881e+00   7.5048757930e-01
5.6950601781e+00   6.7732134517e-01
5.7107004518e+00   5.8939734029e-01
5.7263407255e+00   4.9948838095e-01
5.7334641125e+00   4.5943293387e-01
5.7491043862e+00   3.7632772169e-01
5.7647446599e+00   3.0279220757e-01
5.7803849336e+00   2.4100647945e-01
5.7861009485e+00   2.2153661301e-01
5.8017412222e+00   1.7670107469e-01
5.8173814959e+00   1.4352216353e-01
5.8330217697e+00   1.2064550600e-01
5.8486620434e+00   1.0645905434e-01
5.8643023171e+00   9.9343170138e-02
5.8799425908e+00   9.7827154120e-02
5.8955828645e+00   1.0066918049e-01
5.9112231382e+00   1.0688249394e-01
5.9268634119e+00   1.1572831623e-01
5.9387284060e+00   1.2387130220e-01
5.9543686797e+00   1.3621450660e-01
5.9700089534e+00   1.5021149343e-01
5.9856492271e+00   1.6579634782e-01
6.0012895008e+00   1.8301169961e-01
6.0169297745e+00   2.0198638724e-01
6.0325700482e+00   2.2291726786e-01
6.0482103219e+00   2.4605428466e-01
6.0638505956e+00   2.7168754362e-01
6.0794908693e+00   3.0013485791e-01
6.0951311430e+00   3.3172791252e-01
6.1107714167e+00   3.6679483457e-01
6.1264116905e+00   4.0563665635e-01
6.1420519642e+00   4.4849386822e-01
6.1576922379e+00   4.9550039657e-01
6.1733325116e+00   5.4662025251e-01
6.1889727853e+00   6.0156375644e-01
6.2046130590e+00   6.5968162531e-01
6.2202533327e+00   7.1983962201e-01
6.2358936064e+00   7.8028447069e-01
6.2515338801e+00   8.3852480470e-01
6.2671741538e+00   8.9126862220e-01
6.2782168201e+00   9.2302792600e-01
6.2938570938e+00   9.5678331584e-01
6.3094973675e+00   9.7320874808e-01
6.3251376412e+00   9.6817107041e-01
6.3407779149e+00   9.3888144938e-01
6.3564181886e+00   8.8475578852e-01
6.3720584623e+00   8.0798620369e-01
6.3876987360e+00   7.1354143476e-01
6.4033390097e+00   6.0847699956e-01
6.4189792834e+00   5.0071115652e-01
6.4259692173e+00   4.5367652587e-01
6.4416094910e+00   3.5470203855e-01
6.4572497647e+00   2.6809367841e-01
6.4670260168e+00   2.2148198131e-01
6.4826662905e+00   1.5959542847e-01
6.4983065643e+00   1.1281985325e-01
6.5052013669e+00   9.6625146921e-02
6.5208416406e+00   6.8742505652e-02
6.5364819143e+00   5.1327999188e-02
6.5521221880e+00   4.2181343465e-02
6.5677624617e+00   3.9327281993e-02
6.5834027354e+00   4.1116974816e-02
6.5990430091e+00   4.6251953404e-02
6.6146832828e+00   5.3763441031e-02
6.6303235565e+00   6.2970197306e-02
6.6459638302e+00   7.3429708072e-02
6.6616041039e+00   8.4891105850e-02
6.6772443776e+00   9.7253943497e-02
6.6928846513e+00   1.1053434985e-01
6.7085249250e+00   1.2483863436e-01
6.7241651987e+00   1.4034348744e-01
6.7398054725e+00   1.5728245479e-01
6.7554457462e+00   1.7593624032e-01
6.7710860199e+00   1.9662677278e-01
6.7867262936e+00   2.1971325698e-01
6.8023665673e+00   2.4558895477e-01
6.8180068410e+00   2.7467717419e-01
6.8336471147e+00   3.0742467335e-01
6.8492873884e+00   3.4429026627e-01
6.8649276621e+00   3.8572578016e-01
6.8730260404e+00   4.0912280680e-01
6.8886663141e+00   4.5827988246e-01
6.9043065878e+00   5.1287304366e-01
6.9199468615e+00   5.7295538598e-01
6.9355871353e+00   6.3825183415e-01
6.9479091750e+00   6.9288884784e-01
6.9635494487e+00   7.6515833340e-01
6.9791897224e+00   8.3864511409e-01
6.9933292375e+00   9.0345418928e-01
7.0089695112e+00   9.6927907691e-01
7.0224422642e+00   1.0169350336e+00
7.0380825379e+00   1.0560364004e+00
7.0457713522e+00   1.0669261887e+00
7.0614116259e+00   1.0682443029e+00
7.0770518996e+00   1.0377465891e+00
7.0926921733e+00   9.7354666158e-01
7.1083324471e+00   8.7796658180e-01
7.1239727208e+00   7.5778168935e-01
7.1331560862e+00   6.7976849484e-01
7.1361391823e+00   6.5374791951e-01
7.1517794560e+00   5.1602619316e-01
7.1587950089e+00   4.5551439006e-01
7.1744352827e+00   3.2904263007e-01
7.1820496777e+00   2.7334397858e-01
7.1976899514e+00   1.7373980989e-01
7.2065377472e+00   1.2676061122e-01
7.2221780209e+00   6.0052896309e-02
7.2318794679e+00   2.8442234666e-02
7.2475197417e+00   -8.8384687815e-03
7.2631600154e+00   -3.2171178526e-02
7.2788002891e+00   -4.4870325940e-02
7.2944405628e+00   -4.9880019807e-02
7.3100808365e+00   -4.9624219594e-02
7.3257211102e+00   -4.5988288500e-02
7.3413613839e+00   -4.0370215396e-02
7.3570016576e+00   -3.3760301891e-02
7.3726419313e+00   -2.6825596713e-02
7.3882822050e+00   -1.9986752884e-02
7.4039224787e+00   -1.3483333184e-02
7.4195627524e+00   -7.4259359724e-03
7.4352030261e+00   -1.8364308355e-03
7.4508432998e+00   3.3220832086e-03
7.4664835735e+00   8.1237464062e-03
7.4821238472e+00   1.2665089849e-02
7.4977641209e+00   1.7055349298e-02
7.5134043946e+00   2.1410679934e-02
7.5290446683e+00   2.5851265485e-02
7.5446849420e+00   3.0500546341e-02
7.5603252157e+00   3.5485990913e-02
7.5759654895e+00   4.0941001189e-02
7.5916057632e+00   4.7007679036e-02
7.6072460369e+00   5.3840287895e-02
7.6228863106e+00   6.1606769149e-02
7.6385265843e+00   7.0499318810e-02
7.6541668580e+00   8.0734368017e-02
7.6698071317e+00   9.2559856786e-02
7.6854474054e+00   1.0626163730e-01
7.7010876791e+00   1.2217060796e-01
7.7167279528e+00   1.4066951583e-01
7.7323682265e+00   1.6220247874e-01
7.7480085002e+00   1.8728204549e-01
7.7636487739e+00   2.1649695062e-01
7.7792890476e+00   2.5051765763e-01
7.7941077519e+00   2.8786703452e-01
7.8097480256e+00   3.3347917121e-01
7.8253882993e+00   3.8632056307e-01
7.8396888205e+00   4.4173044183e-01
7.8553290942e+00   5.1088146983e-01
7.8709693679e+00   5.8962092443e-01
7.8866096416e+00   6.7825348141e-01
7.8911530973e+00   7.0582538694e-01
7.9067933710e+00   8.0652030199e-01
7.9224336447e+00   9.1450375440e-01
7.9250046390e+00   9.3272120696e-01
7.9406449127e+00   1.0441964701e+00
7.9541796248e+00   1.1375257806e+00
7.9581905042e+00   1.1636831502e+00
7.9738307779e+00   1.2538907772e+00
7.9894710516e+00   1.3148575211e+00
7.9979141451e+00   1.3303733652e+00
8.0135544188e+00   1.3177684482e+00
8.0291946925e+00   1.2433416018e+00
8.0417231950e+00   1.1377510223e+00
8.0566113443e+00   9.6590322104e-01
8.0608284178e+00   9.1004585443e-01
8.0725604886e+00   7.4398244886e-01
8.0765447885e+00   6.8546687442e-01
8.0876398589e+00   5.2209570279e-01
8.0909585179e+00   4.7407924388e-01
8.1020196285e+00   3.2079125598e-01
8.1084901152e+00   2.3777400343e-01
8.1196439712e+00   1.0933685028e-01
8.1259528965e+00   4.5741924551e-02
8.1373044319e+00   -5.1646212317e-02
8.1492582526e+00   -1.3136959347e-01
8.1584960526e+00   -1.7842026500e-01
8.1642227052e+00   -2.0193489332e-01
8.1795996037e+00   -2.4707141892e-01
8.1952398774e+00   -2.7208949482e-01
8.2044134018e+00   -2.7975927578e-01
8.2200536755e+00   -2.8485547469e-01
8.2356939492e+00   -2.8377287837e-01
8.2513342229e+00   -2.7987290334e-01
8.2669744966e+00   -2.7548513330e-01
8.2826147703e+00   -2.7216787643e-01
8.2982550440e+00   -2.7092921492e-01
8.3138953177e+00   -2.7239989809e-01
8.3295355914e+00   -2.7696214448e-01
8.3451758651e+00   -2.8484246895e-01
8.3608161388e+00   -2.9617652396e-01
8.3764564126e+00   -3.1105236452e-01
8.3920966863e+00   -3.2953702101e-01
8.4077369600e+00   -3.5168963664e-01
8.4111277769e+00   -3.5698149349e-01
8.4267680506e+00   -3.8366762005e-01
8.4424083243e+00   -4.1411760657e-01
8.4580485980e+00   -4.4832504847e-01
8.4736888717e+00   -4.8621200332e-01
8.4893291454e+00   -5.2758475703e-01
8.5049694191e+00   -5.7207697475e-01
8.5206096928e+00   -6.1908075935e-01
8.5362499665e+00   -6.6766869898e-01
8.5518902402e+00   -7.1651440238e-01
8.5675305139e+00   -7.6382563303e-01
8.5831707876e+00   -8.0731260310e-01
8.5988110614e+00   -8.4422239613e-01
8.6144513351e+00   -8.7147478164e-01
8.6300916088e+00   -8.8592878090e-01
8.6457318825e+00   -8.8478464547e-01
8.6613721562e+00   -8.6608257324e-01
8.6770124299e+00   -8.2920176011e-01
8.6926527036e+00   -7.7521797993e-01
8.7082929773e+00   -7.0697626253e-01
8.7239332510e+00   -6.2879883210e-01
8.7395735247e+00   -5.4586882474e-01
8.7511778324e+00   -4.8439280508e-01
8.7668181062e+00   -4.0537357608e-01
8.7824583799e+00   -3.3412566700e-01
8.7980986536e+00   -2.7305636088e-01
8.8106776607e+00   -2.3209207742e-01
8.8263179344e+00   -1.9134147957e-01
8.8419582081e+00   -1.6120392759e-01
8.8575984818e+00   -1.4048799982e-01
8.8732387555e+00   -1.2778357695e-01
8.8888790292e+00   -1.2167363986e-01
8.9045193029e+00   -1.2086835526e-01
8.9201595766e+00   -1.2427614589e-01
8.9357998503e+00   -1.3102808027e-01
8.9514401240e+00   -1.4047401188e-01
8.9670803977e+00   -1.5216268841e-01
8.9827206714e+00   -1.6581492723e-01
8.9983609451e+00   -1.8129543833e-01
9.0140012188e+00   -1.9858636853e-01
9.0296414925e+00   -2.1776391312e-01
9.0452817663e+00   -2.3897820169e-01
9.0609220400e+00   -2.6243591947e-01
9.0765623137e+00   -2.8838461811e-01
9.0922025874e+00   -3.1709728131e-01
9.1078428611e+00   -3.4885536037e-01
9.1234831348e+00   -3.8392801294e-01
9.1391234085e+00   -4.2254552152e-01
9.1547636822e+00   -4.6486306310e-01
9.1704039559e+00   -5.1091253345e-01
9.1860442296e+00   -5.6053907460e-01
9.2016845033e+00   -6.1332039226e-01
9.2173247770e+00   -6.6846936768e-01
9.2329650507e+00   -7.2472537985e-01
9.2486053244e+00   -7.8024790635e-01
9.2642455981e+00   -8.3253792487e-01
9.2798858718e+00   -8.7842694476e-01
9.2934399259e+00   -9.1014543331e-01
9.3090801996e+00   -9.3388377668e-01
9.3247204733e+00   -9.4015882354e-01
9.3403607470e+00   -9.2588521406e-01
9.3560010208e+00   -8.8948232600e-01
9.3716412945e+00   -8.3149429709e-01
9.3872815682e+00   -7.5486716942e-01
9.4006267399e+00   -6.7854330173e-01
9.4162670136e+00   -5.8195719461e-01
9.4319072873e+00   -4.8418532567e-01
9.4371945873e+00   -4.5199704009e-01
9.4528348610e+00   -3.6211972381e-01
9.4684751347e+00   -2.8322281665e-01
9.4818454954e+00   -2.2624977684e-01
9.4851638471e+00   -2.1368173649e-01
9.5008041208e+00   -1.6280091209e-01
9.5164443945e+00   -1.2498874333e-01
9.5320846682e+00   -9.8722087681e-02
9.5477249419e+00   -8.2140623641e-02
9.5633652157e+00   -7.3357725494e-02
9.5790054894e+00   -7.0654220992e-02
9.5946457631e+00   -7.2576360189e-02
9.6102860368e+00   -7.7966861742e-02
9.6259263105e+00   -8.5955263358e-02
9.6415665842e+00   -9.5927142187e-02
9.6572068579e+00   -1.0748526409e-01
9.6728471316e+00   -1.2041045352e-01
9.6884874053e+00   -1.3462626340e-01
9.7041276790e+00   -1.5016929700e-01
9.7197679527e+00   -1.6716534363e-01
9.7354082264e+00   -1.8581097741e-01
9.7510485001e+00   -2.0635962149e-01
9.7666887738e+00   -2.2911089582e-01
9.7823290475e+00   -2.5440186827e-01
9.7979693212e+00   -2.8259863550e-01
9.8136095949e+00   -3.1408640088e-01
9.8292498686e+00   -3.4925584604e-01
9.8364520374e+00   -3.6679459708e-01
9.8520923111e+00   -4.0800833846e-01
9.8677325848e+00   -4.5373956984e-01
9.8833728585e+00   -5.0417152792e-01
9.8990131322e+00   -5.5929909619e-01
9.9146534059e+00   -6.1882896598e-01
9.9297724305e+00   -6.7989589964e-01
9.9454127042e+00   -7.4547380238e-01
9.9610529779e+00   -8.1151516194e-01
9.9766932516e+00   -8.7512897135e-01
9.9923335253e+00   -9.3244541153e-01
9.9977188614e+00   -9.4988046398e-01
1.0013359135e+01   -9.9106387166e-01
1.0028999409e+01   -1.0138758330e+00
1.0044639683e+01   -1.0131643223e+00
1.0060279956e+01   -9.8514308597e-01
1.0075920230e+01   -9.2851670745e-01
1.0078705497e+01   -9.1553057388e-01
1.0094345770e+01   -8.2808362983e-01
1.0109986044e+01   -7.2086758324e-01
1.0116129046e+01   -6.7516690773e-01
1.0131769320e+01   -5.5492372803e-01
1.0142111903e+01   -4.7585775260e-01
1.0157752177e+01   -3.6302622547e-01
1.0173392451e+01   -2.6366324948e-01
1.0180697052e+01   -2.2295929781e-01
1.0196337325e+01   -1.4894638859e-01
1.0211977599e+01   -9.2568064218e-02
1.0221942047e+01   -6.5140063782e-02
1.0237582321e+01   -3.3701571793e-02
1.0253222594e+01   -1.4076783651e-02
1.0268862868e+01   -3.6142357771e-03
1.0284503142e+01   4.8607820206e-05
1.0300143416e+01   -1.1314901987e-03
1.0315783689e+01   -5.6237097772e-03
1.0331423963e+01   -1.2289727778e-02
1.0347064237e+01   -2.0326472437e-02
1.0362704510e+01   -2.9203171281e-02
1.0378344784e+01   -3.8602377531e-02
1.0393985058e+01   -4.8368897300e-02
1.0409625332e+01   -5.8469895079e-02
1.0425265605e+01   -6.8962416296e-02
1.0440905879e+01   -7.9970391526e-02
1.0456546153e+01   -9.1668425521e-02
1.0472186426e+01   -1.0427132453e-01
1.0487826700e+01   -1.1802816512e-01
1.0503466974e+01   -1.3321996595e-01
1.0519107247e+01   -1.5015955315e-01
1.0534747521e+01   -1.6919364999e-01
1.0550387795e+01   -1.9070566477e-01
1.0566028069e+01   -2.1511860827e-01
1.0581668342e+01   -2.4289720473e-01
1.0597308616e+01   -2.7454759585e-01
1.0612948890e+01   -3.1061282156e-01
1.0628589163e+01   -3.5166115229e-01
1.0644229437e+01   -3.9826439822e-01
1.0648972860e+01   -4.1357913894e-01
1.0664613134e+01   -4.6821051831e-01
1.0680253407e+01   -5.2946167753e-01
1.0695893681e+01   -5.9747890557e-01
1.0711533955e+01   -6.7200792160e-01
1.0718173268e+01   -7.0542849639e-01
1.0733813542e+01   -7.8750858258e-01
1.0749453816e+01   -8.7232749465e-01
1.0759433876e+01   -9.2627367024e-01
1.0775074150e+01   -1.0069514433e+00
1.0790587027e+01   -1.0766210783e+00
1.0797792306e+01   -1.1033341742e+00
1.0813432580e+01   -1.1437530547e+00
1.0829072854e+01   -1.1529235484e+00
1.0837384942e+01   -1.1424512162e+00
1.0853025216e+01   -1.0908051877e+00
1.0868665490e+01   -9.9734201968e-01
1.0878394879e+01   -9.2024798554e-01
1.0894035153e+01   -7.7323370993e-01
1.0901604858e+01   -6.9539529171e-01
1.0916730059e+01   -5.3573470524e-01
1.0924424360e+01   -4.5592365271e-01
1.0939354824e+01   -3.1093883579e-01
1.0946531825e+01   -2.4787809249e-01
1.0961291382e+01   -1.3483954967e-01
1.0976480982e+01   -4.3348247393e-02
1.0984814952e+01   -3.5813365040e-03
1.1000455226e+01   5.3093371022e-02
1.1016095500e+01   8.9957921712e-02
1.1031735773e+01   1.1157691855e-01
1.1047376047e+01   1.2219601001e-01
1.1054101161e+01   1.2429790597e-01
1.1069741435e+01   1.2521080137e-01
1.1085381709e+01   1.2250513714e-01
1.1101021983e+01   1.1802011253e-01
1.1116662256e+01   1.1305531592e-01
1.1126061321e+01   1.1022353400e-01
1.1141701595e+01   1.0620013935e-01
1.1157341869e+01   1.0339924391e-01
1.1172982143e+01   1.0209066856e-01
1.1188622416e+01   1.0243500028e-01
1.1204262690e+01   1.0452949597e-01
1.1219902964e+01   1.0844206602e-01
1.1235543237e+01   1.1423607917e-01
1.1251183511e+01   1.2198831141e-01
1.1266823785e+01   1.3180191935e-01
1.1282464059e+01   1.4381591828e-01
1.1298104332e+01   1.5821221736e-01
1.1313744606e+01   1.7522096909e-01
1.1329384880e+01   1.9512459482e-01
1.1345025153e+01   2.1826050210e-01
1.1360665427e+01   2.4502190531e-01
1.1376305701e+01   2.7585639833e-01
1.1391945974e+01   3.1125968229e-01
1.1407586248e+01   3.5176257733e-01
1.1423226522e+01   3.9790730155e-01
1.1429611930e+01   4.1848922754e-01
1.1445252204e+01   4.7343015116e-01
1.1460892478e+01   5.3506750938e-01
1.1475721380e+01   5.9979471636e-01
1.1491361654e+01   6.7441751233e-01
1.1497521845e+01   7.0543015977e-01
1.1513162118e+01   7.8745506569e-01
1.1528802392e+01   8.7224546421e-01
1.1538771510e+01   9.2612881297e-01
1.1554411783e+01   1.0068270634e+00
1.1569923631e+01   1.0765454510e+00
1.1577160501e+01   1.1034023532e+00
1.1592800775e+01   1.1438689943e+00
1.1608441049e+01   1.1530956251e+00
1.1616400621e+01   1.1433296956e+00
1.1632040894e+01   1.0926903436e+00
1.1647681168e+01   1.0001681784e+00
1.1657652731e+01   9.2148891929e-01
1.1673293004e+01   7.7463121450e-01
1.1680929168e+01   6.9612559780e-01
1.1696061003e+01   5.3635224270e-01
1.1703786393e+01   4.5618326027e-01
1.1718717957e+01   3.1111913120e-01
1.1725900496e+01   2.4797750545e-01
1.1740654400e+01   1.3491877662e-01
1.1755837577e+01   4.3399658695e-02
1.1764172335e+01   3.5952502407e-03
1.1779812609e+01   -5.3130847951e-02
1.1795452883e+01   -9.0032768119e-02
1.1811093157e+01   -1.1167730420e-01
1.1826733430e+01   -1.2231286383e-01
1.1833473187e+01   -1.2442300594e-01
1.1849113461e+01   -1.2533946862e-01
1.1864753735e+01   -1.2263604487e-01
1.1880394008e+01   -1.1815293999e-01
1.1896034282e+01   -1.1319045679e-01
1.1905388359e+01   -1.1037342466e-01
1.1921028633e+01   -1.0635096887e-01
1.1936668906e+01   -1.0355143678e-01
1.1952309180e+01   -1.0224526637e-01
1.1967949454e+01   -1.0259347357e-01
1.1983589728e+01   -1.0469361894e-01
1.1999230001e+01   -1.0861383924e-01
1.2014870275e+01   -1.1441768795e-01
1.2030510549e+01   -1.2218210998e-01
1.2046150822e+01   -1.3201043301e-01
1.2061791096e+01   -1.4404185674e-01
1.2077431370e+01   -1.5845849337e-01
1.2093071643e+01   -1.7549071653e-01
1.2108711917e+01   -1.9542117944e-01
1.2124352191e+01   -2.1858751660e-01
1.2139849646e+01   -2.4512072904e-01
1.2155489920e+01   -2.7595393681e-01
1.2171130194e+01   -3.1135510370e-01
1.2186770468e+01   -3.5185455254e-01
1.2202410741e+01   -3.9799389784e-01
1.2208717008e+01   -4.1831143682e-01
1.2224357281e+01   -4.7320988576e-01
1.2239997555e+01   -5.3479957358e-01
1.2254813446e+01   -5.9941790672e-01
1.2270453720e+01   -6.7398024631e-01
1.2276706515e+01   -7.0544116102e-01
1.2292346789e+01   -7.8743223094e-01
1.2307987063e+01   -8.7218083551e-01
1.2317969454e+01   -9.2610445439e-01
1.2333609728e+01   -1.0067434458e+00
1.2349120806e+01   -1.0763905966e+00
1.2356358956e+01   -1.1032184651e+00
1.2371999230e+01   -1.1436109539e+00
1.2387639504e+01   -1.1527713426e+00
1.2396279445e+01   -1.1416527915e+00
1.2411919719e+01   -1.0891387294e+00
1.2427559993e+01   -9.9487560821e-01
1.2437076516e+01   -9.1920605055e-01
1.2452716790e+01   -7.7208018142e-01
1.2460233236e+01   -6.9478508937e-01
1.2475354571e+01   -5.3521803305e-01
1.2483023830e+01   -4.5570474759e-01
1.2497954856e+01   -3.1078856214e-01
1.2505127411e+01   -2.4780154327e-01
1.2519893342e+01   -1.3478250764e-01
1.2535090069e+01   -4.3318825029e-02
1.2543425074e+01   -3.5831386726e-03
1.2559065347e+01   5.3035813038e-02
1.2574705621e+01   8.9860413839e-02
1.2590345895e+01   1.1145256892e-01
1.2605986168e+01   1.2205470182e-01
1.2612696569e+01   1.2414829221e-01
1.2628336843e+01   1.2505768420e-01
1.2643977117e+01   1.2234991189e-01
1.2659617390e+01   1.1786301157e-01
1.2675257664e+01   1.1289575499e-01
1.2684703706e+01   1.1004842850e-01
1.2700343980e+01   1.0602364465e-01
1.2715984254e+01   1.0322065947e-01
1.2731624527e+01   1.0190863504e-01
1.2747264801e+01   1.0224769691e-01
1.2762905075e+01   1.0433476933e-01
1.2778545349e+01   1.0823750700e-01
1.2794185622e+01   1.1401906137e-01
1.2809825896e+01   1.2175600181e-01
1.2825466170e+01   1.3155126986e-01
1.2841106443e+01   1.4354364536e-01
1.2856746717e+01   1.5791477632e-01
1.2872386991e+01   1.7489452983e-01
1.2888027264e+01   1.9476502659e-01
1.2903667538e+01   2.1786337744e-01
1.2919307812e+01   2.4458253866e-01
1.2934948086e+01   2.7536993471e-01
1.2950588359e+01   3.1072126931e-01
1.2966228633e+01   3.5116765737e-01
1.2981868907e+01   3.9725208237e-01
1.2988627880e+01   4.1904370026e-01
1.3004268154e+01   4.7407825000e-01
1.3019908427e+01   5.3581702174e-01
1.3035548701e+01   6.0436593444e-01
1.3051188975e+01   6.7941547270e-01
1.3056212171e+01   7.0476481466e-01
1.3071852445e+01   7.8679568401e-01
1.3087492718e+01   8.7162505207e-01
1.3097483782e+01   9.2567348542e-01
1.3113124056e+01   1.0064812494e+00
1.3128615898e+01   1.0762804011e+00
1.3135912518e+01   1.1034472126e+00
1.3151552792e+01   1.1440868440e+00
1.3167193066e+01   1.1535041450e+00
1.3174265322e+01   1.1454333902e+00
1.3189905595e+01   1.0973713931e+00
1.3205545869e+01   1.0072705397e+00
1.3216098491e+01   9.2494429341e-01
1.3231738764e+01   7.7854686267e-01
1.3239555379e+01   6.9824217999e-01
1.3254706235e+01   5.3816070178e-01
1.3262521671e+01   4.5696033786e-01
1.3277457576e+01   3.1166609306e-01
1.3284657454e+01   2.4828339766e-01
1.3299395865e+01   1.3516937742e-01
1.3314561225e+01   4.3573779779e-02
1.3322900686e+01   3.6540779274e-03
1.3338540960e+01   -5.3212028919e-02
1.3354181233e+01   -9.0216045246e-02
1.3369821507e+01   -1.1193050371e-01
1.3385461781e+01   -1.2261118359e-01
1.3392248128e+01   -1.2474542643e-01
1.3407888402e+01   -1.2566953204e-01
1.3423528676e+01   -1.2297084512e-01
1.3439168950e+01   -1.1849203336e-01
1.3454809223e+01   -1.1353513071e-01
1.3464059347e+01   -1.1075246955e-01
1.3479699620e+01   -1.0673309014e-01
1.3495339894e+01   -1.0393806554e-01
1.3510980168e+01   -1.0263928057e-01
1.3526620441e+01   -1.0299876449e-01
1.3542260715e+01   -1.0511480702e-01
1.3557900989e+01   -1.0905610312e-01
1.3573541262e+01   -1.1488667764e-01
1.3589181536e+01   -1.2268392072e-01
1.3604821810e+01   -1.3255162090e-01
1.3620462084e+01   -1.4462948035e-01
1.3636102357e+01   -1.5910016685e-01
1.3651742631e+01   -1.7619465971e-01
1.3667382905e+01   -1.9619624785e-01
1.3683023178e+01   -2.1944313064e-01
1.3698663452e+01   -2.4632936952e-01
1.3714303726e+01   -2.7730295144e-01
1.3729943999e+01   -3.1285946067e-01
1.3745584273e+01   -3.5352857405e-01
1.3761224547e+01   -3.9985073203e-01
1.3766407410e+01   -4.1653704613e-01
1.3782047684e+01   -4.7115996599e-01
1.3797687958e+01   -5.3245428588e-01
1.3812349852e+01   -5.9608354020e-01
1.3827990126e+01   -6.7028466175e-01
1.3834974707e+01   -7.0533338755e-01
1.3850614981e+01   -7.8723157155e-01
1.3866255255e+01   -8.7187203024e-01
1.3876279321e+01   -9.2594252437e-01
1.3891919594e+01   -1.0064393402e+00
1.3907424409e+01   -1.0759052673e+00
1.3914678534e+01   -1.1027162870e+00
1.3930318808e+01   -1.1429382114e+00
1.3945959081e+01   -1.1519536812e+00
1.3956061044e+01   -1.1376536443e+00
1.3971701318e+01   -1.0811341680e+00
1.3987341591e+01   -9.8320878619e-01
1.3995773751e+01   -9.1515607615e-01
1.4011414025e+01   -7.6766599387e-01
1.4018721231e+01   -6.9253452895e-01
1.4033830844e+01   -5.3334151932e-01
1.4041410332e+01   -4.5492328636e-01
1.4056347759e+01   -3.1026611532e-01
1.4063506263e+01   -2.4755201617e-01
1.4078299955e+01   -1.3461654661e-01
1.4093527239e+01   -4.3270914451e-02
1.4101872829e+01   -3.6408532437e-03
1.4117513103e+01   5.2734698120e-02
1.4133153377e+01   8.9385746580e-02
1.4148793650e+01   1.1086180956e-01
1.4164433924e+01   1.2139083429e-01
1.4171094109e+01   1.2345172301e-01
1.4186734383e+01   1.2434181802e-01
1.4202374657e+01   1.2162224191e-01
1.4218014930e+01   1.1712536085e-01
1.4233655204e+01   1.1214592913e-01
1.4243342073e+01   1.0921938901e-01
1.4258982347e+01   1.0518930878e-01
1.4274622620e+01   1.0237835908e-01
1.4290262894e+01   1.0105237407e-01
1.4305903168e+01   1.0136916295e-01
1.4321543441e+01   1.0342400293e-01
1.4337183715e+01   1.0728331053e-01
1.4352823989e+01   1.1300921429e-01
1.4368464263e+01   1.2067733576e-01
1.4384104536e+01   1.3038964659e-01
1.4399744810e+01   1.4228387369e-01
1.4415385084e+01   1.5654050008e-01
1.4431025357e+01   1.7338811903e-01
1.4446665631e+01   1.9310750822e-01
1.4462305905e+01   2.1603445222e-01
1.4477946179e+01   2.4256075543e-01
1.4493586452e+01   2.7313309227e-01
1.4509226726e+01   3.0824719762e-01
1.4524867000e+01   3.4843554521e-01
1.4540507273e+01   3.9424461748e-01
1.4548822732e+01   4.2107015978e-01
1.4564463006e+01   4.7647188590e-01
1.4580103280e+01   5.3861161832e-01
1.4595743553e+01   6.0758546754e-01
1.4611383827e+01   6.8306491456e-01
1.4615441154e+01   7.0360598457e-01
1.4631081427e+01   7.8576622197e-01
1.4646721701e+01   8.7080857010e-01
1.4656698580e+01   9.2496952390e-01
1.4672338854e+01   1.0061725002e+00
1.4687797147e+01   1.0763504920e+00
1.4695189833e+01   1.1041515277e+00
1.4710830107e+01   1.1453568593e+00
1.4726470381e+01   1.1553455059e+00
1.4732269637e+01   1.1495337328e+00
1.4747909911e+01   1.1053561619e+00
1.4763550184e+01   1.0188191022e+00
1.4774885824e+01   9.3182946342e-01
1.4790526097e+01   7.8595548028e-01
1.4798623280e+01   7.0270061430e-01
1.4813780213e+01   5.4201566680e-01
1.4821759219e+01   4.5874278827e-01
1.4836678836e+01   3.1289819453e-01
1.4843910595e+01   2.4889889340e-01
1.4858588059e+01   1.3559744782e-01
1.4873686049e+01   4.3738262758e-02
1.4882005732e+01   3.5653265795e-03
1.4897646006e+01   -5.3843631128e-02
1.4913286280e+01   -9.1235615490e-02
1.4928926554e+01   -1.1321012842e-01
1.4944566827e+01   -1.2405484554e-01
1.4951466754e+01   -1.2626414368e-01
1.4967107027e+01   -1.2723061634e-01
1.4982747301e+01   -1.2455761849e-01
1.4998387575e+01   -1.2010028055e-01
1.5014027849e+01   -1.1516946234e-01
1.5022739568e+01   -1.1256113383e-01
1.5038379842e+01   -1.0855113085e-01
1.5054020116e+01   -1.0577045296e-01
1.5069660389e+01   -1.0449848023e-01
1.5085300663e+01   -1.0490242960e-01
1.5100940937e+01   -1.0708424058e-01
1.5116581210e+01   -1.1111530530e-01
1.5132221484e+01   -1.1706182776e-01
1.5147861758e+01   -1.2500317007e-01
1.5163502032e+01   -1.3504511405e-01
1.5179142305e+01   -1.4732949188e-01
1.5194782579e+01   -1.6204131343e-01
1.5210422853e+01   -1.7941409794e-01
1.5226063126e+01   -1.9973377858e-01
1.5241703400e+01   -2.2334108857e-01
1.5257343674e+01   -2.5063221085e-01
1.5272983947e+01   -2.8205627424e-01
1.5288624221e+01   -3.1810821954e-01
1.5304264495e+01   -3.5931409896e-01
1.5319904769e+01   -4.0620587792e-01
1.5335545042e+01   -4.5927602495e-01
1.5337653919e+01   -4.6692742248e-01
1.5353294193e+01   -5.2746563071e-01
1.5367635693e+01   -5.8889983370e-01
1.5383275967e+01   -6.6214000039e-01
1.5391685590e+01   -7.0396789222e-01
1.5407325863e+01   -7.8538686127e-01
1.5422966137e+01   -8.6950807871e-01
1.5433229215e+01   -9.2450614291e-01
1.5448869489e+01   -1.0043930207e+00
1.5464313073e+01   -1.0729991874e+00
1.5471729434e+01   -1.1001154508e+00
1.5487369708e+01   -1.1396614780e+00
1.5503009981e+01   -1.1481599442e+00
1.5516986100e+01   -1.1235886089e+00
1.5532626373e+01   -1.0566973030e+00
1.5548266647e+01   -9.4976546238e-01
1.5553036873e+01   -9.1020238341e-01
1.5568677146e+01   -7.6342577337e-01
1.5575854236e+01   -6.9012776444e-01
1.5591035263e+01   -5.3140310800e-01
1.5598575382e+01   -4.5402585224e-01
1.5613595530e+01   -3.0981459835e-01
1.5620759890e+01   -2.4762461930e-01
1.5635666497e+01   -1.3497376529e-01
1.5651013069e+01   -4.4039567997e-02
1.5659470804e+01   -4.4787804519e-03
1.5675111077e+01   5.0940111236e-02
1.5690751351e+01   8.6923657250e-02
1.5706391625e+01   1.0796359512e-01
1.5722031899e+01   1.1822476691e-01
1.5728613589e+01   1.2019173110e-01
1.5744253863e+01   1.2098186301e-01
1.5759894137e+01   1.1820121094e-01
1.5775534410e+01   1.1365450853e-01
1.5791174684e+01   1.0861681671e-01
1.5806814958e+01   1.0395511362e-01
1.5822455232e+01   1.0023597423e-01
1.5838095505e+01   9.7814175185e-02
1.5853735779e+01   9.6902603568e-02
1.5869376053e+01   9.7625766909e-02
1.5885016326e+01   1.0005984879e-01
1.5900656600e+01   1.0426218255e-01
1.5916296874e+01   1.1029267533e-01
1.5931937147e+01   1.1822929563e-01
1.5947577421e+01   1.2817931628e-01
1.5963217695e+01   1.4028763882e-01
1.5978857969e+01   1.5474311417e-01
1.5994498242e+01   1.7178352491e-01
1.6000000000e+01   1.7844489693e-01
