X    Y
0.0000000000e+00   0.0000000000e+00
7.8163165608e-03   9.3241386834e-18
1.5632633122e-02   2.0341610142e-07
2.3448949682e-02   1.9807221832e-07
3.1265266243e-02   1.9270749083e-07
3.9081582804e-02   1.8732221834e-07
4.6897899365e-02   1.8191670023e-07
5.4714215926e-02   1.7649123584e-07
6.2530532487e-02   1.7104612442e-07
7.0346849047e-02   1.6558166509e-07
7.8163165608e-02   1.6009815680e-07
8.5979482169e-02   1.5459589832e-07
9.3795798730e-02   1.4907518815e-07
1.0161211529e-01   1.4353632456e-07
1.0942843185e-01   1.3797960548e-07
1.1724474841e-01   1.3240532853e-07
1.2506106497e-01   1.2681379093e-07
1.3287738153e-01   1.2120528953e-07
1.4069369809e-01   1.1558012073e-07
1.4851001466e-01   1.0993858049e-07
1.5632633122e-01   1.0428096427e-07
1.6414264778e-01   9.8607567021e-08
1.7195896434e-01   9.2918683171e-08
1.7977528090e-01   8.7214606585e-08
1.8759159746e-01   8.1495630515e-08
1.9540791402e-01   7.5762047642e-08
2.0322423058e-01   7.0014150005e-08
2.1104054714e-01   6.4252229016e-08
2.1885686370e-01   5.8476575387e-08
2.2667318026e-01   5.2687479178e-08
2.3448949682e-01   4.6885229747e-08
2.4230581339e-01   4.1070115732e-08
2.5012212995e-01   3.5242425062e-08
2.5793844651e-01   2.9402444923e-08
2.6575476307e-01   2.3550461740e-08
2.7357107963e-01   1.7686761195e-08
2.8138739619e-01   1.1811628189e-08
2.8920371275e-01   5.9253468798e-09
2.9702002931e-01   2.8200608515e-11
3.0483634587e-01   5.8795280311e-09
3.1265266243e-01   1.1797557292e-08
3.2046897899e-01   1.7725606150e-08
3.2828529555e-01   2.3663394425e-08
3.3610161212e-01   2.9610642688e-08
3.4391792868e-01   3.5567072315e-08
3.5173424524e-01   4.1532405487e-08
3.5955056180e-01   4.7506365133e-08
3.6736687836e-01   5.3488674989e-08
3.7518319492e-01   5.9479059539e-08
3.8299951148e-01   6.5477244057e-08
3.9081582804e-01   7.1482954542e-08
3.9863214460e-01   7.7495917752e-08
4.0644846116e-01   8.3515861199e-08
4.1426477772e-01   8.9542513057e-08
4.2208109428e-01   9.5575602252e-08
4.2989741085e-01   1.0161485842e-07
4.3771372741e-01   1.0766001178e-07
4.4553004397e-01   1.1371079334e-07
4.5334636053e-01   1.1976693463e-07
4.6116267709e-01   1.2582816784e-07
4.6897899365e-01   1.3189422578e-07
4.7679531021e-01   1.3796484181e-07
4.8461162677e-01   1.4403974986e-07
4.9242794333e-01   2.5201857629e-07
5.0024425989e-01   2.6219208567e-07
5.0806057645e-01   2.7237140179e-07
5.1587689301e-01   2.8255608299e-07
5.2369320957e-01   2.9274568826e-07
5.3150952614e-01   3.0293977728e-07
5.3932584270e-01   3.1313791031e-07
5.4714215926e-01   3.2333964815e-07
5.5495847582e-01   3.3354455206e-07
5.6277479238e-01   3.4375218376e-07
5.7059110894e-01   3.5396210536e-07
5.7840742550e-01   3.6417387919e-07
5.8622374206e-01   3.7438706794e-07
5.9404005862e-01   3.8460123440e-07
6.0185637518e-01   3.9481594155e-07
6.0967269174e-01   4.0503075238e-07
6.1748900830e-01   4.1524522984e-07
6.2530532487e-01   4.2545893689e-07
6.3312164143e-01   4.3567143623e-07
6.4093795799e-01   4.4588229045e-07
6.4875427455e-01   4.5609106175e-07
6.5657059111e-01   4.6629731204e-07
6.6438690767e-01   4.7650060273e-07
6.7220322423e-01   4.8670049471e-07
6.8001954079e-01   4.9689654838e-07
6.8783585735e-01   5.0708832333e-07
6.9565217391e-01   5.1727537848e-07
7.0346849047e-01   5.2745727191e-07
7.1128480703e-01   5.3763356078e-07
7.1910112360e-01   5.4780380129e-07
7.2691744016e-01   5.5796754850e-07
7.3473375672e-01   5.6812435642e-07
7.4255007328e-01   5.7827377770e-07
7.5036638984e-01   5.8841536379e-07
7.5818270640e-01   5.9854866466e-07
7.6599902296e-01   6.0867322879e-07
7.7381533952e-01   6.1878860311e-07
7.8163165608e-01   6.2889433292e-07
7.8944797264e-01   6.3898996172e-07
7.9726428920e-01   6.4907503122e-07
8.0508060576e-01   6.5914908118e-07
8.1289692233e-01   6.6921164937e-07
8.2071323889e-01   6.7926227151e-07
8.2852955545e-01   6.8930048111e-07
8.3634587201e-01   6.9932580940e-07
8.4416218857e-01   7.0933778532e-07
8.5197850513e-01   7.1933593535e-07
8.5979482169e-01   7.2931978343e-07
8.6761113825e-01   7.3928885094e-07
8.7542745481e-01   7.4924265661e-07
8.8324377137e-01   7.5918071626e-07
8.9106008793e-01   7.6910254301e-07
8.9887640449e-01   7.7900764697e-07
9.0669272106e-01   7.8889553526e-07
9.1450903762e-01   9.6459759336e-07
9.2232535418e-01   9.7647907271e-07
9.3014167074e-01   9.8833792281e-07
9.3795798730e-01   1.0001735332e-06
9.4577430386e-01   1.0119852892e-06
9.5359062042e-01   1.0237725722e-06
9.6140693698e-01   1.0355347589e-06
9.6922325354e-01   1.0472712219e-06
9.7703957010e-01   1.0589813291e-06
9.8485588666e-01   1.0706644439e-06
9.9267220322e-01   1.0823199251e-06
1.0004885198e+00   1.0939471267e-06
1.0083048363e+00   1.1055453979e-06
1.0161211529e+00   1.1171140829e-06
1.0239374695e+00   1.1286525209e-06
1.0317537860e+00   1.1401600463e-06
1.0395701026e+00   1.1516359880e-06
1.0473864191e+00   1.1630796699e-06
1.0552027357e+00   1.1744904108e-06
1.0630190523e+00   1.1858675237e-06
1.0708353688e+00   1.1972103165e-06
1.0786516854e+00   1.2085180917e-06
1.0864680020e+00   1.2197901462e-06
1.0942843185e+00   1.2310257711e-06
1.1021006351e+00   1.2422242522e-06
1.1099169516e+00   1.2533848694e-06
1.1177332682e+00   1.2645068969e-06
1.1255495848e+00   1.2755896033e-06
1.1333659013e+00   1.2866322512e-06
1.1411822179e+00   1.2976340974e-06
1.1489985344e+00   1.3085943927e-06
1.1568148510e+00   1.3195123822e-06
1.1646311676e+00   1.3303873050e-06
1.1724474841e+00   1.3412183940e-06
1.1802638007e+00   1.3520048764e-06
1.1880801172e+00   1.3627459733e-06
1.1958964338e+00   1.3734408996e-06
1.2037127504e+00   1.3840888644e-06
1.2115290669e+00   1.3946890706e-06
1.2193453835e+00   1.4052407152e-06
1.2271617000e+00   1.4157429890e-06
1.2349780166e+00   1.4261950768e-06
1.2427943332e+00   1.4365961576e-06
1.2506106497e+00   1.4469454041e-06
1.2584269663e+00   1.4572419831e-06
1.2662432829e+00   1.4674850554e-06
1.2740595994e+00   1.4776737759e-06
1.2818759160e+00   1.4878072936e-06
1.2896922325e+00   1.4978847515e-06
1.2975085491e+00   1.5079052869e-06
1.3053248657e+00   1.5178680311e-06
1.3131411822e+00   1.5418220229e-06
1.3209574988e+00   1.5517453905e-06
1.3287738153e+00   1.5616077240e-06
1.3365901319e+00   1.5714081242e-06
1.3444064485e+00   1.5811456860e-06
1.3522227650e+00   1.5908194989e-06
1.3600390816e+00   1.6004286469e-06
1.3678553981e+00   1.6099722090e-06
1.3756717147e+00   1.6194492587e-06
1.3834880313e+00   1.6288588644e-06
1.3913043478e+00   1.6382000894e-06
1.3991206644e+00   1.6474719922e-06
1.4069369809e+00   1.6566736262e-06
1.4147532975e+00   1.6658040403e-06
1.4225696141e+00   1.6748622787e-06
1.4303859306e+00   1.6838473811e-06
1.4382022472e+00   1.6927583827e-06
1.4460185638e+00   1.7015943146e-06
1.4538348803e+00   1.7103542038e-06
1.4616511969e+00   1.7190370733e-06
1.4694675134e+00   1.7276419422e-06
1.4772838300e+00   1.7361678259e-06
1.4851001466e+00   1.7446137365e-06
1.4929164631e+00   1.7529786825e-06
1.5007327797e+00   1.7612616692e-06
1.5085490962e+00   1.7694616991e-06
1.5163654128e+00   1.7775777715e-06
1.5241817294e+00   1.7856088835e-06
1.5319980459e+00   1.7935540292e-06
1.5398143625e+00   1.8014122006e-06
1.5476306790e+00   1.8091823877e-06
1.5554469956e+00   1.8168635784e-06
1.5632633122e+00   1.8244547590e-06
1.5710796287e+00   1.8319549143e-06
1.5788959453e+00   1.8393630276e-06
1.5867122618e+00   1.8466780815e-06
1.5945285784e+00   1.8538990572e-06
1.6023448950e+00   1.8610249358e-06
1.6101612115e+00   1.8680546977e-06
1.6179775281e+00   1.8749873231e-06
1.6257938447e+00   1.8818217924e-06
1.6336101612e+00   1.8885570863e-06
1.6414264778e+00   1.8951921859e-06
1.6492427943e+00   1.9017260731e-06
1.6570591109e+00   1.9081577310e-06
1.6648754275e+00   1.9144861441e-06
1.6726917440e+00   1.9207102979e-06
1.6805080606e+00   1.9268291804e-06
1.6883243771e+00   1.9328417813e-06
1.6961406937e+00   1.9387470926e-06
1.7039570103e+00   1.6484956180e-06
1.7117733268e+00   1.6533073376e-06
1.7195896434e+00   1.6580254998e-06
1.7274059599e+00   1.6626492612e-06
1.7352222765e+00   1.6671777813e-06
1.7430385931e+00   1.6716102234e-06
1.7508549096e+00   1.6759457542e-06
1.7586712262e+00   1.6801835446e-06
1.7664875427e+00   1.6843227695e-06
1.7743038593e+00   1.6883626085e-06
1.7821201759e+00   1.6923022456e-06
1.7899364924e+00   1.6961408700e-06
1.7977528090e+00   1.6998776761e-06
1.8055691255e+00   1.7035118635e-06
1.8133854421e+00   1.7070426380e-06
1.8212017587e+00   1.7104692110e-06
1.8290180752e+00   1.7137908005e-06
1.8368343918e+00   1.7170066308e-06
1.8446507084e+00   1.7201159329e-06
1.8524670249e+00   1.7231179453e-06
1.8602833415e+00   1.7260119132e-06
1.8680996580e+00   1.7287970900e-06
1.8759159746e+00   1.7314727366e-06
1.8837322912e+00   1.7340381220e-06
1.8915486077e+00   1.7364925239e-06
1.8993649243e+00   1.7388352282e-06
1.9071812408e+00   1.7410655301e-06
1.9149975574e+00   1.7431827339e-06
1.9228138740e+00   1.7451861531e-06
1.9306301905e+00   1.7470751114e-06
1.9384465071e+00   1.7488489419e-06
1.9462628236e+00   1.7505069883e-06
1.9540791402e+00   1.7520486048e-06
1.9618954568e+00   1.7534731562e-06
1.9697117733e+00   1.7547800184e-06
1.9775280899e+00   1.7559685785e-06
1.9853444064e+00   1.7570382354e-06
1.9931607230e+00   1.7579883993e-06
2.0009770396e+00   1.7588184928e-06
2.0087933561e+00   1.7595279507e-06
2.0166096727e+00   1.7601162202e-06
2.0244259893e+00   1.7605827614e-06
2.0322423058e+00   1.7609270475e-06
2.0400586224e+00   1.7611485645e-06
2.0478749389e+00   1.7612468125e-06
2.0556912555e+00   1.7612213048e-06
2.0635075721e+00   1.7610715688e-06
2.0713238886e+00   1.7607971462e-06
2.0791402052e+00   1.7603975929e-06
2.0869565217e+00   1.7598724794e-06
2.0947728383e+00   1.1084949126e-06
2.1025891549e+00   1.1079975261e-06
2.1104054714e+00   1.1074202430e-06
2.1182217880e+00   1.1067628317e-06
2.1260381045e+00   1.1060250704e-06
2.1338544211e+00   1.1052067474e-06
2.1416707377e+00   1.1043076612e-06
2.1494870542e+00   1.1033276202e-06
2.1573033708e+00   1.1022664433e-06
2.1651196873e+00   1.1011239598e-06
2.1729360039e+00   1.0999000097e-06
2.1807523205e+00   1.0985944433e-06
2.1885686370e+00   1.0972071219e-06
2.1963849536e+00   1.0957379174e-06
2.2042012702e+00   1.0941867128e-06
2.2120175867e+00   1.0925534020e-06
2.2198339033e+00   1.0908378901e-06
2.2276502198e+00   1.0890400932e-06
2.2354665364e+00   1.0871599387e-06
2.2432828530e+00   1.0851973653e-06
2.2510991695e+00   1.0831523232e-06
2.2589154861e+00   1.0810247738e-06
2.2667318026e+00   1.0788146902e-06
2.2745481192e+00   1.0765220569e-06
2.2823644358e+00   1.0741468700e-06
2.2901807523e+00   1.0716891373e-06
2.2979970689e+00   1.0691488785e-06
2.3058133854e+00   1.0665261245e-06
2.3136297020e+00   1.0638209184e-06
2.3214460186e+00   1.0610333150e-06
2.3292623351e+00   1.0581633806e-06
2.3370786517e+00   1.0552111938e-06
2.3448949682e+00   1.0521768446e-06
2.3527112848e+00   1.0490604350e-06
2.3605276014e+00   1.0458620791e-06
2.3683439179e+00   1.0425819023e-06
2.3761602345e+00   1.0392200422e-06
2.3839765511e+00   1.0357766484e-06
2.3917928676e+00   1.0322518818e-06
2.3996091842e+00   1.0286459155e-06
2.4074255007e+00   1.0249589342e-06
2.4152418173e+00   1.0211911344e-06
2.4230581339e+00   1.0173427243e-06
2.4308744504e+00   1.0134139236e-06
2.4386907670e+00   1.0094049639e-06
2.4465070835e+00   1.0053160882e-06
2.4543234001e+00   1.0011475509e-06
2.4621397167e+00   9.9689961813e-07
2.4699560332e+00   9.9257256719e-07
2.4777723498e+00   1.1020171201e-07
2.4855886663e+00   1.0970057288e-07
2.4934049829e+00   1.0919071033e-07
2.5012212995e+00   1.0867216052e-07
2.5090376160e+00   1.0814496063e-07
2.5168539326e+00   1.0760914920e-07
2.5246702491e+00   1.0706476594e-07
2.5324865657e+00   1.0651185178e-07
2.5403028823e+00   1.0595044875e-07
2.5481191988e+00   1.0538060016e-07
2.5559355154e+00   1.0480235038e-07
2.5637518319e+00   1.0421574492e-07
2.5715681485e+00   1.0362083055e-07
2.5793844651e+00   1.0301765502e-07
2.5872007816e+00   1.0240626722e-07
2.5950170982e+00   1.0178671708e-07
2.6028334148e+00   1.0115905574e-07
2.6106497313e+00   1.0052333518e-07
2.6184660479e+00   9.9879608639e-08
2.6262823644e+00   9.9227930206e-08
2.6340986810e+00   9.8568355034e-08
2.6419149976e+00   9.7900939300e-08
2.6497313141e+00   9.7225739987e-08
2.6575476307e+00   9.6542815214e-08
2.6653639472e+00   9.5852223936e-08
2.6731802638e+00   9.5154026020e-08
2.6809965804e+00   9.4448282278e-08
2.6888128969e+00   9.3735054191e-08
2.6966292135e+00   9.3014404345e-08
2.7044455300e+00   9.2286395970e-08
2.7122618466e+00   9.1551093151e-08
2.7200781632e+00   9.0808560810e-08
2.7278944797e+00   9.0058864533e-08
2.7357107963e+00   8.9302070683e-08
2.7435271128e+00   8.8538246373e-08
2.7513434294e+00   8.7767459356e-08
2.7591597460e+00   8.6989778075e-08
2.7669760625e+00   8.6205271602e-08
2.7747923791e+00   8.5414009671e-08
2.7826086957e+00   8.4616062532e-08
2.7904250122e+00   8.3811501086e-08
2.7982413288e+00   8.3000396736e-08
2.8060576453e+00   8.2182821451e-08
2.8138739619e+00   8.1358847659e-08
2.8216902785e+00   8.0528548302e-08
2.8295065950e+00   7.9691996710e-08
2.8373229116e+00   1.4173005686e-09
2.8451392281e+00   5.8899465058e-07
2.8529555447e+00   5.8260533126e-07
2.8607718613e+00   5.7617100324e-07
2.8685881778e+00   5.6969222981e-07
2.8764044944e+00   5.6316957654e-07
2.8842208109e+00   5.5660361119e-07
2.8920371275e+00   5.4999490348e-07
2.8998534441e+00   5.4334402491e-07
2.9076697606e+00   5.3665154853e-07
2.9154860772e+00   5.2991804886e-07
2.9233023937e+00   5.2314410151e-07
2.9311187103e+00   5.1633028315e-07
2.9389350269e+00   5.0947717130e-07
2.9467513434e+00   5.0258534402e-07
2.9545676600e+00   4.9565537991e-07
2.9623839766e+00   4.8868785774e-07
2.9702002931e+00   4.8168335638e-07
2.9780166097e+00   4.7464245454e-07
2.9858329262e+00   4.6756573066e-07
2.9936492428e+00   4.6045376264e-07
3.0014655594e+00   4.5330712771e-07
3.0092818759e+00   4.4612640223e-07
3.0170981925e+00   4.3891216153e-07
3.0249145090e+00   4.3166497970e-07
3.0327308256e+00   4.2438542942e-07
3.0405471422e+00   4.1707408181e-07
3.0483634587e+00   4.0973150620e-07
3.0561797753e+00   4.0235827001e-07
3.0639960918e+00   3.9495493858e-07
3.0718124084e+00   3.8752207495e-07
3.0796287250e+00   3.8006023973e-07
3.0874450415e+00   3.7256999096e-07
3.0952613581e+00   3.6505188390e-07
3.1030776746e+00   3.5750647088e-07
3.1108939912e+00   3.4993430116e-07
3.1187103078e+00   3.4233592079e-07
3.1265266243e+00   3.3471187241e-07
3.1343429409e+00   3.2706269517e-07
3.1421592574e+00   3.1938892451e-07
3.1499755740e+00   3.1169109206e-07
3.1577918906e+00   3.0396972550e-07
3.1656082071e+00   2.9622534840e-07
3.1734245237e+00   5.1135865885e-07
3.1812408403e+00   4.9751250963e-07
3.1890571568e+00   4.8362829582e-07
3.1968734734e+00   4.6970691576e-07
3.2046897899e+00   4.5574925937e-07
3.2125061065e+00   4.4175620795e-07
3.2203224231e+00   4.2772863396e-07
3.2281387396e+00   4.1366740085e-07
3.2359550562e+00   3.9957336287e-07
3.2437713727e+00   3.8544736489e-07
3.2515876893e+00   3.7129024222e-07
3.2594040059e+00   3.5710282045e-07
3.2672203224e+00   3.4288591530e-07
3.2750366390e+00   3.2864033244e-07
3.2828529555e+00   3.1436686738e-07
3.2906692721e+00   3.0006630532e-07
3.2984855887e+00   2.8573942101e-07
3.3063019052e+00   2.7138697863e-07
3.3141182218e+00   2.5700973171e-07
3.3219345383e+00   2.4260842296e-07
3.3297508549e+00   2.2818378421e-07
3.3375671715e+00   2.1373653636e-07
3.3453834880e+00   1.9926738917e-07
3.3531998046e+00   1.8477704133e-07
3.3610161212e+00   1.7026618030e-07
3.3688324377e+00   1.5573548226e-07
3.3766487543e+00   1.4118561209e-07
3.3844650708e+00   1.2661722328e-07
3.3922813874e+00   1.1203095795e-07
3.4000977040e+00   9.7427446791e-08
3.4079140205e+00   8.2807309010e-08
3.4157303371e+00   6.8171152376e-08
3.4235466536e+00   5.3519573190e-08
3.4313629702e+00   3.8853156276e-08
3.4391792868e+00   2.4172475008e-08
3.4469956033e+00   9.4780913257e-09
3.4548119199e+00   5.2294442388e-09
3.4626282364e+00   1.9949592533e-08
3.4704445530e+00   3.4681825689e-08
3.4782608696e+00   6.2735954459e-08
3.4860771861e+00   8.0955474810e-08
3.4938935027e+00   9.9187988198e-08
3.5017098192e+00   1.1743289938e-07
3.5095261358e+00   1.3568962666e-07
3.5173424524e+00   1.5395760181e-07
3.5251587689e+00   1.7223626990e-07
3.5329750855e+00   1.9052508921e-07
3.5407914021e+00   2.0882353104e-07
3.5486077186e+00   2.2713107958e-07
3.5564240352e+00   2.4544723179e-07
3.5642403517e+00   2.6377149714e-07
3.5720566683e+00   2.8210339753e-07
3.5798729849e+00   3.0044246699e-07
3.5876893014e+00   3.1878825155e-07
3.5955056180e+00   3.3714030900e-07
3.6033219345e+00   3.5549820876e-07
3.6111382511e+00   3.7386153154e-07
3.6189545677e+00   3.9222986908e-07
3.6267708842e+00   4.1060282410e-07
3.6345872008e+00   4.2898000985e-07
3.6424035173e+00   4.4736104984e-07
3.6502198339e+00   4.6574557777e-07
3.6580361505e+00   4.8413323703e-07
3.6658524670e+00   5.0252368058e-07
3.6736687836e+00   5.2091657052e-07
3.6814851001e+00   5.3931157787e-07
3.6893014167e+00   5.5770838223e-07
3.6971177333e+00   5.7610667142e-07
3.7049340498e+00   5.9450614132e-07
3.7127503664e+00   6.1290649525e-07
3.7205666830e+00   6.3130744388e-07
3.7283829995e+00   6.4970870475e-07
3.7361993161e+00   6.6811000199e-07
3.7440156326e+00   6.8651106591e-07
3.7518319492e+00   7.0491163257e-07
3.7596482658e+00   7.4390708965e-07
3.7674645823e+00   7.6278461772e-07
3.7752808989e+00   7.8166083145e-07
3.7830972154e+00   8.0053548035e-07
3.7909135320e+00   8.1940831784e-07
3.7987298486e+00   8.3827910091e-07
3.8065461651e+00   8.5714758957e-07
3.8143624817e+00   8.7601354642e-07
3.8221787982e+00   8.9487673632e-07
3.8299951148e+00   9.1373692587e-07
3.8378114314e+00   9.3259388301e-07
3.8456277479e+00   9.5144737641e-07
3.8534440645e+00   9.7029717533e-07
3.8612603810e+00   9.8914304880e-07
3.8690766976e+00   1.0079847653e-06
3.8768930142e+00   1.0268220925e-06
3.8847093307e+00   1.0456547964e-06
3.8925256473e+00   1.0644826410e-06
3.9003419638e+00   1.0833053880e-06
3.9081582804e+00   1.1021227961e-06
3.9159745970e+00   1.1209346206e-06
3.9237909135e+00   1.1397406129e-06
3.9316072301e+00   1.1585405198e-06
3.9394235467e+00   1.1773340834e-06
3.9472398632e+00   1.1961210404e-06
3.9550561798e+00   1.2149011214e-06
3.9628724963e+00   1.2336740509e-06
3.9706888129e+00   1.2524395460e-06
3.9785051295e+00   1.2711973167e-06
3.9863214460e+00   1.2899470651e-06
3.9941377626e+00   1.3086884847e-06
4.0019540791e+00   1.3274212600e-06
4.0097703957e+00   1.3461450663e-06
4.0175867123e+00   1.3648595686e-06
4.0254030288e+00   1.1989193132e-06
4.0332193454e+00   1.2150978744e-06
4.0410356619e+00   1.2312674277e-06
4.0488519785e+00   1.2474276430e-06
4.0566682951e+00   1.2635781799e-06
4.0644846116e+00   1.2797186863e-06
4.0723009282e+00   1.2958487985e-06
4.0801172447e+00   1.3119681408e-06
4.0879335613e+00   1.3280763245e-06
4.0957498779e+00   1.3441729483e-06
4.1035661944e+00   1.3602575969e-06
4.1113825110e+00   1.3763298417e-06
4.1191988276e+00   1.3923892392e-06
4.1270151441e+00   1.4084353316e-06
4.1348314607e+00   1.4244676457e-06
4.1426477772e+00   1.4404856929e-06
4.1504640938e+00   1.4564889687e-06
4.1582804104e+00   1.4724769518e-06
4.1660967269e+00   1.4884491045e-06
4.1739130435e+00   1.5044048721e-06
4.1817293600e+00   1.5203436819e-06
4.1895456766e+00   1.5362649435e-06
4.1973619932e+00   1.5521680483e-06
4.2051783097e+00   1.5680523687e-06
4.2129946263e+00   1.5839172586e-06
4.2208109428e+00   1.5997620518e-06
4.2286272594e+00   1.6155860630e-06
4.2364435760e+00   1.6313885863e-06
4.2442598925e+00   1.6471688956e-06
4.2520762091e+00   1.6629262441e-06
4.2598925256e+00   1.6786598638e-06
4.2677088422e+00   1.6943689652e-06
4.2755251588e+00   1.7100527374e-06
4.2833414753e+00   1.1394974412e-06
4.2911577919e+00   1.1498079470e-06
4.2989741085e+00   1.1600999935e-06
4.3067904250e+00   1.1703729851e-06
4.3146067416e+00   1.1806263107e-06
4.3224230581e+00   1.1908593439e-06
4.3302393747e+00   1.2010714426e-06
4.3380556913e+00   1.2112619493e-06
4.3458720078e+00   1.2214301903e-06
4.3536883244e+00   1.2315754759e-06
4.3615046409e+00   1.2416971006e-06
4.3693209575e+00   1.2517943421e-06
4.3771372741e+00   1.2618664623e-06
4.3849535906e+00   1.2719127060e-06
4.3927699072e+00   1.2819323021e-06
4.4005862237e+00   1.2919244622e-06
4.4084025403e+00   1.3018883817e-06
4.4162188569e+00   1.3118232388e-06
4.4240351734e+00   1.3217281951e-06
4.4318514900e+00   1.3316023949e-06
4.4396678065e+00   1.3414449660e-06
4.4474841231e+00   1.3512550189e-06
4.4553004397e+00   1.3610316471e-06
4.4631167562e+00   1.3707739270e-06
4.4709330728e+00   1.3804809181e-06
4.4787493894e+00   1.3901516628e-06
4.4865657059e+00   1.3997851864e-06
4.4943820225e+00   1.4093804972e-06
4.5021983390e+00   1.4189365866e-06
4.5100146556e+00   1.4284524290e-06
4.5178309722e+00   1.4379269820e-06
4.5256472887e+00   1.4473591865e-06
4.5334636053e+00   2.9762236725e-07
4.5412799218e+00   2.9952944064e-07
4.5490962384e+00   3.0142717644e-07
4.5569125550e+00   3.0331534456e-07
4.5647288715e+00   3.0519371158e-07
4.5725451881e+00   3.0706204079e-07
4.5803615046e+00   3.0892009206e-07
4.5881778212e+00   3.1076762219e-07
4.5959941378e+00   3.1260438471e-07
4.6038104543e+00   3.1443013010e-07
4.6116267709e+00   3.1624460561e-07
4.6194430874e+00   3.1804755535e-07
4.6272594040e+00   3.1983872051e-07
4.6350757206e+00   3.2161783931e-07
4.6428920371e+00   3.2338464706e-07
4.6507083537e+00   3.2513887593e-07
4.6585246702e+00   3.2688025564e-07
4.6663409868e+00   3.2860851279e-07
4.6741573034e+00   3.3032337154e-07
4.6819736199e+00   3.3202455318e-07
4.6897899365e+00   3.3371177666e-07
4.6976062531e+00   3.3538475813e-07
4.7054225696e+00   3.3704321156e-07
4.7132388862e+00   3.3868684846e-07
4.7210552027e+00   3.4031537788e-07
4.7288715193e+00   3.4192850690e-07
4.7366878359e+00   3.4352594031e-07
4.7445041524e+00   3.4510738078e-07
4.7523204690e+00   3.4667252929e-07
4.7601367855e+00   3.4822108458e-07
4.7679531021e+00   3.4975274388e-07
4.7757694187e+00   3.5126720255e-07
4.7835857352e+00   2.2975761127e-08
4.7914020518e+00   1.2073539385e-06
4.7992183683e+00   1.2123809643e-06
4.8070346849e+00   1.2173456199e-06
4.8148510015e+00   1.2222468429e-06
4.8226673180e+00   1.2270835669e-06
4.8304836346e+00   1.2318547220e-06
4.8382999511e+00   1.2365592351e-06
4.8461162677e+00   1.2411960302e-06
4.8539325843e+00   1.2457640290e-06
4.8617489008e+00   1.2502621509e-06
4.8695652174e+00   1.2546893138e-06
4.8773815340e+00   1.2590444343e-06
4.8851978505e+00   1.2633264281e-06
4.8930141671e+00   1.2675342108e-06
4.9008304836e+00   1.2716666976e-06
4.9086468002e+00   1.2757228044e-06
4.9164631168e+00   1.2797014479e-06
4.9242794333e+00   1.2836015464e-06
4.9320957499e+00   1.2874220196e-06
4.9399120664e+00   1.2911617898e-06
4.9477283830e+00   1.2948197817e-06
4.9555446996e+00   1.2983949235e-06
4.9633610161e+00   1.3018861469e-06
4.9711773327e+00   1.3052923876e-06
4.9789936492e+00   1.3086125862e-06
4.9868099658e+00   1.3118456882e-06
4.9946262824e+00   1.3149906448e-06
5.0024425989e+00   1.3180464131e-06
5.0102589155e+00   1.3210119570e-06
5.0180752320e+00   1.3238862472e-06
5.0258915486e+00   1.3266682624e-06
5.0337078652e+00   2.5384216840e-06
5.0415241817e+00   2.5433578760e-06
5.0493404983e+00   2.5481119680e-06
5.0571568149e+00   2.5526820790e-06
5.0649731314e+00   2.5570663471e-06
5.0727894480e+00   2.5612629308e-06
5.0806057645e+00   2.5652700099e-06
5.0884220811e+00   2.5690857866e-06
5.0962383977e+00   2.5727084859e-06
5.1040547142e+00   2.5761363576e-06
5.1118710308e+00   2.5793676763e-06
5.1196873473e+00   2.5824007428e-06
5.1275036639e+00   2.5852338850e-06
5.1353199805e+00   2.5878654589e-06
5.1431362970e+00   2.5902938495e-06
5.1509526136e+00   2.5925174715e-06
5.1587689301e+00   2.5945347710e-06
5.1665852467e+00   2.5963442253e-06
5.1744015633e+00   2.5979443450e-06
5.1822178798e+00   2.5993336739e-06
5.1900341964e+00   2.6005107907e-06
5.1978505129e+00   2.6014743094e-06
5.2056668295e+00   2.6022228802e-06
5.2134831461e+00   2.6027551910e-06
5.2212994626e+00   2.6030699672e-06
5.2291157792e+00   2.6031659736e-06
5.2369320957e+00   2.6030420145e-06
5.2447484123e+00   2.6026969350e-06
5.2525647289e+00   2.6021296213e-06
5.2603810454e+00   2.6013390023e-06
5.2681973620e+00   2.6003240495e-06
5.2760136786e+00   3.2900235030e-06
5.2838299951e+00   3.2881400901e-06
5.2916463117e+00   3.2859690197e-06
5.2994626282e+00   3.2835092224e-06
5.3072789448e+00   3.2807596881e-06
5.3150952614e+00   3.2777194666e-06
5.3229115779e+00   3.2743876682e-06
5.3307278945e+00   3.2707634652e-06
5.3385442110e+00   3.2668460918e-06
5.3463605276e+00   3.2626348454e-06
5.3541768442e+00   3.2581290871e-06
5.3619931607e+00   3.2533282426e-06
5.3698094773e+00   3.2482318023e-06
5.3776257938e+00   3.2428393227e-06
5.3854421104e+00   3.2371504262e-06
5.3932584270e+00   3.2311648023e-06
5.4010747435e+00   3.2248822076e-06
5.4088910601e+00   3.2183024665e-06
5.4167073766e+00   3.2114254720e-06
5.4245236932e+00   3.2042511854e-06
5.4323400098e+00   3.1967796371e-06
5.4401563263e+00   3.1890109271e-06
5.4479726429e+00   3.1809452249e-06
5.4557889595e+00   3.1725827701e-06
5.4636052760e+00   3.1639238722e-06
5.4714215926e+00   3.1549689113e-06
5.4792379091e+00   3.1457183383e-06
5.4870542257e+00   3.1361726742e-06
5.4948705423e+00   3.1263325111e-06
5.5026868588e+00   3.1161985119e-06
5.5105031754e+00   3.1057714099e-06
5.5183194919e+00   3.2299145940e-06
5.5261358085e+00   3.2183917054e-06
5.5339521251e+00   3.2065656779e-06
5.5417684416e+00   3.1944375789e-06
5.5495847582e+00   3.1820085489e-06
5.5574010747e+00   3.1692798013e-06
5.5652173913e+00   3.1562526224e-06
5.5730337079e+00   3.1429283707e-06
5.5808500244e+00   3.1293084767e-06
5.5886663410e+00   3.1153944422e-06
5.5964826575e+00   3.1011878405e-06
5.6042989741e+00   3.0866903150e-06
5.6121152907e+00   3.0719035796e-06
5.6199316072e+00   3.0568294171e-06
5.6277479238e+00   3.0414696795e-06
5.6355642404e+00   3.0258262868e-06
5.6433805569e+00   3.0099012261e-06
5.6511968735e+00   2.9936965518e-06
5.6590131900e+00   2.9772143836e-06
5.6668295066e+00   2.9604569066e-06
5.6746458232e+00   2.9434263698e-06
5.6824621397e+00   2.9261250856e-06
5.6902784563e+00   2.9085554288e-06
5.6980947728e+00   2.8907198353e-06
5.7059110894e+00   2.8726208015e-06
5.7137274060e+00   2.8542608831e-06
5.7215437225e+00   2.8356426937e-06
5.7293600391e+00   2.8167689043e-06
5.7371763556e+00   2.7976422417e-06
5.7449926722e+00   2.7782654871e-06
5.7528089888e+00   2.4340445347e-06
5.7606253053e+00   2.4164820788e-06
5.7684416219e+00   2.3987067017e-06
5.7762579384e+00   2.3807210451e-06
5.7840742550e+00   2.3625277936e-06
5.7918905716e+00   2.3441296728e-06
5.7997068881e+00   2.3255294483e-06
5.8075232047e+00   2.3067299248e-06
5.8153395213e+00   2.2877339441e-06
5.8231558378e+00   2.2685443844e-06
5.8309721544e+00   2.2491641587e-06
5.8387884709e+00   2.2295962134e-06
5.8466047875e+00   2.2098435273e-06
5.8544211041e+00   2.1899091096e-06
5.8622374206e+00   2.1697959990e-06
5.8700537372e+00   2.1495072620e-06
5.8778700537e+00   2.1290459919e-06
5.8856863703e+00   2.1084153066e-06
5.8935026869e+00   2.0876183479e-06
5.9013190034e+00   2.0666582796e-06
5.9091353200e+00   2.0455382859e-06
5.9169516365e+00   2.0242615704e-06
5.9247679531e+00   2.0028313541e-06
5.9325842697e+00   1.9812508741e-06
5.9404005862e+00   1.9595233822e-06
5.9482169028e+00   1.9376521431e-06
5.9560332193e+00   1.9156404330e-06
5.9638495359e+00   1.8934915382e-06
5.9716658525e+00   1.8712087533e-06
5.9794821690e+00   1.2689699494e-06
5.9872984856e+00   1.2534728109e-06
5.9951148021e+00   1.2378906977e-06
6.0029311187e+00   1.2222258865e-06
6.0107474353e+00   1.2064806541e-06
6.0185637518e+00   1.1906572768e-06
6.0263800684e+00   1.1747580292e-06
6.0341963850e+00   1.1587851829e-06
6.0420127015e+00   1.1427410059e-06
6.0498290181e+00   1.1266277612e-06
6.0576453346e+00   1.1104477059e-06
6.0654616512e+00   1.0942030903e-06
6.0732779678e+00   1.0778961565e-06
6.0810942843e+00   1.0615291378e-06
6.0889106009e+00   1.0451042575e-06
6.0967269174e+00   1.0286237278e-06
6.1045432340e+00   1.0120897489e-06
6.1123595506e+00   9.9550450830e-07
6.1201758671e+00   9.7887017926e-07
6.1279921837e+00   9.6218892030e-07
6.1358085002e+00   9.4546287407e-07
6.1436248168e+00   9.2869416644e-07
6.1514411334e+00   9.1188490557e-07
6.1592574499e+00   8.9503718101e-07
6.1670737665e+00   8.7815306279e-07
6.1748900830e+00   8.6123460061e-07
6.1827063996e+00   8.4428382281e-07
6.1905227162e+00   2.3320808967e-07
6.1983390327e+00   2.2840333104e-07
6.2061553493e+00   2.2359117716e-07
6.2139716659e+00   2.1877217388e-07
6.2217879824e+00   2.1394685987e-07
6.2296042990e+00   2.0911576641e-07
6.2374206155e+00   2.0427941710e-07
6.2452369321e+00   1.9943832779e-07
6.2530532487e+00   1.9459300627e-07
6.2608695652e+00   1.8974395213e-07
6.2686858818e+00   1.8489165654e-07
6.2765021983e+00   1.8003660209e-07
6.2843185149e+00   1.7517926258e-07
6.2921348315e+00   1.7032010286e-07
6.2999511480e+00   1.6545957867e-07
6.3077674646e+00   1.6059813647e-07
6.3155837811e+00   1.5573621328e-07
6.3234000977e+00   1.5087423653e-07
6.3312164143e+00   1.4601262392e-07
6.3390327308e+00   1.4115178327e-07
6.3468490474e+00   1.3629211239e-07
6.3546653639e+00   1.3143399900e-07
6.3624816805e+00   1.2657782049e-07
6.3702979971e+00   1.2172394397e-07
6.3781143136e+00   1.1687272600e-07
6.3859306302e+00   1.1202451260e-07
6.3937469468e+00   7.7887002958e-09
6.4015632633e+00   2.1405055769e-07
6.4093795799e+00   2.0419520795e-07
6.4171958964e+00   1.9434822570e-07
6.4250122130e+00   1.8451021805e-07
6.4328285296e+00   1.7468176965e-07
6.4406448461e+00   1.6486344258e-07
6.4484611627e+00   1.5505577626e-07
6.4562774792e+00   1.4525928733e-07
6.4640937958e+00   1.3547446955e-07
6.4719101124e+00   1.2570179374e-07
6.4797264289e+00   1.1594170771e-07
6.4875427455e+00   1.0619463624e-07
6.4953590620e+00   9.6460981036e-08
6.5031753786e+00   8.6741120689e-08
6.5109916952e+00   7.7035410675e-08
6.5188080117e+00   6.7344183341e-08
6.5266243283e+00   5.7667747980e-08
6.5344406448e+00   4.8006390752e-08
6.5422569614e+00   3.8360374863e-08
6.5500732780e+00   2.8729940496e-08
6.5578895945e+00   1.9115304950e-08
6.5657059111e+00   9.5166626246e-09
6.5735222277e+00   6.5814700911e-11
6.5813385442e+00   9.6319779930e-09
6.5891548608e+00   1.9181700756e-08
6.5969711773e+00   6.1612180358e-08
6.6047874939e+00   8.1411886510e-08
6.6126038105e+00   1.0117686075e-07
6.6204201270e+00   1.2090702869e-07
6.6282364436e+00   1.4060236139e-07
6.6360527601e+00   1.6026287469e-07
6.6438690767e+00   1.7988862899e-07
6.6516853933e+00   1.9947972885e-07
6.6595017098e+00   2.1903632239e-07
6.6673180264e+00   2.3855860096e-07
6.6751343429e+00   2.5804679865e-07
6.6829506595e+00   2.7750119161e-07
6.6907669761e+00   2.9692209766e-07
6.6985832926e+00   3.1630987574e-07
6.7063996092e+00   3.3566492527e-07
6.7142159257e+00   3.5498768550e-07
6.7220322423e+00   3.7427863508e-07
6.7298485589e+00   3.9353829120e-07
6.7376648754e+00   4.1276720908e-07
6.7454811920e+00   4.3196598121e-07
6.7532975085e+00   4.5113523667e-07
6.7611138251e+00   4.7027564049e-07
6.7689301417e+00   4.8938789274e-07
6.7767464582e+00   5.0847272801e-07
6.7845627748e+00   6.8825846197e-07
6.7923790914e+00   7.1300263366e-07
6.8001954079e+00   7.3771438283e-07
6.8080117245e+00   7.6239483693e-07
6.8158280410e+00   7.8704516279e-07
6.8236443576e+00   8.1166656551e-07
6.8314606742e+00   8.3626028718e-07
6.8392769907e+00   8.6082760603e-07
6.8470933073e+00   8.8536983489e-07
6.8549096238e+00   9.0988832030e-07
6.8627259404e+00   9.3438444099e-07
6.8705422570e+00   9.5885960688e-07
6.8783585735e+00   9.8331525761e-07
6.8861748901e+00   1.0077528615e-06
6.8939912066e+00   1.0321739143e-06
6.9018075232e+00   1.0565799373e-06
6.9096238398e+00   1.0809724767e-06
6.9174401563e+00   1.1053531018e-06
6.9252564729e+00   1.1297234039e-06
6.9330727894e+00   1.1540849946e-06
6.9408891060e+00   1.1784395050e-06
6.9487054226e+00   1.2027885835e-06
6.9565217391e+00   1.2271338948e-06
6.9643380557e+00   1.3319712463e-06
6.9721543723e+00   1.3578326467e-06
6.9799706888e+00   1.3836956093e-06
6.9877870054e+00   1.4095619573e-06
6.9956033219e+00   1.4354335228e-06
7.0034196385e+00   1.4613121458e-06
7.0112359551e+00   1.4871996721e-06
7.0190522716e+00   1.5130979520e-06
7.0268685882e+00   1.5390088383e-06
7.0346849047e+00   1.5649341849e-06
7.0425012213e+00   1.5908758451e-06
7.0503175379e+00   1.6168356696e-06
7.0581338544e+00   1.6428155051e-06
7.0659501710e+00   1.6688171925e-06
7.0737664875e+00   1.6948425652e-06
7.0815828041e+00   1.7208934470e-06
7.0893991207e+00   1.7469716511e-06
7.0972154372e+00   1.7730789775e-06
7.1050317538e+00   1.7992172116e-06
7.1128480703e+00   1.8253881224e-06
7.1206643869e+00   1.8515934608e-06
7.1284807035e+00   1.8778349577e-06
7.1362970200e+00   1.7160444385e-06
7.1441133366e+00   1.7397365485e-06
7.1519296532e+00   1.7634658914e-06
7.1597459697e+00   1.7872339342e-06
7.1675622863e+00   1.8110421174e-06
7.1753786028e+00   1.8348918537e-06
7.1831949194e+00   1.8587845256e-06
7.1910112360e+00   1.8827214847e-06
7.1988275525e+00   1.9067040490e-06
7.2066438691e+00   1.9307335021e-06
7.2144601856e+00   1.9548110909e-06
7.2222765022e+00   1.9789380244e-06
7.2300928188e+00   2.0031154713e-06
7.2379091353e+00   2.0273445593e-06
7.2457254519e+00   2.0516263724e-06
7.2535417684e+00   2.0759619500e-06
7.2613580850e+00   2.1003522847e-06
7.2691744016e+00   2.1247983208e-06
7.2769907181e+00   2.1493009527e-06
7.2848070347e+00   2.1738610229e-06
7.2926233512e+00   2.1984793207e-06
7.3004396678e+00   1.5860889493e-06
7.3082559844e+00   1.6037228706e-06
7.3160723009e+00   1.6213997768e-06
7.3238886175e+00   1.6391200623e-06
7.3317049340e+00   1.6568840773e-06
7.3395212506e+00   1.6746921265e-06
7.3473375672e+00   1.6925444685e-06
7.3551538837e+00   1.7104413139e-06
7.3629702003e+00   1.7283828246e-06
7.3707865169e+00   1.7463691127e-06
7.3786028334e+00   1.7644002389e-06
7.3864191500e+00   1.7824762121e-06
7.3942354665e+00   1.8005969875e-06
7.4020517831e+00   1.8187624659e-06
7.4098680997e+00   1.8369724925e-06
7.4176844162e+00   1.8552268557e-06
7.4255007328e+00   1.8735252867e-06
7.4333170493e+00   1.8918674571e-06
7.4411333659e+00   1.9102529792e-06
7.4489496825e+00   1.9286814041e-06
7.4567659990e+00   1.9471522209e-06
7.4645823156e+00   6.8770672090e-07
7.4723986321e+00   6.9419355087e-07
7.4802149487e+00   7.0069450542e-07
7.4880312653e+00   7.0720931411e-07
7.4958475818e+00   7.1373768251e-07
7.5036638984e+00   7.2027929265e-07
7.5114802149e+00   7.2683380281e-07
7.5192965315e+00   7.3340084661e-07
7.5271128481e+00   7.3998003314e-07
7.5349291646e+00   7.4657094684e-07
7.5427454812e+00   7.5317314674e-07
7.5505617978e+00   7.5978616632e-07
7.5583781143e+00   7.6640951352e-07
7.5661944309e+00   7.7304267021e-07
7.5740107474e+00   7.7968509216e-07
7.5818270640e+00   7.8633620881e-07
7.5896433806e+00   7.9299542266e-07
7.5974596971e+00   7.9966210953e-07
7.6052760137e+00   8.0633561828e-07
7.6130923302e+00   8.1301527022e-07
7.6209086468e+00   8.1970035981e-07
7.6287249634e+00   5.5890998829e-08
7.6365412799e+00   1.1052124590e-06
7.6443575965e+00   1.1141357129e-06
7.6521739130e+00   1.1230627097e-06
7.6599902296e+00   1.1319923451e-06
7.6678065462e+00   1.1409234766e-06
7.6756228627e+00   1.1498549245e-06
7.6834391793e+00   1.1587854717e-06
7.6912554958e+00   1.1677138630e-06
7.6990718124e+00   1.1766388058e-06
7.7068881290e+00   1.1855589696e-06
7.7147044455e+00   1.1944729859e-06
7.7225207621e+00   1.2033794488e-06
7.7303370787e+00   1.2122769146e-06
7.7381533952e+00   1.2211639019e-06
7.7459697118e+00   1.2300388917e-06
7.7537860283e+00   1.2389003282e-06
7.7616023449e+00   1.2477466173e-06
7.7694186615e+00   1.2565761286e-06
7.7772349780e+00   1.2653871945e-06
7.7850512946e+00   1.2741781108e-06
7.7928676111e+00   2.9711493462e-06
7.8006839277e+00   2.9913842297e-06
7.8085002443e+00   3.0115597454e-06
7.8163165608e+00   3.0316716084e-06
7.8241328774e+00   3.0517154525e-06
7.8319491939e+00   3.0716868307e-06
7.8397655105e+00   3.0915812174e-06
7.8475818271e+00   3.1113940080e-06
7.8553981436e+00   3.1311205213e-06
7.8632144602e+00   3.1507559997e-06
7.8710307767e+00   3.1702956107e-06
7.8788470933e+00   3.1897344489e-06
7.8866634099e+00   3.2090675367e-06
7.8944797264e+00   3.2282898257e-06
7.9022960430e+00   3.2473961987e-06
7.9101123596e+00   3.2663814712e-06
7.9179286761e+00   3.2852403931e-06
7.9257449927e+00   3.3039676500e-06
7.9335613092e+00   3.3225578658e-06
7.9413776258e+00   3.3410056043e-06
7.9491939424e+00   4.4988404490e-06
7.9570102589e+00   4.5231102049e-06
7.9648265755e+00   4.5471662562e-06
7.9726428920e+00   4.5710010252e-06
7.9804592086e+00   4.5946068686e-06
7.9882755252e+00   4.6179760801e-06
7.9960918417e+00   4.6411008938e-06
8.0039081583e+00   4.6639734882e-06
8.0117244748e+00   4.6865859883e-06
8.0195407914e+00   4.7089304707e-06
8.0273571080e+00   4.7309989660e-06
8.0351734245e+00   4.7527834633e-06
8.0429897411e+00   4.7742759135e-06
8.0508060576e+00   4.7954682336e-06
8.0586223742e+00   4.8163523103e-06
8.0664386908e+00   4.8369200045e-06
8.0742550073e+00   4.8571631553e-06
8.0820713239e+00   4.8770735841e-06
8.0898876404e+00   4.8966430993e-06
8.0977039570e+00   4.9158635002e-06
8.1055202736e+00   5.3390227804e-06
8.1133365901e+00   5.3589911796e-06
8.1211529067e+00   5.3785545477e-06
8.1289692233e+00   5.3977040280e-06
8.1367855398e+00   5.4164307792e-06
8.1446018564e+00   5.4347259816e-06
8.1524181729e+00   5.4525808414e-06
8.1602344895e+00   5.4699865973e-06
8.1680508061e+00   5.4869345246e-06
8.1758671226e+00   5.5034159417e-06
8.1836834392e+00   5.5194222149e-06
8.1914997557e+00   5.5349447645e-06
8.1993160723e+00   5.5499750701e-06
8.2071323889e+00   5.5645046759e-06
8.2149487054e+00   5.5785251973e-06
8.2227650220e+00   5.5920283256e-06
8.2305813385e+00   5.6050058345e-06
8.2383976551e+00   5.6174495853e-06
8.2462139717e+00   5.6293515329e-06
8.2540302882e+00   5.6407037317e-06
8.2618466048e+00   5.1830270419e-06
8.2696629213e+00   5.1923577623e-06
8.2774792379e+00   5.2011624848e-06
8.2852955545e+00   5.2094343518e-06
8.2931118710e+00   5.2171666233e-06
8.3009281876e+00   5.2243526830e-06
8.3087445042e+00   5.2309860427e-06
8.3165608207e+00   5.2370603478e-06
8.3243771373e+00   5.2425693832e-06
8.3321934538e+00   5.2475070768e-06
8.3400097704e+00   5.2518675058e-06
8.3478260870e+00   5.2556449019e-06
8.3556424035e+00   5.2588336553e-06
8.3634587201e+00   5.2614283200e-06
8.3712750366e+00   5.2634236190e-06
8.3790913532e+00   5.2648144487e-06
8.3869076698e+00   5.2655958837e-06
8.3947239863e+00   5.2657631811e-06
8.4025403029e+00   5.2653117859e-06
8.4103566194e+00   5.2642373344e-06
8.4181729360e+00   3.8763643873e-06
8.4259892526e+00   3.8746021724e-06
8.4338055691e+00   3.8723719841e-06
8.4416218857e+00   3.8696712185e-06
8.4494382022e+00   3.8664974288e-06
8.4572545188e+00   3.8628483277e-06
8.4650708354e+00   3.8587217899e-06
8.4728871519e+00   3.8541158549e-06
8.4807034685e+00   3.8490287294e-06
8.4885197851e+00   3.8434587897e-06
8.4963361016e+00   3.8374045840e-06
8.5041524182e+00   3.8308648345e-06
8.5119687347e+00   3.8238384394e-06
8.5197850513e+00   3.8163244752e-06
8.5276013679e+00   3.8083221979e-06
8.5354176844e+00   3.7998310454e-06
8.5432340010e+00   3.7908506381e-06
8.5510503175e+00   3.7813807816e-06
8.5588666341e+00   3.7714214669e-06
8.5666829507e+00   3.7609728724e-06
8.5744992672e+00   1.5290918709e-06
8.5823155838e+00   1.5244129480e-06
8.5901319003e+00   1.5195351759e-06
8.5979482169e+00   1.5144589431e-06
8.6057645335e+00   1.5091847166e-06
8.6135808500e+00   1.5037130412e-06
8.6213971666e+00   1.4980445396e-06
8.6292134831e+00   1.4921799129e-06
8.6370297997e+00   1.4861199399e-06
8.6448461163e+00   1.4798654780e-06
8.6526624328e+00   1.4734174620e-06
8.6604787494e+00   1.4667769045e-06
8.6682950659e+00   1.4599448951e-06
8.6761113825e+00   1.4529226009e-06
8.6839276991e+00   1.4457112654e-06
8.6917440156e+00   1.4383122080e-06
8.6995603322e+00   1.4307268241e-06
8.7073766488e+00   1.4229565841e-06
8.7151929653e+00   1.4150030326e-06
8.7230092819e+00   8.3615100344e-08
8.7308255984e+00   1.2618431550e-06
8.7386419150e+00   1.2542976557e-06
8.7464582316e+00   1.2465925867e-06
8.7542745481e+00   1.2387296247e-06
8.7620908647e+00   1.2307105097e-06
8.7699071812e+00   1.2225370437e-06
8.7777234978e+00   1.2142110893e-06
8.7855398144e+00   1.2057345697e-06
8.7933561309e+00   1.1971094666e-06
8.8011724475e+00   1.1883378198e-06
8.8089887640e+00   1.1794217258e-06
8.8168050806e+00   1.1703633366e-06
8.8246213972e+00   1.1611648588e-06
8.8324377137e+00   1.1518285515e-06
8.8402540303e+00   1.1423567258e-06
8.8480703468e+00   1.1327517433e-06
8.8558866634e+00   1.1230160143e-06
8.8637029800e+00   1.1131519968e-06
8.8715192965e+00   1.1031621946e-06
8.8793356131e+00   2.8954624034e-06
8.8871519297e+00   2.8683002378e-06
8.8949682462e+00   2.8408258486e-06
8.9027845628e+00   2.8130463318e-06
8.9106008793e+00   2.7849688841e-06
8.9184171959e+00   2.7566007983e-06
8.9262335125e+00   2.7279494597e-06
8.9340498290e+00   2.6990223403e-06
8.9418661456e+00   2.6698269953e-06
8.9496824621e+00   2.6403710577e-06
8.9574987787e+00   2.6106622339e-06
8.9653150953e+00   2.5807082992e-06
8.9731314118e+00   2.5505170922e-06
8.9809477284e+00   2.5200965107e-06
8.9887640449e+00   2.4894545064e-06
8.9965803615e+00   2.4585990803e-06
9.0043966781e+00   2.4275382773e-06
9.0122129946e+00   2.3962801820e-06
9.0200293112e+00   3.2630894314e-06
9.0278456277e+00   3.2193698761e-06
9.0356619443e+00   3.1754125720e-06
9.0434782609e+00   3.1312288383e-06
9.0512945774e+00   3.0868300133e-06
9.0591108940e+00   3.0422274476e-06
9.0669272106e+00   2.9974324968e-06
9.0747435271e+00   2.9524565156e-06
9.0825598437e+00   2.9073108498e-06
9.0903761602e+00   2.8620068307e-06
9.0981924768e+00   2.8165557673e-06
9.1060087934e+00   2.7709689404e-06
9.1138251099e+00   2.7252575953e-06
9.1216414265e+00   2.6794329360e-06
9.1294577430e+00   2.6335061179e-06
9.1372740596e+00   2.5874882418e-06
9.1450903762e+00   2.5413903473e-06
9.1529066927e+00   2.4952234068e-06
9.1607230093e+00   2.6929366413e-06
9.1685393258e+00   2.6419605415e-06
9.1763556424e+00   2.5909452337e-06
9.1841719590e+00   2.5399024302e-06
9.1919882755e+00   2.4888437350e-06
9.1998045921e+00   2.4377806379e-06
9.2076209086e+00   2.3867245078e-06
9.2154372252e+00   2.3356865872e-06
9.2232535418e+00   2.2846779857e-06
9.2310698583e+00   2.2337096748e-06
9.2388861749e+00   2.1827924817e-06
9.2467024915e+00   2.1319370839e-06
9.2545188080e+00   2.0811540042e-06
9.2623351246e+00   2.0304536049e-06
9.2701514411e+00   1.9798460829e-06
9.2779677577e+00   1.9293414651e-06
9.2857840743e+00   1.8789496031e-06
9.2936003908e+00   1.8286801688e-06
9.3014167074e+00   1.6561867756e-06
9.3092330239e+00   1.6095195370e-06
9.3170493405e+00   1.5629934373e-06
9.3248656571e+00   1.5166167781e-06
9.3326819736e+00   1.4703976733e-06
9.3404982902e+00   1.4243440462e-06
9.3483146067e+00   1.3784636257e-06
9.3561309233e+00   1.3327639436e-06
9.3639472399e+00   1.2872523314e-06
9.3717635564e+00   1.2419359174e-06
9.3795798730e+00   1.1968216248e-06
9.3873961895e+00   1.1519161682e-06
9.3952125061e+00   1.1072260521e-06
9.4030288227e+00   1.0627575681e-06
9.4108451392e+00   1.0185167936e-06
9.4186614558e+00   9.7450958925e-07
9.4264777723e+00   9.3074159761e-07
9.4342940889e+00   6.7045940097e-07
9.4421104055e+00   6.3762544344e-07
9.4499267220e+00   6.0498528082e-07
9.4577430386e+00   5.7254250769e-07
9.4655593552e+00   5.4030054818e-07
9.4733756717e+00   5.0826265538e-07
9.4811919883e+00   4.7643191081e-07
9.4890083048e+00   4.4481122405e-07
9.4968246214e+00   4.1340333241e-07
9.5046409380e+00   3.8221080082e-07
9.5124572545e+00   3.5123602168e-07
9.5202735711e+00   3.2048121488e-07
9.5280898876e+00   2.8994842797e-07
9.5359062042e+00   2.5963953630e-07
9.5437225208e+00   2.2955624340e-07
9.5515388373e+00   1.9970008132e-07
9.5593551539e+00   1.7007241113e-07
9.5671714704e+00   6.3326174943e-08
9.5749877870e+00   4.9944778202e-08
9.5828041036e+00   3.6669726353e-08
9.5906204201e+00   2.3501326149e-08
9.5984367367e+00   1.0439807588e-08
9.6062530532e+00   2.5146755511e-09
9.6140693698e+00   1.5362045358e-08
9.6218856864e+00   2.8102299127e-08
9.6297020029e+00   4.0735508855e-08
9.6375183195e+00   5.3261820676e-08
9.6453346361e+00   6.5681454220e-08
9.6531509526e+00   7.7994701891e-08
9.6609672692e+00   9.0201928316e-08
9.6687835857e+00   1.0230356953e-07
9.6765999023e+00   1.1430013233e-07
9.6844162189e+00   1.2619219344e-07
9.6922325354e+00   1.3798039866e-07
9.7000488520e+00   7.0839155375e-09
9.7078651685e+00   9.2790761214e-08
9.7156814851e+00   9.9715458918e-08
9.7234978017e+00   1.0657946928e-07
9.7313141182e+00   1.1338335765e-07
9.7391304348e+00   1.2012772813e-07
9.7469467513e+00   1.2681322292e-07
9.7547630679e+00   1.3344052197e-07
9.7625793845e+00   1.4001034210e-07
9.7703957010e+00   1.4652343677e-07
9.7782120176e+00   1.5298059511e-07
9.7860283341e+00   1.5938264164e-07
9.7938446507e+00   1.6573043554e-07
9.8016609673e+00   1.7202486996e-07
9.8094772838e+00   1.7826687149e-07
9.8172936004e+00   1.8445739963e-07
9.8251099170e+00   1.9059744577e-07
9.8329262335e+00   6.2755396729e-07
9.8407425501e+00   6.4676229150e-07
9.8485588666e+00   6.6582039748e-07
9.8563751832e+00   6.8473183712e-07
9.8641914998e+00   7.0350025388e-07
9.8720078163e+00   7.2212938101e-07
9.8798241329e+00   7.4062303923e-07
9.8876404494e+00   7.5898513446e-07
9.8954567660e+00   7.7721965591e-07
9.9032730826e+00   7.9533067376e-07
9.9110893991e+00   8.1332233709e-07
9.9189057157e+00   8.3119887168e-07
9.9267220322e+00   8.4896457758e-07
9.9345383488e+00   8.6662382742e-07
9.9423546654e+00   8.8418106375e-07
9.9501709819e+00   9.0164079697e-07
9.9579872985e+00   1.3169853852e-06
9.9658036150e+00   1.3416911743e-06
9.9736199316e+00   1.3662780259e-06
9.9814362482e+00   1.3907527567e-06
9.9892525647e+00   1.4151222645e-06
9.9970688813e+00   1.4393935246e-06
1.0004885198e+01   1.4635735866e-06
1.0012701514e+01   1.4876695716e-06
1.0020517831e+01   1.5116886689e-06
1.0028334148e+01   1.5356381322e-06
1.0036150464e+01   1.5595252771e-06
1.0043966781e+01   1.5833574775e-06
1.0051783097e+01   1.6071421624e-06
1.0059599414e+01   1.6308868123e-06
1.0067415730e+01   1.6545989568e-06
1.0075232047e+01   1.6782861704e-06
1.0083048363e+01   1.9130956943e-06
1.0090864680e+01   1.9396559259e-06
1.0098680997e+01   1.9662147603e-06
1.0106497313e+01   1.9927808704e-06
1.0114313630e+01   2.0193629612e-06
1.0122129946e+01   2.0459697658e-06
1.0129946263e+01   2.0726100416e-06
1.0137762579e+01   2.0992925671e-06
1.0145578896e+01   2.1260261371e-06
1.0153395213e+01   2.1528195602e-06
1.0161211529e+01   2.1796816535e-06
1.0169027846e+01   2.2066212401e-06
1.0176844162e+01   2.2336471440e-06
1.0184660479e+01   2.2607681873e-06
1.0192476795e+01   2.2879931856e-06
1.0200293112e+01   2.2027508412e-06
1.0208109428e+01   2.2288572677e-06
1.0215925745e+01   2.2550883252e-06
1.0223742062e+01   2.2814523268e-06
1.0231558378e+01   2.3079575610e-06
1.0239374695e+01   2.3346122863e-06
1.0247191011e+01   2.3614247281e-06
1.0255007328e+01   2.3884030749e-06
1.0262823644e+01   2.4155554736e-06
1.0270639961e+01   2.4428900260e-06
1.0278456277e+01   2.4704147845e-06
1.0286272594e+01   2.4981377478e-06
1.0294088911e+01   2.5260668572e-06
1.0301905227e+01   2.5542099921e-06
1.0309721544e+01   2.5825749657e-06
1.0317537860e+01   2.0402107014e-06
1.0325354177e+01   2.0627325977e-06
1.0333170493e+01   2.0854461518e-06
1.0340986810e+01   2.1083572155e-06
1.0348803127e+01   2.1314715720e-06
1.0356619443e+01   2.1547949315e-06
1.0364435760e+01   2.1783329287e-06
1.0372252076e+01   2.2020911180e-06
1.0380068393e+01   2.2260749708e-06
1.0387884709e+01   2.2502898711e-06
1.0395701026e+01   2.2747411123e-06
1.0403517342e+01   2.2994338931e-06
1.0411333659e+01   2.3243733136e-06
1.0419149976e+01   2.3495643717e-06
1.0426966292e+01   2.3750119592e-06
1.0434782609e+01   1.2126927270e-06
1.0442598925e+01   1.2258130656e-06
1.0450415242e+01   1.2390701317e-06
1.0458231558e+01   1.2524661532e-06
1.0466047875e+01   1.2660032940e-06
1.0473864191e+01   1.2796836522e-06
1.0481680508e+01   1.2935092574e-06
1.0489496825e+01   1.3074820688e-06
1.0497313141e+01   1.3216039735e-06
1.0505129458e+01   1.3358767831e-06
1.0512945774e+01   1.3503022331e-06
1.0520762091e+01   1.3648819791e-06
1.0528578407e+01   1.3796175958e-06
1.0536394724e+01   1.3945105743e-06
1.0544211041e+01   5.0311503852e-08
1.0552027357e+01   5.3452929927e-07
1.0559843674e+01   5.4029744012e-07
1.0567659990e+01   5.4612665934e-07
1.0575476307e+01   5.5201736937e-07
1.0583292623e+01   5.5796994669e-07
1.0591108940e+01   5.6398473003e-07
1.0598925256e+01   5.7006202059e-07
1.0606741573e+01   5.7620208027e-07
1.0614557890e+01   5.8240513101e-07
1.0622374206e+01   5.8867135388e-07
1.0630190523e+01   5.9500088867e-07
1.0638006839e+01   6.0139383229e-07
1.0645823156e+01   6.0785023814e-07
1.0653639472e+01   6.1437011523e-07
1.0661455789e+01   2.5737818148e-06
1.0669272106e+01   2.6013285697e-06
1.0677088422e+01   2.6291370545e-06
1.0684904739e+01   2.6572065150e-06
1.0692721055e+01   2.6855359938e-06
1.0700537372e+01   2.7141243273e-06
1.0708353688e+01   2.7429701416e-06
1.0716170005e+01   2.7720718490e-06
1.0723986321e+01   2.8014276447e-06
1.0731802638e+01   2.8310355028e-06
1.0739618955e+01   2.8608931731e-06
1.0747435271e+01   2.8909981779e-06
1.0755251588e+01   2.9213478077e-06
1.0763067904e+01   2.9519391188e-06
1.0770884221e+01   4.4394967619e-06
1.0778700537e+01   4.4857207119e-06
1.0786516854e+01   4.5322882251e-06
1.0794333170e+01   4.5791934468e-06
1.0802149487e+01   4.6264301508e-06
1.0809965804e+01   4.6739917338e-06
1.0817782120e+01   4.7218712119e-06
1.0825598437e+01   4.7700612166e-06
1.0833414753e+01   4.8185539908e-06
1.0841231070e+01   4.8673413855e-06
1.0849047386e+01   4.9164148560e-06
1.0856863703e+01   4.9657654593e-06
1.0864680020e+01   5.0153838497e-06
1.0872496336e+01   5.0652602774e-06
1.0880312653e+01   5.8616997268e-06
1.0888128969e+01   5.9193806399e-06
1.0895945286e+01   5.9773194676e-06
1.0903761602e+01   6.0355031238e-06
1.0911577919e+01   6.0939180462e-06
1.0919394235e+01   6.1525501956e-06
1.0927210552e+01   6.2113850545e-06
1.0935026869e+01   6.2704076264e-06
1.0942843185e+01   6.3296024353e-06
1.0950659502e+01   6.3889535257e-06
1.0958475818e+01   6.4484444623e-06
1.0966292135e+01   6.5080583314e-06
1.0974108451e+01   6.5677777412e-06
1.0981924768e+01   6.6275848242e-06
1.0989741085e+01   6.4721332520e-06
1.0997557401e+01   6.5300855340e-06
1.1005373718e+01   6.5880662449e-06
1.1013190034e+01   6.6460562446e-06
1.1021006351e+01   6.7040359464e-06
1.1028822667e+01   6.7619853207e-06
1.1036638984e+01   6.8198838997e-06
1.1044455300e+01   6.8777107823e-06
1.1052271617e+01   6.9354446401e-06
1.1060087934e+01   6.9930637223e-06
1.1067904250e+01   7.0505458634e-06
1.1075720567e+01   7.1078684895e-06
1.1083536883e+01   7.1650086263e-06
1.1091353200e+01   7.2219429067e-06
1.1099169516e+01   5.8336304014e-06
1.1106985833e+01   5.8788211766e-06
1.1114802149e+01   5.9237872707e-06
1.1122618466e+01   5.9685087591e-06
1.1130434783e+01   6.0129654422e-06
1.1138251099e+01   6.0571368555e-06
1.1146067416e+01   6.1010022780e-06
1.1153883732e+01   6.1445407434e-06
1.1161700049e+01   6.1877310497e-06
1.1169516365e+01   6.2305517705e-06
1.1177332682e+01   6.2729812665e-06
1.1185148999e+01   6.3149976974e-06
1.1192965315e+01   6.3565790338e-06
1.1200781632e+01   6.3977030704e-06
1.1208597948e+01   3.5135208155e-06
1.1216414265e+01   3.5353878831e-06
1.1224230581e+01   3.5569675426e-06
1.1232046898e+01   3.5782473679e-06
1.1239863214e+01   3.5992148752e-06
1.1247679531e+01   3.6198575334e-06
1.1255495848e+01   3.6401627702e-06
1.1263312164e+01   3.6601179827e-06
1.1271128481e+01   3.6797105458e-06
1.1278944797e+01   3.6989278217e-06
1.1286761114e+01   3.7177571688e-06
1.1294577430e+01   3.7361859515e-06
1.1302393747e+01   3.7542015504e-06
1.1310210064e+01   3.7717913721e-06
1.1318026380e+01   8.3124145012e-08
1.1325842697e+01   7.6775957980e-07
1.1333659013e+01   7.7109752616e-07
1.1341475330e+01   7.7434069889e-07
1.1349291646e+01   7.7748659943e-07
1.1357107963e+01   7.8053274555e-07
1.1364924279e+01   7.8347667420e-07
1.1372740596e+01   7.8631594336e-07
1.1380556913e+01   7.8904813439e-07
1.1388373229e+01   7.9167085398e-07
1.1396189546e+01   7.9418173715e-07
1.1404005862e+01   7.9657844920e-07
1.1411822179e+01   7.9885868698e-07
1.1419638495e+01   8.0102018341e-07
1.1427454812e+01   8.0306070738e-07
1.1435271128e+01   5.1637216639e-06
1.1443087445e+01   5.1751386190e-06
1.1450903762e+01   5.1857371364e-06
1.1458720078e+01   5.1955040357e-06
1.1466536395e+01   5.2044264487e-06
1.1474352711e+01   5.2124918336e-06
1.1482169028e+01   5.2196879895e-06
1.1489985344e+01   5.2260030707e-06
1.1497801661e+01   5.2314256005e-06
1.1505617978e+01   5.2359444845e-06
1.1513434294e+01   5.2395490254e-06
1.1521250611e+01   5.2422289353e-06
1.1529066927e+01   5.2439743488e-06
1.1536883244e+01   8.1446319785e-06
1.1544699560e+01   8.1442573447e-06
1.1552515877e+01   8.1423885104e-06
1.1560332193e+01   8.1390130476e-06
1.1568148510e+01   8.1341192822e-06
1.1575964827e+01   8.1276963106e-06
1.1583781143e+01   8.1197340169e-06
1.1591597460e+01   8.1102230887e-06
1.1599413776e+01   8.0991550326e-06
1.1607230093e+01   8.0865221894e-06
1.1615046409e+01   8.0723177478e-06
1.1622862726e+01   8.0565357573e-06
1.1630679043e+01   8.0391711416e-06
1.1638495359e+01   9.3697268088e-06
1.1646311676e+01   9.3455488347e-06
1.1654127992e+01   9.3195097628e-06
1.1661944309e+01   9.2916079729e-06
1.1669760625e+01   9.2618429246e-06
1.1677576942e+01   9.2302151671e-06
1.1685393258e+01   9.1967263450e-06
1.1693209575e+01   9.1613792063e-06
1.1701025892e+01   9.1241776059e-06
1.1708842208e+01   9.0851265109e-06
1.1716658525e+01   9.0442320028e-06
1.1724474841e+01   9.0015012796e-06
1.1732291158e+01   8.9569426558e-06
1.1740107474e+01   8.7615090353e-06
1.1747923791e+01   8.7139401230e-06
1.1755740107e+01   8.6646052411e-06
1.1763556424e+01   8.6135170472e-06
1.1771372741e+01   8.5606892821e-06
1.1779189057e+01   8.5061367630e-06
1.1787005374e+01   8.4498753750e-06
1.1794821690e+01   8.3919220629e-06
1.1802638007e+01   8.3322948204e-06
1.1810454323e+01   8.2710126790e-06
1.1818270640e+01   8.2080956946e-06
1.1826086957e+01   8.1435649352e-06
1.1833903273e+01   8.0774424649e-06
1.1841719590e+01   6.5657783245e-06
1.1849535906e+01   6.5088607039e-06
1.1857352223e+01   6.4506983065e-06
1.1865168539e+01   6.3913124344e-06
1.1872984856e+01   6.3307251308e-06
1.1880801172e+01   6.2689591640e-06
1.1888617489e+01   6.2060380077e-06
1.1896433806e+01   6.1419858230e-06
1.1904250122e+01   6.0768274383e-06
1.1912066439e+01   6.0105883282e-06
1.1919882755e+01   5.9432945934e-06
1.1927699072e+01   5.8749729380e-06
1.1935515388e+01   5.8056506479e-06
1.1943331705e+01   3.3354281140e-06
1.1951148021e+01   3.2938996331e-06
1.1958964338e+01   3.2518396995e-06
1.1966780655e+01   3.2092654417e-06
1.1974596971e+01   3.1661942549e-06
1.1982413288e+01   3.1226437860e-06
1.1990229604e+01   3.0786319186e-06
1.1998045921e+01   3.0341767578e-06
1.2005862237e+01   2.9892966146e-06
1.2013678554e+01   2.9440099893e-06
1.2021494871e+01   2.8983355577e-06
1.2029311187e+01   2.8522921528e-06
1.2037127504e+01   2.0019607305e-08
1.2044943820e+01   1.6221439614e-07
1.2052760137e+01   1.5948597709e-07
1.2060576453e+01   1.5673988940e-07
1.2068392770e+01   1.5397725950e-07
1.2076209086e+01   1.5119921715e-07
1.2084025403e+01   1.4840689588e-07
1.2091841720e+01   1.4560143125e-07
1.2099658036e+01   1.4278396021e-07
1.2107474353e+01   1.3995561965e-07
1.2115290669e+01   1.3711754632e-07
1.2123106986e+01   1.3427087497e-07
1.2130923302e+01   1.3141673855e-07
1.2138739619e+01   2.3889182870e-06
1.2146555936e+01   2.3355466240e-06
1.2154372252e+01   2.2821007378e-06
1.2162188569e+01   2.2286013618e-06
1.2170004885e+01   2.1750691006e-06
1.2177821202e+01   2.1215244148e-06
1.2185637518e+01   2.0679876054e-06
1.2193453835e+01   2.0144787988e-06
1.2201270151e+01   1.9610179322e-06
1.2209086468e+01   1.9076247388e-06
1.2216902785e+01   1.8543187347e-06
1.2224719101e+01   1.8011192042e-06
1.2232535418e+01   2.8435505933e-06
1.2240351734e+01   2.7572275963e-06
1.2248168051e+01   2.6711730072e-06
1.2255984367e+01   2.5854165225e-06
1.2263800684e+01   2.4999873577e-06
1.2271617000e+01   2.4149142294e-06
1.2279433317e+01   2.3302253378e-06
1.2287249634e+01   2.2459483499e-06
1.2295065950e+01   2.1621103836e-06
1.2302882267e+01   2.0787379921e-06
1.2310698583e+01   1.9958571498e-06
1.2318514900e+01   1.9134932381e-06
1.2326331216e+01   2.1777800097e-06
1.2334147533e+01   2.0808293265e-06
1.2341963850e+01   1.9845849422e-06
1.2349780166e+01   1.8890741116e-06
1.2357596483e+01   1.7943233123e-06
1.2365412799e+01   1.7003582340e-06
1.2373229116e+01   1.6072037684e-06
1.2381045432e+01   1.5148840003e-06
1.2388861749e+01   1.4234221991e-06
1.2396678065e+01   1.3328408123e-06
1.2404494382e+01   1.2431614586e-06
1.2412310699e+01   1.1544049224e-06
1.2420127015e+01   1.0591805389e-06
1.2427943332e+01   9.7235596219e-07
1.2435759648e+01   8.8651390287e-07
1.2443575965e+01   8.0167170491e-07
1.2451392281e+01   7.1784586278e-07
1.2459208598e+01   6.3505202128e-07
1.2467024915e+01   5.5330497564e-07
1.2474841231e+01   4.7261867293e-07
1.2482657548e+01   3.9300621364e-07
1.2490473864e+01   3.1447985444e-07
1.2498290181e+01   2.3705101132e-07
1.2506106497e+01   1.6073026361e-07
1.2513922814e+01   6.5899106852e-08
1.2521739130e+01   3.8271102676e-09
1.2529555447e+01   5.7291963548e-08
1.2537371764e+01   1.1745206537e-07
1.2545188080e+01   1.7664782311e-07
1.2553004397e+01   2.3487453547e-07
1.2560820713e+01   2.9212816510e-07
1.2568637030e+01   3.4840533142e-07
1.2576453346e+01   4.0370330302e-07
1.2584269663e+01   4.5801998970e-07
1.2592085979e+01   5.1135393411e-07
1.2599902296e+01   5.6370430311e-07
1.2607718613e+01   3.8167258958e-07
1.2615534929e+01   4.1263986326e-07
1.2623351246e+01   4.4300227556e-07
1.2631167562e+01   4.7276082744e-07
1.2638983879e+01   5.0191687440e-07
1.2646800195e+01   5.3047212005e-07
1.2654616512e+01   5.5842860971e-07
1.2662432829e+01   5.8578872386e-07
1.2670249145e+01   6.1255517145e-07
1.2678065462e+01   6.3873098326e-07
1.2685881778e+01   6.6431950498e-07
1.2693698095e+01   6.8932439039e-07
1.2701514411e+01   4.5311578906e-08
1.2709330728e+01   4.6817474675e-08
1.2717147044e+01   4.8287270044e-08
1.2724963361e+01   4.9721271378e-08
1.2732779678e+01   5.1119802474e-08
1.2740595994e+01   5.2483203727e-08
1.2748412311e+01   5.3811831990e-08
1.2756228627e+01   5.5106059937e-08
1.2764044944e+01   5.6366275814e-08
1.2771861260e+01   5.7592882796e-08
1.2779677577e+01   5.8786298579e-08
1.2787493894e+01   5.9946955122e-08
1.2795310210e+01   2.8846727784e-10
1.2803126527e+01   8.8340126012e-07
1.2810942843e+01   8.9894602998e-07
1.2818759160e+01   9.1404330110e-07
1.2826575476e+01   9.2870009649e-07
1.2834391793e+01   9.4292360903e-07
1.2842208109e+01   9.5672119532e-07
1.2850024426e+01   9.7010036981e-07
1.2857840743e+01   9.8306879942e-07
1.2865657059e+01   9.9563429762e-07
1.2873473376e+01   1.0078048188e-06
1.2881289692e+01   1.0195884529e-06
1.2889106009e+01   1.0309934202e-06
1.2896922325e+01   1.8008474544e-06
1.2904738642e+01   1.8192164330e-06
1.2912554958e+01   1.8369768676e-06
1.2920371275e+01   1.8541437776e-06
1.2928187592e+01   1.8707323629e-06
1.2936003908e+01   1.8867579955e-06
1.2943820225e+01   1.9022362117e-06
1.2951636541e+01   1.9171827036e-06
1.2959452858e+01   1.9316133125e-06
1.2967269174e+01   1.9455440211e-06
1.2975085491e+01   1.9589909458e-06
1.2982901808e+01   1.9719703308e-06
1.2990718124e+01   2.4252715078e-06
1.2998534441e+01   2.4399936996e-06
1.3006350757e+01   2.4542071164e-06
1.3014167074e+01   2.4679321499e-06
1.3021983390e+01   2.4811893075e-06
1.3029799707e+01   2.4939992048e-06
1.3037616023e+01   2.5063825588e-06
1.3045432340e+01   2.5183601814e-06
1.3053248657e+01   2.5299529727e-06
1.3061064973e+01   2.5411819151e-06
1.3068881290e+01   2.5520680670e-06
1.3076697606e+01   2.5626325572e-06
1.3084513923e+01   2.6201911850e-06
1.3092330239e+01   2.6303302265e-06
1.3100146556e+01   2.6402087537e-06
1.3107962872e+01   2.6498485122e-06
1.3115779189e+01   2.6592712919e-06
1.3123595506e+01   2.6684989235e-06
1.3131411822e+01   2.6775532724e-06
1.3139228139e+01   2.6864562360e-06
1.3147044455e+01   2.6952297381e-06
1.3154860772e+01   2.7038957258e-06
1.3162677088e+01   2.7124761649e-06
1.3170493405e+01   2.7209930370e-06
1.3178309722e+01   2.3406983788e-06
1.3186126038e+01   2.3479470228e-06
1.3193942355e+01   2.3551995230e-06
1.3201758671e+01   2.3624747471e-06
1.3209574988e+01   2.3697915608e-06
1.3217391304e+01   2.3771688257e-06
1.3225207621e+01   2.3846253964e-06
1.3233023937e+01   2.3921801180e-06
1.3240840254e+01   2.3998518242e-06
1.3248656571e+01   2.4076593338e-06
1.3256472887e+01   2.4156214494e-06
1.3264289204e+01   2.4237569545e-06
1.3272105520e+01   1.5728717141e-06
1.3279921837e+01   1.5784053812e-06
1.3287738153e+01   1.5840886217e-06
1.3295554470e+01   1.5899335135e-06
1.3303370787e+01   1.5959521142e-06
1.3311187103e+01   1.6021564601e-06
1.3319003420e+01   1.6085585642e-06
1.3326819736e+01   1.6151704152e-06
1.3334636053e+01   1.6220039755e-06
1.3342452369e+01   1.6290711795e-06
1.3350268686e+01   1.6363839321e-06
1.3358085002e+01   2.6953437215e-07
1.3365901319e+01   2.7082336551e-07
1.3373717636e+01   2.7215860221e-07
1.3381533952e+01   2.7354201038e-07
1.3389350269e+01   2.7497551192e-07
1.3397166585e+01   2.7646102185e-07
1.3404982902e+01   2.7800044788e-07
1.3412799218e+01   2.7959569038e-07
1.3420615535e+01   2.8124864193e-07
1.3428431851e+01   2.8296118715e-07
1.3436248168e+01   2.8473520119e-07
1.3444064485e+01   1.5268789011e-08
1.3451880801e+01   1.3308650553e-06
1.3459697118e+01   1.3398074309e-06
1.3467513434e+01   1.3490639097e-06
1.3475329751e+01   1.3586429737e-06
1.3483146067e+01   1.3685530530e-06
1.3490962384e+01   1.3788025225e-06
1.3498778701e+01   1.3893996993e-06
1.3506595017e+01   1.4003528398e-06
1.3514411334e+01   1.4116701371e-06
1.3522227650e+01   1.4233597175e-06
1.3530043967e+01   1.4354296375e-06
1.3537860283e+01   2.6733163000e-06
1.3545676600e+01   2.6971000623e-06
1.3553492916e+01   2.7216305911e-06
1.3561309233e+01   2.7469221547e-06
1.3569125550e+01   2.7729888582e-06
1.3576941866e+01   2.7998446359e-06
1.3584758183e+01   2.8275032437e-06
1.3592574499e+01   2.8559782504e-06
1.3600390816e+01   2.8852830302e-06
1.3608207132e+01   2.9154307525e-06
1.3616023449e+01   2.9464343739e-06
1.3623839766e+01   3.7305406391e-06
1.3631656082e+01   3.7716290497e-06
1.3639472399e+01   3.8138367855e-06
1.3647288715e+01   3.8571788399e-06
1.3655105032e+01   3.9016698750e-06
1.3662921348e+01   3.9473242086e-06
1.3670737665e+01   3.9941557990e-06
1.3678553981e+01   4.0421782299e-06
1.3686370298e+01   4.0914046966e-06
1.3694186615e+01   4.1418479895e-06
1.3702002931e+01   4.3482254966e-06
1.3709819248e+01   4.4031482029e-06
1.3717635564e+01   4.4593692943e-06
1.3725451881e+01   4.5169001217e-06
1.3733268197e+01   4.5757515281e-06
1.3741084514e+01   4.6359338275e-06
1.3748900830e+01   4.6974567880e-06
1.3756717147e+01   4.7603296103e-06
1.3764533464e+01   4.8245609079e-06
1.3772349780e+01   4.8901586871e-06
1.3780166097e+01   4.3429928500e-06
1.3787982413e+01   4.4029138813e-06
1.3795798730e+01   4.4640486734e-06
1.3803615046e+01   4.5264018593e-06
1.3811431363e+01   4.5899774432e-06
1.3819247680e+01   4.6547787802e-06
1.3827063996e+01   4.7208085554e-06
1.3834880313e+01   4.7880687650e-06
1.3842696629e+01   4.8565606936e-06
1.3850512946e+01   4.9262848942e-06
1.3858329262e+01   3.3770972330e-06
1.3866145579e+01   3.4258932571e-06
1.3873961895e+01   3.4755187917e-06
1.3881778212e+01   3.5259720363e-06
1.3889594529e+01   3.5772506222e-06
1.3897410845e+01   3.6293515961e-06
1.3905227162e+01   3.6822714076e-06
1.3913043478e+01   3.7360058918e-06
1.3920859795e+01   3.7905502563e-06
1.3928676111e+01   3.8458990645e-06
1.3936492428e+01   9.6991637721e-07
1.3944308745e+01   9.8406851556e-07
1.3952125061e+01   9.9841511281e-07
1.3959941378e+01   1.0129541272e-06
1.3967757694e+01   1.0276833387e-06
1.3975574011e+01   1.0426003454e-06
1.3983390327e+01   1.0577025593e-06
1.3991206644e+01   1.0729872042e-06
1.3999022960e+01   1.0884513109e-06
1.4006839277e+01   1.1040917149e-06
1.4014655594e+01   7.8953099614e-08
1.4022471910e+01   2.8561594358e-06
1.4030288227e+01   2.8968553640e-06
1.4038104543e+01   2.9379668305e-06
1.4045920860e+01   2.9794835212e-06
1.4053737176e+01   3.0213945847e-06
1.4061553493e+01   3.0636886239e-06
1.4069369809e+01   3.1063536912e-06
1.4077186126e+01   3.1493772819e-06
1.4085002443e+01   3.1927463284e-06
1.4092818759e+01   3.2364471954e-06
1.4100635076e+01   6.5573117236e-06
1.4108451392e+01   6.6458488790e-06
1.4116267709e+01   6.7349569770e-06
1.4124084025e+01   6.8246040648e-06
1.4131900342e+01   6.9147570165e-06
1.4139716659e+01   7.0053815300e-06
1.4147532975e+01   7.0964421235e-06
1.4155349292e+01   7.1879021342e-06
1.4163165608e+01   7.2797237176e-06
1.4170981925e+01   7.3718678477e-06
1.4178798241e+01   9.5962828262e-06
1.4186614558e+01   9.7153062775e-06
1.4194430874e+01   9.8345793196e-06
1.4202247191e+01   9.9540456830e-06
1.4210063508e+01   1.0073647617e-05
1.4217879824e+01   1.0193325903e-05
1.4225696141e+01   1.0313019873e-05
1.4233512457e+01   1.0432667421e-05
1.4241328774e+01   1.0552205029e-05
1.4249145090e+01   1.0671567789e-05
1.4256961407e+01   1.1383694511e-05
1.4264777723e+01   1.1508873072e-05
1.4272594040e+01   1.1633646737e-05
1.4280410357e+01   1.1757941396e-05
1.4288226673e+01   1.1881681633e-05
1.4296042990e+01   1.2004790766e-05
1.4303859306e+01   1.2127190890e-05
1.4311675623e+01   1.2248802921e-05
1.4319491939e+01   1.2369546645e-05
1.4327308256e+01   1.2489340770e-05
1.4335124573e+01   1.1259724071e-05
1.4342940889e+01   1.1364599714e-05
1.4350757206e+01   1.1468398081e-05
1.4358573522e+01   1.1571043226e-05
1.4366389839e+01   1.1672458511e-05
1.4374206155e+01   1.1772566667e-05
1.4382022472e+01   1.1871289858e-05
1.4389838788e+01   1.1968549747e-05
1.4397655105e+01   1.2064267566e-05
1.4405471422e+01   1.2158364184e-05
1.4413287738e+01   8.5967732744e-06
1.4421104055e+01   8.6601968294e-06
1.4428920371e+01   8.7223108023e-06
1.4436736688e+01   8.7830592139e-06
1.4444553004e+01   8.8423861078e-06
1.4452369321e+01   8.9002356085e-06
1.4460185638e+01   8.9565519823e-06
1.4468001954e+01   9.0112796978e-06
1.4475818271e+01   9.0643634885e-06
1.4483634587e+01   9.1157484166e-06
1.4491450904e+01   2.9352723310e-06
1.4499267220e+01   2.9505254560e-06
1.4507083537e+01   2.9651812634e-06
1.4514899853e+01   2.9792228160e-06
1.4522716170e+01   2.9926333893e-06
1.4530532487e+01   3.0053964934e-06
1.4538348803e+01   3.0174958958e-06
1.4546165120e+01   3.0289156419e-06
1.4553981436e+01   3.0396400772e-06
1.4561797753e+01   3.0496538708e-06
1.4569614069e+01   2.1505311421e-07
1.4577430386e+01   4.9216996574e-06
1.4585246702e+01   4.9349209330e-06
1.4593063019e+01   4.9469201977e-06
1.4600879336e+01   4.9576755330e-06
1.4608695652e+01   4.9671657290e-06
1.4616511969e+01   4.9753703182e-06
1.4624328285e+01   4.9822696091e-06
1.4632144602e+01   4.9878447190e-06
1.4639960918e+01   4.9920776071e-06
1.4647777235e+01   4.9949511045e-06
1.4655593552e+01   1.0982520439e-05
1.4663409868e+01   1.0982466883e-05
1.4671226185e+01   1.0979321460e-05
1.4679042501e+01   1.0973054976e-05
1.4686858818e+01   1.0963640485e-05
1.4694675134e+01   1.0951053339e-05
1.4702491451e+01   1.0935271247e-05
1.4710307767e+01   1.0916274327e-05
1.4718124084e+01   1.0894045153e-05
1.4725940401e+01   1.0868568800e-05
1.4733756717e+01   1.4310433412e-05
1.4741573034e+01   1.4267764274e-05
1.4749389350e+01   1.4220767709e-05
1.4757205667e+01   1.4169438082e-05
1.4765021983e+01   1.4113773300e-05
1.4772838300e+01   1.4053774854e-05
1.4780654617e+01   1.3989447839e-05
1.4788470933e+01   1.3920800983e-05
1.4796287250e+01   1.3847846661e-05
1.4804103566e+01   1.4763601482e-05
1.4811919883e+01   1.4675729668e-05
1.4819736199e+01   1.4583303239e-05
1.4827552516e+01   1.4486351570e-05
1.4835368832e+01   1.4384907961e-05
1.4843185149e+01   1.4279009619e-05
1.4851001466e+01   1.4168697633e-05
1.4858817782e+01   1.4054016952e-05
1.4866634099e+01   1.3935016345e-05
1.4874450415e+01   1.2547719470e-05
1.4882266732e+01   1.2431451733e-05
1.4890083048e+01   1.2311414862e-05
1.4897899365e+01   1.2187666997e-05
1.4905715681e+01   1.2060269515e-05
1.4913531998e+01   1.1929286970e-05
1.4921348315e+01   1.1794787023e-05
1.4929164631e+01   1.1656840369e-05
1.4936980948e+01   1.1515520664e-05
1.4944797264e+01   8.2438741280e-06
1.4952613581e+01   8.1363496802e-06
1.4960429897e+01   8.0265551810e-06
1.4968246214e+01   7.9145522376e-06
1.4976062531e+01   7.8004042727e-06
1.4983878847e+01   7.6841764506e-06
1.4991695164e+01   7.5659356003e-06
1.4999511480e+01   7.4457501371e-06
1.5007327797e+01   7.3236899818e-06
1.5015144113e+01   2.7472201728e-06
1.5022960430e+01   2.6991588763e-06
1.5030776746e+01   2.6504670670e-06
1.5038593063e+01   2.6011734851e-06
1.5046409380e+01   2.5513072767e-06
1.5054225696e+01   2.5008979608e-06
1.5062042013e+01   2.4499753932e-06
1.5069858329e+01   2.3985697313e-06
1.5077674646e+01   2.3467113979e-06
1.5085490962e+01   1.4683449301e-07
1.5093307279e+01   2.4428961608e-06
1.5101123596e+01   2.3860927195e-06
1.5108939912e+01   2.3289163008e-06
1.5116756229e+01   2.2714004183e-06
1.5124572545e+01   2.2135786618e-06
1.5132388862e+01   2.1554846584e-06
1.5140205178e+01   2.0971520361e-06
1.5148021495e+01   2.0386143842e-06
1.5155837811e+01   1.9799052172e-06
1.5163654128e+01   4.7514488735e-06
1.5171470445e+01   4.6051984857e-06
1.5179286761e+01   4.4587776991e-06
1.5187103078e+01   4.3122679450e-06
1.5194919394e+01   4.1657500180e-06
1.5202735711e+01   4.0193039933e-06
1.5210552027e+01   3.8730091455e-06
1.5218368344e+01   3.7269438691e-06
1.5226184660e+01   4.8562864905e-06
1.5234000977e+01   4.6584495219e-06
1.5241817294e+01   4.4612465298e-06
1.5249633610e+01   4.2647782748e-06
1.5257449927e+01   4.0691438244e-06
1.5265266243e+01   3.8744404658e-06
1.5273082560e+01   3.6807636236e-06
1.5280898876e+01   3.4882067806e-06
1.5288715193e+01   3.5816166255e-06
1.5296531510e+01   3.3741695441e-06
1.5304347826e+01   3.1682474683e-06
1.5312164143e+01   2.9639430239e-06
1.5319980459e+01   2.7613463469e-06
1.5327796776e+01   2.5605450247e-06
1.5335613092e+01   2.3616240415e-06
1.5343429409e+01   2.1646657298e-06
1.5351245725e+01   1.8072384350e-06
1.5359062042e+01   1.6288880707e-06
1.5366878359e+01   1.4525751292e-06
1.5374694675e+01   1.2783654117e-06
1.5382510992e+01   1.1063220954e-06
1.5390327308e+01   9.3650571364e-07
1.5398143625e+01   7.6897413959e-07
1.5405959941e+01   6.0378257355e-07
1.5413776258e+01   4.4098353502e-07
1.5421592574e+01   1.9902586207e-07
1.5429408891e+01   8.0956114312e-08
1.5437225208e+01   3.5212606442e-08
1.5445041524e+01   1.4944918947e-07
1.5452857841e+01   2.6172452167e-07
1.5460674157e+01   3.7201147735e-07
1.5468490474e+01   4.8028490640e-07
1.5476306790e+01   5.8652161899e-07
1.5484123107e+01   6.9070036918e-07
1.5491939424e+01   3.5017911881e-07
1.5499755740e+01   3.9374455735e-07
1.5507572057e+01   4.3638831318e-07
1.5515388373e+01   4.7810449008e-07
1.5523204690e+01   5.1888798910e-07
1.5531021006e+01   5.5873449609e-07
1.5538837323e+01   5.9764046886e-07
1.5546653639e+01   6.3560312327e-07
1.5554469956e+01   6.7262041897e-07
1.5562286273e+01   3.7470755748e-08
1.5570102589e+01   5.2458031247e-07
1.5577918906e+01   5.4974267524e-07
1.5585735222e+01   5.7421876121e-07
1.5593551539e+01   5.9800934399e-07
1.5601367855e+01   6.2111567377e-07
1.5609184172e+01   6.4353946501e-07
1.5617000489e+01   6.6528288367e-07
1.5624816805e+01   6.8634853453e-07
1.5632633122e+01   7.0673944815e-07
1.5640449438e+01   2.1161828908e-06
1.5648265755e+01   2.1713621505e-06
1.5656082071e+01   2.2246154661e-06
1.5663898388e+01   2.2759563098e-06
1.5671714704e+01   2.3253991951e-06
1.5679531021e+01   2.3729596378e-06
1.5687347338e+01   2.4186541176e-06
1.5695163654e+01   2.4625000391e-06
1.5702979971e+01   2.5045156936e-06
1.5710796287e+01   3.5864459150e-06
1.5718612604e+01   3.6402711246e-06
1.5726428920e+01   3.6916075071e-06
1.5734245237e+01   3.7404853558e-06
1.5742061553e+01   3.7869359423e-06
1.5749877870e+01   3.8309914655e-06
1.5757694187e+01   3.8726850011e-06
1.5765510503e+01   3.9120504522e-06
1.5773326820e+01   3.9491225002e-06
1.5781143136e+01   4.4370057660e-06
1.5788959453e+01   4.4730458073e-06
1.5796775769e+01   4.5066579751e-06
1.5804592086e+01   4.5378838665e-06
1.5812408403e+01   4.5667656841e-06
1.5820224719e+01   4.5933461890e-06
1.5828041036e+01   4.6176686535e-06
1.5835857352e+01   4.6397768165e-06
1.5843673669e+01   4.6597148390e-06
1.5851489985e+01   4.6775272616e-06
1.5859306302e+01   4.4257000489e-06
1.5867122618e+01   4.4384338063e-06
1.5874938935e+01   4.4492954875e-06
1.5882755252e+01   4.4583281528e-06
1.5890571568e+01   4.4655750338e-06
1.5898387885e+01   4.4710795015e-06
1.5906204201e+01   4.4748850344e-06
1.5914020518e+01   4.4770351884e-06
1.5921836834e+01   4.4775735679e-06
1.5929653151e+01   4.4765437982e-06
1.5937469468e+01   3.4487841849e-06
1.5945285784e+01   3.4455680511e-06
1.5953102101e+01   3.4412469558e-06
1.5960918417e+01   3.4358543931e-06
1.5968734734e+01   3.4294237793e-06
1.5976551050e+01   3.4219884368e-06
1.5984367367e+01   3.4135815796e-06
1.5992183683e+01   3.4042362997e-06
1.6000000000e+01   1.2462253451e-13
1.6000000000e+01   1.2423395646e-13
