X    Y
0.0000000000e+00   nan
7.8201368524e-02   1.5091297338e-03
1.5640273705e-01   8.1138245711e-04
2.3460410557e-01   5.7970042294e-04
3.1280547410e-01   4.6433081663e-04
3.9100684262e-01   3.9528250182e-04
4.6920821114e-01   3.4918774736e-04
5.4740957967e-01   3.1599721439e-04
6.2561094819e-01   2.9065436697e-04
7.0381231672e-01   2.7032114644e-04
7.8201368524e-01   2.5326930953e-04
8.6021505376e-01   2.3837773527e-04
9.3841642229e-01   2.2488245838e-04
1.0166177908e+00   2.1224351682e-04
1.0948191593e+00   2.0007025133e-04
1.1730205279e+00   1.9883953680e-04
1.2512218964e+00   2.0450453116e-04
1.3294232649e+00   2.0742172665e-04
1.4076246334e+00   2.0706266880e-04
1.4858260020e+00   2.0259623055e-04
1.5640273705e+00   1.9251170642e-04
1.6422287390e+00   1.7392618765e-04
1.7204301075e+00   1.4143928297e-04
1.7986314761e+00   1.2865501282e-04
1.8768328446e+00   1.8008314746e-04
1.9550342131e+00   2.5119057825e-04
2.0332355816e+00   4.2163076144e-04
2.1114369501e+00   4.6317834043e-04
2.1896383187e+00   5.2944355923e-04
2.2678396872e+00   5.9352458484e-04
2.3460410557e+00   6.5424379824e-04
2.4242424242e+00   7.1053337565e-04
2.5024437928e+00   7.6147669008e-04
2.5806451613e+00   8.0633913513e-04
2.6588465298e+00   8.4458702338e-04
2.7370478983e+00   8.7589441540e-04
2.8152492669e+00   9.0013873029e-04
2.8934506354e+00   9.1738664496e-04
2.9716520039e+00   9.2787212009e-04
3.0498533724e+00   9.3196858278e-04
3.1280547410e+00   9.3015760183e-04
3.2062561095e+00   9.2299691243e-04
3.2844574780e+00   9.1109110578e-04
3.3626588465e+00   8.9506802047e-04
3.4408602151e+00   8.7556212363e-04
3.5190615836e+00   8.5320282768e-04
3.5972629521e+00   8.2860188220e-04
3.6754643206e+00   8.0233219991e-04
3.7536656891e+00   7.7489373312e-04
3.8318670577e+00   7.4667210001e-04
3.9100684262e+00   7.1791116398e-04
3.9882697947e+00   6.8873601429e-04
4.0664711632e+00   6.5926871424e-04
4.1446725318e+00   6.2986650431e-04
4.2228739003e+00   6.0147613515e-04
4.3010752688e+00   5.7604287575e-04
4.3792766373e+00   5.5685355312e-04
4.4574780059e+00   5.4865331777e-04
4.5356793744e+00   5.5738112186e-04
4.6138807429e+00   5.8943702861e-04
4.6920821114e+00   6.5052680280e-04
4.7702834800e+00   7.4430552038e-04
4.8484848485e+00   8.7122167972e-04
4.9266862170e+00   1.0280940713e-03
5.0048875855e+00   1.2089845693e-03
5.0830889541e+00   1.4078266001e-03
5.1612903226e+00   1.6230252648e-03
5.2394916911e+00   1.8638886023e-03
5.3176930596e+00   2.1583384216e-03
5.3958944282e+00   2.5609610765e-03
5.4740957967e+00   3.1601741585e-03
5.5522971652e+00   4.0831707226e-03
5.6304985337e+00   5.4973960016e-03
5.7086999022e+00   7.6076135481e-03
5.7869012708e+00   1.0648092153e-02
5.8651026393e+00   1.1761381001e-02
5.9433040078e+00   1.2015943935e-02
6.0215053763e+00   1.2248451850e-02
6.0997067449e+00   1.2458863513e-02
6.1779081134e+00   1.2692918146e-02
6.2561094819e+00   1.2858065881e-02
6.3343108504e+00   1.3000479211e-02
6.4125122190e+00   1.3119818369e-02
6.4907135875e+00   1.3215644950e-02
6.5689149560e+00   1.3287410267e-02
6.6471163245e+00   1.3334443066e-02
6.7253176931e+00   1.3355936552e-02
6.8035190616e+00   1.3350934688e-02
6.8817204301e+00   1.3318317784e-02
6.9599217986e+00   1.3256787492e-02
7.0381231672e+00   1.3164851380e-02
7.1163245357e+00   1.3040807434e-02
7.1945259042e+00   1.2882729004e-02
7.2727272727e+00   1.2688450975e-02
7.3509286413e+00   1.2455558211e-02
7.4291300098e+00   1.2181377748e-02
7.5073313783e+00   1.1862976597e-02
7.5855327468e+00   1.1497167552e-02
7.6637341153e+00   1.1080525941e-02
7.7419354839e+00   1.0838778417e-02
7.8201368524e+00   1.1737250540e-02
7.8983382209e+00   1.2608621533e-02
7.9765395894e+00   1.3441682184e-02
8.0547409580e+00   1.4224005071e-02
8.1329423265e+00   1.4941996725e-02
8.2111436950e+00   1.5580968205e-02
8.2893450635e+00   1.6125196234e-02
8.3675464321e+00   1.6557935128e-02
8.4457478006e+00   1.6861337858e-02
8.5239491691e+00   1.7030531378e-02
8.6021505376e+00   1.7050508156e-02
8.6803519062e+00   1.6910444564e-02
8.7585532747e+00   1.6601881663e-02
8.8367546432e+00   1.6121665132e-02
8.9149560117e+00   1.5471080083e-02
8.9931573803e+00   1.4656178008e-02
9.0713587488e+00   1.3687806906e-02
9.1495601173e+00   1.2581308135e-02
9.2277614858e+00   1.1355881020e-02
9.3059628543e+00   1.1073374620e-02
9.3841642229e+00   1.2118183003e-02
9.4623655914e+00   1.3026142553e-02
9.5405669599e+00   1.3779026619e-02
9.6187683284e+00   1.4356456983e-02
9.6969696970e+00   1.4726449940e-02
9.7751710655e+00   1.4824709798e-02
9.8533724340e+00   1.4515140930e-02
9.9315738025e+00   1.3523493924e-02
1.0009775171e+01   1.1340060897e-02
1.0087976540e+01   7.0991863986e-03
1.0166177908e+01   9.9989323061e-03
1.0244379277e+01   1.4999207997e-02
1.0322580645e+01   3.3859694208e-02
1.0400782014e+01   6.4271230348e-02
1.0478983382e+01   1.0665924567e-01
1.0557184751e+01   1.6184671922e-01
1.0635386119e+01   2.2869799827e-01
1.0713587488e+01   3.0357468055e-01
1.0791788856e+01   3.8029940472e-01
1.0869990225e+01   4.5078603886e-01
1.0948191593e+01   5.0628336602e-01
1.1026392962e+01   5.3896615554e-01
1.1104594330e+01   5.4351614459e-01
1.1182795699e+01   5.1842238631e-01
1.1260997067e+01   4.6689681786e-01
1.1339198436e+01   3.9730434042e-01
1.1417399804e+01   3.2264304626e-01
1.1495601173e+01   2.5802827547e-01
1.1573802542e+01   2.1508469527e-01
1.1652003910e+01   1.9386033655e-01
1.1730205279e+01   1.8126224959e-01
1.1808406647e+01   2.0339772419e-01
1.1886608016e+01   2.3241489339e-01
1.1964809384e+01   1.8547686706e-01
1.2043010753e+01   7.1620814937e-01
1.2121212121e+01   1.3319623488e+00
1.2199413490e+01   1.4101660896e+00
1.2277614858e+01   1.4853534323e+00
1.2355816227e+01   1.5569929180e+00
1.2434017595e+01   1.6244928043e+00
1.2512218964e+01   1.6871868725e+00
1.2590420332e+01   1.7443185015e+00
1.2668621701e+01   1.7950233621e+00
1.2746823069e+01   1.8383115073e+00
1.2825024438e+01   1.8730503013e+00
1.2903225806e+01   1.8979506499e+00
1.2981427175e+01   1.9115604467e+00
1.3059628543e+01   1.9122710966e+00
1.3137829912e+01   1.8985691535e+00
1.3216031281e+01   1.8682664484e+00
1.3294232649e+01   1.8197516356e+00
1.3372434018e+01   1.7514424723e+00
1.3450635386e+01   1.6621677890e+00
1.3528836755e+01   1.5514394030e+00
1.3607038123e+01   1.4197471376e+00
1.3685239492e+01   1.6844065226e+00
1.3763440860e+01   1.9501819246e+00
1.3841642229e+01   2.2020165623e+00
1.3919843597e+01   2.4261669976e+00
1.3998044966e+01   2.6105421042e+00
1.4076246334e+01   2.7382834416e+00
1.4154447703e+01   2.8045044473e+00
1.4232649071e+01   2.8069288391e+00
1.4310850440e+01   2.7478695381e+00
1.4389051808e+01   2.6329177991e+00
1.4467253177e+01   2.4718366213e+00
1.4545454545e+01   2.2748920493e+00
1.4623655914e+01   2.0538446173e+00
1.4701857283e+01   1.8193475313e+00
1.4780058651e+01   1.5806772318e+00
1.4858260020e+01   1.3453975300e+00
1.4936461388e+01   1.1192833887e+00
1.5014662757e+01   9.0642251749e-01
1.5092864125e+01   7.0942158105e-01
1.5171065494e+01   7.2065999573e-01
1.5249266862e+01   7.3185130614e-01
1.5327468231e+01   7.3930714720e-01
1.5405669599e+01   7.4339703612e-01
1.5483870968e+01   7.4438687588e-01
1.5562072336e+01   7.4245628738e-01
1.5640273705e+01   7.3771347682e-01
1.5718475073e+01   7.3020804462e-01
1.5796676442e+01   7.1994219416e-01
1.5874877810e+01   7.0688076819e-01
1.5953079179e+01   6.9096046572e-01
1.6031280547e+01   6.7217105401e-01
1.6109481916e+01   6.5027461422e-01
1.6187683284e+01   6.2524585425e-01
1.6265884653e+01   5.9699139809e-01
1.6344086022e+01   6.0409713275e-01
1.6422287390e+01   6.2358077601e-01
1.6500488759e+01   6.4020846499e-01
1.6578690127e+01   6.5432728259e-01
1.6656891496e+01   6.6622801462e-01
1.6735092864e+01   6.7615275080e-01
1.6813294233e+01   6.8430145972e-01
1.6891495601e+01   6.9083757434e-01
1.6969696970e+01   6.9589265316e-01
1.7047898338e+01   6.9957019406e-01
1.7126099707e+01   7.0194867699e-01
1.7204301075e+01   7.0308390348e-01
1.7282502444e+01   7.0301068733e-01
1.7360703812e+01   7.0174393379e-01
1.7438905181e+01   6.9927912615e-01
1.7517106549e+01   6.9559221826e-01
1.7595307918e+01   6.9063891258e-01
1.7673509286e+01   6.8435328478e-01
1.7751710655e+01   6.7664570159e-01
1.7829912023e+01   6.6739996940e-01
1.7908113392e+01   6.5646965151e-01
1.7986314761e+01   7.1892875868e-01
1.8064516129e+01   7.9006162969e-01
1.8142717498e+01   8.5976015432e-01
1.8220918866e+01   9.2789961951e-01
1.8299120235e+01   9.9365230798e-01
1.8377321603e+01   1.0567240482e+00
1.8455522972e+01   1.1166649033e+00
1.8533724340e+01   1.1729841243e+00
1.8611925709e+01   1.2251409061e+00
1.8690127077e+01   1.2725344229e+00
1.8768328446e+01   1.3144935600e+00
1.8846529814e+01   1.3502670522e+00
1.8924731183e+01   1.3790151703e+00
1.9002932551e+01   1.3998047033e+00
1.9081133920e+01   1.4116097928e+00
1.9159335288e+01   1.4129324057e+00
1.9237536657e+01   1.4032675080e+00
1.9315738025e+01   1.3811562738e+00
1.9393939394e+01   1.3454761475e+00
1.9472140762e+01   1.2952585905e+00
1.9550342131e+01   1.2298179064e+00
1.9628543500e+01   1.1489045171e+00
1.9706744868e+01   1.1277109353e+00
1.9784946237e+01   1.3273513685e+00
1.9863147605e+01   1.5247037565e+00
1.9941348974e+01   1.7108791623e+00
2.0019550342e+01   1.8770739393e+00
2.0097751711e+01   2.0142172454e+00
2.0175953079e+01   2.1144074805e+00
2.0254154448e+01   2.1715176162e+00
2.0332355816e+01   2.1834814647e+00
2.0410557185e+01   2.1503187407e+00
2.0488758553e+01   2.0752446706e+00
2.0566959922e+01   1.9638380856e+00
2.0645161290e+01   1.8231940945e+00
2.0723362659e+01   1.6610735285e+00
2.0801564027e+01   1.4851568794e+00
2.0879765396e+01   1.3024821155e+00
2.0957966764e+01   1.1191781103e+00
2.1036168133e+01   9.3991132414e-01
2.1114369501e+01   7.6847966252e-01
2.1192570870e+01   6.6330279911e-01
2.1270772239e+01   6.7926766546e-01
2.1348973607e+01   6.9097310377e-01
2.1427174976e+01   6.9886434783e-01
2.1505376344e+01   7.0328955551e-01
2.1583577713e+01   7.0451290755e-01
2.1661779081e+01   7.0272733181e-01
2.1739980450e+01   6.9811886407e-01
2.1818181818e+01   6.9066478536e-01
2.1896383187e+01   6.8046815631e-01
2.1974584555e+01   6.6754652173e-01
2.2052785924e+01   6.5189672989e-01
2.2130987292e+01   6.3350273274e-01
2.2209188661e+01   6.1234275447e-01
2.2287390029e+01   5.8839581560e-01
2.2365591398e+01   5.6164756577e-01
2.2443792766e+01   5.4754110912e-01
2.2521994135e+01   5.6657624726e-01
2.2600195503e+01   5.8289501076e-01
2.2678396872e+01   5.9679645727e-01
2.2756598240e+01   6.0853355568e-01
2.2834799609e+01   6.1831869440e-01
2.2913000978e+01   6.2632854273e-01
2.2991202346e+01   6.3270824156e-01
2.3069403715e+01   6.3757492956e-01
2.3147605083e+01   6.4102062547e-01
2.3225806452e+01   6.4311449020e-01
2.3304007820e+01   6.4390448877e-01
2.3382209189e+01   6.4341846400e-01
2.3460410557e+01   6.4166462511e-01
2.3538611926e+01   6.3863144634e-01
2.3616813294e+01   6.3437513412e-01
2.3695014663e+01   6.2875440286e-01
2.3773216031e+01   6.2174163013e-01
2.3851417400e+01   6.1325641712e-01
2.3929618768e+01   6.0319705010e-01
2.4007820137e+01   5.9143854281e-01
2.4086021505e+01   5.7783021831e-01
2.4164222874e+01   5.9106264576e-01
2.4242424242e+01   6.4482437713e-01
2.4320625611e+01   6.9682228367e-01
2.4398826979e+01   7.4675753798e-01
2.4477028348e+01   7.9431011057e-01
2.4555229717e+01   8.3913339761e-01
2.4633431085e+01   8.8084834198e-01
2.4711632454e+01   9.1903720563e-01
2.4789833822e+01   9.5323725765e-01
2.4868035191e+01   9.8295603229e-01
2.4946236559e+01   1.0076092357e+00
2.5024437928e+01   1.0265633092e+00
2.5102639296e+01   1.0391323397e+00
2.5180840665e+01   1.0445750750e+00
2.5259042033e+01   1.0421092356e+00
2.5337243402e+01   1.0309343045e+00
2.5415444770e+01   1.0102673828e+00
2.5493646139e+01   9.7939467923e-01
2.5571847507e+01   9.3773989433e-01
2.5650048876e+01   8.8494810631e-01
2.5728250244e+01   8.2097949192e-01
2.5806451613e+01   9.3616467547e-01
2.5884652981e+01   1.0784931956e+00
2.5962854350e+01   1.2147915089e+00
2.6041055718e+01   1.3388185990e+00
2.6119257087e+01   1.4451736347e+00
2.6197458456e+01   1.5284504361e+00
2.6275659824e+01   1.5842422718e+00
2.6353861193e+01   1.6096615052e+00
2.6432062561e+01   1.6028582802e+00
2.6510263930e+01   1.5663298733e+00
2.6588465298e+01   1.5019326091e+00
2.6666666667e+01   1.4136260581e+00
2.6744868035e+01   1.3062255980e+00
2.6823069404e+01   1.1848958730e+00
2.6901270772e+01   1.0547055976e+00
2.6979472141e+01   9.2028878941e-01
2.7057673509e+01   7.8562700354e-01
2.7135874878e+01   6.5394412038e-01
2.7214076246e+01   5.9208263547e-01
2.7292277615e+01   6.1002673595e-01
2.7370478983e+01   6.2347252003e-01
2.7448680352e+01   6.3293365176e-01
2.7526881720e+01   6.3871077634e-01
2.7605083089e+01   6.4108954422e-01
2.7683284457e+01   6.4029874951e-01
2.7761485826e+01   6.3651863367e-01
2.7839687195e+01   6.2988932018e-01
2.7917888563e+01   6.2051899287e-01
2.7996089932e+01   6.0849159482e-01
2.8074291300e+01   5.9387392132e-01
2.8152492669e+01   5.7672203351e-01
2.8230694037e+01   5.5708694561e-01
2.8308895406e+01   5.3501955252e-01
2.8387096774e+01   5.1057477176e-01
2.8465298143e+01   4.8382602995e-01
2.8543499511e+01   4.9208413439e-01
2.8621700880e+01   5.0857902433e-01
2.8699902248e+01   5.2277873969e-01
2.8778103617e+01   5.3489662817e-01
2.8856304985e+01   5.4511430385e-01
2.8934506354e+01   5.5358485637e-01
2.9012707722e+01   5.6043571718e-01
2.9090909091e+01   5.6577115574e-01
2.9169110459e+01   5.6967440075e-01
2.9247311828e+01   5.7220939380e-01
2.9325513196e+01   5.7342218960e-01
2.9403714565e+01   5.7334201822e-01
2.9481915934e+01   5.7198202360e-01
2.9560117302e+01   5.6933968875e-01
2.9638318671e+01   5.6539695315e-01
2.9716520039e+01   5.6012002214e-01
2.9794721408e+01   5.5345886276e-01
2.9872922776e+01   5.4534637709e-01
2.9951124145e+01   5.3569724301e-01
3.0029325513e+01   5.2440641788e-01
3.0107526882e+01   5.1134731306e-01
3.0185728250e+01   4.9636967186e-01
3.0263929619e+01   4.7929722275e-01
3.0342130987e+01   5.1825982284e-01
3.0420332356e+01   5.5671745242e-01
3.0498533724e+01   5.9318307976e-01
3.0576735093e+01   6.2744581930e-01
3.0654936461e+01   6.5942719878e-01
3.0733137830e+01   6.8863567798e-01
3.0811339198e+01   7.1472791823e-01
3.0889540567e+01   7.3732405879e-01
3.0967741935e+01   7.5600507949e-01
3.1045943304e+01   7.7031174387e-01
3.1124144673e+01   7.7974601104e-01
3.1202346041e+01   7.8377605894e-01
3.1280547410e+01   7.8184630850e-01
3.1358748778e+01   7.7339401381e-01
3.1436950147e+01   7.5787398144e-01
3.1515151515e+01   7.3479264854e-01
3.1593352884e+01   7.0375188434e-01
3.1671554252e+01   6.6450126428e-01
3.1749755621e+01   6.1751898774e-01
3.1827956989e+01   7.1242307090e-01
3.1906158358e+01   8.1292692128e-01
3.1984359726e+01   9.0759346344e-01
3.2062561095e+01   9.9285074664e-01
3.2140762463e+01   1.0651083053e+00
3.2218963832e+01   1.1210782837e+00
3.2297165200e+01   1.1581074504e+00
3.2375366569e+01   1.1751575459e+00
3.2453567937e+01   1.1700070454e+00
3.2531769306e+01   1.1442983533e+00
3.2609970674e+01   1.0993940313e+00
3.2688172043e+01   1.0377546532e+00
3.2766373412e+01   9.6242271194e-01
3.2844574780e+01   8.7672250029e-01
3.2922776149e+01   7.8398398319e-01
3.3000977517e+01   6.8732097770e-01
3.3079178886e+01   5.8947746642e-01
3.3157380254e+01   5.0018264085e-01
3.3235581623e+01   5.2161501773e-01
3.3313782991e+01   5.3847283944e-01
3.3391984360e+01   5.5112919576e-01
3.3470185728e+01   5.5992115207e-01
3.3548387097e+01   5.6497008707e-01
3.3626588465e+01   5.6689917298e-01
3.3704789834e+01   5.6574080336e-01
3.3782991202e+01   5.6168495315e-01
3.3861192571e+01   5.5489446823e-01
3.3939393939e+01   5.4551023266e-01
3.4017595308e+01   5.3365621541e-01
3.4095796676e+01   5.1944416829e-01
3.4173998045e+01   5.0297783133e-01
3.4252199413e+01   4.8435656234e-01
3.4330400782e+01   4.6367835035e-01
3.4408602151e+01   4.4104220513e-01
3.4486803519e+01   4.1654993914e-01
3.4565004888e+01   4.2522737676e-01
3.4643206256e+01   4.4047995210e-01
3.4721407625e+01   4.5371884935e-01
3.4799608993e+01   4.6510170089e-01
3.4877810362e+01   4.7476411269e-01
3.4956011730e+01   4.8275372423e-01
3.5034213099e+01   4.8930324653e-01
3.5112414467e+01   4.9442268974e-01
3.5190615836e+01   4.9817488382e-01
3.5268817204e+01   5.0060755094e-01
3.5347018573e+01   5.0175413218e-01
3.5425219941e+01   5.0163441495e-01
3.5503421310e+01   5.0025496589e-01
3.5581622678e+01   4.9760937548e-01
3.5659824047e+01   4.9367832078e-01
3.5738025415e+01   4.8842945350e-01
3.5816226784e+01   4.8181712080e-01
3.5894428152e+01   4.7378192789e-01
3.5972629521e+01   4.6425015415e-01
3.6050830890e+01   4.5313303960e-01
3.6129032258e+01   4.4032596728e-01
3.6207233627e+01   4.2570758103e-01
3.6285434995e+01   4.0913889977e-01
3.6363636364e+01   4.0741913053e-01
3.6441837732e+01   4.3724905017e-01
3.6520039101e+01   4.6543426101e-01
3.6598240469e+01   4.9176586850e-01
3.6676441838e+01   5.1601356744e-01
3.6754643206e+01   5.3792309877e-01
3.6832844575e+01   5.5721415814e-01
3.6911045943e+01   5.7358551056e-01
3.6989247312e+01   5.8672583904e-01
3.7067448680e+01   5.9624940870e-01
3.7145650049e+01   6.0176707204e-01
3.7223851417e+01   6.0287089695e-01
3.7302052786e+01   5.9914438657e-01
3.7380254154e+01   5.9017763708e-01
3.7458455523e+01   5.7558818834e-01
3.7536656891e+01   5.5504790125e-01
3.7614858260e+01   5.2831543535e-01
3.7693059629e+01   4.9527276192e-01
3.7771260997e+01   5.0725596462e-01
3.7849462366e+01   5.8126182683e-01
3.7927663734e+01   6.5125537767e-01
3.8005865103e+01   7.1497882090e-01
3.8084066471e+01   7.7011537675e-01
3.8162267840e+01   8.1456175128e-01
3.8240469208e+01   8.4647792063e-01
3.8318670577e+01   8.6454755360e-01
3.8396871945e+01   8.6808457841e-01
3.8475073314e+01   8.5709601441e-01
3.8553274682e+01   8.3226910561e-01
3.8631476051e+01   7.9488716489e-01
3.8709677419e+01   7.4669118594e-01
3.8787878788e+01   6.8971183964e-01
3.8866080156e+01   6.2609788162e-01
3.8944281525e+01   5.5820615626e-01
3.9022482893e+01   4.8755173809e-01
3.9100684262e+01   4.1805826945e-01
3.9178885630e+01   4.3992840259e-01
3.9257086999e+01   4.5757809651e-01
3.9335288368e+01   4.7127772935e-01
3.9413489736e+01   4.8129343406e-01
3.9491691105e+01   4.8787838281e-01
3.9569892473e+01   4.9126796357e-01
3.9648093842e+01   4.9167785739e-01
3.9726295210e+01   4.8930414387e-01
3.9804496579e+01   4.8432472016e-01
3.9882697947e+01   4.7690148372e-01
3.9960899316e+01   4.6718288283e-01
4.0039100684e+01   4.5530657453e-01
4.0117302053e+01   4.4140234468e-01
4.0195503421e+01   4.2569467858e-01
4.0273704790e+01   4.0809934346e-01
4.0351906158e+01   3.8883550396e-01
4.0430107527e+01   3.6801782940e-01
4.0508308895e+01   3.5439862905e-01
4.0586510264e+01   3.6952065469e-01
4.0664711632e+01   3.8282045290e-01
4.0742913001e+01   3.9441956900e-01
4.0821114370e+01   4.0442424309e-01
4.0899315738e+01   4.1292612318e-01
4.0977517107e+01   4.2000300734e-01
4.1055718475e+01   4.2571956276e-01
4.1133919844e+01   4.3012798578e-01
4.1212121212e+01   4.3326857860e-01
4.1290322581e+01   4.3517022642e-01
4.1368523949e+01   4.3585076314e-01
4.1446725318e+01   4.3531721710e-01
4.1524926686e+01   4.3356592929e-01
4.1603128055e+01   4.3058253800e-01
4.1681329423e+01   4.2634182518e-01
4.1759530792e+01   4.2080742398e-01
4.1837732160e+01   4.1393139410e-01
4.1915933529e+01   4.0565368389e-01
4.1994134897e+01   3.9590151750e-01
4.2072336266e+01   3.8458877205e-01
4.2150537634e+01   3.7161544468e-01
4.2228739003e+01   3.5686735214e-01
4.2306940371e+01   3.4021625290e-01
4.2385141740e+01   3.3586648965e-01
4.2463343109e+01   3.5869826615e-01
4.2541544477e+01   3.7995595488e-01
4.2619745846e+01   3.9948447891e-01
4.2697947214e+01   4.1750479813e-01
4.2776148583e+01   4.3344212729e-01
4.2854349951e+01   4.4706205059e-01
4.2932551320e+01   4.5810178546e-01
4.3010752688e+01   4.6627826702e-01
4.3088954057e+01   4.7129094211e-01
4.3167155425e+01   4.7282681272e-01
4.3245356794e+01   4.7056831048e-01
4.3323558162e+01   4.6420455410e-01
4.3401759531e+01   4.5344640187e-01
4.3479960899e+01   4.3804541282e-01
4.3558162268e+01   4.1781633141e-01
4.3636363636e+01   3.9266199511e-01
4.3714565005e+01   3.8632871351e-01
4.3792766373e+01   4.4140013133e-01
4.3870967742e+01   4.9307927725e-01
4.3949169110e+01   5.3987102101e-01
4.4027370479e+01   5.8029420306e-01
4.4105571848e+01   6.1267465659e-01
4.4183773216e+01   6.3624566048e-01
4.4261974585e+01   6.5006198026e-01
4.4340175953e+01   6.5368390213e-01
4.4418377322e+01   6.4709899599e-01
4.4496578690e+01   6.3071644127e-01
4.4574780059e+01   6.0532171332e-01
4.4652981427e+01   5.7199997059e-01
4.4731182796e+01   5.3204064656e-01
4.4809384164e+01   4.8683694709e-01
4.4887585533e+01   4.3779246177e-01
4.4965786901e+01   3.8624382175e-01
4.5043988270e+01   3.5040037559e-01
4.5122189638e+01   3.7037659678e-01
4.5200391007e+01   3.8669787729e-01
4.5278592375e+01   3.9954551438e-01
4.5356793744e+01   4.0918176383e-01
4.5434995112e+01   4.1563515950e-01
4.5513196481e+01   4.1932977951e-01
4.5591397849e+01   4.2032391443e-01
4.5669599218e+01   4.1879304690e-01
4.5747800587e+01   4.1490317799e-01
4.5826001955e+01   4.0881085354e-01
4.5904203324e+01   4.0066375216e-01
4.5982404692e+01   3.9060157785e-01
4.6060606061e+01   3.7875707034e-01
4.6138807429e+01   3.6525700505e-01
4.6217008798e+01   3.5022310093e-01
4.6295210166e+01   3.3377279114e-01
4.6373411535e+01   3.1601983794e-01
4.6451612903e+01   2.9707479185e-01
4.6529814272e+01   3.1032456172e-01
4.6608015640e+01   3.2287507791e-01
4.6686217009e+01   3.3393075177e-01
4.6764418377e+01   3.4356660137e-01
4.6842619746e+01   3.5184800687e-01
4.6920821114e+01   3.5883091752e-01
4.6999022483e+01   3.6456212592e-01
4.7077223851e+01   3.6907956423e-01
4.7155425220e+01   3.7241257628e-01
4.7233626588e+01   3.7458211622e-01
4.7311827957e+01   3.7559355096e-01
4.7390029326e+01   3.7542025420e-01
4.7468230694e+01   3.7411998912e-01
4.7546432063e+01   3.7164850810e-01
4.7624633431e+01   3.6798382359e-01
4.7702834800e+01   3.6309563475e-01
4.7781036168e+01   3.5694528784e-01
4.7859237537e+01   3.4948574322e-01
4.7937438905e+01   3.4066157541e-01
4.8015640274e+01   3.3040904141e-01
4.8093841642e+01   3.1865626373e-01
4.8172043011e+01   3.0532358833e-01
4.8250244379e+01   2.9032419502e-01
4.8328445748e+01   2.7356505831e-01
4.8406647116e+01   2.8960680171e-01
4.8484848485e+01   3.0730358534e-01
4.8563049853e+01   3.2358406831e-01
4.8641251222e+01   3.3827666537e-01
4.8719452590e+01   3.5119372684e-01
4.8797653959e+01   3.6213135946e-01
4.8875855327e+01   3.7087007902e-01
4.8954056696e+01   3.7717659450e-01
4.9032258065e+01   3.8080706978e-01
4.9110459433e+01   3.8151224164e-01
4.9188660802e+01   3.7904477820e-01
4.9266862170e+01   3.7316935283e-01
4.9345063539e+01   3.6369026417e-01
4.9423264907e+01   3.5040753776e-01
4.9501466276e+01   3.3321766273e-01
4.9579667644e+01   3.1207824253e-01
4.9657869013e+01   3.1655574990e-01
4.9736070381e+01   3.5802119614e-01
4.9814271750e+01   3.9625009556e-01
4.9892473118e+01   4.3021324223e-01
4.9970674487e+01   4.5893144496e-01
5.0048875855e+01   4.8154033216e-01
5.0127077224e+01   4.9735263678e-01
5.0205278592e+01   5.0590980254e-01
5.0283479961e+01   5.0701519247e-01
5.0361681329e+01   5.0074257509e-01
5.0439882698e+01   4.8744670789e-01
5.0518084066e+01   4.6791269270e-01
5.0596285435e+01   4.4248486265e-01
5.0674486804e+01   4.1223718330e-01
5.0752688172e+01   3.7811243991e-01
5.0830889541e+01   3.4106077417e-01
5.0909090909e+01   3.0199316972e-01
5.0987292278e+01   2.9916074655e-01
5.1065493646e+01   3.1627637461e-01
5.1143695015e+01   3.3034381879e-01
5.1221896383e+01   3.4148037434e-01
5.1300097752e+01   3.4982130660e-01
5.1378299120e+01   3.5551216996e-01
5.1456500489e+01   3.5870303465e-01
5.1534701857e+01   3.5954435590e-01
5.1612903226e+01   3.5818416950e-01
5.1691104594e+01   3.5476629577e-01
5.1769305963e+01   3.4942926983e-01
5.1847507331e+01   3.4230578625e-01
5.1925708700e+01   3.3352254294e-01
5.2003910068e+01   3.2320047297e-01
5.2082111437e+01   3.1145543050e-01
5.2160312805e+01   2.9839940575e-01
5.2238514174e+01   2.8424358344e-01
5.2316715543e+01   2.6891035397e-01
5.2394916911e+01   2.5293296803e-01
5.2473118280e+01   2.6570269970e-01
5.2551319648e+01   2.7712210635e-01
5.2629521017e+01   2.8724628738e-01
5.2707722385e+01   2.9612429419e-01
5.2785923754e+01   3.0379887162e-01
5.2864125122e+01   3.1030631114e-01
5.2942326491e+01   3.1567637935e-01
5.3020527859e+01   3.1993229431e-01
5.3098729228e+01   3.2309072889e-01
5.3176930596e+01   3.2516182626e-01
5.3255131965e+01   3.2614921687e-01
5.3333333333e+01   3.2605003037e-01
5.3411534702e+01   3.2485489866e-01
5.3489736070e+01   3.2254794981e-01
5.3567937439e+01   3.1910679576e-01
5.3646138807e+01   3.1450252145e-01
5.3724340176e+01   3.0869968915e-01
5.3802541544e+01   3.0165638078e-01
5.3880742913e+01   2.9332431256e-01
5.3958944282e+01   2.8364907218e-01
5.4037145650e+01   2.7257054684e-01
5.4115347019e+01   2.6002363185e-01
5.4193548387e+01   2.4593933069e-01
5.4271749756e+01   2.3024637593e-01
5.4349951124e+01   2.4371397148e-01
5.4428152493e+01   2.5819302548e-01
5.4506353861e+01   2.7136859968e-01
5.4584555230e+01   2.8308465137e-01
5.4662756598e+01   2.9317454665e-01
5.4740957967e+01   3.0146241846e-01
5.4819159335e+01   3.0776527816e-01
5.4897360704e+01   3.1191204254e-01
5.4975562072e+01   3.1398507563e-01
5.5053763441e+01   3.1331761173e-01
5.5131964809e+01   3.0993490922e-01
5.5210166178e+01   3.0362967267e-01
5.5288367546e+01   2.9425692704e-01
5.5366568915e+01   2.8171210464e-01
5.5444770283e+01   2.6594384252e-01
5.5522971652e+01   2.4696649992e-01
5.5601173021e+01   2.7255455534e-01
5.5679374389e+01   3.0368656348e-01
5.5757575758e+01   3.3169489292e-01
5.5835777126e+01   3.5587619114e-01
5.5913978495e+01   3.7559884839e-01
5.5992179863e+01   3.9034298001e-01
5.6070381232e+01   3.9973496522e-01
5.6148582600e+01   4.0357223597e-01
5.6226783969e+01   4.0183473664e-01
5.6304985337e+01   3.9468017039e-01
5.6383186706e+01   3.8241997880e-01
5.6461388074e+01   3.6555131260e-01
5.6539589443e+01   3.4425923794e-01
5.6617790811e+01   3.1992651202e-01
5.6695992180e+01   2.9283536656e-01
5.6774193548e+01   2.6364220120e-01
5.6852394917e+01   2.4320966211e-01
5.6930596285e+01   2.5962775532e-01
5.7008797654e+01   2.7346530081e-01
5.7086999022e+01   2.8478208767e-01
5.7165200391e+01   2.9366164339e-01
5.7243401760e+01   3.0020425177e-01
5.7321603128e+01   3.0452122204e-01
5.7399804497e+01   3.0673035840e-01
5.7478005865e+01   3.0695250139e-01
5.7556207234e+01   3.0530897331e-01
5.7634408602e+01   3.0191975037e-01
5.7712609971e+01   2.9690219864e-01
5.7790811339e+01   2.9037024250e-01
5.7869012708e+01   2.8243387843e-01
5.7947214076e+01   2.7319899399e-01
5.8025415445e+01   2.6276748675e-01
5.8103616813e+01   2.5123768526e-01
5.8181818182e+01   2.3870504262e-01
5.8260019550e+01   2.2526300121e-01
5.8338220919e+01   2.1977363016e-01
5.8416422287e+01   2.3093691408e-01
5.8494623656e+01   2.4093045169e-01
5.8572825024e+01   2.4983594615e-01
5.8651026393e+01   2.5759033407e-01
5.8729227761e+01   2.6434658555e-01
5.8807429130e+01   2.7005735232e-01
5.8885630499e+01   2.7473811322e-01
5.8963831867e+01   2.7839965727e-01
5.9042033236e+01   2.8104798646e-01
5.9120234604e+01   2.8268425060e-01
5.9198435973e+01   2.8330470846e-01
5.9276637341e+01   2.8290071327e-01
5.9354838710e+01   2.8145872393e-01
5.9433040078e+01   2.7896034705e-01
5.9511241447e+01   2.7538241882e-01
5.9589442815e+01   2.7069713952e-01
5.9667644184e+01   2.6487227882e-01
5.9745845552e+01   2.5787147529e-01
5.9824046921e+01   2.4965466026e-01
5.9902248289e+01   2.4017864438e-01
5.9980449658e+01   2.2939791383e-01
6.0058651026e+01   2.1726569350e-01
6.0136852395e+01   2.0373534445e-01
6.0215053763e+01   1.9977977982e-01
6.0293255132e+01   2.1261506143e-01
6.0371456500e+01   2.2436880981e-01
6.0449657869e+01   2.3490896976e-01
6.0527859238e+01   2.4409391439e-01
6.0606060606e+01   2.5177326221e-01
6.0684261975e+01   2.5778938001e-01
6.0762463343e+01   2.6197971284e-01
6.0840664712e+01   2.6418007711e-01
6.0918866080e+01   2.6422903625e-01
6.0997067449e+01   2.6197344604e-01
6.1075268817e+01   2.5727520588e-01
6.1153470186e+01   2.5001917848e-01
6.1231671554e+01   2.4012213941e-01
6.1309872923e+01   2.2754248519e-01
6.1388074291e+01   2.1229025936e-01
6.1466275660e+01   2.1831116307e-01
6.1544477028e+01   2.4381671043e-01
6.1622678397e+01   2.6681429334e-01
6.1700879765e+01   2.8676327696e-01
6.1779081134e+01   3.0316704836e-01
6.1857282502e+01   3.1560455078e-01
6.1935483871e+01   3.2376429625e-01
6.2013685239e+01   3.2747935278e-01
6.2091886608e+01   3.2676126431e-01
6.2170087977e+01   3.2183018956e-01
6.2248289345e+01   3.1313770923e-01
6.2326490714e+01   3.0137773928e-01
6.2404692082e+01   2.8747982734e-01
6.2482893451e+01   2.7257788510e-01
6.2561094819e+01   2.5794628432e-01
6.2639296188e+01   2.4489448415e-01
6.2717497556e+01   2.3822161165e-01
6.2795698925e+01   2.8287485283e-01
6.2873900293e+01   3.3665343114e-01
6.2952101662e+01   4.0014473936e-01
6.3030303030e+01   4.7208914887e-01
6.3108504399e+01   5.4835629248e-01
6.3186705767e+01   6.2078646466e-01
6.3264907136e+01   6.7600926678e-01
6.3343108504e+01   6.9441530445e-01
6.3421309873e+01   6.4952396001e-01
6.3499511241e+01   5.0805155815e-01
6.3577712610e+01   3.4649742612e-01
6.3655913978e+01   6.6593147623e-01
6.3734115347e+01   7.7132687277e-01
6.3812316716e+01   7.6429925456e-01
6.3890518084e+01   7.5519734894e-01
6.3968719453e+01   7.8436705827e-01
6.4046920821e+01   9.0174136024e-01
6.4125122190e+01   1.0216329952e+00
6.4203323558e+01   1.1431616578e+00
6.4281524927e+01   1.2651718290e+00
6.4359726295e+01   1.3862738767e+00
6.4437927664e+01   1.5048107093e+00
6.4516129032e+01   1.6188228818e+00
6.4594330401e+01   1.7260153179e+00
6.4672531769e+01   1.8237312842e+00
6.4750733138e+01   1.9089427613e+00
6.4828934506e+01   1.9782697671e+00
6.4907135875e+01   2.0280622935e+00
6.4985337243e+01   2.0545111152e+00
6.5063538612e+01   2.0539088315e+00
6.5141739980e+01   2.0229890733e+00
6.5219941349e+01   1.9593793442e+00
6.5298142717e+01   1.8621178812e+00
6.5376344086e+01   1.7333473657e+00
6.5454545455e+01   1.5728736485e+00
6.5532746823e+01   1.3890645758e+00
6.5610948192e+01   1.5356804559e+00
6.5689149560e+01   1.7447799859e+00
6.5767350929e+01   1.9238441778e+00
6.5845552297e+01   2.0649500860e+00
6.5923753666e+01   2.1619332040e+00
6.6001955034e+01   2.2130814236e+00
6.6080156403e+01   2.2177090925e+00
6.6158357771e+01   2.1815310891e+00
6.6236559140e+01   2.1085512506e+00
6.6314760508e+01   2.0050253137e+00
6.6392961877e+01   1.8775574344e+00
6.6471163245e+01   1.7325708016e+00
6.6549364614e+01   1.5759552066e+00
6.6627565982e+01   1.4128676554e+00
6.6705767351e+01   1.2476501729e+00
6.6783968719e+01   1.0838700471e+00
6.6862170088e+01   9.2421524156e-01
6.6940371457e+01   7.7078872127e-01
6.7018572825e+01   6.6814551502e-01
6.7096774194e+01   6.8088906261e-01
6.7174975562e+01   6.9045361748e-01
6.7253176931e+01   6.9720065600e-01
6.7331378299e+01   7.0140986118e-01
6.7409579668e+01   7.0329261919e-01
6.7487781036e+01   7.0300297139e-01
6.7565982405e+01   7.0066224799e-01
6.7644183773e+01   6.9630188197e-01
6.7722385142e+01   6.8996703799e-01
6.7800586510e+01   6.8165461371e-01
6.7878787879e+01   6.7133399979e-01
6.7956989247e+01   6.5895020947e-01
6.8035190616e+01   6.4442658966e-01
6.8113391984e+01   6.2766727286e-01
6.8191593353e+01   6.0855950430e-01
6.8269794721e+01   5.8697595672e-01
6.8347996090e+01   6.1090220070e-01
6.8426197458e+01   6.3385109682e-01
6.8504398827e+01   6.5392432137e-01
6.8582600196e+01   6.7138878798e-01
6.8660801564e+01   6.8647816023e-01
6.8739002933e+01   6.9939455861e-01
6.8817204301e+01   7.1031020599e-01
6.8895405670e+01   7.1936890076e-01
6.8973607038e+01   7.2668722270e-01
6.9051808407e+01   7.3235538727e-01
6.9130009775e+01   7.3643767143e-01
6.9208211144e+01   7.3897233768e-01
6.9286412512e+01   7.3997098668e-01
6.9364613881e+01   7.3941727193e-01
6.9442815249e+01   7.3726491668e-01
6.9521016618e+01   7.3350928832e-01
6.9599217986e+01   7.2817379782e-01
6.9677419355e+01   7.2095160442e-01
6.9755620723e+01   7.1171747323e-01
6.9833822092e+01   7.0026000669e-01
6.9912023460e+01   6.8631644868e-01
6.9990224829e+01   7.4519018436e-01
7.0068426197e+01   8.4113078793e-01
7.0146627566e+01   9.3708786551e-01
7.0224828935e+01   1.0320610137e+00
7.0303030303e+01   1.1248841511e+00
7.0381231672e+01   1.2142085697e+00
7.0459433040e+01   1.2984878876e+00
7.0537634409e+01   1.3762236551e+00
7.0615835777e+01   1.4450516859e+00
7.0694037146e+01   1.5029724933e+00
7.0772238514e+01   1.5476668803e+00
7.0850439883e+01   1.5767252763e+00
7.0928641251e+01   1.5877595177e+00
7.1006842620e+01   1.5785648620e+00
7.1085043988e+01   1.5473335350e+00
7.1163245357e+01   1.4929091153e+00
7.1241446725e+01   1.4157884678e+00
7.1319648094e+01   1.3146831034e+00
7.1397849462e+01   1.1939658916e+00
7.1476050831e+01   1.1255603183e+00
7.1554252199e+01   1.3017436796e+00
7.1632453568e+01   1.4633473622e+00
7.1710654936e+01   1.6021890889e+00
7.1788856305e+01   1.7143297946e+00
7.1867057674e+01   1.7946702182e+00
7.1945259042e+01   1.8409420023e+00
7.2023460411e+01   1.8529548805e+00
7.2101661779e+01   1.8323580838e+00
7.2179863148e+01   1.7822428905e+00
7.2258064516e+01   1.7066715549e+00
7.2336265885e+01   1.6097678296e+00
7.2414467253e+01   1.4972475404e+00
7.2492668622e+01   1.3730442133e+00
7.2570869990e+01   1.2412878339e+00
7.2649071359e+01   1.1056076574e+00
7.2727272727e+01   9.6907896576e-01
7.2805474096e+01   8.3421872479e-01
7.2883675464e+01   7.0301411652e-01
7.2961876833e+01   6.4098566388e-01
7.3040078201e+01   6.5449108975e-01
7.3118279570e+01   6.6477374080e-01
7.3196480938e+01   6.7222049535e-01
7.3274682307e+01   6.7707029032e-01
7.3352883675e+01   6.7953036934e-01
7.3431085044e+01   6.7975735418e-01
7.3509286413e+01   6.7786451665e-01
7.3587487781e+01   6.7392791395e-01
7.3665689150e+01   6.6799156097e-01
7.3743890518e+01   6.6007181519e-01
7.3822091887e+01   6.5016113894e-01
7.3900293255e+01   6.3823138757e-01
7.3978494624e+01   6.2423675310e-01
7.4056695992e+01   6.0811647399e-01
7.4134897361e+01   5.8979740373e-01
7.4213098729e+01   5.6919651461e-01
7.4291300098e+01   5.5847176616e-01
7.4369501466e+01   5.8135551510e-01
7.4447702835e+01   6.0149049865e-01
7.4525904203e+01   6.1910828090e-01
7.4604105572e+01   6.3441274954e-01
7.4682306940e+01   6.4758330758e-01
7.4760508309e+01   6.5878583168e-01
7.4838709677e+01   6.6812172850e-01
7.4916911046e+01   6.7570951346e-01
7.4995112414e+01   6.8163183831e-01
7.5073313783e+01   6.8594937267e-01
7.5151515152e+01   6.8870105350e-01
7.5229716520e+01   6.8990400807e-01
7.5307917889e+01   6.8955310695e-01
7.5386119257e+01   6.8762010169e-01
7.5464320626e+01   6.8405229925e-01
7.5542521994e+01   6.7877072116e-01
7.5620723363e+01   6.7166769256e-01
7.5698924731e+01   6.6260380511e-01
7.5777126100e+01   6.5140420270e-01
7.5855327468e+01   6.3785415187e-01
7.5933528837e+01   6.2169388885e-01
7.6011730205e+01   6.5310580430e-01
7.6089931574e+01   7.2984653001e-01
7.6168132942e+01   8.0548776419e-01
7.6246334311e+01   8.7918091823e-01
7.6324535679e+01   9.5000784942e-01
7.6402737048e+01   1.0168581686e+00
7.6480938416e+01   1.0785213201e+00
7.6559139785e+01   1.1336585606e+00
7.6637341153e+01   1.1808121250e+00
7.6715542522e+01   1.2184269266e+00
7.6793743891e+01   1.2448894382e+00
7.6871945259e+01   1.2585885477e+00
7.6950146628e+01   1.2580022878e+00
7.7028347996e+01   1.2418117664e+00
7.7106549365e+01   1.2090387682e+00
7.7184750733e+01   1.1591961677e+00
7.7262952102e+01   1.0932761246e+00
7.7341153470e+01   1.0104503335e+00
7.7419354839e+01   9.1327255077e-01
7.7497556207e+01   9.9857127444e-01
7.7575757576e+01   1.1340587177e+00
7.7653958944e+01   1.2562039705e+00
7.7732160313e+01   1.3601986919e+00
7.7810361681e+01   1.4428528219e+00
7.7888563050e+01   1.4992399618e+00
7.7966764418e+01   1.5296889465e+00
7.8044965787e+01   1.5336841579e+00
7.8123167155e+01   1.5124749459e+00
7.8201368524e+01   1.4683388193e+00
7.8279569892e+01   1.4042758444e+00
7.8357771261e+01   1.3236983827e+00
7.8435972630e+01   1.2301542070e+00
7.8514173998e+01   1.1271042611e+00
7.8592375367e+01   1.0177618516e+00
7.8670576735e+01   9.0499000259e-01
7.8748778104e+01   7.9124811931e-01
7.8826979472e+01   6.7857686392e-01
7.8905180841e+01   5.8914529679e-01
7.8983382209e+01   6.0527180379e-01
7.9061583578e+01   6.1792066216e-01
7.9139784946e+01   6.2743996524e-01
7.9217986315e+01   6.3411609955e-01
7.9296187683e+01   6.3818080751e-01
7.9374389052e+01   6.3981796393e-01
7.9452590420e+01   6.3916982642e-01
7.9530791789e+01   6.3634266823e-01
7.9608993157e+01   6.3141179172e-01
7.9687194526e+01   6.2442597090e-01
7.9765395894e+01   6.1541139552e-01
7.9843597263e+01   6.0437519652e-01
7.9921798631e+01   5.9130862997e-01
8.0000000000e+01   5.7630563311e-01
8.0000000000e+01   5.7630563311e-01
