X    Y
0.0000000000e+00   8.0000000000e-01
1.0000000000e-04   8.0000000000e-01
1.1000000000e-03   8.0000000000e-01
1.1100000000e-02   8.0000000000e-01
8.9301368524e-02   8.0000000000e-01
1.6750273705e-01   8.0000000000e-01
2.4570410557e-01   8.0000000000e-01
3.2390547410e-01   8.0000000000e-01
4.0210684262e-01   8.0000000000e-01
4.8030821114e-01   8.0000000000e-01
5.5850957967e-01   8.0000000000e-01
6.3671094819e-01   8.0000000000e-01
7.1491231672e-01   8.0000000000e-01
7.9311368524e-01   8.0000000000e-01
8.7131505376e-01   8.0000000000e-01
9.4951642229e-01   8.0000000000e-01
1.0277177908e+00   8.0000000000e-01
1.1059191593e+00   8.0000000000e-01
1.1841205279e+00   8.0000000000e-01
1.2623218964e+00   8.0000000000e-01
1.3405232649e+00   8.0000000000e-01
1.4187246334e+00   8.0000000000e-01
1.4969260020e+00   8.0000000000e-01
1.5751273705e+00   8.0000000000e-01
1.6533287390e+00   8.0000000000e-01
1.7315301075e+00   8.0000000000e-01
1.8097314761e+00   8.0000000000e-01
1.8879328446e+00   8.0000000000e-01
1.9661342131e+00   8.0000000000e-01
2.0443355816e+00   8.0000000000e-01
2.1225369501e+00   8.0000000000e-01
2.2007383187e+00   8.0000000000e-01
2.2789396872e+00   8.0000000000e-01
2.2790396872e+00   8.0000000000e-01
2.2800396872e+00   8.0000000000e-01
2.2900396872e+00   8.0000000000e-01
2.3682410557e+00   8.0000000000e-01
2.4464424242e+00   8.0000000000e-01
2.5246437928e+00   8.0000000000e-01
2.6028451613e+00   8.0000000000e-01
2.6810465298e+00   8.0000000000e-01
2.7592478983e+00   8.0000000000e-01
2.8374492669e+00   8.0000000000e-01
2.9156506354e+00   8.0000000000e-01
2.9938520039e+00   8.0000000000e-01
3.0720533724e+00   8.0000000000e-01
3.1502547410e+00   8.0000000000e-01
3.2284561095e+00   8.0000000000e-01
3.3066574780e+00   8.0000000000e-01
3.3848588465e+00   8.0000000000e-01
3.4630602151e+00   8.0000000000e-01
3.5412615836e+00   8.0000000000e-01
3.6194629521e+00   8.0000000000e-01
3.6976643206e+00   8.0000000000e-01
3.7758656891e+00   8.0000000000e-01
3.8540670577e+00   8.0000000000e-01
3.8541670577e+00   8.0000000000e-01
3.8551670577e+00   8.0000000000e-01
3.8651670577e+00   8.0000000000e-01
3.9433684262e+00   8.0000000000e-01
4.0215697947e+00   8.0000000000e-01
4.0997711632e+00   8.0000000000e-01
4.1779725318e+00   8.0000000000e-01
4.2561739003e+00   8.0000000000e-01
4.3343752688e+00   8.0000000000e-01
4.4125766373e+00   8.0000000000e-01
4.4907780059e+00   8.0000000000e-01
4.5689793744e+00   8.0000000000e-01
4.6471807429e+00   8.0000000000e-01
4.7253821114e+00   8.0000000000e-01
4.8035834800e+00   8.0000000000e-01
4.8817848485e+00   8.0000000000e-01
4.9599862170e+00   8.0000000000e-01
5.0381875855e+00   8.0000000000e-01
5.1163889541e+00   8.0000000000e-01
5.1945903226e+00   8.0000000000e-01
5.1946903226e+00   8.0000000000e-01
5.1956903226e+00   8.0000000000e-01
5.2056903226e+00   8.0000000000e-01
5.2838916911e+00   8.0000000000e-01
5.3620930596e+00   8.0000000000e-01
5.4402944282e+00   8.0000000000e-01
5.5184957967e+00   8.0000000000e-01
5.5966971652e+00   8.0000000000e-01
5.6748985337e+00   8.0000000000e-01
5.7530999022e+00   8.0000000000e-01
5.8313012708e+00   8.0000000000e-01
5.9095026393e+00   8.0000000000e-01
5.9877040078e+00   8.0000000000e-01
6.0659053763e+00   8.0000000000e-01
6.1441067449e+00   8.0000000000e-01
6.2223081134e+00   8.0000000000e-01
6.3005094819e+00   8.0000000000e-01
6.3787108504e+00   8.0000000000e-01
6.4569122190e+00   8.0000000000e-01
6.5351135875e+00   8.0000000000e-01
6.5352135875e+00   8.0000000000e-01
6.5362135875e+00   8.0000000000e-01
6.5462135875e+00   8.0000000000e-01
6.6244149560e+00   8.0000000000e-01
6.7026163245e+00   8.0000000000e-01
6.7808176931e+00   8.0000000000e-01
6.8590190616e+00   8.0000000000e-01
6.9372204301e+00   8.0000000000e-01
7.0154217986e+00   8.0000000000e-01
7.0936231672e+00   8.0000000000e-01
7.1718245357e+00   8.0000000000e-01
7.2500259042e+00   8.0000000000e-01
7.3282272727e+00   8.0000000000e-01
7.4064286413e+00   8.0000000000e-01
7.4846300098e+00   8.0000000000e-01
7.5628313783e+00   8.0000000000e-01
7.6410327468e+00   8.0000000000e-01
7.7192341153e+00   8.0000000000e-01
7.7974354839e+00   8.0000000000e-01
7.8756368524e+00   8.0000000000e-01
7.9538382209e+00   8.0000000000e-01
8.0320395894e+00   8.0000000000e-01
8.1102409580e+00   8.0000000000e-01
8.1884423265e+00   8.0000000000e-01
8.2666436950e+00   8.0000000000e-01
8.3448450635e+00   8.0000000000e-01
8.4230464321e+00   8.0000000000e-01
8.5012478006e+00   8.0000000000e-01
8.5794491691e+00   8.0000000000e-01
8.6576505376e+00   8.0000000000e-01
8.6577505376e+00   8.0000000000e-01
8.6587505376e+00   8.0000000000e-01
8.6687505376e+00   8.0000000000e-01
8.7469519062e+00   8.0000000000e-01
8.8251532747e+00   8.0000000000e-01
8.9033546432e+00   8.0000000000e-01
8.9815560117e+00   8.0000000000e-01
9.0597573803e+00   8.0000000000e-01
9.1379587488e+00   8.0000000000e-01
9.2161601173e+00   8.0000000000e-01
9.2943614858e+00   8.0000000000e-01
9.3725628543e+00   8.0000000000e-01
9.4507642229e+00   8.0000000000e-01
9.5289655914e+00   8.0000000000e-01
9.6071669599e+00   8.0000000000e-01
9.6853683284e+00   8.0000000000e-01
9.7635696970e+00   8.0000000000e-01
9.8417710655e+00   8.0000000000e-01
9.9199724340e+00   8.0000000000e-01
9.9981738025e+00   8.0000000000e-01
1.0076375171e+01   8.0000000000e-01
1.0154576540e+01   8.0000000000e-01
1.0232777908e+01   8.0000000000e-01
1.0310979277e+01   8.0000000000e-01
1.0389180645e+01   8.0000000000e-01
1.0389280645e+01   8.0000000000e-01
1.0390280645e+01   8.0000000000e-01
1.0400280645e+01   8.0000000000e-01
1.0478482014e+01   8.0000000000e-01
1.0556683382e+01   8.0000000000e-01
1.0634884751e+01   8.0000000000e-01
1.0713086119e+01   8.0000000000e-01
1.0791287488e+01   8.0000000000e-01
1.0869488856e+01   8.0000000000e-01
1.0947690225e+01   8.0000000000e-01
1.1025891593e+01   8.0000000000e-01
1.1104092962e+01   8.0000000000e-01
1.1182294330e+01   8.0000000000e-01
1.1260495699e+01   8.0000000000e-01
1.1338697067e+01   8.0000000000e-01
1.1416898436e+01   8.0000000000e-01
1.1495099804e+01   8.0000000000e-01
1.1573301173e+01   8.0000000000e-01
1.1651502542e+01   8.0000000000e-01
1.1729703910e+01   8.0000000000e-01
1.1807905279e+01   8.0000000000e-01
1.1808005279e+01   8.0000000000e-01
1.1809005279e+01   8.0000000000e-01
1.1819005279e+01   8.0000000000e-01
1.1897206647e+01   8.0000000000e-01
1.1975408016e+01   8.0000000000e-01
1.2053609384e+01   8.0000000000e-01
1.2131810753e+01   8.0000000000e-01
1.2210012121e+01   8.0000000000e-01
1.2288213490e+01   8.0000000000e-01
1.2366414858e+01   8.0000000000e-01
1.2444616227e+01   8.0000000000e-01
1.2522817595e+01   8.0000000000e-01
1.2601018964e+01   8.0000000000e-01
1.2679220332e+01   8.0000000000e-01
1.2757421701e+01   8.0000000000e-01
1.2835623069e+01   8.0000000000e-01
1.2913824438e+01   8.0000000000e-01
1.2992025806e+01   8.0000000000e-01
1.3070227175e+01   8.0000000000e-01
1.3148428543e+01   8.0000000000e-01
1.3226629912e+01   8.0000000000e-01
1.3304831281e+01   8.0000000000e-01
1.3383032649e+01   8.0000000000e-01
1.3461234018e+01   8.0000000000e-01
1.3539435386e+01   8.0000000000e-01
1.3617636755e+01   8.0000000000e-01
1.3695838123e+01   8.0000000000e-01
1.3774039492e+01   8.0000000000e-01
1.3852240860e+01   8.0000000000e-01
1.3930442229e+01   8.0000000000e-01
1.3930542229e+01   8.0000000000e-01
1.3931542229e+01   8.0000000000e-01
1.3941542229e+01   8.0000000000e-01
1.4019743597e+01   8.0000000000e-01
1.4097944966e+01   8.0000000000e-01
1.4176146334e+01   8.0000000000e-01
1.4254347703e+01   8.0000000000e-01
1.4332549071e+01   8.0000000000e-01
1.4410750440e+01   8.0000000000e-01
1.4488951808e+01   8.0000000000e-01
1.4567153177e+01   8.0000000000e-01
1.4645354545e+01   8.0000000000e-01
1.4723555914e+01   8.0000000000e-01
1.4801757283e+01   8.0000000000e-01
1.4879958651e+01   8.0000000000e-01
1.4958160020e+01   8.0000000000e-01
1.5036361388e+01   8.0000000000e-01
1.5114562757e+01   8.0000000000e-01
1.5192764125e+01   8.0000000000e-01
1.5270965494e+01   8.0000000000e-01
1.5349166862e+01   8.0000000000e-01
1.5427368231e+01   8.0000000000e-01
1.5427468231e+01   8.0000000000e-01
1.5428468231e+01   8.0000000000e-01
1.5438468231e+01   8.0000000000e-01
1.5516669599e+01   8.0000000000e-01
1.5594870968e+01   8.0000000000e-01
1.5673072336e+01   8.0000000000e-01
1.5751273705e+01   8.0000000000e-01
1.5829475073e+01   8.0000000000e-01
1.5907676442e+01   8.0000000000e-01
1.5985877810e+01   8.0000000000e-01
1.6064079179e+01   8.0000000000e-01
1.6142280547e+01   8.0000000000e-01
1.6220481916e+01   8.0000000000e-01
1.6298683284e+01   8.0000000000e-01
1.6376884653e+01   8.0000000000e-01
1.6455086022e+01   8.0000000000e-01
1.6533287390e+01   8.0000000000e-01
1.6611488759e+01   8.0000000000e-01
1.6689690127e+01   8.0000000000e-01
1.6767891496e+01   8.0000000000e-01
1.6846092864e+01   8.0000000000e-01
1.6846192864e+01   8.0000000000e-01
1.6847192864e+01   8.0000000000e-01
1.6857192864e+01   8.0000000000e-01
1.6935394233e+01   8.0000000000e-01
1.7013595601e+01   8.0000000000e-01
1.7091796970e+01   8.0000000000e-01
1.7169998338e+01   8.0000000000e-01
1.7248199707e+01   8.0000000000e-01
1.7326401075e+01   8.0000000000e-01
1.7404602444e+01   8.0000000000e-01
1.7465779464e+01   8.0000000000e-01
1.7525284981e+01   8.0000000000e-01
1.7581431934e+01   8.0000000000e-01
1.7659633303e+01   8.0000000000e-01
1.7737834671e+01   8.0000000000e-01
1.7816036040e+01   8.0000000000e-01
1.7894237408e+01   8.0000000000e-01
1.7972438777e+01   8.0000000000e-01
1.8050640145e+01   8.0000000000e-01
1.8050740145e+01   8.0000000000e-01
1.8051740145e+01   8.0000000000e-01
1.8061740145e+01   8.0000000000e-01
1.8139941514e+01   8.0000000000e-01
1.8218142882e+01   8.0000000000e-01
1.8296344251e+01   8.0000000000e-01
1.8374545619e+01   8.0000000000e-01
1.8452746988e+01   8.0000000000e-01
1.8530948356e+01   8.0000000000e-01
1.8609149725e+01   8.0000000000e-01
1.8687351093e+01   8.0000000000e-01
1.8765552462e+01   8.0000000000e-01
1.8843753830e+01   8.0000000000e-01
1.8921955199e+01   8.0000000000e-01
1.9000156568e+01   8.0000000000e-01
1.9078357936e+01   8.0000000000e-01
1.9156559305e+01   8.0000000000e-01
1.9234760673e+01   8.0000000000e-01
1.9312962042e+01   8.0000000000e-01
1.9391163410e+01   8.0000000000e-01
1.9469364779e+01   8.0000000000e-01
1.9547566147e+01   8.0000000000e-01
1.9625767516e+01   8.0000000000e-01
1.9703968884e+01   8.0000000000e-01
1.9782170253e+01   8.0000000000e-01
1.9860371621e+01   8.0000000000e-01
1.9938572990e+01   8.0000000000e-01
2.0016774358e+01   8.0000000000e-01
2.0094975727e+01   8.0000000000e-01
2.0173177095e+01   8.0000000000e-01
2.0251378464e+01   8.0000000000e-01
2.0329579832e+01   8.0000000000e-01
2.0407781201e+01   8.0000000000e-01
2.0485982569e+01   8.0000000000e-01
2.0564183938e+01   8.0000000000e-01
2.0642385307e+01   8.0000000000e-01
2.0720586675e+01   8.0000000000e-01
2.0798788044e+01   8.0000000000e-01
2.0876989412e+01   8.0000000000e-01
2.0955190781e+01   8.0000000000e-01
2.0955290781e+01   8.0000000000e-01
2.0956290781e+01   8.0000000000e-01
2.0966290781e+01   8.0000000000e-01
2.1044492149e+01   8.0000000000e-01
2.1122693518e+01   8.0000000000e-01
2.1200894886e+01   8.0000000000e-01
2.1279096255e+01   8.0000000000e-01
2.1357297623e+01   8.0000000000e-01
2.1435498992e+01   8.0000000000e-01
2.1513700360e+01   8.0000000000e-01
2.1591901729e+01   8.0000000000e-01
2.1670103097e+01   8.0000000000e-01
2.1748304466e+01   8.0000000000e-01
2.1826505834e+01   8.0000000000e-01
2.1904707203e+01   8.0000000000e-01
2.1982908571e+01   8.0000000000e-01
2.2061109940e+01   8.0000000000e-01
2.2139311308e+01   8.0000000000e-01
2.2217512677e+01   8.0000000000e-01
2.2295714046e+01   8.0000000000e-01
2.2373915414e+01   8.0000000000e-01
2.2452116783e+01   8.0000000000e-01
2.2530318151e+01   8.0000000000e-01
2.2608519520e+01   8.0000000000e-01
2.2686720888e+01   8.0000000000e-01
2.2764922257e+01   8.0000000000e-01
2.2843123625e+01   8.0000000000e-01
2.2921324994e+01   8.0000000000e-01
2.2999526362e+01   8.0000000000e-01
2.2999626362e+01   8.0000000000e-01
2.3000626362e+01   8.0000000000e-01
2.3010626362e+01   8.0000000000e-01
2.3088827731e+01   8.0000000000e-01
2.3167029099e+01   8.0000000000e-01
2.3245230468e+01   8.0000000000e-01
2.3323431836e+01   8.0000000000e-01
2.3401633205e+01   8.0000000000e-01
2.3479834573e+01   8.0000000000e-01
2.3558035942e+01   8.0000000000e-01
2.3636237310e+01   8.0000000000e-01
2.3714438679e+01   8.0000000000e-01
2.3792640047e+01   8.0000000000e-01
2.3870841416e+01   8.0000000000e-01
2.3949042785e+01   8.0000000000e-01
2.4027244153e+01   8.0000000000e-01
2.4105445522e+01   8.0000000000e-01
2.4183646890e+01   8.0000000000e-01
2.4261848259e+01   8.0000000000e-01
2.4340049627e+01   8.0000000000e-01
2.4418250996e+01   8.0000000000e-01
2.4496452364e+01   8.0000000000e-01
2.4496552364e+01   8.0000000000e-01
2.4497552364e+01   8.0000000000e-01
2.4507552364e+01   8.0000000000e-01
2.4585753733e+01   8.0000000000e-01
2.4663955101e+01   8.0000000000e-01
2.4742156470e+01   8.0000000000e-01
2.4820357838e+01   8.0000000000e-01
2.4898559207e+01   8.0000000000e-01
2.4976760575e+01   8.0000000000e-01
2.5054961944e+01   8.0000000000e-01
2.5133163312e+01   8.0000000000e-01
2.5211364681e+01   8.0000000000e-01
2.5289566049e+01   8.0000000000e-01
2.5367767418e+01   8.0000000000e-01
2.5445968786e+01   8.0000000000e-01
2.5524170155e+01   8.0000000000e-01
2.5602371524e+01   8.0000000000e-01
2.5680572892e+01   8.0000000000e-01
2.5758774261e+01   8.0000000000e-01
2.5836975629e+01   8.0000000000e-01
2.5915176998e+01   8.0000000000e-01
2.5993378366e+01   8.0000000000e-01
2.6071579735e+01   8.0000000000e-01
2.6149781103e+01   8.0000000000e-01
2.6227982472e+01   8.0000000000e-01
2.6306183840e+01   8.0000000000e-01
2.6306283840e+01   8.0000000000e-01
2.6307283840e+01   8.0000000000e-01
2.6317283840e+01   8.0000000000e-01
2.6395485209e+01   8.0000000000e-01
2.6473686577e+01   8.0000000000e-01
2.6551887946e+01   8.0000000000e-01
2.6630089314e+01   8.0000000000e-01
2.6708290683e+01   8.0000000000e-01
2.6786492051e+01   8.0000000000e-01
2.6864693420e+01   8.0000000000e-01
2.6942894788e+01   8.0000000000e-01
2.7021096157e+01   8.0000000000e-01
2.7099297525e+01   8.0000000000e-01
2.7177498894e+01   8.0000000000e-01
2.7255700263e+01   8.0000000000e-01
2.7333901631e+01   8.0000000000e-01
2.7412103000e+01   8.0000000000e-01
2.7490304368e+01   8.0000000000e-01
2.7568505737e+01   8.0000000000e-01
2.7646707105e+01   8.0000000000e-01
2.7646807105e+01   8.0000000000e-01
2.7647807105e+01   8.0000000000e-01
2.7657807105e+01   8.0000000000e-01
2.7736008474e+01   8.0000000000e-01
2.7814209842e+01   8.0000000000e-01
2.7892411211e+01   8.0000000000e-01
2.7970612579e+01   8.0000000000e-01
2.8048813948e+01   8.0000000000e-01
2.8127015316e+01   8.0000000000e-01
2.8205216685e+01   8.0000000000e-01
2.8283418053e+01   8.0000000000e-01
2.8361619422e+01   8.0000000000e-01
2.8439820790e+01   8.0000000000e-01
2.8518022159e+01   8.0000000000e-01
2.8596223527e+01   8.0000000000e-01
2.8674424896e+01   8.0000000000e-01
2.8752626264e+01   8.0000000000e-01
2.8830827633e+01   8.0000000000e-01
2.8909029002e+01   8.0000000000e-01
2.8909129002e+01   8.0000000000e-01
2.8910129002e+01   8.0000000000e-01
2.8920129002e+01   8.0000000000e-01
2.8998330370e+01   8.0000000000e-01
2.9076531739e+01   8.0000000000e-01
2.9154733107e+01   8.0000000000e-01
2.9232934476e+01   8.0000000000e-01
2.9311135844e+01   8.0000000000e-01
2.9371947539e+01   8.0000000000e-01
2.9424937292e+01   8.0000000000e-01
2.9469987848e+01   8.0000000000e-01
2.9511684853e+01   8.0000000000e-01
2.9551150876e+01   8.0000000000e-01
2.9629352245e+01   8.0000000000e-01
2.9707553613e+01   8.0000000000e-01
2.9785754982e+01   8.0000000000e-01
2.9863956350e+01   8.0000000000e-01
2.9942157719e+01   8.0000000000e-01
2.9942257719e+01   8.0000000000e-01
2.9943257719e+01   8.0000000000e-01
2.9953257719e+01   8.0000000000e-01
3.0031459087e+01   8.0000000000e-01
3.0109660456e+01   8.0000000000e-01
3.0187861824e+01   8.0000000000e-01
3.0266063193e+01   8.0000000000e-01
3.0344264561e+01   8.0000000000e-01
3.0422465930e+01   8.0000000000e-01
3.0500667298e+01   8.0000000000e-01
3.0578868667e+01   8.0000000000e-01
3.0657070036e+01   8.0000000000e-01
3.0735271404e+01   8.0000000000e-01
3.0813472773e+01   8.0000000000e-01
3.0891674141e+01   8.0000000000e-01
3.0969875510e+01   8.0000000000e-01
3.1048076878e+01   8.0000000000e-01
3.1126278247e+01   8.0000000000e-01
3.1204479615e+01   8.0000000000e-01
3.1282680984e+01   8.0000000000e-01
3.1360882352e+01   8.0000000000e-01
3.1439083721e+01   8.0000000000e-01
3.1517285089e+01   8.0000000000e-01
3.1595486458e+01   8.0000000000e-01
3.1673687826e+01   8.0000000000e-01
3.1751889195e+01   8.0000000000e-01
3.1830090563e+01   8.0000000000e-01
3.1908291932e+01   8.0000000000e-01
3.1986493300e+01   8.0000000000e-01
3.2064694669e+01   8.0000000000e-01
3.2142896037e+01   8.0000000000e-01
3.2221097406e+01   8.0000000000e-01
3.2299298775e+01   8.0000000000e-01
3.2377500143e+01   8.0000000000e-01
3.2455701512e+01   8.0000000000e-01
3.2533902880e+01   8.0000000000e-01
3.2612104249e+01   8.0000000000e-01
3.2690305617e+01   8.0000000000e-01
3.2768506986e+01   8.0000000000e-01
3.2846708354e+01   8.0000000000e-01
3.2924909723e+01   8.0000000000e-01
3.3003111091e+01   8.0000000000e-01
3.3081312460e+01   8.0000000000e-01
3.3159513828e+01   8.0000000000e-01
3.3237715197e+01   8.0000000000e-01
3.3315916565e+01   8.0000000000e-01
3.3394117934e+01   8.0000000000e-01
3.3472319302e+01   8.0000000000e-01
3.3550520671e+01   8.0000000000e-01
3.3628722039e+01   8.0000000000e-01
3.3706923408e+01   8.0000000000e-01
3.3785124776e+01   8.0000000000e-01
3.3863326145e+01   8.0000000000e-01
3.3941527514e+01   8.0000000000e-01
3.4019728882e+01   8.0000000000e-01
3.4097930251e+01   8.0000000000e-01
3.4176131619e+01   8.0000000000e-01
3.4254332988e+01   8.0000000000e-01
3.4332534356e+01   8.0000000000e-01
3.4410735725e+01   8.0000000000e-01
3.4488937093e+01   8.0000000000e-01
3.4567138462e+01   8.0000000000e-01
3.4645339830e+01   8.0000000000e-01
3.4723541199e+01   8.0000000000e-01
3.4801742567e+01   8.0000000000e-01
3.4879943936e+01   8.0000000000e-01
3.4958145304e+01   8.0000000000e-01
3.5036346673e+01   8.0000000000e-01
3.5114548041e+01   8.0000000000e-01
3.5192749410e+01   8.0000000000e-01
3.5270950778e+01   8.0000000000e-01
3.5349152147e+01   8.0000000000e-01
3.5427353515e+01   8.0000000000e-01
3.5505554884e+01   8.0000000000e-01
3.5583756253e+01   8.0000000000e-01
3.5661957621e+01   8.0000000000e-01
3.5740158990e+01   8.0000000000e-01
3.5818360358e+01   8.0000000000e-01
3.5896561727e+01   8.0000000000e-01
3.5974763095e+01   8.0000000000e-01
3.6052964464e+01   8.0000000000e-01
3.6131165832e+01   8.0000000000e-01
3.6209367201e+01   8.0000000000e-01
3.6287568569e+01   8.0000000000e-01
3.6365769938e+01   8.0000000000e-01
3.6443971306e+01   8.0000000000e-01
3.6522172675e+01   8.0000000000e-01
3.6600374043e+01   8.0000000000e-01
3.6678575412e+01   8.0000000000e-01
3.6756776780e+01   8.0000000000e-01
3.6834978149e+01   8.0000000000e-01
3.6913179517e+01   8.0000000000e-01
3.6991380886e+01   8.0000000000e-01
3.7069582254e+01   8.0000000000e-01
3.7147783623e+01   8.0000000000e-01
3.7225984992e+01   8.0000000000e-01
3.7304186360e+01   8.0000000000e-01
3.7382387729e+01   8.0000000000e-01
3.7460589097e+01   8.0000000000e-01
3.7538790466e+01   8.0000000000e-01
3.7616991834e+01   8.0000000000e-01
3.7695193203e+01   8.0000000000e-01
3.7773394571e+01   8.0000000000e-01
3.7851595940e+01   8.0000000000e-01
3.7929797308e+01   8.0000000000e-01
3.8007998677e+01   8.0000000000e-01
3.8086200045e+01   8.0000000000e-01
3.8164401414e+01   8.0000000000e-01
3.8242602782e+01   8.0000000000e-01
3.8320804151e+01   8.0000000000e-01
3.8399005519e+01   8.0000000000e-01
3.8477206888e+01   8.0000000000e-01
3.8555408256e+01   8.0000000000e-01
3.8633609625e+01   8.0000000000e-01
3.8711810993e+01   8.0000000000e-01
3.8790012362e+01   8.0000000000e-01
3.8868213731e+01   8.0000000000e-01
3.8946415099e+01   8.0000000000e-01
3.9024616468e+01   8.0000000000e-01
3.9102817836e+01   8.0000000000e-01
3.9102917836e+01   8.0000000000e-01
3.9103917836e+01   8.0000000000e-01
3.9113917836e+01   8.0000000000e-01
3.9192119205e+01   8.0000000000e-01
3.9270320573e+01   8.0000000000e-01
3.9348521942e+01   8.0000000000e-01
3.9426723310e+01   8.0000000000e-01
3.9504924679e+01   8.0000000000e-01
3.9583126047e+01   8.0000000000e-01
3.9661327416e+01   8.0000000000e-01
3.9739528784e+01   8.0000000000e-01
3.9817730153e+01   8.0000000000e-01
3.9895931521e+01   8.0000000000e-01
3.9974132890e+01   8.0000000000e-01
4.0052334258e+01   8.0000000000e-01
4.0130535627e+01   8.0000000000e-01
4.0208736995e+01   8.0000000000e-01
4.0286938364e+01   8.0000000000e-01
4.0365139732e+01   8.0000000000e-01
4.0443341101e+01   8.0000000000e-01
4.0521542470e+01   8.0000000000e-01
4.0521642470e+01   8.0000000000e-01
4.0522642470e+01   8.0000000000e-01
4.0532642470e+01   8.0000000000e-01
4.0610843838e+01   8.0000000000e-01
4.0689045207e+01   8.0000000000e-01
4.0767246575e+01   8.0000000000e-01
4.0845447944e+01   8.0000000000e-01
4.0923649312e+01   8.0000000000e-01
4.1001850681e+01   8.0000000000e-01
4.1080052049e+01   8.0000000000e-01
4.1158253418e+01   8.0000000000e-01
4.1236454786e+01   8.0000000000e-01
4.1314656155e+01   8.0000000000e-01
4.1392857523e+01   8.0000000000e-01
4.1471058892e+01   8.0000000000e-01
4.1471158892e+01   8.0000000000e-01
4.1472158892e+01   8.0000000000e-01
4.1482158892e+01   8.0000000000e-01
4.1560360260e+01   8.0000000000e-01
4.1638561629e+01   8.0000000000e-01
4.1716762997e+01   8.0000000000e-01
4.1794964366e+01   8.0000000000e-01
4.1873165734e+01   8.0000000000e-01
4.1951367103e+01   8.0000000000e-01
4.2029568471e+01   8.0000000000e-01
4.2107769840e+01   8.0000000000e-01
4.2185971209e+01   8.0000000000e-01
4.2264172577e+01   8.0000000000e-01
4.2342373946e+01   8.0000000000e-01
4.2420575314e+01   8.0000000000e-01
4.2420675314e+01   6.0000000000e-01
4.2421675314e+01   6.0000000000e-01
4.2431675314e+01   6.0000000000e-01
4.2509876683e+01   6.0000000000e-01
4.2588078051e+01   6.0000000000e-01
4.2666279420e+01   6.0000000000e-01
4.2744480788e+01   6.0000000000e-01
4.2822682157e+01   6.0000000000e-01
4.2900883525e+01   6.0000000000e-01
4.2979084894e+01   6.0000000000e-01
4.3057286262e+01   6.0000000000e-01
4.3135487631e+01   6.0000000000e-01
4.3213688999e+01   6.0000000000e-01
4.3291890368e+01   6.0000000000e-01
4.3370091736e+01   6.0000000000e-01
4.3448293105e+01   6.0000000000e-01
4.3526494473e+01   6.0000000000e-01
4.3604695842e+01   6.0000000000e-01
4.3682897210e+01   6.0000000000e-01
4.3761098579e+01   6.0000000000e-01
4.3839299948e+01   6.0000000000e-01
4.3917501316e+01   6.0000000000e-01
4.3995702685e+01   6.0000000000e-01
4.4073904053e+01   6.0000000000e-01
4.4152105422e+01   6.0000000000e-01
4.4230306790e+01   6.0000000000e-01
4.4308508159e+01   6.0000000000e-01
4.4386709527e+01   6.0000000000e-01
4.4464910896e+01   6.0000000000e-01
4.4465010896e+01   8.0000000000e-01
4.4466010896e+01   8.0000000000e-01
4.4476010896e+01   8.0000000000e-01
4.4554212264e+01   8.0000000000e-01
4.4632413633e+01   8.0000000000e-01
4.4710615001e+01   8.0000000000e-01
4.4788816370e+01   8.0000000000e-01
4.4867017738e+01   8.0000000000e-01
4.4945219107e+01   8.0000000000e-01
4.5023420475e+01   8.0000000000e-01
4.5101621844e+01   8.0000000000e-01
4.5179823212e+01   8.0000000000e-01
4.5258024581e+01   8.0000000000e-01
4.5336225949e+01   8.0000000000e-01
4.5414427318e+01   8.0000000000e-01
4.5492628687e+01   8.0000000000e-01
4.5570830055e+01   8.0000000000e-01
4.5649031424e+01   8.0000000000e-01
4.5727232792e+01   8.0000000000e-01
4.5805434161e+01   8.0000000000e-01
4.5883635529e+01   8.0000000000e-01
4.5961836898e+01   8.0000000000e-01
4.6040038266e+01   8.0000000000e-01
4.6118239635e+01   8.0000000000e-01
4.6196441003e+01   8.0000000000e-01
4.6274642372e+01   8.0000000000e-01
4.6352843740e+01   8.0000000000e-01
4.6431045109e+01   8.0000000000e-01
4.6509246477e+01   8.0000000000e-01
4.6587447846e+01   8.0000000000e-01
4.6665649214e+01   8.0000000000e-01
4.6743850583e+01   8.0000000000e-01
4.6743950583e+01   8.0000000000e-01
4.6744950583e+01   8.0000000000e-01
4.6754950583e+01   8.0000000000e-01
4.6833151951e+01   8.0000000000e-01
4.6911353320e+01   8.0000000000e-01
4.6989554688e+01   8.0000000000e-01
4.7067756057e+01   8.0000000000e-01
4.7145957426e+01   8.0000000000e-01
4.7224158794e+01   8.0000000000e-01
4.7302360163e+01   8.0000000000e-01
4.7380561531e+01   8.0000000000e-01
4.7458762900e+01   8.0000000000e-01
4.7536964268e+01   8.0000000000e-01
4.7615165637e+01   8.0000000000e-01
4.7693367005e+01   8.0000000000e-01
4.7771568374e+01   8.0000000000e-01
4.7849769742e+01   8.0000000000e-01
4.7927971111e+01   8.0000000000e-01
4.8006172479e+01   8.0000000000e-01
4.8084373848e+01   8.0000000000e-01
4.8162575216e+01   8.0000000000e-01
4.8240776585e+01   8.0000000000e-01
4.8318977953e+01   8.0000000000e-01
4.8397179322e+01   8.0000000000e-01
4.8475380690e+01   8.0000000000e-01
4.8475480690e+01   8.0000000000e-01
4.8476480690e+01   8.0000000000e-01
4.8486480690e+01   8.0000000000e-01
4.8564682059e+01   8.0000000000e-01
4.8642883428e+01   8.0000000000e-01
4.8721084796e+01   8.0000000000e-01
4.8799286165e+01   8.0000000000e-01
4.8877487533e+01   8.0000000000e-01
4.8955688902e+01   8.0000000000e-01
4.9033890270e+01   8.0000000000e-01
4.9112091639e+01   8.0000000000e-01
4.9190293007e+01   8.0000000000e-01
4.9268494376e+01   8.0000000000e-01
4.9346695744e+01   8.0000000000e-01
4.9424897113e+01   8.0000000000e-01
4.9503098481e+01   8.0000000000e-01
4.9581299850e+01   8.0000000000e-01
4.9659501218e+01   8.0000000000e-01
4.9737702587e+01   8.0000000000e-01
4.9815903955e+01   8.0000000000e-01
4.9894105324e+01   8.0000000000e-01
4.9972306692e+01   8.0000000000e-01
5.0050508061e+01   8.0000000000e-01
5.0128709429e+01   8.0000000000e-01
5.0206910798e+01   8.0000000000e-01
5.0285112167e+01   8.0000000000e-01
5.0285212167e+01   8.0000000000e-01
5.0286212167e+01   8.0000000000e-01
5.0296212167e+01   8.0000000000e-01
5.0374413535e+01   8.0000000000e-01
5.0452614904e+01   8.0000000000e-01
5.0530816272e+01   8.0000000000e-01
5.0609017641e+01   8.0000000000e-01
5.0687219009e+01   8.0000000000e-01
5.0765420378e+01   8.0000000000e-01
5.0843621746e+01   8.0000000000e-01
5.0921823115e+01   8.0000000000e-01
5.1000024483e+01   8.0000000000e-01
5.1078225852e+01   8.0000000000e-01
5.1156427220e+01   8.0000000000e-01
5.1234628589e+01   8.0000000000e-01
5.1312829957e+01   8.0000000000e-01
5.1391031326e+01   8.0000000000e-01
5.1469232694e+01   8.0000000000e-01
5.1547434063e+01   8.0000000000e-01
5.1625635431e+01   8.0000000000e-01
5.1625735431e+01   8.0000000000e-01
5.1626735431e+01   8.0000000000e-01
5.1636735431e+01   8.0000000000e-01
5.1714936800e+01   8.0000000000e-01
5.1793138168e+01   8.0000000000e-01
5.1871339537e+01   8.0000000000e-01
5.1949540906e+01   8.0000000000e-01
5.2027742274e+01   8.0000000000e-01
5.2105943643e+01   8.0000000000e-01
5.2184145011e+01   8.0000000000e-01
5.2262346380e+01   8.0000000000e-01
5.2340547748e+01   8.0000000000e-01
5.2418749117e+01   8.0000000000e-01
5.2496950485e+01   8.0000000000e-01
5.2575151854e+01   8.0000000000e-01
5.2653353222e+01   8.0000000000e-01
5.2731554591e+01   8.0000000000e-01
5.2809755959e+01   8.0000000000e-01
5.2887957328e+01   8.0000000000e-01
5.2966158696e+01   8.0000000000e-01
5.2966258696e+01   8.0000000000e-01
5.2967258696e+01   8.0000000000e-01
5.2977258696e+01   8.0000000000e-01
5.3055460065e+01   8.0000000000e-01
5.3133661433e+01   8.0000000000e-01
5.3211862802e+01   8.0000000000e-01
5.3290064170e+01   8.0000000000e-01
5.3368265539e+01   8.0000000000e-01
5.3446466907e+01   8.0000000000e-01
5.3446566907e+01   6.0000000000e-01
5.3447566907e+01   6.0000000000e-01
5.3457566907e+01   6.0000000000e-01
5.3528571360e+01   6.0000000000e-01
5.3606364628e+01   6.0000000000e-01
5.3682249616e+01   6.0000000000e-01
5.3757626535e+01   6.0000000000e-01
5.3835827903e+01   6.0000000000e-01
5.3835927903e+01   8.0000000000e-01
5.3836927903e+01   8.0000000000e-01
5.3846927903e+01   8.0000000000e-01
5.3919400376e+01   8.0000000000e-01
5.3997601744e+01   8.0000000000e-01
5.4075803113e+01   8.0000000000e-01
5.4154004482e+01   8.0000000000e-01
5.4232205850e+01   8.0000000000e-01
5.4310407219e+01   8.0000000000e-01
5.4388608587e+01   8.0000000000e-01
5.4466809956e+01   8.0000000000e-01
5.4545011324e+01   8.0000000000e-01
5.4623212693e+01   8.0000000000e-01
5.4701414061e+01   8.0000000000e-01
5.4779615430e+01   8.0000000000e-01
5.4857816798e+01   8.0000000000e-01
5.4936018167e+01   8.0000000000e-01
5.5014219535e+01   8.0000000000e-01
5.5092420904e+01   8.0000000000e-01
5.5170622272e+01   8.0000000000e-01
5.5248823641e+01   8.0000000000e-01
5.5327025009e+01   8.0000000000e-01
5.5405226378e+01   8.0000000000e-01
5.5483427746e+01   8.0000000000e-01
5.5561629115e+01   8.0000000000e-01
5.5639830483e+01   8.0000000000e-01
5.5718031852e+01   8.0000000000e-01
5.5796233221e+01   8.0000000000e-01
5.5874434589e+01   8.0000000000e-01
5.5952635958e+01   8.0000000000e-01
5.6030837326e+01   8.0000000000e-01
5.6109038695e+01   8.0000000000e-01
5.6187240063e+01   8.0000000000e-01
5.6265441432e+01   8.0000000000e-01
5.6343642800e+01   8.0000000000e-01
5.6421844169e+01   8.0000000000e-01
5.6500045537e+01   8.0000000000e-01
5.6578246906e+01   8.0000000000e-01
5.6656448274e+01   8.0000000000e-01
5.6734649643e+01   8.0000000000e-01
5.6812851011e+01   8.0000000000e-01
5.6891052380e+01   8.0000000000e-01
5.6969253748e+01   8.0000000000e-01
5.7047455117e+01   8.0000000000e-01
5.7125656485e+01   8.0000000000e-01
5.7203857854e+01   8.0000000000e-01
5.7282059222e+01   8.0000000000e-01
5.7360260591e+01   8.0000000000e-01
5.7438461960e+01   8.0000000000e-01
5.7516663328e+01   8.0000000000e-01
5.7594864697e+01   8.0000000000e-01
5.7673066065e+01   8.0000000000e-01
5.7751267434e+01   8.0000000000e-01
5.7829468802e+01   8.0000000000e-01
5.7907670171e+01   8.0000000000e-01
5.7985871539e+01   8.0000000000e-01
5.8064072908e+01   8.0000000000e-01
5.8142274276e+01   8.0000000000e-01
5.8220475645e+01   8.0000000000e-01
5.8298677013e+01   8.0000000000e-01
5.8376878382e+01   8.0000000000e-01
5.8455079750e+01   8.0000000000e-01
5.8533281119e+01   8.0000000000e-01
5.8611482487e+01   8.0000000000e-01
5.8689683856e+01   8.0000000000e-01
5.8767885224e+01   8.0000000000e-01
5.8846086593e+01   8.0000000000e-01
5.8924287961e+01   8.0000000000e-01
5.9002489330e+01   8.0000000000e-01
5.9080690699e+01   8.0000000000e-01
5.9158892067e+01   8.0000000000e-01
5.9237093436e+01   8.0000000000e-01
5.9315294804e+01   8.0000000000e-01
5.9393496173e+01   8.0000000000e-01
5.9471697541e+01   8.0000000000e-01
5.9549898910e+01   8.0000000000e-01
5.9628100278e+01   8.0000000000e-01
5.9706301647e+01   8.0000000000e-01
5.9784503015e+01   8.0000000000e-01
5.9862704384e+01   8.0000000000e-01
5.9940905752e+01   8.0000000000e-01
6.0019107121e+01   8.0000000000e-01
6.0097308489e+01   8.0000000000e-01
6.0175509858e+01   8.0000000000e-01
6.0253711226e+01   8.0000000000e-01
6.0331912595e+01   8.0000000000e-01
6.0410113963e+01   8.0000000000e-01
6.0488315332e+01   8.0000000000e-01
6.0566516701e+01   8.0000000000e-01
6.0644718069e+01   8.0000000000e-01
6.0722919438e+01   8.0000000000e-01
6.0801120806e+01   8.0000000000e-01
6.0879322175e+01   8.0000000000e-01
6.0957523543e+01   8.0000000000e-01
6.1035724912e+01   8.0000000000e-01
6.1113926280e+01   8.0000000000e-01
6.1192127649e+01   8.0000000000e-01
6.1270329017e+01   8.0000000000e-01
6.1348530386e+01   8.0000000000e-01
6.1426731754e+01   8.0000000000e-01
6.1504933123e+01   8.0000000000e-01
6.1583134491e+01   8.0000000000e-01
6.1661335860e+01   8.0000000000e-01
6.1739537228e+01   8.0000000000e-01
6.1817738597e+01   8.0000000000e-01
6.1895939965e+01   8.0000000000e-01
6.1896039965e+01   8.0000000000e-01
6.1897039965e+01   8.0000000000e-01
6.1907039965e+01   8.0000000000e-01
6.1985241334e+01   8.0000000000e-01
6.2063442702e+01   8.0000000000e-01
6.2141644071e+01   8.0000000000e-01
6.2219845440e+01   8.0000000000e-01
6.2298046808e+01   8.0000000000e-01
6.2376248177e+01   8.0000000000e-01
6.2454449545e+01   8.0000000000e-01
6.2532650914e+01   8.0000000000e-01
6.2610852282e+01   8.0000000000e-01
6.2689053651e+01   8.0000000000e-01
6.2767255019e+01   8.0000000000e-01
6.2845456388e+01   8.0000000000e-01
6.2923657756e+01   8.0000000000e-01
6.3001859125e+01   8.0000000000e-01
6.3080060493e+01   8.0000000000e-01
6.3158261862e+01   8.0000000000e-01
6.3236463230e+01   8.0000000000e-01
6.3314664599e+01   8.0000000000e-01
6.3392865967e+01   8.0000000000e-01
6.3471067336e+01   8.0000000000e-01
6.3549268704e+01   8.0000000000e-01
6.3627470073e+01   8.0000000000e-01
6.3705671441e+01   8.0000000000e-01
6.3705771441e+01   8.0000000000e-01
6.3706771441e+01   8.0000000000e-01
6.3716771441e+01   8.0000000000e-01
6.3794972810e+01   8.0000000000e-01
6.3873174179e+01   8.0000000000e-01
6.3951375547e+01   8.0000000000e-01
6.4029576916e+01   8.0000000000e-01
6.4107778284e+01   8.0000000000e-01
6.4185979653e+01   8.0000000000e-01
6.4264181021e+01   8.0000000000e-01
6.4342382390e+01   8.0000000000e-01
6.4420583758e+01   8.0000000000e-01
6.4498785127e+01   8.0000000000e-01
6.4576986495e+01   8.0000000000e-01
6.4655187864e+01   8.0000000000e-01
6.4733389232e+01   8.0000000000e-01
6.4811590601e+01   8.0000000000e-01
6.4889791969e+01   8.0000000000e-01
6.4967993338e+01   8.0000000000e-01
6.5046194706e+01   8.0000000000e-01
6.5124396075e+01   8.0000000000e-01
6.5202597443e+01   8.0000000000e-01
6.5280798812e+01   8.0000000000e-01
6.5359000180e+01   8.0000000000e-01
6.5437201549e+01   8.0000000000e-01
6.5437301549e+01   8.0000000000e-01
6.5438301549e+01   8.0000000000e-01
6.5448301549e+01   8.0000000000e-01
6.5526502918e+01   8.0000000000e-01
6.5604704286e+01   8.0000000000e-01
6.5682905655e+01   8.0000000000e-01
6.5761107023e+01   8.0000000000e-01
6.5839308392e+01   8.0000000000e-01
6.5917509760e+01   8.0000000000e-01
6.5995711129e+01   8.0000000000e-01
6.6073912497e+01   8.0000000000e-01
6.6152113866e+01   8.0000000000e-01
6.6230315234e+01   8.0000000000e-01
6.6308516603e+01   8.0000000000e-01
6.6386717971e+01   8.0000000000e-01
6.6464919340e+01   8.0000000000e-01
6.6543120708e+01   8.0000000000e-01
6.6621322077e+01   8.0000000000e-01
6.6699523445e+01   8.0000000000e-01
6.6777724814e+01   8.0000000000e-01
6.6855926182e+01   8.0000000000e-01
6.6856026182e+01   8.0000000000e-01
6.6857026182e+01   8.0000000000e-01
6.6867026182e+01   8.0000000000e-01
6.6945227551e+01   8.0000000000e-01
6.7023428919e+01   8.0000000000e-01
6.7101630288e+01   8.0000000000e-01
6.7179831657e+01   8.0000000000e-01
6.7258033025e+01   8.0000000000e-01
6.7336234394e+01   8.0000000000e-01
6.7414435762e+01   8.0000000000e-01
6.7492637131e+01   8.0000000000e-01
6.7570838499e+01   8.0000000000e-01
6.7649039868e+01   8.0000000000e-01
6.7727241236e+01   8.0000000000e-01
6.7805442605e+01   8.0000000000e-01
6.7883643973e+01   8.0000000000e-01
6.7961845342e+01   8.0000000000e-01
6.8040046710e+01   8.0000000000e-01
6.8118248079e+01   8.0000000000e-01
6.8196449447e+01   8.0000000000e-01
6.8274650816e+01   8.0000000000e-01
6.8352852184e+01   8.0000000000e-01
6.8431053553e+01   8.0000000000e-01
6.8509254921e+01   8.0000000000e-01
6.8587456290e+01   8.0000000000e-01
6.8665657658e+01   8.0000000000e-01
6.8743859027e+01   8.0000000000e-01
6.8822060396e+01   8.0000000000e-01
6.8822160396e+01   8.0000000000e-01
6.8823160396e+01   8.0000000000e-01
6.8833160396e+01   8.0000000000e-01
6.8911361764e+01   8.0000000000e-01
6.8989563133e+01   8.0000000000e-01
6.9067764501e+01   8.0000000000e-01
6.9145965870e+01   8.0000000000e-01
6.9224167238e+01   8.0000000000e-01
6.9302368607e+01   8.0000000000e-01
6.9380569975e+01   8.0000000000e-01
6.9458771344e+01   8.0000000000e-01
6.9536972712e+01   8.0000000000e-01
6.9615174081e+01   8.0000000000e-01
6.9693375449e+01   8.0000000000e-01
6.9771576818e+01   8.0000000000e-01
6.9849778186e+01   8.0000000000e-01
6.9927979555e+01   8.0000000000e-01
7.0006180923e+01   8.0000000000e-01
7.0084382292e+01   8.0000000000e-01
7.0162583660e+01   8.0000000000e-01
7.0240785029e+01   8.0000000000e-01
7.0240885029e+01   8.0000000000e-01
7.0241885029e+01   8.0000000000e-01
7.0251885029e+01   8.0000000000e-01
7.0330086397e+01   8.0000000000e-01
7.0408287766e+01   8.0000000000e-01
7.0486489135e+01   8.0000000000e-01
7.0564690503e+01   8.0000000000e-01
7.0642891872e+01   8.0000000000e-01
7.0721093240e+01   8.0000000000e-01
7.0799294609e+01   8.0000000000e-01
7.0877495977e+01   8.0000000000e-01
7.0955697346e+01   8.0000000000e-01
7.1033898714e+01   8.0000000000e-01
7.1112100083e+01   8.0000000000e-01
7.1190301451e+01   8.0000000000e-01
7.1268502820e+01   8.0000000000e-01
7.1346704188e+01   8.0000000000e-01
7.1424905557e+01   8.0000000000e-01
7.1425005557e+01   8.0000000000e-01
7.1426005557e+01   8.0000000000e-01
7.1436005557e+01   8.0000000000e-01
7.1514206925e+01   8.0000000000e-01
7.1592408294e+01   8.0000000000e-01
7.1670609662e+01   8.0000000000e-01
7.1748811031e+01   8.0000000000e-01
7.1827012399e+01   8.0000000000e-01
7.1905213768e+01   8.0000000000e-01
7.1983415136e+01   8.0000000000e-01
7.2054998747e+01   8.0000000000e-01
7.2120789395e+01   8.0000000000e-01
7.2198990764e+01   8.0000000000e-01
7.2277192132e+01   8.0000000000e-01
7.2355393501e+01   8.0000000000e-01
7.2433594869e+01   8.0000000000e-01
7.2511796238e+01   8.0000000000e-01
7.2511896238e+01   6.0000000000e-01
7.2512896238e+01   6.0000000000e-01
7.2522896238e+01   6.0000000000e-01
7.2601097606e+01   6.0000000000e-01
7.2679298975e+01   6.0000000000e-01
7.2757500343e+01   6.0000000000e-01
7.2835701712e+01   6.0000000000e-01
7.2913903080e+01   6.0000000000e-01
7.2992104449e+01   6.0000000000e-01
7.3070305818e+01   6.0000000000e-01
7.3148507186e+01   6.0000000000e-01
7.3226708555e+01   6.0000000000e-01
7.3304909923e+01   6.0000000000e-01
7.3383111292e+01   6.0000000000e-01
7.3461312660e+01   6.0000000000e-01
7.3539514029e+01   6.0000000000e-01
7.3617715397e+01   6.0000000000e-01
7.3695916766e+01   6.0000000000e-01
7.3774118134e+01   6.0000000000e-01
7.3852319503e+01   6.0000000000e-01
7.3930520871e+01   6.0000000000e-01
7.4008722240e+01   6.0000000000e-01
7.4086923608e+01   6.0000000000e-01
7.4165124977e+01   6.0000000000e-01
7.4243326345e+01   6.0000000000e-01
7.4321527714e+01   6.0000000000e-01
7.4399729082e+01   6.0000000000e-01
7.4477930451e+01   6.0000000000e-01
7.4556131819e+01   6.0000000000e-01
7.4556231819e+01   8.0000000000e-01
7.4557231819e+01   8.0000000000e-01
7.4567231819e+01   8.0000000000e-01
7.4645433188e+01   8.0000000000e-01
7.4723634557e+01   8.0000000000e-01
7.4801835925e+01   8.0000000000e-01
7.4880037294e+01   8.0000000000e-01
7.4958238662e+01   8.0000000000e-01
7.5036440031e+01   8.0000000000e-01
7.5114641399e+01   8.0000000000e-01
7.5192842768e+01   8.0000000000e-01
7.5271044136e+01   8.0000000000e-01
7.5349245505e+01   8.0000000000e-01
7.5427446873e+01   8.0000000000e-01
7.5505648242e+01   8.0000000000e-01
7.5583849610e+01   8.0000000000e-01
7.5662050979e+01   8.0000000000e-01
7.5740252347e+01   8.0000000000e-01
7.5818453716e+01   8.0000000000e-01
7.5896655084e+01   8.0000000000e-01
7.5974856453e+01   8.0000000000e-01
7.6053057821e+01   8.0000000000e-01
7.6131259190e+01   8.0000000000e-01
7.6209460558e+01   8.0000000000e-01
7.6287661927e+01   8.0000000000e-01
7.6365863296e+01   8.0000000000e-01
7.6444064664e+01   8.0000000000e-01
7.6522266033e+01   8.0000000000e-01
7.6600467401e+01   8.0000000000e-01
7.6678668770e+01   8.0000000000e-01
7.6756870138e+01   8.0000000000e-01
7.6756970138e+01   8.0000000000e-01
7.6757970138e+01   8.0000000000e-01
7.6767970138e+01   8.0000000000e-01
7.6846171507e+01   8.0000000000e-01
7.6924372875e+01   8.0000000000e-01
7.7002574244e+01   8.0000000000e-01
7.7080775612e+01   8.0000000000e-01
7.7158976981e+01   8.0000000000e-01
7.7237178349e+01   8.0000000000e-01
7.7315379718e+01   8.0000000000e-01
7.7393581086e+01   8.0000000000e-01
7.7471782455e+01   8.0000000000e-01
7.7549983823e+01   8.0000000000e-01
7.7628185192e+01   8.0000000000e-01
7.7706386560e+01   8.0000000000e-01
7.7784587929e+01   8.0000000000e-01
7.7862789297e+01   8.0000000000e-01
7.7940990666e+01   8.0000000000e-01
7.8019192035e+01   8.0000000000e-01
7.8097393403e+01   8.0000000000e-01
7.8175594772e+01   8.0000000000e-01
7.8253796140e+01   8.0000000000e-01
7.8331997509e+01   8.0000000000e-01
7.8410198877e+01   8.0000000000e-01
7.8488400246e+01   8.0000000000e-01
7.8488500246e+01   8.0000000000e-01
7.8489500246e+01   8.0000000000e-01
7.8499500246e+01   8.0000000000e-01
7.8577701614e+01   8.0000000000e-01
7.8655902983e+01   8.0000000000e-01
7.8734104351e+01   8.0000000000e-01
7.8812305720e+01   8.0000000000e-01
7.8890507088e+01   8.0000000000e-01
7.8968708457e+01   8.0000000000e-01
7.9046909825e+01   8.0000000000e-01
7.9125111194e+01   8.0000000000e-01
7.9203312562e+01   8.0000000000e-01
7.9281513931e+01   8.0000000000e-01
7.9359715299e+01   8.0000000000e-01
7.9437916668e+01   8.0000000000e-01
7.9516118036e+01   8.0000000000e-01
7.9594319405e+01   8.0000000000e-01
7.9672520774e+01   8.0000000000e-01
7.9750722142e+01   8.0000000000e-01
7.9828923511e+01   8.0000000000e-01
7.9907124879e+01   8.0000000000e-01
7.9985326248e+01   8.0000000000e-01
8.0000000000e+01   8.0000000000e-01
