X    Y
0.0000000000e+00   0.0000000000e+00
3.9100684262e-02   1.1323362764e-04
7.8201368524e-02   1.0992616230e-04
1.1730205279e-01   1.0638982924e-04
1.5640273705e-01   1.0261272015e-04
1.9550342131e-01   9.8582933782e-05
2.3460410557e-01   9.4288704293e-05
2.7370478983e-01   8.9718552237e-05
3.1280547410e-01   8.4861460276e-05
3.5190615836e-01   7.9707075440e-05
3.9100684262e-01   8.6675161872e-05
4.3010752688e-01   1.0407129732e-04
4.6920821114e-01   1.2244176473e-04
5.0830889541e-01   1.4180277611e-04
5.4740957967e-01   1.6216383161e-04
5.8651026393e-01   1.8352613618e-04
6.2561094819e-01   2.0588065270e-04
6.6471163245e-01   2.2920571282e-04
7.0381231672e-01   2.5346415639e-04
7.4291300098e-01   2.7860011738e-04
7.8201368524e-01   3.0453590860e-04
8.2111436950e-01   3.3117013200e-04
8.6021505376e-01   4.3904321607e-04
8.9931573803e-01   4.7291957459e-04
9.3841642229e-01   5.0730593472e-04
9.7751710655e-01   5.4202885886e-04
1.0166177908e+00   5.7689307325e-04
1.0557184751e+00   6.1168196938e-04
1.0948191593e+00   6.4615862571e-04
1.1339198436e+00   6.8006736788e-04
1.1730205279e+00   7.1313584735e-04
1.2121212121e+00   7.4507756211e-04
1.2512218964e+00   7.7559465907e-04
1.2903225806e+00   8.0438072629e-04
1.3294232649e+00   8.3112305189e-04
1.3685239492e+00   8.5550336066e-04
1.4076246334e+00   8.7719495954e-04
1.4467253177e+00   8.9585137613e-04
1.4858260020e+00   4.5133719471e-04
1.5249266862e+00   4.5054634634e-04
1.5640273705e+00   4.4233561740e-04
1.6031280547e+00   4.1528750347e-04
1.6422287390e+00   2.6676373058e-04
1.6813294233e+00   7.1180675450e-04
1.7204301075e+00   5.6113250590e-04
1.7595307918e+00   5.2687710414e-04
1.7986314761e+00   5.0781811631e-04
1.8377321603e+00   4.9273984633e-04
1.8768328446e+00   5.8404311916e-05
1.9159335288e+00   4.0788533050e-04
1.9550342131e+00   4.0006542396e-04
1.9941348974e+00   3.9044956666e-04
2.0332355816e+00   3.7933704859e-04
2.0723362659e+00   3.6696788067e-04
2.1114369501e+00   3.5354890090e-04
2.1505376344e+00   3.3926613231e-04
2.1896383187e+00   3.2429064475e-04
2.2287390029e+00   3.0878119972e-04
2.2678396872e+00   2.9288528096e-04
2.3069403715e+00   2.7673934516e-04
2.3460410557e+00   2.6046875292e-04
2.3851417400e+00   2.4418765940e-04
2.4242424242e+00   2.2799907940e-04
2.4633431085e+00   2.1199537172e-04
2.5024437928e+00   1.9625952026e-04
2.5415444770e+00   1.8086784414e-04
2.5806451613e+00   3.3943897509e-04
2.6197458456e+00   3.0916462187e-04
2.6588465298e+00   2.7994049571e-04
2.6979472141e+00   2.5182089603e-04
2.7370478983e+00   2.2484464198e-04
2.7761485826e+00   1.9903661080e-04
2.8152492669e+00   1.7440927845e-04
2.8543499511e+00   1.5096422583e-04
2.8934506354e+00   1.2869357873e-04
2.9325513196e+00   1.0758135478e-04
2.9716520039e+00   9.4338959444e-05
3.0107526882e+00   1.0059318197e-04
3.0498533724e+00   1.0648480188e-04
3.0889540567e+00   1.1202573586e-04
3.1280547410e+00   1.1722872329e-04
3.1671554252e+00   1.2210709474e-04
3.2062561095e+00   1.2667463288e-04
3.2453567937e+00   1.3094558882e-04
3.2844574780e+00   1.3493496196e-04
3.3235581623e+00   1.3865921450e-04
3.3626588465e+00   1.4213767840e-04
3.4017595308e+00   1.2398587935e-04
3.4408602151e+00   1.2650730070e-04
3.4799608993e+00   1.2884786120e-04
3.5190615836e+00   1.3101771221e-04
3.5581622678e+00   1.3302652874e-04
3.5972629521e+00   1.3488348715e-04
3.6363636364e+00   1.3659724909e-04
3.6754643206e+00   1.3817595023e-04
3.7145650049e+00   1.3962719265e-04
3.7536656891e+00   1.4095803949e-04
3.7927663734e+00   1.4217501096e-04
3.8318670577e+00   1.4328408006e-04
3.8709677419e+00   1.4429066696e-04
3.9100684262e+00   1.4519963030e-04
3.9491691105e+00   1.4601525337e-04
3.9882697947e+00   1.4674122281e-04
4.0273704790e+00   1.4738059661e-04
4.0664711632e+00   1.4793575724e-04
4.1055718475e+00   1.4840834476e-04
4.1446725318e+00   1.4879916285e-04
4.1837732160e+00   1.4910804883e-04
4.2228739003e+00   1.4933369616e-04
4.2619745846e+00   1.4947341394e-04
4.3010752688e+00   1.4952280339e-04
4.3401759531e+00   1.5110743334e-04
4.3792766373e+00   1.5267521039e-04
4.4183773216e+00   1.5420618413e-04
4.4574780059e+00   1.5571962624e-04
4.4965786901e+00   1.5723494183e-04
4.5356793744e+00   1.5877079585e-04
4.5747800587e+00   1.6034379451e-04
4.6138807429e+00   1.6196662480e-04
4.6529814272e+00   1.6364555138e-04
4.6920821114e+00   1.6537717006e-04
4.7311827957e+00   1.6714432051e-04
4.7702834800e+00   1.6891106876e-04
4.8093841642e+00   1.7061668148e-04
4.8484848485e+00   1.7216852968e-04
4.8875855327e+00   1.7343387771e-04
4.9266862170e+00   1.7423053376e-04
4.9657869013e+00   1.7431635891e-04
5.0048875855e+00   1.7337765154e-04
5.0439882698e+00   1.7101644092e-04
5.0830889541e+00   3.6244908414e-04
5.1221896383e+00   9.8963639796e-04
5.1612903226e+00   3.8880909206e-04
5.2003910068e+00   2.8583759081e-04
5.2394916911e+00   2.3863035712e-04
5.2785923754e+00   2.0772700063e-04
5.3176930596e+00   1.8269260208e-04
5.3567937439e+00   1.2007179563e-04
5.3958944282e+00   1.1888161850e-04
5.4349951124e+00   1.1772055011e-04
5.4740957967e+00   1.1659081654e-04
5.5131964809e+00   1.1549425267e-04
5.5522971652e+00   1.1443229579e-04
5.5913978495e+00   1.1340598539e-04
5.6304985337e+00   1.1241596847e-04
5.6695992180e+00   1.1146250972e-04
5.7086999022e+00   1.1054550576e-04
5.7478005865e+00   1.0966450265e-04
5.7869012708e+00   1.0881871566e-04
5.8260019550e+00   1.0800705059e-04
5.8651026393e+00   1.0722812555e-04
5.9042033236e+00   1.0648029247e-04
5.9433040078e+00   1.0576165736e-04
5.9824046921e+00   1.0507009833e-04
6.0215053763e+00   1.0440328016e-04
6.0606060606e+00   1.0375866410e-04
6.0997067449e+00   1.0313351089e-04
6.1388074291e+00   1.0252487439e-04
6.1779081134e+00   1.0192958214e-04
6.2170087977e+00   1.0134419752e-04
6.2561094819e+00   1.0076495597e-04
6.2952101662e+00   1.0018766443e-04
6.3343108504e+00   9.9607548781e-05
6.3734115347e+00   9.9019027773e-05
6.4125122190e+00   9.8415383205e-05
6.4516129032e+00   9.7788284466e-05
6.4907135875e+00   9.7127109284e-05
6.5298142717e+00   9.6417980622e-05
6.5689149560e+00   9.5642409903e-05
6.6080156403e+00   9.4775396620e-05
6.6471163245e+00   9.3782780304e-05
6.6862170088e+00   9.2617568231e-05
6.7253176931e+00   9.1214864958e-05
6.7644183773e+00   9.1159962531e-05
6.8035190616e+00   9.1052634895e-05
6.8426197458e+00   9.0853919509e-05
6.8817204301e+00   9.0540674718e-05
6.9208211144e+00   9.7123438109e-05
6.9599217986e+00   5.3821474658e-05
6.9990224829e+00   6.2286308566e-05
7.0381231672e+00   7.1274656371e-05
7.0772238514e+00   8.0810067791e-05
7.1163245357e+00   9.0914757285e-05
7.1554252199e+00   1.0160909700e-04
7.1945259042e+00   1.1291102668e-04
7.2336265885e+00   1.2483537116e-04
7.2727272727e+00   1.3739305436e-04
7.3118279570e+00   1.5059019520e-04
7.3509286413e+00   1.6442706475e-04
7.3900293255e+00   1.7889687405e-04
7.4291300098e+00   1.9398434768e-04
7.4682306940e+00   2.0966401872e-04
7.5073313783e+00   2.2589816064e-04
7.5464320626e+00   2.4263425740e-04
7.5855327468e+00   2.5980192316e-04
7.6246334311e+00   2.7730925173e-04
7.6637341153e+00   2.9503876473e-04
7.7028347996e+00   3.1284354513e-04
7.7419354839e+00   3.3054497096e-04
7.7810361681e+00   4.4656617481e-04
7.8201368524e+00   4.7065151412e-04
7.8592375367e+00   4.9410161923e-04
7.8983382209e+00   5.1658161383e-04
7.9374389052e+00   5.3770041573e-04
7.9765395894e+00   5.5699959472e-04
8.0156402737e+00   5.7393743523e-04
8.0547409580e+00   5.8786525981e-04
8.0938416422e+00   5.9799101601e-04
8.1329423265e+00   6.0332136979e-04
8.1720430108e+00   6.0256633476e-04
8.2111436950e+00   5.9397584793e-04
8.2502443793e+00   5.7504609329e-04
8.2893450635e+00   5.4195949905e-04
8.3284457478e+00   4.8843232844e-04
8.3675464321e+00   1.1954597244e-04
8.4066471163e+00   1.8168840692e-04
8.4457478006e+00   4.4889586053e-04
8.4848484848e+00   1.0266864579e-03
8.5239491691e+00   3.1941068324e-03
8.5630498534e+00   1.0294571985e-02
8.6021505376e+00   2.6307717960e-03
8.6412512219e+00   1.6909066671e-03
8.6803519062e+00   1.3161839807e-03
8.7194525904e+00   1.1089327767e-03
8.7585532747e+00   5.1687620776e-04
8.7976539589e+00   7.4931639445e-04
8.8367546432e+00   6.7991138977e-04
8.8758553275e+00   6.2258548661e-04
8.9149560117e+00   5.7323405961e-04
8.9540566960e+00   5.2940588571e-04
8.9931573803e+00   4.8956973691e-04
9.0322580645e+00   4.5273826435e-04
9.0713587488e+00   4.1826091483e-04
9.1104594330e+00   3.8570314196e-04
9.1495601173e+00   3.5477251829e-04
9.1886608016e+00   3.2527172454e-04
9.2277614858e+00   2.9706767044e-04
9.2668621701e+00   2.7007072134e-04
9.3059628543e+00   2.4422055135e-04
9.3450635386e+00   2.1947662315e-04
9.3841642229e+00   1.9581225900e-04
9.4232649071e+00   1.7321201121e-04
9.4623655914e+00   3.3964714886e-04
9.5014662757e+00   3.0234731265e-04
9.5405669599e+00   2.6664036369e-04
9.5796676442e+00   2.3253613142e-04
9.6187683284e+00   2.0003452074e-04
9.6578690127e+00   1.6912607179e-04
9.6969696970e+00   1.4978381868e-04
9.7360703812e+00   1.5916674823e-04
9.7751710655e+00   1.6809478615e-04
9.8142717498e+00   1.7657846594e-04
9.8533724340e+00   1.8463069968e-04
9.8924731183e+00   1.9226636730e-04
9.9315738025e+00   1.9950194380e-04
9.9706744868e+00   2.0635516669e-04
1.0009775171e+01   2.1284475152e-04
1.0048875855e+01   2.1899017261e-04
1.0087976540e+01   2.2481154551e-04
1.0127077224e+01   2.3032967762e-04
1.0166177908e+01   2.3556640023e-04
1.0205278592e+01   2.4054536073e-04
1.0244379277e+01   2.4529354349e-04
1.0283479961e+01   2.3289987520e-04
1.0322580645e+01   2.3682751491e-04
1.0361681329e+01   2.4060701411e-04
1.0400782014e+01   2.4425788470e-04
1.0439882698e+01   2.4779975576e-04
1.0478983382e+01   2.5125244690e-04
1.0518084066e+01   2.5463606299e-04
1.0557184751e+01   2.5797111147e-04
1.0596285435e+01   2.6127864427e-04
1.0635386119e+01   2.6458042699e-04
1.0674486804e+01   2.6789913928e-04
1.0713587488e+01   2.7125861142e-04
1.0752688172e+01   2.7468410340e-04
1.0791788856e+01   2.7820263502e-04
1.0830889541e+01   2.8184337756e-04
1.0869990225e+01   2.8563812066e-04
1.0909090909e+01   2.8962183211e-04
1.0948191593e+01   2.9383333345e-04
1.0987292278e+01   2.9831612155e-04
1.1026392962e+01   3.0311937613e-04
1.1065493646e+01   3.0829920717e-04
1.1104594330e+01   3.1392021515e-04
1.1143695015e+01   3.2005746505e-04
1.1182795699e+01   3.2679901454e-04
1.1221896383e+01   3.3424919522e-04
1.1260997067e+01   3.4253293194e-04
1.1300097752e+01   3.5180151604e-04
1.1339198436e+01   3.6224044868e-04
1.1378299120e+01   3.7408028584e-04
1.1417399804e+01   3.8761192348e-04
1.1456500489e+01   4.0320859859e-04
1.1495601173e+01   4.2135830638e-04
1.1534701857e+01   4.4271284234e-04
1.1573802542e+01   4.6816427012e-04
1.1612903226e+01   4.9896841016e-04
1.1652003910e+01   5.3695269524e-04
1.1691104594e+01   5.8488387684e-04
1.1730205279e+01   6.4715941042e-04
1.1769305963e+01   7.3121091513e-04
1.1808406647e+01   8.5065054132e-04
1.1847507331e+01   1.0333405250e-03
1.1886608016e+01   1.3465351904e-03
1.1925708700e+01   2.0041623666e-03
1.1964809384e+01   4.2434369475e-03
1.2003910068e+01   2.1008368469e-02
1.2043010753e+01   2.8577653892e-03
1.2082111437e+01   1.4959651667e-03
1.2121212121e+01   1.0024710341e-03
1.2160312805e+01   7.5315105742e-04
1.2199413490e+01   6.0768438091e-04
1.2238514174e+01   6.6203195199e-04
1.2277614858e+01   5.9806124370e-04
1.2316715543e+01   5.5011369349e-04
1.2355816227e+01   5.1293985396e-04
1.2394916911e+01   4.8335578983e-04
1.2434017595e+01   4.5931793435e-04
1.2473118280e+01   4.3945430686e-04
1.2512218964e+01   4.2280940677e-04
1.2551319648e+01   4.0869717743e-04
1.2590420332e+01   3.9661215000e-04
1.2629521017e+01   3.8617357061e-04
1.2668621701e+01   3.7708905852e-04
1.2707722385e+01   3.6913026779e-04
1.2746823069e+01   3.6211616775e-04
1.2785923754e+01   3.5590129694e-04
1.2825024438e+01   3.5036734536e-04
1.2864125122e+01   3.4541701342e-04
1.2903225806e+01   3.4096945946e-04
1.2942326491e+01   3.3695687516e-04
1.2981427175e+01   3.3332187473e-04
1.3020527859e+01   3.3001547967e-04
1.3059628543e+01   3.2699554494e-04
1.3098729228e+01   3.2422551587e-04
1.3137829912e+01   3.2167343535e-04
1.3176930596e+01   3.1931114145e-04
1.3216031281e+01   3.1711361035e-04
1.3255131965e+01   3.1505840991e-04
1.3294232649e+01   3.1312523587e-04
1.3333333333e+01   3.1129550776e-04
1.3372434018e+01   3.0955200403e-04
1.3411534702e+01   3.0787851713e-04
1.3450635386e+01   3.0625950887e-04
1.3489736070e+01   3.0467974416e-04
1.3528836755e+01   3.0312387752e-04
1.3567937439e+01   3.0157596072e-04
1.3607038123e+01   3.0001883132e-04
1.3646138807e+01   2.9843333034e-04
1.3685239492e+01   2.9679728102e-04
1.3724340176e+01   2.9508413967e-04
1.3763440860e+01   2.9326120165e-04
1.3802541544e+01   2.9128720867e-04
1.3841642229e+01   3.0282884153e-04
1.3880742913e+01   2.1275707876e-04
1.3919843597e+01   2.1756489507e-04
1.3958944282e+01   2.2249585248e-04
1.3998044966e+01   2.2754637025e-04
1.4037145650e+01   2.3270865858e-04
1.4076246334e+01   2.3796995380e-04
1.4115347019e+01   2.4331163423e-04
1.4154447703e+01   2.4870819993e-04
1.4193548387e+01   2.5412609534e-04
1.4232649071e+01   2.5952234716e-04
1.4271749756e+01   2.6484297975e-04
1.4310850440e+01   2.7002115458e-04
1.4349951124e+01   2.7497495861e-04
1.4389051808e+01   2.7960473856e-04
1.4428152493e+01   2.8378984792e-04
1.4467253177e+01   2.8738464989e-04
1.4506353861e+01   2.9021362375e-04
1.4545454545e+01   2.9206549372e-04
1.4584555230e+01   2.9268650962e-04
1.4623655914e+01   2.9177348290e-04
1.4662756598e+01   2.8896812825e-04
1.4701857283e+01   4.0199616333e-04
1.4740957967e+01   4.0233481305e-04
1.4780058651e+01   3.9942983236e-04
1.4819159335e+01   3.9254896584e-04
1.4858260020e+01   3.8080433614e-04
1.4897360704e+01   3.6310438904e-04
1.4936461388e+01   3.3808326974e-04
1.4975562072e+01   3.0399405446e-04
1.5014662757e+01   2.6165430047e-04
1.5053763441e+01   2.6116856214e-04
1.5092864125e+01   2.5975940557e-04
1.5131964809e+01   2.5735048846e-04
1.5171065494e+01   2.5387177597e-04
1.5210166178e+01   3.1470816102e-04
1.5249266862e+01   5.8732385203e-04
1.5288367546e+01   1.4176903365e-03
1.5327468231e+01   2.1265665021e-03
1.5366568915e+01   3.5504857572e-03
1.5405669599e+01   7.9413341279e-03
1.5444770283e+01   1.6112723687e-01
1.5483870968e+01   8.2453920371e-03
1.5522971652e+01   4.4623027129e-03
1.5562072336e+01   3.1414465596e-03
1.5601173021e+01   2.4578910597e-03
1.5640273705e+01   2.0322136625e-03
1.5679374389e+01   1.2582753277e-03
1.5718475073e+01   1.3313933870e-03
1.5757575758e+01   1.1649161834e-03
1.5796676442e+01   1.0286437578e-03
1.5835777126e+01   9.1357758031e-04
1.5874877810e+01   8.1403092297e-04
1.5913978495e+01   7.2625181955e-04
1.5953079179e+01   6.4767826000e-04
1.5992179863e+01   5.7651079882e-04
1.6031280547e+01   5.1145510804e-04
1.6070381232e+01   4.5156051093e-04
1.6109481916e+01   3.9611523306e-04
1.6148582600e+01   3.4457650991e-04
1.6187683284e+01   2.9652288716e-04
1.6226783969e+01   2.5162115981e-04
1.6265884653e+01   2.1118849472e-04
1.6304985337e+01   2.2247923105e-04
1.6344086022e+01   2.3333379504e-04
1.6383186706e+01   2.4375122122e-04
1.6422287390e+01   2.6949225160e-04
1.6461388074e+01   2.8454087347e-04
1.6500488759e+01   2.9894664814e-04
1.6539589443e+01   3.1271523707e-04
1.6578690127e+01   3.2585707182e-04
1.6617790811e+01   3.3838675063e-04
1.6656891496e+01   3.5032246784e-04
1.6695992180e+01   3.6168548366e-04
1.6735092864e+01   3.7249963928e-04
1.6774193548e+01   3.8279092012e-04
1.6813294233e+01   3.9258706820e-04
1.6852394917e+01   4.0191724298e-04
1.6891495601e+01   4.1081172956e-04
1.6930596285e+01   4.1930169363e-04
1.6969696970e+01   4.2741898630e-04
1.7008797654e+01   4.3519600944e-04
1.7047898338e+01   4.4266566650e-04
1.7086999022e+01   4.4986144719e-04
1.7126099707e+01   4.5681773046e-04
1.7165200391e+01   4.6357044184e-04
1.7204301075e+01   4.7015827258e-04
1.7243401760e+01   4.7662476177e-04
1.7282502444e+01   4.6956067295e-04
1.7321603128e+01   4.7561717162e-04
1.7360703812e+01   4.8167114540e-04
1.7399804497e+01   4.8776131403e-04
1.7438905181e+01   4.9392816806e-04
1.7478005865e+01   5.0021434207e-04
1.7517106549e+01   5.0666505297e-04
1.7556207234e+01   5.1332861428e-04
1.7595307918e+01   5.2025704125e-04
1.7634408602e+01   5.2750676490e-04
1.7673509286e+01   5.3513947855e-04
1.7712609971e+01   5.4322314674e-04
1.7751710655e+01   5.5183321483e-04
1.7790811339e+01   5.6105406865e-04
1.7829912023e+01   5.7098080844e-04
1.7869012708e+01   5.8172142068e-04
1.7908113392e+01   5.9339945848e-04
1.7947214076e+01   6.0615737790e-04
1.7986314761e+01   6.2016072846e-04
1.8025415445e+01   6.3560346832e-04
1.8064516129e+01   6.5271477709e-04
1.8103616813e+01   6.7176788843e-04
1.8142717498e+01   6.9309168353e-04
1.8181818182e+01   7.1708611566e-04
1.8220918866e+01   7.4424303807e-04
1.8260019550e+01   7.7517479152e-04
1.8299120235e+01   8.1065416056e-04
1.8338220919e+01   8.5167136197e-04
1.8377321603e+01   8.9951719974e-04
1.8416422287e+01   9.5590758121e-04
1.8455522972e+01   1.0231755801e-03
1.8494623656e+01   1.1045780554e-03
1.8533724340e+01   1.2048053348e-03
1.8572825024e+01   1.3308703057e-03
1.8611925709e+01   1.4937530061e-03
1.8651026393e+01   1.7116731180e-03
1.8690127077e+01   2.0172413852e-03
1.8729227761e+01   2.4751738133e-03
1.8768328446e+01   3.2347125659e-03
1.8807429130e+01   4.7345479619e-03
1.8846529814e+01   9.0649830832e-03
1.8885630499e+01   1.5215934260e-01
1.8924731183e+01   1.0013189468e-02
1.8963831867e+01   4.7885789441e-03
1.9002932551e+01   3.1240466377e-03
1.9042033236e+01   2.3073347882e-03
1.9081133920e+01   1.8235025325e-03
1.9120234604e+01   1.5045758490e-03
1.9159335288e+01   1.2794954276e-03
1.9198435973e+01   1.1130815394e-03
1.9237536657e+01   9.8597532105e-04
1.9276637341e+01   8.8669289016e-04
1.9315738025e+01   8.0804032126e-04
1.9354838710e+01   7.4533256490e-04
1.9393939394e+01   6.9544050242e-04
1.9433040078e+01   6.5625046164e-04
1.9472140762e+01   6.2634316900e-04
1.9511241447e+01   6.0479603699e-04
1.9550342131e+01   7.2719529772e-04
1.9589442815e+01   7.1570337880e-04
1.9628543500e+01   7.0557904246e-04
1.9667644184e+01   6.9660798312e-04
1.9706744868e+01   6.8861614044e-04
1.9745845552e+01   6.8146048618e-04
1.9784946237e+01   6.7502221669e-04
1.9824046921e+01   6.6920164721e-04
1.9863147605e+01   6.6391432982e-04
1.9902248289e+01   6.5908806442e-04
1.9941348974e+01   6.5466057026e-04
1.9980449658e+01   6.5057765213e-04
2.0019550342e+01   6.4679174100e-04
2.0058651026e+01   6.4326072137e-04
2.0097751711e+01   6.3994697970e-04
2.0136852395e+01   6.3681662529e-04
2.0175953079e+01   6.3383884619e-04
2.0215053763e+01   6.3098537169e-04
2.0254154448e+01   6.2823001927e-04
2.0293255132e+01   6.2554830834e-04
2.0332355816e+01   6.2291712664e-04
2.0371456500e+01   6.2031443731e-04
2.0410557185e+01   6.1771901609e-04
2.0449657869e+01   6.1511020881e-04
2.0488758553e+01   6.1246769880e-04
2.0527859238e+01   6.0977127282e-04
2.0566959922e+01   6.0700057188e-04
2.0606060606e+01   6.0413480920e-04
2.0645161290e+01   6.0115243271e-04
2.0684261975e+01   5.9803070123e-04
2.0723362659e+01   5.9474513319e-04
2.0762463343e+01   5.9126877256e-04
2.0801564027e+01   5.8757119733e-04
2.0840664712e+01   6.0076941939e-04
2.0879765396e+01   5.0844629523e-04
2.0918866080e+01   5.0712076740e-04
2.0957966764e+01   5.0571906909e-04
2.0997067449e+01   5.0422360731e-04
2.1036168133e+01   5.0261553591e-04
2.1075268817e+01   5.0087458148e-04
2.1114369501e+01   4.9897886645e-04
2.1153470186e+01   4.9690473120e-04
2.1192570870e+01   4.9462655758e-04
2.1231671554e+01   4.9211659680e-04
2.1270772239e+01   4.8934480563e-04
2.1309872923e+01   4.8627869476e-04
2.1348973607e+01   4.8288319393e-04
2.1388074291e+01   4.7912053842e-04
2.1427174976e+01   4.7495018181e-04
2.1466275660e+01   4.7032874169e-04
2.1505376344e+01   4.6520998878e-04
2.1544477028e+01   4.5954489930e-04
2.1583577713e+01   4.5328180926e-04
2.1622678397e+01   4.4636674358e-04
2.1661779081e+01   4.3874405128e-04
2.1700879765e+01   4.5075591531e-04
2.1739980450e+01   4.4460733392e-04
2.1779081134e+01   4.3754272454e-04
2.1818181818e+01   4.2948396059e-04
2.1857282502e+01   4.2035397759e-04
2.1896383187e+01   4.1007821225e-04
2.1935483871e+01   3.9858618003e-04
2.1974584555e+01   5.8263101358e-04
2.2013685239e+01   8.1559792756e-04
2.2052785924e+01   1.1141224148e-03
2.2091886608e+01   1.5085213780e-03
2.2130987292e+01   2.0523835987e-03
2.2170087977e+01   2.8504709330e-03
2.2209188661e+01   4.1393497636e-03
2.2248289345e+01   7.0145599067e-03
2.2287390029e+01   1.3630739632e-02
2.2326490714e+01   9.5251159477e-02
2.2365591398e+01   2.0975186499e-02
2.2404692082e+01   9.7540523490e-03
2.2443792766e+01   6.4428103263e-03
2.2482893451e+01   4.8357768453e-03
2.2521994135e+01   3.8724617467e-03
2.2561094819e+01   3.2208370213e-03
2.2600195503e+01   2.7436436174e-03
2.2639296188e+01   1.8923587646e-03
2.2678396872e+01   1.8483241704e-03
2.2717497556e+01   1.6099095535e-03
2.2756598240e+01   1.4074189011e-03
2.2795698925e+01   1.2320554153e-03
2.2834799609e+01   1.0778101668e-03
2.2873900293e+01   9.4044779665e-04
2.2913000978e+01   8.1690244657e-04
2.2952101662e+01   7.0490262902e-04
2.2991202346e+01   6.0272994022e-04
2.3030303030e+01   5.0905918244e-04
2.3069403715e+01   4.2284973230e-04
2.3108504399e+01   4.2773278664e-04
2.3147605083e+01   4.4758784416e-04
2.3186705767e+01   4.6667934136e-04
2.3225806452e+01   4.8501461922e-04
2.3264907136e+01   5.0260665606e-04
2.3304007820e+01   5.1947372568e-04
2.3343108504e+01   5.3563926256e-04
2.3382209189e+01   5.5113212095e-04
2.3421309873e+01   5.6598751725e-04
2.3460410557e+01   6.1725627628e-04
2.3499511241e+01   6.3582985031e-04
2.3538611926e+01   6.5362358091e-04
2.3577712610e+01   6.7067994274e-04
2.3616813294e+01   6.8704468640e-04
2.3655913978e+01   7.0276638289e-04
2.3695014663e+01   7.1789604031e-04
2.3734115347e+01   7.3248679293e-04
2.3773216031e+01   7.4659366222e-04
2.3812316716e+01   7.6027338841e-04
2.3851417400e+01   7.7358433065e-04
2.3890518084e+01   7.8658643344e-04
2.3929618768e+01   7.9934125728e-04
2.3968719453e+01   8.1191207194e-04
2.4007820137e+01   8.2436401301e-04
2.4046920821e+01   8.3676430661e-04
2.4086021505e+01   8.4918257439e-04
2.4125122190e+01   8.6169124366e-04
2.4164222874e+01   8.7436610661e-04
2.4203323558e+01   8.8728710075e-04
2.4242424242e+01   9.0053942322e-04
2.4281524927e+01   9.1421514547e-04
2.4320625611e+01   9.2841556790e-04
2.4359726295e+01   9.3354078265e-04
2.4398826979e+01   9.4896036395e-04
2.4437927664e+01   9.6524475074e-04
2.4477028348e+01   9.8252682940e-04
2.4516129032e+01   1.0009531578e-03
2.4555229717e+01   1.0206863341e-03
2.4594330401e+01   1.0419078217e-03
2.4633431085e+01   1.0648213415e-03
2.4672531769e+01   1.0896569678e-03
2.4711632454e+01   1.1166761117e-03
2.4750733138e+01   1.1461776253e-03
2.4789833822e+01   1.1785053399e-03
2.4828934506e+01   1.2140574501e-03
2.4868035191e+01   1.2532982985e-03
2.4907135875e+01   1.2967733184e-03
2.4946236559e+01   1.3451281695e-03
2.4985337243e+01   1.3991335178e-03
2.5024437928e+01   1.4597175057e-03
2.5063538612e+01   1.5280088573e-03
2.5102639296e+01   1.6053949270e-03
2.5141739980e+01   1.6936011113e-03
2.5180840665e+01   1.7948014072e-03
2.5219941349e+01   1.9117753774e-03
2.5259042033e+01   2.0481359659e-03
2.5298142717e+01   2.2086685271e-03
2.5337243402e+01   2.3998500311e-03
2.5376344086e+01   2.6306710372e-03
2.5415444770e+01   2.9139886111e-03
2.5454545455e+01   3.2688586095e-03
2.5493646139e+01   3.7247879630e-03
2.5532746823e+01   4.3300442826e-03
2.5571847507e+01   5.1693934387e-03
2.5610948192e+01   6.4066550724e-03
2.5650048876e+01   8.4049084471e-03
2.5689149560e+01   1.2161890511e-02
2.5728250244e+01   2.1773270505e-02
2.5767350929e+01   9.8171723456e-02
2.5806451613e+01   4.0142955001e-02
2.5845552297e+01   1.6868611633e-02
2.5884652981e+01   1.0769751919e-02
2.5923753666e+01   7.9643249813e-03
2.5962854350e+01   6.3552785966e-03
2.6001955034e+01   5.3141279242e-03
2.6041055718e+01   4.5869296657e-03
2.6080156403e+01   4.0514437390e-03
2.6119257087e+01   3.6415435930e-03
2.6158357771e+01   3.3183264457e-03
2.6197458456e+01   3.0574056491e-03
2.6236559140e+01   2.8427132946e-03
2.6275659824e+01   2.6632280658e-03
2.6314760508e+01   2.5111349726e-03
2.6353861193e+01   2.3807356707e-03
2.6392961877e+01   2.2677749624e-03
2.6432062561e+01   2.1690091603e-03
2.6471163245e+01   2.0819207251e-03
2.6510263930e+01   2.0045244583e-03
2.6549364614e+01   1.9352327360e-03
2.6588465298e+01   1.8727598253e-03
2.6627565982e+01   1.8160526780e-03
2.6666666667e+01   1.7642400309e-03
2.6705767351e+01   1.7165943955e-03
2.6744868035e+01   1.6725032682e-03
2.6783968719e+01   1.6314470261e-03
2.6823069404e+01   1.5929817251e-03
2.6862170088e+01   1.5567255208e-03
2.6901270772e+01   1.6480488298e-03
2.6940371457e+01   1.6156838501e-03
2.6979472141e+01   1.5859583518e-03
2.7018572825e+01   1.5585718904e-03
2.7057673509e+01   1.5332587525e-03
2.7096774194e+01   1.5097826700e-03
2.7135874878e+01   1.4879324310e-03
2.7174975562e+01   1.4675182112e-03
2.7214076246e+01   1.4483684894e-03
2.7253176931e+01   1.4303274366e-03
2.7292277615e+01   1.4132526944e-03
2.7331378299e+01   1.3970134731e-03
2.7370478983e+01   1.3814889149e-03
2.7409579668e+01   1.3665666778e-03
2.7448680352e+01   1.3521417048e-03
2.7487781036e+01   1.3381151484e-03
2.7526881720e+01   1.3243934258e-03
2.7565982405e+01   1.3108873856e-03
2.7605083089e+01   1.2975115668e-03
2.7644183773e+01   1.2841835340e-03
2.7683284457e+01   1.2708232737e-03
2.7722385142e+01   1.2573526336e-03
2.7761485826e+01   1.2436947846e-03
2.7800586510e+01   1.2297736839e-03
2.7839687195e+01   1.2155135054e-03
2.7878787879e+01   1.2008379998e-03
2.7917888563e+01   1.2022772796e-03
2.7956989247e+01   1.1223763278e-03
2.7996089932e+01   1.1096467890e-03
2.8035190616e+01   1.0964261517e-03
2.8074291300e+01   1.0826460907e-03
2.8113391984e+01   1.0682373889e-03
2.8152492669e+01   1.0531298778e-03
2.8191593353e+01   1.0372524356e-03
2.8230694037e+01   1.0205330506e-03
2.8269794721e+01   1.0028989538e-03
2.8308895406e+01   9.8427683053e-04
2.8347996090e+01   9.6459311630e-04
2.8387096774e+01   9.4377438330e-04
2.8426197458e+01   9.2174782323e-04
2.8465298143e+01   8.9844183067e-04
2.8504398827e+01   8.7378669231e-04
2.8543499511e+01   8.4771539020e-04
2.8582600196e+01   8.2016453616e-04
2.8621700880e+01   7.9107547284e-04
2.8660801564e+01   7.6990937702e-04
2.8699902248e+01   9.8170810396e-04
2.8739002933e+01   1.2250021930e-03
2.8778103617e+01   1.2916919292e-03
2.8817204301e+01   1.6164780287e-03
2.8856304985e+01   2.0063322263e-03
2.8895405670e+01   2.4830656800e-03
2.8934506354e+01   3.0801731415e-03
2.8973607038e+01   3.8519795855e-03
2.9012707722e+01   4.8929535501e-03
2.9051808407e+01   6.3833569003e-03
2.9090909091e+01   8.7154340676e-03
2.9130009775e+01   1.2934935541e-02
2.9169110459e+01   2.3073378819e-02
2.9208211144e+01   8.4029247611e-02
2.9247311828e+01   5.7268015737e-02
2.9286412512e+01   2.1706306729e-02
2.9325513196e+01   1.3439721654e-02
2.9364613881e+01   9.7141378913e-03
2.9403714565e+01   7.5668047720e-03
2.9442815249e+01   6.1519406581e-03
2.9481915934e+01   5.1366968265e-03
2.9521016618e+01   4.3636478925e-03
2.9560117302e+01   3.7487806998e-03
2.9599217986e+01   3.2432442877e-03
2.9638318671e+01   2.3557593602e-03
2.9677419355e+01   2.1968626307e-03
2.9716520039e+01   1.8884524991e-03
2.9755620723e+01   1.6165922511e-03
2.9794721408e+01   1.3744635874e-03
2.9833822092e+01   1.1570114144e-03
2.9872922776e+01   9.6040465712e-04
2.9912023460e+01   7.9721580479e-04
2.9951124145e+01   8.3445218567e-04
2.9990224829e+01   8.7010951274e-04
3.0029325513e+01   9.0419641865e-04
3.0068426197e+01   9.3673139090e-04
3.0107526882e+01   9.6774180218e-04
3.0146627566e+01   9.9726293353e-04
3.0185728250e+01   1.0253370218e-03
3.0224828935e+01   1.0520123708e-03
3.0263929619e+01   1.0773425848e-03
3.0303030303e+01   1.1013860192e-03
3.0342130987e+01   1.1242056011e-03
3.0381231672e+01   1.1458692666e-03
3.0420332356e+01   1.1664513836e-03
3.0459433040e+01   1.1860356929e-03
3.0498533724e+01   1.2615094278e-03
3.0537634409e+01   1.2835039648e-03
3.0576735093e+01   1.3044502519e-03
3.0615835777e+01   1.3244270512e-03
3.0654936461e+01   1.3435141672e-03
3.0694037146e+01   1.3617922041e-03
3.0733137830e+01   1.3793424105e-03
3.0772238514e+01   1.3962466095e-03
3.0811339198e+01   1.4125872093e-03
3.0850439883e+01   1.4284472925e-03
3.0889540567e+01   1.4439107821e-03
3.0928641251e+01   1.4590626814e-03
3.0967741935e+01   1.4739893892e-03
3.1006842620e+01   1.4887790885e-03
3.1045943304e+01   1.5035222148e-03
3.1085043988e+01   1.5183120052e-03
3.1124144673e+01   1.5332451428e-03
3.1163245357e+01   1.5484225089e-03
3.1202346041e+01   1.5639500744e-03
3.1241446725e+01   1.5799399700e-03
3.1280547410e+01   1.5965118025e-03
3.1319648094e+01   1.6137943109e-03
3.1358748778e+01   1.6319275002e-03
3.1397849462e+01   1.6510654465e-03
3.1436950147e+01   1.6713800402e-03
3.1476050831e+01   1.6930660329e-03
3.1515151515e+01   1.7109641283e-03
3.1554252199e+01   1.7359586732e-03
3.1593352884e+01   1.7630126052e-03
3.1632453568e+01   1.7924217365e-03
3.1671554252e+01   1.8245246687e-03
3.1710654936e+01   1.8597117532e-03
3.1749755621e+01   1.8984363136e-03
3.1788856305e+01   1.9412288368e-03
3.1827956989e+01   1.9887150970e-03
3.1867057674e+01   2.0416395587e-03
3.1906158358e+01   2.1008959518e-03
3.1945259042e+01   2.1675677352e-03
3.1984359726e+01   2.2429823984e-03
3.2023460411e+01   2.3287854743e-03
3.2062561095e+01   2.4270431538e-03
3.2101661779e+01   2.5403873028e-03
3.2140762463e+01   2.6722248440e-03
3.2179863148e+01   2.8270475134e-03
3.2218963832e+01   3.0109030130e-03
3.2258064516e+01   3.2321350190e-03
3.2297165200e+01   3.5025898594e-03
3.2336265885e+01   3.8396735454e-03
3.2375366569e+01   4.2700513443e-03
3.2414467253e+01   4.8367549817e-03
3.2453567937e+01   5.6140234384e-03
3.2492668622e+01   6.7418700476e-03
3.2531769306e+01   8.5196712216e-03
3.2570869990e+01   1.1723116537e-02
3.2609970674e+01   1.9177229081e-02
3.2649071359e+01   5.5691206027e-02
3.2688172043e+01   5.8119918418e-02
3.2727272727e+01   1.8771820455e-02
3.2766373412e+01   1.1091170308e-02
3.2805474096e+01   7.8253417449e-03
3.2844574780e+01   6.0218957217e-03
3.2883675464e+01   4.8810931268e-03
3.2922776149e+01   4.0963949040e-03
3.2961876833e+01   3.5250462086e-03
3.3000977517e+01   3.0915731217e-03
3.3040078201e+01   2.7523186913e-03
3.3079178886e+01   2.4802710306e-03
3.3118279570e+01   2.2578167006e-03
3.3157380254e+01   2.0729762082e-03
3.3196480938e+01   1.9173141759e-03
3.3235581623e+01   1.7847149029e-03
3.3274682307e+01   1.6706321057e-03
3.3313782991e+01   1.5716114578e-03
3.3352883675e+01   1.4849766716e-03
3.3391984360e+01   1.4086171417e-03
3.3431085044e+01   1.3408406011e-03
3.3470185728e+01   1.2802685041e-03
3.3509286413e+01   1.2257601323e-03
3.3548387097e+01   1.1763563865e-03
3.3587487781e+01   1.1312372840e-03
3.3626588465e+01   1.0896891154e-03
3.3665689150e+01   1.0510784545e-03
3.3704789834e+01   1.0148310337e-03
3.3743890518e+01   9.8041403737e-04
3.3782991202e+01   9.4732072805e-04
3.3822091887e+01   9.1505656334e-04
3.3861192571e+01   8.8312611946e-04
3.3900293255e+01   8.5102023761e-04
3.3939393939e+01   8.1820286481e-04
3.3978494624e+01   7.8409708125e-04
3.4017595308e+01   7.4806979758e-04
3.4056695992e+01   8.2437463897e-04
3.4095796676e+01   7.8689334052e-04
3.4134897361e+01   7.5228231217e-04
3.4173998045e+01   7.2026733136e-04
3.4213098729e+01   6.9060227430e-04
3.4252199413e+01   6.6306564193e-04
3.4291300098e+01   6.3745757975e-04
3.4330400782e+01   6.1359731036e-04
3.4369501466e+01   5.9132091245e-04
3.4408602151e+01   5.7047939188e-04
3.4447702835e+01   5.5093700009e-04
3.4486803519e+01   5.3256976276e-04
3.4525904203e+01   5.1526418771e-04
3.4565004888e+01   4.9891612600e-04
3.4604105572e+01   4.8342976389e-04
3.4643206256e+01   4.6871672613e-04
3.4682306940e+01   4.5469527276e-04
3.4721407625e+01   4.4128957226e-04
3.4760508309e+01   4.2842903360e-04
3.4799608993e+01   4.1604767794e-04
3.4838709677e+01   4.0408352770e-04
3.4877810362e+01   3.9247798660e-04
3.4916911046e+01   3.8117517864e-04
3.4956011730e+01   3.7012120880e-04
3.4995112414e+01   3.7146157701e-04
3.5034213099e+01   3.2395264560e-04
3.5073313783e+01   3.1731574817e-04
3.5112414467e+01   3.1093753958e-04
3.5151515152e+01   3.0477481533e-04
3.5190615836e+01   2.9878411277e-04
3.5229716520e+01   2.9292140432e-04
3.5268817204e+01   2.8714183765e-04
3.5307917889e+01   2.8139953145e-04
3.5347018573e+01   2.7564743623e-04
3.5386119257e+01   2.6983727027e-04
3.5425219941e+01   2.6391954072e-04
3.5464320626e+01   2.5784365988e-04
3.5503421310e+01   2.5155816621e-04
3.5542521994e+01   2.4501106002e-04
3.5581622678e+01   2.3815026630e-04
3.5620723363e+01   2.3092424247e-04
3.5659824047e+01   2.3503597253e-04
3.5698924731e+01   3.1179532171e-04
3.5738025415e+01   4.0606089175e-04
3.5777126100e+01   5.2333038350e-04
3.5816226784e+01   4.0779278702e-04
3.5855327468e+01   5.9864272685e-04
3.5894428152e+01   8.6010944874e-04
3.5933528837e+01   1.2361246830e-03
3.5972629521e+01   1.8188731087e-03
3.6011730205e+01   2.8406933607e-03
3.6050830890e+01   5.1049268090e-03
3.6089931574e+01   1.4540455264e-02
3.6129032258e+01   2.6486198015e-02
3.6168132942e+01   7.7164674521e-03
3.6207233627e+01   4.4706445867e-03
3.6246334311e+01   3.2237851428e-03
3.6285434995e+01   2.5309922068e-03
3.6324535679e+01   2.0821580854e-03
3.6363636364e+01   1.7619463224e-03
3.6402737048e+01   1.5177156788e-03
3.6441837732e+01   1.3220840652e-03
3.6480938416e+01   1.1594536876e-03
3.6520039101e+01   1.0203279880e-03
3.6559139785e+01   8.9862483517e-04
3.6598240469e+01   7.9029110363e-04
3.6637341153e+01   6.9253771155e-04
3.6676441838e+01   6.0339320885e-04
3.6715542522e+01   2.1698239798e-04
3.6754643206e+01   2.1062084510e-04
3.6793743891e+01   2.1764346803e-04
3.6832844575e+01   2.2620217023e-04
3.6871945259e+01   2.3407878669e-04
3.6911045943e+01   2.4126063870e-04
3.6950146628e+01   2.4773766633e-04
3.6989247312e+01   2.5350202886e-04
3.7028347996e+01   2.5854767673e-04
3.7067448680e+01   2.6286990410e-04
3.7106549365e+01   2.6646488981e-04
3.7145650049e+01   2.6932923318e-04
3.7184750733e+01   2.7145949045e-04
3.7223851417e+01   2.7285171898e-04
3.7262952102e+01   2.7350104213e-04
3.7302052786e+01   2.8750400822e-04
3.7341153470e+01   3.0860208492e-04
3.7380254154e+01   3.2860210834e-04
3.7419354839e+01   3.4757951241e-04
3.7458455523e+01   3.6556235816e-04
3.7497556207e+01   3.8250213286e-04
3.7536656891e+01   3.9823015187e-04
3.7575757576e+01   4.0079309120e-04
3.7614858260e+01   4.2676612220e-04
3.7653958944e+01   4.5183695993e-04
3.7693059629e+01   4.7613742486e-04
3.7732160313e+01   4.9979870191e-04
3.7771260997e+01   5.2295141415e-04
3.7810361681e+01   5.4572572808e-04
3.7849462366e+01   5.6825148637e-04
3.7888563050e+01   5.9065836373e-04
3.7927663734e+01   6.1307604184e-04
3.7966764418e+01   6.3563440004e-04
3.8005865103e+01   6.5846371920e-04
3.8044965787e+01   6.8169489693e-04
3.8084066471e+01   7.0545967165e-04
3.8123167155e+01   7.2989085055e-04
3.8162267840e+01   7.5512253132e-04
3.8201368524e+01   7.8129029818e-04
3.8240469208e+01   8.0853135885e-04
3.8279569892e+01   8.3698456900e-04
3.8318670577e+01   8.6679026479e-04
3.8357771261e+01   8.9808979095e-04
3.8396871945e+01   9.3102457280e-04
3.8435972630e+01   9.6573453498e-04
3.8475073314e+01   1.0023556201e-03
3.8514173998e+01   1.0410161077e-03
3.8553274682e+01   1.0818313812e-03
3.8592375367e+01   1.1248967396e-03
3.8631476051e+01   1.1702778079e-03
3.8670576735e+01   1.2179980657e-03
3.8709677419e+01   1.2680229955e-03
3.8748778104e+01   1.3202403509e-03
3.8787878788e+01   1.3763748067e-03
3.8826979472e+01   1.4351748736e-03
3.8866080156e+01   1.4969150461e-03
3.8905180841e+01   1.5616395828e-03
3.8944281525e+01   1.6409091098e-03
3.8983382209e+01   1.8918435182e-03
3.9022482893e+01   2.1835345393e-03
3.9061583578e+01   2.5256596847e-03
3.9100684262e+01   2.9311902919e-03
3.9139784946e+01   3.4179244377e-03
3.9178885630e+01   4.0109641920e-03
3.9217986315e+01   4.7468935656e-03
3.9257086999e+01   5.6811952963e-03
3.9296187683e+01   6.9022703620e-03
3.9335288368e+01   8.5601126386e-03
3.9374389052e+01   1.0931282328e-02
3.9413489736e+01   1.4588121036e-02
3.9452590420e+01   2.0938540689e-02
3.9491691105e+01   3.4627389292e-02
3.9530791789e+01   8.5414146073e-02
3.9569892473e+01   2.5439202102e-01
3.9608993157e+01   5.4970446090e-02
3.9648093842e+01   3.2040369144e-02
3.9687194526e+01   2.3197197997e-02
3.9726295210e+01   1.8521006847e-02
3.9765395894e+01   1.5635202397e-02
3.9804496579e+01   1.3681709477e-02
3.9843597263e+01   1.2275191102e-02
3.9882697947e+01   1.1216894734e-02
3.9921798631e+01   1.0393906948e-02
3.9960899316e+01   9.7373222329e-03
4.0000000000e+01   9.0244542515e-03
4.0000000000e+01   9.0244542515e-03
