X    Y
2.0000000000e-01   0.0000000000e+00
1.9999388596e-01   -1.5650082301e-03
1.9997552586e-01   -3.1334477275e-03
1.9994489321e-01   -4.7052303754e-03
1.9990196224e-01   -6.2802677083e-03
1.9984670785e-01   -7.8584709172e-03
1.9977910563e-01   -9.4397508545e-03
1.9969913190e-01   -1.1024018039e-02
1.9960676365e-01   -1.2611182660e-02
1.9950197859e-01   -1.4201154585e-02
1.9938475513e-01   -1.5793843360e-02
1.9925507239e-01   -1.7389158220e-02
1.9911291020e-01   -1.8987008089e-02
1.9895824909e-01   -2.0587301588e-02
1.9879107034e-01   -2.2189947037e-02
1.9861135591e-01   -2.3794852465e-02
1.9841908849e-01   -2.5401925611e-02
1.9821425152e-01   -2.7011073927e-02
1.9799682912e-01   -2.8622204588e-02
1.9776680617e-01   -3.0235224495e-02
1.9752416827e-01   -3.1850040277e-02
1.9726890174e-01   -3.3466558301e-02
1.9700099365e-01   -3.5084684673e-02
1.9672043179e-01   -3.6704325243e-02
1.9642720470e-01   -3.8325385612e-02
1.9612130165e-01   -3.9947771136e-02
1.9580271264e-01   -4.1571386929e-02
1.9547142845e-01   -4.3196137872e-02
1.9512744056e-01   -4.4821928613e-02
1.9477074122e-01   -4.6448663575e-02
1.9440132343e-01   -4.8076246960e-02
1.9401918093e-01   -4.9704582752e-02
1.9362430822e-01   -5.1333574724e-02
1.9321670053e-01   -5.2963126445e-02
1.9279635388e-01   -5.4593141278e-02
1.9236326503e-01   -5.6223522391e-02
1.9191743148e-01   -5.7854172757e-02
1.9145885152e-01   -5.9484995164e-02
1.9098752418e-01   -6.1115892214e-02
1.9050344926e-01   -6.2746766333e-02
1.9000662732e-01   -6.4377519771e-02
1.8949705968e-01   -6.6008054610e-02
1.8897474844e-01   -6.7638272766e-02
1.8843969646e-01   -6.9268075997e-02
1.8789190736e-01   -7.0897365904e-02
1.8733138555e-01   -7.2526043938e-02
1.8675813618e-01   -7.4154011403e-02
1.8617216520e-01   -7.5781169464e-02
1.8557347932e-01   -7.7407419144e-02
1.8496208604e-01   -7.9032661340e-02
1.8433799361e-01   -8.0656796815e-02
1.8370121107e-01   -8.2279726212e-02
1.8305174824e-01   -8.3901350055e-02
1.8238961571e-01   -8.5521568753e-02
1.8171482485e-01   -8.7140282605e-02
1.8102738782e-01   -8.8757391805e-02
1.8032731755e-01   -9.0372796444e-02
1.7961462775e-01   -9.1986396521e-02
1.7888933292e-01   -9.3598091939e-02
1.7815144834e-01   -9.5207782515e-02
1.7740099007e-01   -9.6815367982e-02
1.7663797496e-01   -9.8420747995e-02
1.7586242063e-01   -1.0002382213e-01
1.7507434551e-01   -1.0162448991e-01
1.7427376880e-01   -1.0322265077e-01
1.7346071048e-01   -1.0481820410e-01
1.7263519133e-01   -1.0641104922e-01
1.7179723290e-01   -1.0800108540e-01
1.7094685756e-01   -1.0958821188e-01
1.7008408844e-01   -1.1117232784e-01
1.6920894945e-01   -1.1275333242e-01
1.6832146533e-01   -1.1433112473e-01
1.6742166156e-01   -1.1590560384e-01
1.6650956444e-01   -1.1747666881e-01
1.6558520105e-01   -1.1904421867e-01
1.6464859927e-01   -1.2060815243e-01
1.6369978774e-01   -1.2216836908e-01
1.6273879592e-01   -1.2372476763e-01
1.6176565405e-01   -1.2527724704e-01
1.6078039316e-01   -1.2682570631e-01
1.5978304505e-01   -1.2837004442e-01
1.5877364235e-01   -1.2991016037e-01
1.5775221844e-01   -1.3144595318e-01
1.5671880751e-01   -1.3297732185e-01
1.5567344454e-01   -1.3450416545e-01
1.5461616529e-01   -1.3602638304e-01
1.5354700632e-01   -1.3754387372e-01
1.5246600496e-01   -1.3905653664e-01
1.5137319934e-01   -1.4056427097e-01
1.5026862838e-01   -1.4206697592e-01
1.4915233179e-01   -1.4356455076e-01
1.4802435006e-01   -1.4505689481e-01
1.4688472446e-01   -1.4654390745e-01
1.4573349707e-01   -1.4802548810e-01
1.4457071073e-01   -1.4950153626e-01
1.4339640908e-01   -1.5097195150e-01
1.4221063654e-01   -1.5243663347e-01
1.4101343831e-01   -1.5389548188e-01
1.3980486039e-01   -1.5534839654e-01
1.3858494954e-01   -1.5679527732e-01
1.3735375333e-01   -1.5823602423e-01
1.3611132007e-01   -1.5967053732e-01
1.3485769890e-01   -1.6109871678e-01
1.3359293970e-01   -1.6252046289e-01
1.3231709315e-01   -1.6393567605e-01
1.3103021070e-01   -1.6534425675e-01
1.2973234458e-01   -1.6674610562e-01
1.2842354780e-01   -1.6814112342e-01
1.2710387414e-01   -1.6952921101e-01
1.2577337816e-01   -1.7091026942e-01
1.2443211518e-01   -1.7228419977e-01
1.2308014130e-01   -1.7365090337e-01
1.2171751340e-01   -1.7501028164e-01
1.2034428912e-01   -1.7636223618e-01
1.1896052686e-01   -1.7770666873e-01
1.1756628582e-01   -1.7904348118e-01
1.1616162592e-01   -1.8037257563e-01
1.1474660788e-01   -1.8169385429e-01
1.1332129317e-01   -1.8300721960e-01
1.1188574403e-01   -1.8431257415e-01
1.1044002344e-01   -1.8560982072e-01
1.0898419517e-01   -1.8689886230e-01
1.0751832373e-01   -1.8817960204e-01
1.0604247438e-01   -1.8945194333e-01
1.0455671314e-01   -1.9071578973e-01
1.0306110679e-01   -1.9197104504e-01
1.0155572285e-01   -1.9321761327e-01
1.0004062961e-01   -1.9445539863e-01
9.8515896082e-02   -1.9568430559e-01
9.6981592035e-02   -1.9690423882e-01
9.5437787984e-02   -1.9811510326e-01
9.3884555185e-02   -1.9931680406e-01
9.2321965633e-02   -2.0050924664e-01
9.0750092062e-02   -2.0169233668e-01
8.9169007943e-02   -2.0286598008e-01
8.7578787480e-02   -2.0403008306e-01
8.5979505610e-02   -2.0518455206e-01
8.4371237999e-02   -2.0632929383e-01
8.2754061043e-02   -2.0746421538e-01
8.1128051862e-02   -2.0858922403e-01
7.9493288299e-02   -2.0970422737e-01
7.7849848919e-02   -2.1080913330e-01
7.6197813007e-02   -2.1190385003e-01
7.4537260560e-02   -2.1298828607e-01
7.2868272294e-02   -2.1406235025e-01
7.1190929634e-02   -2.1512595172e-01
6.9505314712e-02   -2.1617899997e-01
6.7811510369e-02   -2.1722140482e-01
6.6109600149e-02   -2.1825307641e-01
6.4399668296e-02   -2.1927392527e-01
6.2681799753e-02   -2.2028386224e-01
6.0956080157e-02   -2.2128279854e-01
5.9222595839e-02   -2.2227064576e-01
5.7481433819e-02   -2.2324731586e-01
5.5732681804e-02   -2.2421272116e-01
5.3976428185e-02   -2.2516677440e-01
5.2212762033e-02   -2.2610938868e-01
5.0441773096e-02   -2.2704047751e-01
4.8663551797e-02   -2.2795995481e-01
4.6878189232e-02   -2.2886773491e-01
4.5085777162e-02   -2.2976373255e-01
4.3286408016e-02   -2.3064786291e-01
4.1480174881e-02   -2.3152004158e-01
3.9667171504e-02   -2.3238018462e-01
3.7847492286e-02   -2.3322820850e-01
3.6021232279e-02   -2.3406403017e-01
3.4188487182e-02   -2.3488756702e-01
3.2349353340e-02   -2.3569873694e-01
3.0503927735e-02   -2.3649745826e-01
2.8652307986e-02   -2.3728364979e-01
2.6794592348e-02   -2.3805723086e-01
2.4930879699e-02   -2.3881812127e-01
2.3061269547e-02   -2.3956624133e-01
2.1185862019e-02   -2.4030151187e-01
1.9304757857e-02   -2.4102385421e-01
1.7418058420e-02   -2.4173319022e-01
1.5525865671e-02   -2.4242944231e-01
1.3628282180e-02   -2.4311253339e-01
1.1725411118e-02   -2.4378238697e-01
9.8173562508e-03   -2.4443892708e-01
7.9042219348e-03   -2.4508207832e-01
5.9861131147e-03   -2.4571176586e-01
4.0631353178e-03   -2.4632791546e-01
2.1353946490e-03   -2.4693045345e-01
2.0299778710e-04   -2.4751930676e-01
-1.7339480207e-03   -2.4809440294e-01
-3.6753349901e-03   -2.4865567711e-01
-5.6210547789e-03   -2.4920305128e-01
-7.5709984639e-03   -2.4973645483e-01
-9.5250565724e-03   -2.5025581779e-01
-1.1483119087e-02   -2.5076107084e-01
-1.3445075452e-02   -2.5125214528e-01
-1.5410814577e-02   -2.5172897309e-01
-1.7380224841e-02   -2.5219148692e-01
-1.9353194100e-02   -2.5263962007e-01
-2.1329609693e-02   -2.5307330655e-01
-2.3309358444e-02   -2.5349248104e-01
-2.5292326670e-02   -2.5389707893e-01
-2.7278400185e-02   -2.5428703631e-01
-2.9267464306e-02   -2.5466228998e-01
-3.1259403862e-02   -2.5502277748e-01
-3.3254103191e-02   -2.5536843708e-01
-3.5251446157e-02   -2.5569920776e-01
-3.7251316146e-02   -2.5601502929e-01
-3.9253596079e-02   -2.5631584216e-01
-4.1258168413e-02   -2.5660158766e-01
-4.3264915149e-02   -2.5687220782e-01
-4.5273717840e-02   -2.5712764546e-01
-4.7284457592e-02   -2.5736784421e-01
-4.9297015077e-02   -2.5759274848e-01
-5.1311270532e-02   -2.5780230348e-01
-5.3327103773e-02   -2.5799645525e-01
-5.5344394193e-02   -2.5817515064e-01
-5.7363020777e-02   -2.5833833734e-01
-5.9382862101e-02   -2.5848596387e-01
-6.1403796344e-02   -2.5861797961e-01
-6.3425701292e-02   -2.5873433478e-01
-6.5448454346e-02   -2.5883498048e-01
-6.7471932526e-02   -2.5891986867e-01
-6.9496012482e-02   -2.5898895219e-01
-7.1520570499e-02   -2.5904218478e-01
-7.3545482503e-02   -2.5907952106e-01
-7.5570624069e-02   -2.5910091656e-01
-7.7595870427e-02   -2.5910632774e-01
-7.9621096472e-02   -2.5909571195e-01
-8.1646176769e-02   -2.5906902749e-01
-8.3670985560e-02   -2.5902623359e-01
-8.5695396772e-02   -2.5896729043e-01
-8.7719284024e-02   -2.5889215913e-01
-8.9742520637e-02   -2.5880080178e-01
-9.1764979638e-02   -2.5869318143e-01
-9.3786533768e-02   -2.5856926211e-01
-9.5807055492e-02   -2.5842900884e-01
-9.7826417005e-02   -2.5827238762e-01
-9.9844490241e-02   -2.5809936545e-01
-1.0186114688e-01   -2.5790991034e-01
-1.0387625835e-01   -2.5770399132e-01
-1.0588969586e-01   -2.5748157842e-01
-1.0790133035e-01   -2.5724264272e-01
-1.0991103259e-01   -2.5698715632e-01
-1.1191867309e-01   -2.5671509237e-01
-1.1392412219e-01   -2.5642642508e-01
-1.1592725000e-01   -2.5612112968e-01
-1.1792792646e-01   -2.5579918252e-01
-1.1992602132e-01   -2.5546056096e-01
-1.2192140418e-01   -2.5510524348e-01
-1.2391394445e-01   -2.5473320963e-01
-1.2590351139e-01   -2.5434444006e-01
-1.2788997412e-01   -2.5393891649e-01
-1.2987320161e-01   -2.5351662177e-01
-1.3185306272e-01   -2.5307753986e-01
-1.3382942616e-01   -2.5262165582e-01
-1.3580216057e-01   -2.5214895583e-01
-1.3777113444e-01   -2.5165942723e-01
-1.3973621619e-01   -2.5115305846e-01
-1.4169727415e-01   -2.5062983911e-01
-1.4365417659e-01   -2.5008975992e-01
-1.4560679167e-01   -2.4953281278e-01
-1.4755498753e-01   -2.4895899074e-01
-1.4949863225e-01   -2.4836828800e-01
-1.5143759386e-01   -2.4776069994e-01
-1.5337174037e-01   -2.4713622310e-01
-1.5530093976e-01   -2.4649485522e-01
-1.5722506000e-01   -2.4583659518e-01
-1.5914396905e-01   -2.4516144309e-01
-1.6105753489e-01   -2.4446940023e-01
-1.6296562549e-01   -2.4376046908e-01
-1.6486810888e-01   -2.4303465332e-01
-1.6676485309e-01   -2.4229195782e-01
-1.6865572620e-01   -2.4153238868e-01
-1.7054059636e-01   -2.4075595321e-01
-1.7241933177e-01   -2.3996265991e-01
-1.7429180069e-01   -2.3915251852e-01
-1.7615787148e-01   -2.3832554000e-01
-1.7801741258e-01   -2.3748173654e-01
-1.7987029254e-01   -2.3662112154e-01
-1.8171638000e-01   -2.3574370965e-01
-1.8355554374e-01   -2.3484951675e-01
-1.8538765266e-01   -2.3393855995e-01
-1.8721257579e-01   -2.3301085759e-01
-1.8903018233e-01   -2.3206642929e-01
-1.9084034162e-01   -2.3110529587e-01
-1.9264292317e-01   -2.3012747941e-01
-1.9443779667e-01   -2.2913300325e-01
-1.9622483200e-01   -2.2812189196e-01
-1.9800389924e-01   -2.2709417138e-01
-1.9977486866e-01   -2.2604986858e-01
-2.0153761077e-01   -2.2498901189e-01
-2.0329199629e-01   -2.2391163091e-01
-2.0503789617e-01   -2.2281775646e-01
-2.0677518164e-01   -2.2170742065e-01
-2.0850372414e-01   -2.2058065682e-01
-2.1022339541e-01   -2.1943749958e-01
-2.1193406744e-01   -2.1827798479e-01
-2.1363561254e-01   -2.1710214956e-01
-2.1532790328e-01   -2.1591003226e-01
-2.1701081254e-01   -2.1470167251e-01
-2.1868421354e-01   -2.1347711120e-01
-2.2034797980e-01   -2.1223639045e-01
-2.2200198518e-01   -2.1097955364e-01
-2.2364610388e-01   -2.0970664540e-01
-2.2528021048e-01   -2.0841771162e-01
-2.2690417988e-01   -2.0711279943e-01
-2.2851788738e-01   -2.0579195720e-01
-2.3012120867e-01   -2.0445523454e-01
-2.3171401981e-01   -2.0310268233e-01
-2.3329619728e-01   -2.0173435265e-01
-2.3486761796e-01   -2.0035029885e-01
-2.3642815917e-01   -1.9895057551e-01
-2.3797769864e-01   -1.9753523841e-01
-2.3951611455e-01   -1.9610434460e-01
-2.4104328553e-01   -1.9465795233e-01
-2.4255909068e-01   -1.9319612109e-01
-2.4406340954e-01   -1.9171891157e-01
-2.4555612218e-01   -1.9022638570e-01
-2.4703710910e-01   -1.8871860659e-01
-2.4850625134e-01   -1.8719563858e-01
-2.4996343044e-01   -1.8565754722e-01
-2.5140852844e-01   -1.8410439924e-01
-2.5284142791e-01   -1.8253626256e-01
-2.5426201199e-01   -1.8095320632e-01
-2.5567016431e-01   -1.7935530083e-01
-2.5706576910e-01   -1.7774261756e-01
-2.5844871113e-01   -1.7611522919e-01
-2.5981887574e-01   -1.7447320955e-01
-2.6117614888e-01   -1.7281663363e-01
-2.6252041705e-01   -1.7114557760e-01
-2.6385156738e-01   -1.6946011877e-01
-2.6516948759e-01   -1.6776033560e-01
-2.6647406604e-01   -1.6604630768e-01
-2.6776519170e-01   -1.6431811576e-01
-2.6904275417e-01   -1.6257584170e-01
-2.7030664371e-01   -1.6081956849e-01
-2.7155675123e-01   -1.5904938023e-01
-2.7279296829e-01   -1.5726536214e-01
-2.7401518713e-01   -1.5546760053e-01
-2.7522330067e-01   -1.5365618282e-01
-2.7641720251e-01   -1.5183119751e-01
-2.7759678696e-01   -1.4999273418e-01
-2.7876194902e-01   -1.4814088349e-01
-2.7991258440e-01   -1.4627573716e-01
-2.8104858955e-01   -1.4439738797e-01
-2.8216986164e-01   -1.4250592976e-01
-2.8327629856e-01   -1.4060145740e-01
-2.8436779898e-01   -1.3868406680e-01
-2.8544426229e-01   -1.3675385491e-01
-2.8650558867e-01   -1.3481091967e-01
-2.8755167905e-01   -1.3285536007e-01
-2.8858243514e-01   -1.3088727606e-01
-2.8959775945e-01   -1.2890676862e-01
-2.9059755526e-01   -1.2691393970e-01
-2.9158172667e-01   -1.2490889222e-01
-2.9255017858e-01   -1.2289173007e-01
-2.9350281671e-01   -1.2086255812e-01
-2.9443954759e-01   -1.1882148216e-01
-2.9536027861e-01   -1.1676860893e-01
-2.9626491796e-01   -1.1470404612e-01
-2.9715337471e-01   -1.1262790231e-01
-2.9802555875e-01   -1.1054028703e-01
-2.9888138086e-01   -1.0844131068e-01
-2.9972075266e-01   -1.0633108457e-01
-3.0054358667e-01   -1.0420972090e-01
-3.0134979627e-01   -1.0207733274e-01
-3.0213929574e-01   -9.9934034015e-02
-3.0291200024e-01   -9.7779939518e-02
-3.0366782583e-01   -9.5615164884e-02
-3.0440668951e-01   -9.3439826584e-02
-3.0512850914e-01   -9.1254041915e-02
-3.0583320356e-01   -8.9057928990e-02
-3.0652069248e-01   -8.6851606730e-02
-3.0719089657e-01   -8.4635194848e-02
-3.0784373745e-01   -8.2408813848e-02
-3.0847913767e-01   -8.0172585004e-02
-3.0909702072e-01   -7.7926630362e-02
-3.0969731107e-01   -7.5671072719e-02
-3.1027993414e-01   -7.3406035618e-02
-3.1084481632e-01   -7.1131643338e-02
-3.1139188497e-01   -6.8848020882e-02
-3.1192106845e-01   -6.6555293968e-02
-3.1243229607e-01   -6.4253589018e-02
-3.1292549817e-01   -6.1943033147e-02
-3.1340060606e-01   -5.9623754153e-02
-3.1385755205e-01   -5.7295880509e-02
-3.1429626948e-01   -5.4959541349e-02
-3.1471669268e-01   -5.2614866460e-02
-3.1511875701e-01   -5.0261986271e-02
-3.1550239884e-01   -4.7901031842e-02
-3.1586755557e-01   -4.5532134854e-02
-3.1621416565e-01   -4.3155427600e-02
-3.1654216853e-01   -4.0771042972e-02
-3.1685150475e-01   -3.8379114455e-02
-3.1714211584e-01   -3.5979776111e-02
-3.1741394443e-01   -3.3573162573e-02
-3.1766693417e-01   -3.1159409033e-02
-3.1790102979e-01   -2.8738651232e-02
-3.1811617707e-01   -2.6311025452e-02
-3.1831232286e-01   -2.3876668500e-02
-3.1848941509e-01   -2.1435717705e-02
-3.1864740275e-01   -1.8988310903e-02
-3.1878623593e-01   -1.6534586431e-02
-3.1890586578e-01   -1.4074683111e-02
-3.1900624455e-01   -1.1608740247e-02
-3.1908732558e-01   -9.1368976097e-03
-3.1914906331e-01   -6.6592954299e-03
-3.1919141327e-01   -4.1760743876e-03
-3.1921433208e-01   -1.6873756023e-03
-3.1921777749e-01   8.0665937637e-04
-3.1920170834e-01   3.3058885784e-03
-3.1916608458e-01   5.8101696227e-03
-3.1911086729e-01   8.3193597265e-03
-3.1903601867e-01   1.0833315715e-02
-3.1894150200e-01   1.3351894029e-02
-3.1882728174e-01   1.5874950738e-02
-3.1869332343e-01   1.8402341544e-02
-3.1853959377e-01   2.0933921793e-02
-3.1836606057e-01   2.3469546486e-02
-3.1817269280e-01   2.6009070282e-02
-3.1795946054e-01   2.8552347515e-02
-3.1772633503e-01   3.1099232192e-02
-3.1747328863e-01   3.3649578011e-02
-3.1720029488e-01   3.6203238365e-02
-3.1690732844e-01   3.8760066347e-02
-3.1659436512e-01   4.1319914766e-02
-3.1626138188e-01   4.3882636147e-02
-3.1590835686e-01   4.6448082743e-02
-3.1553526933e-01   4.9016106542e-02
-3.1514209973e-01   5.1586559274e-02
-3.1472882964e-01   5.4159292418e-02
-3.1429544182e-01   5.6734157210e-02
-3.1384192021e-01   5.9311004649e-02
-3.1336824987e-01   6.1889685504e-02
-3.1287441707e-01   6.4470050324e-02
-3.1236040923e-01   6.7051949438e-02
-3.1182621494e-01   6.9635232967e-02
-3.1127182396e-01   7.2219750828e-02
-3.1069722724e-01   7.4805352739e-02
-3.1010241690e-01   7.7391888228e-02
-3.0948738621e-01   7.9979206635e-02
-3.0885212965e-01   8.2567157119e-02
-3.0819664288e-01   8.5155588666e-02
-3.0752092272e-01   8.7744350087e-02
-3.0682496718e-01   9.0333290032e-02
-3.0610877547e-01   9.2922256987e-02
-3.0537234795e-01   9.5511099282e-02
-3.0461568621e-01   9.8099665095e-02
-3.0383879300e-01   1.0068780246e-01
-3.0304167225e-01   1.0327535925e-01
-3.0222432910e-01   1.0586218322e-01
-3.0138676988e-01   1.0844812198e-01
-3.0052900210e-01   1.1103302300e-01
-2.9965103447e-01   1.1361673362e-01
-2.9875287689e-01   1.1619910105e-01
-2.9783454046e-01   1.1877997239e-01
-2.9689603746e-01   1.2135919459e-01
-2.9593738139e-01   1.2393661451e-01
-2.9495858693e-01   1.2651207886e-01
-2.9395966997e-01   1.2908543424e-01
-2.9294064759e-01   1.3165652716e-01
-2.9190153807e-01   1.3422520398e-01
-2.9084236091e-01   1.3679131095e-01
-2.8976313679e-01   1.3935469424e-01
-2.8866388760e-01   1.4191519986e-01
-2.8754463644e-01   1.4447267373e-01
-2.8640540760e-01   1.4702696167e-01
-2.8524622659e-01   1.4957790936e-01
-2.8406712012e-01   1.5212536239e-01
-2.8286811612e-01   1.5466916621e-01
-2.8164924370e-01   1.5720916618e-01
-2.8041053321e-01   1.5974520753e-01
-2.7915201620e-01   1.6227713538e-01
-2.7787372541e-01   1.6480479472e-01
-2.7657569483e-01   1.6732803043e-01
-2.7525795963e-01   1.6984668726e-01
-2.7392055622e-01   1.7236060983e-01
-2.7256352220e-01   1.7486964266e-01
-2.7118689639e-01   1.7737363012e-01
-2.6979071886e-01   1.7987241643e-01
-2.6837503086e-01   1.8236584572e-01
-2.6693987487e-01   1.8485376194e-01
-2.6548529459e-01   1.8733600892e-01
-2.6401133495e-01   1.8981243034e-01
-2.6251804209e-01   1.9228286975e-01
-2.6100546338e-01   1.9474717051e-01
-2.5947364742e-01   1.9720517586e-01
-2.5792264403e-01   1.9965672888e-01
-2.5635250425e-01   2.0210167246e-01
-2.5476328036e-01   2.0453984935e-01
-2.5315502587e-01   2.0697110213e-01
-2.5152779550e-01   2.0939527318e-01
-2.4988164524e-01   2.1181220474e-01
-2.4821663229e-01   2.1422173884e-01
-2.4653281508e-01   2.1662371734e-01
-2.4483025329e-01   2.1901798188e-01
-2.4310900783e-01   2.2140437396e-01
-2.4136914087e-01   2.2378273483e-01
-2.3961071578e-01   2.2615290557e-01
-2.3783379722e-01   2.2851472705e-01
-2.3603845106e-01   2.3086803991e-01
-2.3422474443e-01   2.3321268461e-01
-2.3239274572e-01   2.3554850136e-01
-2.3054252455e-01   2.3787533020e-01
-2.2867415179e-01   2.4019301089e-01
-2.2678769958e-01   2.4250138301e-01
-2.2488324131e-01   2.4480028590e-01
-2.2296085162e-01   2.4708955866e-01
-2.2102060640e-01   2.4936904018e-01
-2.1906258283e-01   2.5163856909e-01
-2.1708685932e-01   2.5389798383e-01
-2.1509351557e-01   2.5614712256e-01
-2.1308263253e-01   2.5838582324e-01
-2.1105429241e-01   2.6061392357e-01
-2.0900857871e-01   2.6283126104e-01
-2.0694557620e-01   2.6503767289e-01
-2.0486537090e-01   2.6723299614e-01
-2.0276805013e-01   2.6941706758e-01
-2.0065370247e-01   2.7158972377e-01
-1.9852241779e-01   2.7375080105e-01
-1.9637428722e-01   2.7590013555e-01
-1.9420940321e-01   2.7803756318e-01
-1.9202785946e-01   2.8016291963e-01
-1.8982975095e-01   2.8227604042e-01
-1.8761517399e-01   2.8437676084e-01
-1.8538422612e-01   2.8646491603e-01
-1.8313700622e-01   2.8854034092e-01
-1.8087361443e-01   2.9060287029e-01
-1.7859415219e-01   2.9265233876e-01
-1.7629872225e-01   2.9468858082e-01
-1.7398742862e-01   2.9671143079e-01
-1.7166037663e-01   2.9872072290e-01
-1.6931767291e-01   3.0071629128e-01
-1.6695942536e-01   3.0269796995e-01
-1.6458574322e-01   3.0466559288e-01
-1.6219673698e-01   3.0661899396e-01
-1.5979251846e-01   3.0855800708e-01
-1.5737320078e-01   3.1048246608e-01
-1.5493889833e-01   3.1239220483e-01
-1.5248972683e-01   3.1428705723e-01
-1.5002580329e-01   3.1616685724e-01
-1.4754724600e-01   3.1803143887e-01
-1.4505417457e-01   3.1988063628e-01
-1.4254670989e-01   3.2171428374e-01
-1.4002497415e-01   3.2353221570e-01
-1.3748909083e-01   3.2533426678e-01
-1.3493918472e-01   3.2712027186e-01
-1.3237538187e-01   3.2889006607e-01
-1.2979780964e-01   3.3064348484e-01
-1.2720659667e-01   3.3238036393e-01
-1.2460187288e-01   3.3410053950e-01
-1.2198376946e-01   3.3580384808e-01
-1.1935241889e-01   3.3749012670e-01
-1.1670795492e-01   3.3915921286e-01
-1.1405051256e-01   3.4081094462e-01
-1.1138022809e-01   3.4244516061e-01
-1.0869723906e-01   3.4406170011e-01
-1.0600168424e-01   3.4566040310e-01
-1.0329370368e-01   3.4724111026e-01
-1.0057343866e-01   3.4880366308e-01
-9.7841031691e-02   3.5034790391e-01
-9.5096626529e-02   3.5187367596e-01
-9.2340368135e-02   3.5338082341e-01
-8.9572402693e-02   3.5486919146e-01
-8.6792877588e-02   3.5633862636e-01
-8.4001941407e-02   3.5778897551e-01
-8.1199743921e-02   3.5922008749e-01
-7.8386436082e-02   3.6063181214e-01
-7.5562170010e-02   3.6202400062e-01
-7.2727098983e-02   3.6339650549e-01
-6.9881377427e-02   3.6474918073e-01
-6.7025160901e-02   3.6608188187e-01
-6.4158606089e-02   3.6739446602e-01
-6.1281870785e-02   3.6868679196e-01
-5.8395113879e-02   3.6995872017e-01
-5.5498495346e-02   3.7121011297e-01
-5.2592176229e-02   3.7244083453e-01
-4.9676318627e-02   3.7365075097e-01
-4.6751085674e-02   3.7483973046e-01
-4.3816641529e-02   3.7600764323e-01
-4.0873151357e-02   3.7715436171e-01
-3.7920781310e-02   3.7827976054e-01
-3.4959698511e-02   3.7938371674e-01
-3.1990071036e-02   3.8046610966e-01
-2.9012067893e-02   3.8152682119e-01
-2.6025859005e-02   3.8256573571e-01
-2.3031615187e-02   3.8358274027e-01
-2.0029508127e-02   3.8457772460e-01
-1.7019710364e-02   3.8555058121e-01
-1.4002395267e-02   3.8650120544e-01
-1.0977737009e-02   3.8742949559e-01
-7.9459105492e-03   3.8833535292e-01
-4.9070916055e-03   3.8921868177e-01
-1.8614566310e-03   3.9007938962e-01
1.1908172101e-03   3.9091738715e-01
4.2498689390e-03   3.9181383667e-01
7.3158421501e-03   3.9268840097e-01
1.0388565303e-02   3.9354095767e-01
1.3467865903e-02   3.9437138520e-01
1.6553570511e-02   3.9517956284e-01
1.9645504744e-02   3.9596537078e-01
2.2743493288e-02   3.9672869006e-01
2.5847359904e-02   3.9746940266e-01
2.8956927431e-02   3.9818739148e-01
3.2072017800e-02   3.9888254037e-01
3.5192452035e-02   3.9955473417e-01
3.8318050266e-02   4.0020385866e-01
4.1448631731e-02   4.0082980069e-01
4.4584014791e-02   4.0143244808e-01
4.7724016933e-02   4.0201168974e-01
5.0868454779e-02   4.0256741563e-01
5.4017144095e-02   4.0309951680e-01
5.7169899802e-02   4.0360788540e-01
6.0326535981e-02   4.0409241471e-01
6.3486865882e-02   4.0455299918e-01
6.6650701936e-02   4.0498953441e-01
6.9817855764e-02   4.0540191719e-01
7.2988138181e-02   4.0579004553e-01
7.6161359214e-02   4.0615381865e-01
7.9337328104e-02   4.0649313706e-01
8.2515853320e-02   4.0680790252e-01
8.5696742571e-02   4.0709801808e-01
8.8879802809e-02   4.0736338813e-01
9.2064840246e-02   4.0760391836e-01
9.5251660362e-02   4.0781951586e-01
9.8440067918e-02   4.0801008907e-01
1.0162986696e-01   4.0817554786e-01
1.0482086084e-01   4.0831580349e-01
1.0801285222e-01   4.0843076869e-01
1.1120564309e-01   4.0852035764e-01
1.1439903476e-01   4.0858448603e-01
1.1759282790e-01   4.0862307103e-01
1.2078682255e-01   4.0863603137e-01
1.2398081809e-01   4.0862328731e-01
1.2717461331e-01   4.0858476069e-01
1.3036800638e-01   4.0852037495e-01
1.3356079489e-01   4.0843005515e-01
1.3675277583e-01   4.0831372798e-01
1.3994374565e-01   4.0817132179e-01
1.4313350022e-01   4.0800276661e-01
1.4632183490e-01   4.0780799418e-01
1.4950854450e-01   4.0758693795e-01
1.5269342332e-01   4.0733953313e-01
1.5587626516e-01   4.0706571668e-01
1.5905686335e-01   4.0676542734e-01
1.6223501073e-01   4.0643860569e-01
1.6541049968e-01   4.0608519410e-01
1.6858312216e-01   4.0570513679e-01
1.7175266967e-01   4.0529837988e-01
1.7491893333e-01   4.0486487133e-01
1.7808170384e-01   4.0440456105e-01
1.8124077151e-01   4.0391740084e-01
1.8439592630e-01   4.0340334447e-01
1.8754695781e-01   4.0286234767e-01
1.9069365528e-01   4.0229436814e-01
1.9383580766e-01   4.0169936560e-01
1.9697320358e-01   4.0107730178e-01
2.0010563137e-01   4.0042814046e-01
2.0323287910e-01   3.9975184746e-01
2.0635473457e-01   3.9904839070e-01
2.0947098534e-01   3.9831774016e-01
2.1258141875e-01   3.9755986796e-01
2.1568582191e-01   3.9677474832e-01
2.1878398176e-01   3.9596235763e-01
2.2187568507e-01   3.9512267441e-01
2.2496071841e-01   3.9425567939e-01
2.2803886825e-01   3.9336135545e-01
2.3110992092e-01   3.9243968770e-01
2.3417366264e-01   3.9149066347e-01
2.3722987953e-01   3.9051427232e-01
2.4027835766e-01   3.8951050605e-01
2.4331888303e-01   3.8847935874e-01
2.4635124160e-01   3.8742082673e-01
2.4937521933e-01   3.8633490866e-01
2.5239060214e-01   3.8522160546e-01
2.5539717601e-01   3.8408092039e-01
2.5839472693e-01   3.8291285900e-01
2.6138304095e-01   3.8171742922e-01
2.6436190418e-01   3.8049464130e-01
2.6733110283e-01   3.7924450785e-01
2.7029042323e-01   3.7796704384e-01
2.7323965180e-01   3.7666226663e-01
2.7617857514e-01   3.7533019596e-01
2.7910698000e-01   3.7397085395e-01
2.8202465331e-01   3.7258426515e-01
2.8493138220e-01   3.7117045648e-01
2.8782695404e-01   3.6972945730e-01
2.9071115640e-01   3.6826129938e-01
2.9358377715e-01   3.6676601694e-01
2.9644460441e-01   3.6524364660e-01
2.9929342660e-01   3.6369422743e-01
3.0213003247e-01   3.6211780095e-01
3.0495421108e-01   3.6051441112e-01
3.0776575186e-01   3.5888410435e-01
3.1056444461e-01   3.5722692949e-01
3.1335007952e-01   3.5554293786e-01
3.1612244719e-01   3.5383218322e-01
3.1888133865e-01   3.5209472180e-01
3.2162654537e-01   3.5033061227e-01
3.2435785931e-01   3.4853991578e-01
3.2707507290e-01   3.4672269591e-01
3.2977797908e-01   3.4487901871e-01
3.3246637131e-01   3.4300895268e-01
3.3514004362e-01   3.4111256877e-01
3.3779879057e-01   3.3918994038e-01
3.4044240734e-01   3.3724114334e-01
3.4307068967e-01   3.3526625594e-01
3.4568343395e-01   3.3326535890e-01
3.4828043720e-01   3.3123853536e-01
3.5086149712e-01   3.2918587090e-01
3.5342641205e-01   3.2710745350e-01
3.5597498107e-01   3.2500337357e-01
3.5850700394e-01   3.2287372391e-01
3.6102228117e-01   3.2071859973e-01
3.6352061402e-01   3.1853809861e-01
3.6600180454e-01   3.1633232052e-01
3.6846565554e-01   3.1410136780e-01
3.7091197067e-01   3.1184534514e-01
3.7334055437e-01   3.0956435958e-01
3.7575121197e-01   3.0725852050e-01
3.7814374963e-01   3.0492793961e-01
3.8051797441e-01   3.0257273091e-01
3.8287369427e-01   3.0019301073e-01
3.8521071806e-01   2.9778889765e-01
3.8752885561e-01   2.9536051255e-01
3.8982791768e-01   2.9290797855e-01
3.9210771599e-01   2.9043142103e-01
3.9436806327e-01   2.8793096757e-01
3.9660877325e-01   2.8540674798e-01
3.9882966067e-01   2.8285889425e-01
4.0103054134e-01   2.8028754055e-01
4.0321123209e-01   2.7769282323e-01
4.0537155085e-01   2.7507488074e-01
4.0751131663e-01   2.7243385367e-01
4.0963034956e-01   2.6976988473e-01
4.1172847087e-01   2.6708311869e-01
4.1380550295e-01   2.6437370239e-01
4.1586126934e-01   2.6164178470e-01
4.1789559475e-01   2.5888751654e-01
4.1990830508e-01   2.5611105081e-01
4.2189922742e-01   2.5331254239e-01
4.2386819009e-01   2.5049214812e-01
4.2581502266e-01   2.4765002676e-01
4.2773955591e-01   2.4478633901e-01
4.2964162192e-01   2.4190124743e-01
4.3152105403e-01   2.3899491645e-01
4.3337768686e-01   2.3606751234e-01
4.3521135637e-01   2.3311920320e-01
4.3702189982e-01   2.3015015890e-01
4.3880915579e-01   2.2716055107e-01
4.4057296425e-01   2.2415055311e-01
4.4231316649e-01   2.2112034011e-01
4.4402960519e-01   2.1807008884e-01
4.4572212444e-01   2.1499997776e-01
4.4739056969e-01   2.1191018694e-01
4.4903478784e-01   2.0880089806e-01
4.5065462720e-01   2.0567229440e-01
4.5224993752e-01   2.0252456077e-01
4.5382057000e-01   1.9935788352e-01
4.5536637731e-01   1.9617245049e-01
4.5688721357e-01   1.9296845099e-01
4.5838293443e-01   1.8974607577e-01
4.5985339699e-01   1.8650551700e-01
4.6129845988e-01   1.8324696823e-01
4.6271798325e-01   1.7997062437e-01
4.6411182877e-01   1.7667668164e-01
4.6547985965e-01   1.7336533758e-01
4.6682194067e-01   1.7003679098e-01
4.6813793813e-01   1.6669124189e-01
4.6942771992e-01   1.6332889154e-01
4.7069115552e-01   1.5994994238e-01
4.7192811597e-01   1.5655459797e-01
4.7313847393e-01   1.5314306301e-01
4.7432210364e-01   1.4971554331e-01
4.7547888098e-01   1.4627224572e-01
4.7660868343e-01   1.4281337812e-01
4.7771139010e-01   1.3933914941e-01
4.7878688176e-01   1.3584976946e-01
4.7983504078e-01   1.3234544908e-01
4.8085575123e-01   1.2882639999e-01
4.8184889881e-01   1.2529283482e-01
4.8281437089e-01   1.2174496703e-01
4.8375205651e-01   1.1818301092e-01
4.8466184639e-01   1.1460718159e-01
4.8554363295e-01   1.1101769491e-01
4.8639731027e-01   1.0741476749e-01
4.8722277415e-01   1.0379861665e-01
4.8801992208e-01   1.0016946040e-01
4.8878865326e-01   9.6527517404e-02
4.8952886860e-01   9.2873006954e-02
4.9024047073e-01   8.9206148944e-02
4.9092336400e-01   8.5527163838e-02
4.9157745448e-01   8.1836272651e-02
4.9220264998e-01   7.8133696912e-02
4.9279886004e-01   7.4419658645e-02
4.9336599592e-01   7.0694380339e-02
4.9390397064e-01   6.6958084921e-02
4.9441269897e-01   6.3210995734e-02
4.9489209741e-01   5.9453336507e-02
4.9534208421e-01   5.5685331333e-02
4.9576257939e-01   5.1907204643e-02
4.9615350471e-01   4.8119181182e-02
4.9651478370e-01   4.4321485984e-02
4.9684634163e-01   4.0514344348e-02
4.9714810556e-01   3.6697981817e-02
4.9742000428e-01   3.2872624155e-02
4.9766196838e-01   2.9038497320e-02
4.9787393020e-01   2.5195827448e-02
4.9805582384e-01   2.1344840829e-02
4.9820758519e-01   1.7485763884e-02
4.9832915188e-01   1.3618823149e-02
4.9842046335e-01   9.7442452515e-03
4.9848146079e-01   5.8622568902e-03
4.9851208715e-01   1.9730848198e-03
4.9851228717e-01   -1.9230441705e-03
4.9848200737e-01   -5.8259032738e-03
4.9842119602e-01   -9.7352656830e-03
4.9832980318e-01   -1.3650904608e-02
4.9820778067e-01   -1.7572593291e-02
4.9805508210e-01   -2.1500105023e-02
4.9787166284e-01   -2.5433213159e-02
4.9765748002e-01   -2.9371691130e-02
4.9741249257e-01   -3.3315312463e-02
4.9713666115e-01   -3.7263850785e-02
4.9682994824e-01   -4.1217079843e-02
4.9649231803e-01   -4.5174773514e-02
4.9612373653e-01   -4.9136705815e-02
4.9572417148e-01   -5.3102650913e-02
4.9529359241e-01   -5.7072383138e-02
4.9483197058e-01   -6.1045676989e-02
4.9433927904e-01   -6.5022307146e-02
4.9381549260e-01   -6.9002048474e-02
4.9326058781e-01   -7.2984676032e-02
4.9267454300e-01   -7.6969965082e-02
4.9205733824e-01   -8.0957691090e-02
4.9140895535e-01   -8.4947629735e-02
4.9072937793e-01   -8.8939556911e-02
4.9001859129e-01   -9.2933248732e-02
4.8927658253e-01   -9.6928481535e-02
4.8850334047e-01   -1.0092503188e-01
4.8769885568e-01   -1.0492267656e-01
4.8686312049e-01   -1.0892119258e-01
4.8599612895e-01   -1.1292035719e-01
4.8509787686e-01   -1.1691994786e-01
4.8416836177e-01   -1.2091974228e-01
4.8320758294e-01   -1.2491951837e-01
4.8221554139e-01   -1.2891905426e-01
4.8119223987e-01   -1.3291812832e-01
4.8013768284e-01   -1.3691651910e-01
4.7905187651e-01   -1.4091400540e-01
4.7793482882e-01   -1.4491036617e-01
4.7678654943e-01   -1.4890538061e-01
4.7560704972e-01   -1.5289882806e-01
4.7439634281e-01   -1.5689048809e-01
4.7315444351e-01   -1.6088014040e-01
4.7188136840e-01   -1.6486756488e-01
4.7057713573e-01   -1.6885254156e-01
4.6924176551e-01   -1.7283485064e-01
4.6787527945e-01   -1.7681427242e-01
4.6647770096e-01   -1.8079058734e-01
4.6504905519e-01   -1.8476357596e-01
4.6358936900e-01   -1.8873301892e-01
4.6209867096e-01   -1.9269869695e-01
4.6057699135e-01   -1.9666039085e-01
4.5902436217e-01   -2.0061788149e-01
4.5744081713e-01   -2.0457094975e-01
4.5582639166e-01   -2.0851937658e-01
4.5418112288e-01   -2.1246294291e-01
4.5250504965e-01   -2.1640142967e-01
4.5079821253e-01   -2.2033461778e-01
4.4906065378e-01   -2.2426228811e-01
4.4729241740e-01   -2.2818422147e-01
4.4549354908e-01   -2.3210019861e-01
4.4366409624e-01   -2.3601000019e-01
4.4180410800e-01   -2.3991340675e-01
4.3991363521e-01   -2.4381019870e-01
4.3799273042e-01   -2.4770015631e-01
4.3604144792e-01   -2.5158305970e-01
4.3405984370e-01   -2.5545868877e-01
4.3204797549e-01   -2.5932682324e-01
4.3000590272e-01   -2.6318724260e-01
4.2793368656e-01   -2.6703972612e-01
4.2583138990e-01   -2.7088405276e-01
4.2369907737e-01   -2.7472000126e-01
4.2153681532e-01   -2.7854735001e-01
4.1934467182e-01   -2.8236587710e-01
4.1712271672e-01   -2.8617536029e-01
4.1487102155e-01   -2.8997557698e-01
4.1258965963e-01   -2.9376630419e-01
4.1027870600e-01   -2.9754731855e-01
4.0793823745e-01   -3.0131839628e-01
4.0556833253e-01   -3.0507931317e-01
4.0316907154e-01   -3.0882984457e-01
4.0074053652e-01   -3.1256976536e-01
3.9828281130e-01   -3.1629884996e-01
3.9579598146e-01   -3.2001687227e-01
3.9328013436e-01   -3.2372360572e-01
3.9073535911e-01   -3.2741882318e-01
3.8816174661e-01   -3.3110229701e-01
3.8555938956e-01   -3.3477379902e-01
3.8292838242e-01   -3.3843310045e-01
3.8026882145e-01   -3.4207997199e-01
3.7758080471e-01   -3.4571418374e-01
3.7486443204e-01   -3.4933550520e-01
3.7211980511e-01   -3.5294370529e-01
3.6934702737e-01   -3.5653855233e-01
3.6654620412e-01   -3.6011981403e-01
3.6371744244e-01   -3.6368725748e-01
3.6086085126e-01   -3.6724064917e-01
3.5797654133e-01   -3.7077975495e-01
3.5506462522e-01   -3.7430434008e-01
3.5212521735e-01   -3.7781416920e-01
3.4915843398e-01   -3.8130900633e-01
3.4616439322e-01   -3.8478861489e-01
3.4314321503e-01   -3.8825275769e-01
3.4009502122e-01   -3.9170119695e-01
3.3701993546e-01   -3.9513369432e-01
3.3391808330e-01   -3.9855001086e-01
3.3078959214e-01   -4.0194990708e-01
3.2763459128e-01   -4.0533314293e-01
3.2445321186e-01   -4.0869947786e-01
3.2124558694e-01   -4.1204867079e-01
3.1801185146e-01   -4.1538048015e-01
3.1475214222e-01   -4.1869466392e-01
3.1146659794e-01   -4.2199097963e-01
3.0815535924e-01   -4.2526918439e-01
3.0481856862e-01   -4.2852903495e-01
3.0145637051e-01   -4.3177028769e-01
2.9806891121e-01   -4.3499269866e-01
2.9465633897e-01   -4.3819602365e-01
2.9121880390e-01   -4.4138001820e-01
2.8775645808e-01   -4.4454443764e-01
2.8426945544e-01   -4.4768903713e-01
2.8075795188e-01   -4.5081357175e-01
2.7722210519e-01   -4.5391779648e-01
2.7366207506e-01   -4.5700146628e-01
2.7007802312e-01   -4.6006433616e-01
2.6647011291e-01   -4.6310616121e-01
2.6283850987e-01   -4.6612669669e-01
2.5918338138e-01   -4.6912569802e-01
2.5550489669e-01   -4.7210292094e-01
2.5180322700e-01   -4.7505812148e-01
2.4807854538e-01   -4.7799105608e-01
2.4433102683e-01   -4.8090148168e-01
2.4056084823e-01   -4.8378915570e-01
2.3676818836e-01   -4.8665383623e-01
2.3295322788e-01   -4.8949528202e-01
2.2911614936e-01   -4.9231325258e-01
2.2525713721e-01   -4.9510750829e-01
2.2137637774e-01   -4.9787781044e-01
2.1747405909e-01   -5.0062392134e-01
2.1355037129e-01   -5.0334560440e-01
2.0960550618e-01   -5.0604262421e-01
2.0563965747e-01   -5.0871474666e-01
2.0165302066e-01   -5.1136173898e-01
1.9764579309e-01   -5.1398336988e-01
1.9361817389e-01   -5.1657940963e-01
1.8957036397e-01   -5.1914963014e-01
1.8550256604e-01   -5.2169380509e-01
1.8141498456e-01   -5.2421170999e-01
1.7730782573e-01   -5.2670312233e-01
1.7318129748e-01   -5.2916782162e-01
1.6903560948e-01   -5.3160558955e-01
1.6487097307e-01   -5.3401621006e-01
1.6068760128e-01   -5.3639946945e-01
1.5648570879e-01   -5.3875515648e-01
1.5226551195e-01   -5.4108306249e-01
1.4802722871e-01   -5.4338298150e-01
1.4377107861e-01   -5.4565471029e-01
1.3949728278e-01   -5.4789804854e-01
1.3520606391e-01   -5.5011279890e-01
1.3089764621e-01   -5.5229876714e-01
1.2657225540e-01   -5.5445576218e-01
1.2223011868e-01   -5.5658359628e-01
1.1787146469e-01   -5.5868208507e-01
1.1349652354e-01   -5.6075104768e-01
1.0910552668e-01   -5.6279030684e-01
1.0469870699e-01   -5.6479968896e-01
1.0027629865e-01   -5.6677902424e-01
9.5838537160e-02   -5.6872814675e-01
9.1385659321e-02   -5.7064689453e-01
8.6917903167e-02   -5.7253510967e-01
8.2435507955e-02   -5.7439263838e-01
7.7938714125e-02   -5.7621933111e-01
7.3427763274e-02   -5.7801504259e-01
6.8902898113e-02   -5.7977963192e-01
6.4364362439e-02   -5.8151296263e-01
5.9812401099e-02   -5.8321490275e-01
5.5247259952e-02   -5.8488532489e-01
5.0669185836e-02   -5.8652410627e-01
4.6078426528e-02   -5.8813112877e-01
4.1475230714e-02   -5.8970627901e-01
3.6859847944e-02   -5.9124944833e-01
3.2232528600e-02   -5.9276053292e-01
2.7593523857e-02   -5.9423943374e-01
2.2943085644e-02   -5.9568605662e-01
1.8281466609e-02   -5.9710031225e-01
1.3608920077e-02   -5.9848211621e-01
8.9257000153e-03   -5.9983138892e-01
4.2320609928e-03   -6.0114805569e-01
-4.7174185596e-04   -6.0243204670e-01
-5.1860041225e-03   -6.0382420717e-01
-9.9110162624e-03   -6.0518263277e-01
-1.4646513708e-02   -6.0650709719e-01
-1.9392230127e-02   -6.0779737482e-01
-2.4147897424e-02   -6.0905324082e-01
-2.8913245751e-02   -6.1027447121e-01
-3.3688003513e-02   -6.1146084285e-01
-3.8471897374e-02   -6.1261213354e-01
-4.3264652265e-02   -6.1372812204e-01
-4.8065991391e-02   -6.1480858815e-01
-5.2875636241e-02   -6.1585331273e-01
-5.7693306595e-02   -6.1686207780e-01
-6.2518720535e-02   -6.1783466655e-01
-6.7351594450e-02   -6.1877086340e-01
-7.2191643053e-02   -6.1967045408e-01
-7.7038579385e-02   -6.2053322566e-01
-8.1892114829e-02   -6.2135896663e-01
-8.6751959119e-02   -6.2214746695e-01
-9.1617820355e-02   -6.2289851809e-01
-9.6489405013e-02   -6.2361191310e-01
-1.0136641796e-01   -6.2428744670e-01
-1.0624856245e-01   -6.2492491529e-01
-1.1113554018e-01   -6.2552411703e-01
-1.1602705126e-01   -6.2608485192e-01
-1.2092279424e-01   -6.2660692185e-01
-1.2582246613e-01   -6.2709013064e-01
-1.3072576243e-01   -6.2753428414e-01
-1.3563237711e-01   -6.2793919026e-01
-1.4054200266e-01   -6.2830465906e-01
-1.4545433009e-01   -6.2863050281e-01
-1.5036904896e-01   -6.2891653604e-01
-1.5528584736e-01   -6.2916257560e-01
-1.6020441200e-01   -6.2936844076e-01
-1.6512442816e-01   -6.2953395324e-01
-1.7004557974e-01   -6.2965893731e-01
-1.7496754927e-01   -6.2974321981e-01
-1.7989001796e-01   -6.2978663025e-01
-1.8481266568e-01   -6.2978900089e-01
-1.8973517100e-01   -6.2975016675e-01
-1.9465721122e-01   -6.2966996575e-01
-1.9957846237e-01   -6.2954823871e-01
-2.0449859926e-01   -6.2938482946e-01
-2.0941729550e-01   -6.2917958488e-01
-2.1433422349e-01   -6.2893235500e-01
-2.1924905449e-01   -6.2864299303e-01
-2.2416145862e-01   -6.2831135544e-01
-2.2907110489e-01   -6.2793730205e-01
-2.3397766122e-01   -6.2752069606e-01
-2.3888079449e-01   -6.2706140412e-01
-2.4378017054e-01   -6.2655929642e-01
-2.4867545421e-01   -6.2601424675e-01
-2.5356630938e-01   -6.2542613255e-01
-2.5845239898e-01   -6.2479483496e-01
-2.6333338500e-01   -6.2412023894e-01
-2.6820892859e-01   -6.2340223328e-01
-2.7307869002e-01   -6.2264071068e-01
-2.7794232874e-01   -6.2183556781e-01
-2.8279950341e-01   -6.2098670541e-01
-2.8764987192e-01   -6.2009402826e-01
-2.9249309146e-01   -6.1915744535e-01
-2.9732881849e-01   -6.1817686986e-01
-3.0215670883e-01   -6.1715221925e-01
-3.0697641768e-01   -6.1608341531e-01
-3.1178759961e-01   -6.1497038424e-01
-3.1658990866e-01   -6.1381305667e-01
-3.2138299835e-01   -6.1261136772e-01
-3.2616652168e-01   -6.1136525710e-01
-3.3094013123e-01   -6.1007466911e-01
-3.3570347914e-01   -6.0873955272e-01
-3.4045621719e-01   -6.0735986159e-01
-3.4519799679e-01   -6.0593555418e-01
-3.4992846906e-01   -6.0446659373e-01
-3.5464728486e-01   -6.0295294835e-01
-3.5935409480e-01   -6.0139459107e-01
-3.6404854931e-01   -5.9979149984e-01
-3.6873029867e-01   -5.9814365763e-01
-3.7339899303e-01   -5.9645105242e-01
-3.7805428250e-01   -5.9471367729e-01
-3.8269581711e-01   -5.9293153041e-01
-3.8732324694e-01   -5.9110461512e-01
-3.9193622208e-01   -5.8923293995e-01
-3.9653439273e-01   -5.8731651863e-01
-4.0111740921e-01   -5.8535537017e-01
-4.0568492200e-01   -5.8334951885e-01
-4.1023658182e-01   -5.8129899427e-01
-4.1477203961e-01   -5.7920383138e-01
-4.1929094662e-01   -5.7706407048e-01
-4.2379295443e-01   -5.7487975728e-01
-4.2827771501e-01   -5.7265094291e-01
-4.3274488073e-01   -5.7037768393e-01
-4.3719410445e-01   -5.6806004233e-01
-4.4162503951e-01   -5.6569808562e-01
-4.4603733981e-01   -5.6329188676e-01
-4.5043065985e-01   -5.6084152422e-01
-4.5480465475e-01   -5.5834708198e-01
-4.5915898032e-01   -5.5580864955e-01
-4.6349329308e-01   -5.5322632195e-01
-4.6780725034e-01   -5.5060019974e-01
-4.7210051018e-01   -5.4793038902e-01
-4.7637273155e-01   -5.4521700142e-01
-4.8062357430e-01   -5.4246015411e-01
-4.8485269921e-01   -5.3965996978e-01
-4.8905976804e-01   -5.3681657666e-01
-4.9324444358e-01   -5.3393010850e-01
-4.9740638967e-01   -5.3100070454e-01
-5.0154527129e-01   -5.2802850954e-01
-5.0566075454e-01   -5.2501367375e-01
-5.0975250674e-01   -5.2195635286e-01
-5.1382019644e-01   -5.1885670803e-01
-5.1786349346e-01   -5.1571490586e-01
-5.2188206896e-01   -5.1253111835e-01
-5.2587559547e-01   -5.0930552289e-01
-5.2984374690e-01   -5.0603830221e-01
-5.3378619863e-01   -5.0272964440e-01
-5.3770262753e-01   -4.9937974284e-01
-5.4159271200e-01   -4.9598879616e-01
-5.4545613200e-01   -4.9255700825e-01
-5.4929256913e-01   -4.8908458818e-01
-5.5310170663e-01   -4.8557175019e-01
-5.5688322942e-01   -4.8201871362e-01
-5.6063682419e-01   -4.7842570291e-01
-5.6436217936e-01   -4.7479294750e-01
-5.6805898520e-01   -4.7112068183e-01
-5.7172693382e-01   -4.6740914529e-01
-5.7536571920e-01   -4.6365858211e-01
-5.7897503729e-01   -4.5986924140e-01
-5.8255458597e-01   -4.5604137701e-01
-5.8610406513e-01   -4.5217524752e-01
-5.8962317671e-01   -4.4827111618e-01
-5.9311162471e-01   -4.4432925085e-01
-5.9656911527e-01   -4.4034992390e-01
-5.9999535664e-01   -4.3633341220e-01
-6.0339005927e-01   -4.3227999702e-01
-6.0675293583e-01   -4.2818996399e-01
-6.1008370123e-01   -4.2406360301e-01
-6.1338207267e-01   -4.1990120817e-01
-6.1664776966e-01   -4.1570307771e-01
-6.1988051405e-01   -4.1146951394e-01
-6.2308003009e-01   -4.0720082313e-01
-6.2624604441e-01   -4.0289731547e-01
-6.2937828611e-01   -3.9855930501e-01
-6.3247648674e-01   -3.9418710951e-01
-6.3554038035e-01   -3.8978105044e-01
-6.3856970351e-01   -3.8534145284e-01
-6.4156419538e-01   -3.8086864527e-01
-6.4452359765e-01   -3.7636295972e-01
-6.4744765466e-01   -3.7182473150e-01
-6.5033611336e-01   -3.6725429921e-01
-6.5318872337e-01   -3.6265200459e-01
-6.5600523698e-01   -3.5801819247e-01
-6.5878540921e-01   -3.5335321067e-01
-6.6152899779e-01   -3.4865740993e-01
-6.6423576321e-01   -3.4393114377e-01
-6.6690546873e-01   -3.3917476845e-01
-6.6953788041e-01   -3.3438864287e-01
-6.7213276713e-01   -3.2957312845e-01
-6.7468990059e-01   -3.2472858906e-01
-6.7720905536e-01   -3.1985539092e-01
-6.7969000886e-01   -3.1495390250e-01
-6.8213254143e-01   -3.1002449444e-01
-6.8453643627e-01   -3.0506753946e-01
-6.8690147955e-01   -3.0008341223e-01
-6.8922746035e-01   -2.9507248932e-01
-6.9151417069e-01   -2.9003514906e-01
-6.9376140559e-01   -2.8497177148e-01
-6.9596896300e-01   -2.7988273822e-01
-6.9813664390e-01   -2.7476843238e-01
-7.0026425225e-01   -2.6962923850e-01
-7.0235159503e-01   -2.6446554240e-01
-7.0439848222e-01   -2.5927773113e-01
-7.0640472686e-01   -2.5406619284e-01
-7.0837014500e-01   -2.4883131672e-01
-7.1029455575e-01   -2.4357349288e-01
-7.1217778128e-01   -2.3829311227e-01
-7.1401964680e-01   -2.3299056660e-01
-7.1581998060e-01   -2.2766624819e-01
-7.1757861403e-01   -2.2232054996e-01
-7.1929538151e-01   -2.1695386528e-01
-7.2097012056e-01   -2.1156658791e-01
-7.2260267174e-01   -2.0615911188e-01
-7.2419287872e-01   -2.0073183144e-01
-7.2574058824e-01   -1.9528514094e-01
-7.2724565014e-01   -1.8981943476e-01
-7.2870791731e-01   -1.8433510722e-01
-7.3012724575e-01   -1.7883255251e-01
-7.3150349453e-01   -1.7331216456e-01
-7.3283652580e-01   -1.6777433702e-01
-7.3412620477e-01   -1.6221946314e-01
-7.3537239976e-01   -1.5664793569e-01
-7.3657498211e-01   -1.5106014690e-01
-7.3773382627e-01   -1.4545648836e-01
-7.3884880970e-01   -1.3983735098e-01
-7.3991981296e-01   -1.3420312488e-01
-7.4094671962e-01   -1.2855419933e-01
-7.4192941631e-01   -1.2289096268e-01
-7.4286779267e-01   -1.1721380229e-01
-7.4376174140e-01   -1.1152310446e-01
-7.4461115818e-01   -1.0581925438e-01
-7.4541594172e-01   -1.0010263603e-01
-7.4617599370e-01   -9.4373632161e-02
-7.4689121881e-01   -8.8632624189e-02
-7.4756152471e-01   -8.2879992177e-02
-7.4818682202e-01   -7.7116114751e-02
-7.4876702432e-01   -7.1341369058e-02
-7.4930204813e-01   -6.5556130705e-02
-7.4979181290e-01   -5.9760773716e-02
-7.5023624099e-01   -5.3955670474e-02
-7.5063525767e-01   -4.8141191679e-02
-7.5098879111e-01   -4.2317706303e-02
-7.5129677234e-01   -3.6485581545e-02
-7.5155913526e-01   -3.0645182793e-02
-7.5177581663e-01   -2.4796873581e-02
-7.5194675602e-01   -1.8941015556e-02
-7.5207189585e-01   -1.3077968445e-02
-7.5215118131e-01   -7.2080900179e-03
-7.5218456040e-01   -1.3317360616e-03
-7.5217198390e-01   4.5507396483e-03
-7.5211340533e-01   1.0438985373e-02
-7.5200878095e-01   1.6332651435e-02
-7.5185806976e-01   2.2231390235e-02
-7.5166123347e-01   2.8134856276e-02
-7.5141823645e-01   3.4042706172e-02
-7.5112904580e-01   3.9954598670e-02
-7.5079363122e-01   4.5870194655e-02
-7.5041196510e-01   5.1789157163e-02
-7.4998402243e-01   5.7711151386e-02
-7.4950978081e-01   6.3635844679e-02
-7.4898922045e-01   6.9562906556e-02
-7.4842232410e-01   7.5492008700e-02
-7.4780907710e-01   8.1422824951e-02
-7.4714946733e-01   8.7355031308e-02
-7.4644348517e-01   9.3288305918e-02
-7.4569112352e-01   9.9222329071e-02
-7.4489237777e-01   1.0515678318e-01
-7.4404724580e-01   1.1109135279e-01
-7.4315572793e-01   1.1702572452e-01
-7.4221782691e-01   1.2295958710e-01
-7.4123354795e-01   1.2889263130e-01
-7.4020289863e-01   1.3482454995e-01
-7.3912588895e-01   1.4075503786e-01
-7.3800253128e-01   1.4668379188e-01
-7.3683284035e-01   1.5261051078e-01
-7.3561683324e-01   1.5853489529e-01
-7.3435452935e-01   1.6445664802e-01
-7.3304595042e-01   1.7037547345e-01
-7.3169112047e-01   1.7629107790e-01
-7.3029006583e-01   1.8220316946e-01
-7.2884281508e-01   1.8811145799e-01
-7.2734939908e-01   1.9401565507e-01
-7.2580985093e-01   1.9991547392e-01
-7.2422420597e-01   2.0581062940e-01
-7.2259250176e-01   2.1170083796e-01
-7.2091477807e-01   2.1758581757e-01
-7.1919107686e-01   2.2346528767e-01
-7.1742144229e-01   2.2933896915e-01
-7.1560592070e-01   2.3520658428e-01
-7.1374456058e-01   2.4106785665e-01
-7.1183741258e-01   2.4692251114e-01
-7.0988452951e-01   2.5277027383e-01
-7.0788596629e-01   2.5861087198e-01
-7.0584178000e-01   2.6444403396e-01
-7.0375202981e-01   2.7026948919e-01
-7.0161677701e-01   2.7608696806e-01
-6.9943608501e-01   2.8189620194e-01
-6.9721001929e-01   2.8769692302e-01
-6.9493864743e-01   2.9348886436e-01
-6.9262203911e-01   2.9927175973e-01
-6.9026026607e-01   3.0504534363e-01
-6.8785340212e-01   3.1080935117e-01
-6.8540152315e-01   3.1656351803e-01
-6.8290470711e-01   3.2230758044e-01
-6.8036303401e-01   3.2804127503e-01
-6.7777658591e-01   3.3376433887e-01
-6.7514544693e-01   3.3947650932e-01
-6.7246970325e-01   3.4517752403e-01
-6.6974944309e-01   3.5086712088e-01
-6.6698475671e-01   3.5654503786e-01
-6.6417573643e-01   3.6221101308e-01
-6.6132247662e-01   3.6786478470e-01
-6.5842507369e-01   3.7350609084e-01
-6.5548362610e-01   3.7913466954e-01
-6.5249823434e-01   3.8475025873e-01
-6.4946900098e-01   3.9035259615e-01
-6.4639603063e-01   3.9594141930e-01
-6.4327942993e-01   4.0151646540e-01
-6.4011930761e-01   4.0707747134e-01
-6.3691577444e-01   4.1262417362e-01
-6.3366894325e-01   4.1815630831e-01
-6.3037892893e-01   4.2367361103e-01
-6.2704584845e-01   4.2917581686e-01
-6.2366982086e-01   4.3466266035e-01
-6.2025096727e-01   4.4013387544e-01
-6.1678941088e-01   4.4558919546e-01
-6.1328527697e-01   4.5102835307e-01
-6.0973869292e-01   4.5645108024e-01
-6.0614978820e-01   4.6185710823e-01
-6.0251869440e-01   4.6724616755e-01
-5.9884554520e-01   4.7261798794e-01
-5.9513047641e-01   4.7797229835e-01
-5.9137362595e-01   4.8330882695e-01
-5.8757513387e-01   4.8862730104e-01
-5.8373514237e-01   4.9392744714e-01
-5.7985379577e-01   4.9920899090e-01
-5.7593124055e-01   5.0447165714e-01
-5.7196762534e-01   5.0971516983e-01
-5.6796310093e-01   5.1493925208e-01
-5.6391782028e-01   5.2014362617e-01
-5.5983193852e-01   5.2532801356e-01
-5.5570561297e-01   5.3049213486e-01
-5.5153900314e-01   5.3563570991e-01
-5.4733227070e-01   5.4075845772e-01
-5.4308557956e-01   5.4586009657e-01
-5.3879909581e-01   5.5094034398e-01
-5.3447298776e-01   5.5599891676e-01
-5.3010742594e-01   5.6103553105e-01
-5.2570258309e-01   5.6604990233e-01
-5.2125863418e-01   5.7104174552e-01
-5.1677575642e-01   5.7601077493e-01
-5.1225412925e-01   5.8095670439e-01
-5.0769393433e-01   5.8587924728e-01
-5.0309535560e-01   5.9077811655e-01
-4.9845857921e-01   5.9565302482e-01
-4.9378379358e-01   6.0050368444e-01
-4.8907118935e-01   6.0532980750e-01
-4.8432095946e-01   6.1013110599e-01
-4.7953329905e-01   6.1490729180e-01
-4.7470840554e-01   6.1965807681e-01
-4.6984647860e-01   6.2438317300e-01
-4.6494772015e-01   6.2908229250e-01
-4.6001233435e-01   6.3375514769e-01
-4.5504052762e-01   6.3840145129e-01
-4.5003250860e-01   6.4302091642e-01
-4.4498848821e-01   6.4761325675e-01
-4.3990867957e-01   6.5217818655e-01
-4.3479329805e-01   6.5671542081e-01
-4.2964256123e-01   6.6122467535e-01
-4.2445668893e-01   6.6570566688e-01
-4.1923590315e-01   6.7015811316e-01
-4.1398042812e-01   6.7458173309e-01
-4.0869049024e-01   6.7897624679e-01
-4.0336631811e-01   6.8334137575e-01
-3.9800814250e-01   6.8767684292e-01
-3.9261619632e-01   6.9198237284e-01
-3.8719071465e-01   6.9625769174e-01
-3.8173193469e-01   7.0050252765e-01
-3.7624009576e-01   7.0471661053e-01
-3.7071543929e-01   7.0889967238e-01
-3.6515756315e-01   7.1321723805e-01
-3.5956604887e-01   7.1750678445e-01
-3.5394111662e-01   7.2176800951e-01
-3.4828298896e-01   7.2600060814e-01
-3.4259189085e-01   7.3020427220e-01
-3.3686804967e-01   7.3437869048e-01
-3.3111169523e-01   7.3852354864e-01
-3.2532305982e-01   7.4263852920e-01
-3.1950237824e-01   7.4672331153e-01
-3.1364988777e-01   7.5077757181e-01
-3.0776582828e-01   7.5480098300e-01
-3.0185044216e-01   7.5879321485e-01
-2.9590397444e-01   7.6275393387e-01
-2.8992667274e-01   7.6668280329e-01
-2.8391878732e-01   7.7057948309e-01
-2.7788057115e-01   7.7444362997e-01
-2.7181227985e-01   7.7827489731e-01
-2.6571417179e-01   7.8207293523e-01
-2.5958650807e-01   7.8583739052e-01
-2.5342955259e-01   7.8956790669e-01
-2.4724357203e-01   7.9326412394e-01
-2.4102883588e-01   7.9692567915e-01
-2.3478561652e-01   8.0055220595e-01
-2.2851418918e-01   8.0414333465e-01
-2.2221483200e-01   8.0769869228e-01
-2.1588782603e-01   8.1121790264e-01
-2.0953345531e-01   8.1470058627e-01
-2.0315200683e-01   8.1814636046e-01
-1.9674377059e-01   8.2155483932e-01
-1.9030903962e-01   8.2492563378e-01
-1.8384811001e-01   8.2825835159e-01
-1.7736128092e-01   8.3155259740e-01
-1.7084885461e-01   8.3480797275e-01
-1.6431113647e-01   8.3802407613e-01
-1.5774843505e-01   8.4120050300e-01
-1.5116106206e-01   8.4433684586e-01
-1.4454933241e-01   8.4743269427e-01
-1.3791356424e-01   8.5048763491e-01
-1.3125407891e-01   8.5350125160e-01
-1.2457120106e-01   8.5647312542e-01
-1.1786525862e-01   8.5940283469e-01
-1.1113658281e-01   8.6228995511e-01
-1.0438550818e-01   8.6513405974e-01
-9.7612372643e-02   8.6793471914e-01
-9.0817517462e-02   8.7069150140e-01
-8.4001287290e-02   8.7340397222e-01
-7.7164030185e-02   8.7607169499e-01
-7.0306097625e-02   8.7869423089e-01
-6.3427844528e-02   8.8127113893e-01
-5.6529629265e-02   8.8380197610e-01
-4.9611813677e-02   8.8628629740e-01
-4.2674763095e-02   8.8872365596e-01
-3.5718846345e-02   8.9111360316e-01
-2.8744435768e-02   8.9345568868e-01
-2.1751907231e-02   8.9574946068e-01
-1.4741640139e-02   8.9799446582e-01
-7.7140174449e-03   9.0019024945e-01
-6.6942566084e-04   9.0233635567e-01
6.3917451337e-03   9.0443232751e-01
1.3469101284e-02   9.0647770720e-01
2.0562245553e-02   9.0847203571e-01
2.7670777112e-02   9.1041485350e-01
3.4794291539e-02   9.1230570041e-01
4.1932380814e-02   9.1414411586e-01
4.9084633315e-02   9.1592963894e-01
5.6250633816e-02   9.1766180857e-01
6.3429963487e-02   9.1934016366e-01
7.0622199896e-02   9.2096424324e-01
7.7826917008e-02   9.2253358665e-01
8.5043685188e-02   9.2404773365e-01
9.2272071207e-02   9.2550622460e-01
9.9511638245e-02   9.2690860066e-01
1.0676194590e-01   9.2825440390e-01
1.1402255020e-01   9.2954317751e-01
1.2129300359e-01   9.3077446595e-01
1.2857285499e-01   9.3194781515e-01
1.3586164974e-01   9.3306277267e-01
1.4315892968e-01   9.3411888790e-01
1.5046423313e-01   9.3511571222e-01
1.5777709489e-01   9.3605279922e-01
1.6509704632e-01   9.3692970487e-01
1.7242361528e-01   9.3774598771e-01
1.7975632621e-01   9.3850120908e-01
1.8709470014e-01   9.3919493327e-01
1.9443825468e-01   9.3982672775e-01
2.0178650410e-01   9.4039616339e-01
2.0913895931e-01   9.4090281461e-01
2.1649512792e-01   9.4134625966e-01
2.2385451426e-01   9.4172608077e-01
2.3121661940e-01   9.4204186440e-01
2.3858094120e-01   9.4229320142e-01
2.4594697434e-01   9.4247968737e-01
2.5331421037e-01   9.4260092264e-01
2.6068213771e-01   9.4265651270e-01
2.6805024174e-01   9.4264606833e-01
2.7541800481e-01   9.4256920582e-01
2.8278490630e-01   9.4242554722e-01
2.9015042263e-01   9.4221472055e-01
2.9751402739e-01   9.4193636000e-01
3.0487519128e-01   9.4159010622e-01
3.1223338226e-01   9.4117560646e-01
3.1958806553e-01   9.4069251488e-01
3.2693870363e-01   9.4014049270e-01
3.3428475648e-01   9.3951920850e-01
3.4162568142e-01   9.3882833838e-01
3.4896093333e-01   9.3806756624e-01
3.5628996460e-01   9.3723658394e-01
3.6361222528e-01   9.3633509161e-01
3.7092716310e-01   9.3536279780e-01
3.7823422353e-01   9.3431941973e-01
3.8553284988e-01   9.3320468353e-01
3.9282248336e-01   9.3201832442e-01
4.0010256314e-01   9.3076008696e-01
4.0737252641e-01   9.2942972523e-01
4.1463180851e-01   9.2802700311e-01
4.2187984296e-01   9.2655169441e-01
4.2911606154e-01   9.2500358314e-01
4.3633989439e-01   9.2338246366e-01
4.4355077009e-01   9.2168814096e-01
4.5074811574e-01   9.1992043077e-01
4.5793135703e-01   9.1807915983e-01
4.6509991834e-01   9.1616416602e-01
4.7225322284e-01   9.1417529861e-01
4.7939069256e-01   9.1211241838e-01
4.8651174848e-01   9.0997539785e-01
4.9361581063e-01   9.0776412142e-01
5.0070229821e-01   9.0547848557e-01
5.0777062962e-01   9.0311839899e-01
5.1482022262e-01   9.0068378274e-01
5.2185049440e-01   8.9817457046e-01
5.2886086166e-01   8.9559070844e-01
5.3585074077e-01   8.9293215581e-01
5.4281954778e-01   8.9019888465e-01
5.4976669862e-01   8.8739088014e-01
5.5669160913e-01   8.8450814067e-01
5.6359369519e-01   8.8155067795e-01
5.7047237283e-01   8.7851851713e-01
5.7732705834e-01   8.7541169690e-01
5.8415716833e-01   8.7223026959e-01
5.9096211992e-01   8.6897430121e-01
5.9774133077e-01   8.6564387163e-01
6.0449421922e-01   8.6223907453e-01
6.1122020441e-01   8.5876001758e-01
6.1791870635e-01   8.5520682239e-01
6.2458914609e-01   8.5157962467e-01
6.3123094578e-01   8.4787857418e-01
6.3784352878e-01   8.4410383479e-01
6.4442631982e-01   8.4025558454e-01
6.5097874504e-01   8.3633401563e-01
6.5750023216e-01   8.3233933442e-01
6.6399021057e-01   8.2827176145e-01
6.7044811143e-01   8.2413153142e-01
6.7687336779e-01   8.1991889322e-01
6.8326541470e-01   8.1563410982e-01
6.8962368934e-01   8.1127745835e-01
6.9594763108e-01   8.0684922995e-01
7.0223668164e-01   8.0234972983e-01
7.0849028517e-01   7.9777927713e-01
7.1470788839e-01   7.9313820491e-01
7.2088894065e-01   7.8842686008e-01
7.2703289409e-01   7.8364560328e-01
7.3313920369e-01   7.7879480884e-01
7.3920732744e-01   7.7387486468e-01
7.4523672641e-01   7.6888617219e-01
7.5122686485e-01   7.6382914614e-01
7.5717721030e-01   7.5870421457e-01
7.6308723371e-01   7.5351181863e-01
7.6895640952e-01   7.4825241253e-01
7.7478421578e-01   7.4292646331e-01
7.8057013423e-01   7.3753445076e-01
7.8631365042e-01   7.3207686725e-01
7.9201425379e-01   7.2655421757e-01
7.9767143777e-01   7.2096701879e-01
8.0328469988e-01   7.1531580003e-01
8.0885354184e-01   7.0960110237e-01
8.1437746963e-01   7.0382347859e-01
8.1985599084e-01   6.9798278877e-01
8.2528861748e-01   6.9208030156e-01
8.3067486881e-01   6.8611660581e-01
8.3601426874e-01   6.8009230138e-01
8.4130634592e-01   6.7400799889e-01
8.4655063381e-01   6.6786431953e-01
8.5174667075e-01   6.6166189477e-01
8.5689400007e-01   6.5540136617e-01
8.6199217016e-01   6.4908338509e-01
8.6704073453e-01   6.4270861248e-01
8.7203925188e-01   6.3627771859e-01
8.7698728621e-01   6.2979138269e-01
8.8188440685e-01   6.2325029286e-01
8.8673018854e-01   6.1665514566e-01
8.9152421150e-01   6.1000664589e-01
8.9626606149e-01   6.0330550628e-01
9.0095532987e-01   5.9655244725e-01
9.0559161366e-01   5.8974819655e-01
9.1017451560e-01   5.8289348903e-01
9.1470364419e-01   5.7598906634e-01
9.1917861377e-01   5.6903567657e-01
9.2359904454e-01   5.6203407404e-01
9.2796456262e-01   5.5498501893e-01
9.3227480009e-01   5.4788927699e-01
9.3652939504e-01   5.4074761925e-01
9.4072799162e-01   5.3356082170e-01
9.4487024004e-01   5.2632966497e-01
9.4895579664e-01   5.1905493404e-01
9.5298432392e-01   5.1173741789e-01
9.5695549054e-01   5.0437790924e-01
9.6086897140e-01   4.9697720420e-01
9.6472444759e-01   4.8953610197e-01
9.6852160651e-01   4.8205540451e-01
9.7226014181e-01   4.7453591624e-01
9.7593975343e-01   4.6697844375e-01
9.7956014764e-01   4.5938379543e-01
9.8312103702e-01   4.5175278124e-01
9.8662214049e-01   4.4408621231e-01
9.9006318333e-01   4.3638490073e-01
9.9344389714e-01   4.2864965914e-01
9.9676401990e-01   4.2088130052e-01
1.0000232959e+00   4.1308063784e-01
1.0032214759e+00   4.0524848377e-01
1.0063583169e+00   3.9738565039e-01
1.0094335822e+00   3.8949294888e-01
1.0124470415e+00   3.8157118925e-01
1.0153984710e+00   3.7362118005e-01
1.0182876529e+00   3.6564372809e-01
1.0211143758e+00   3.5763963813e-01
1.0238784348e+00   3.4960971266e-01
1.0265796310e+00   3.4155475157e-01
1.0292177718e+00   3.3347555193e-01
1.0317926709e+00   3.2537290769e-01
1.0343041481e+00   3.1724760947e-01
1.0367520294e+00   3.0910044425e-01
1.0391361470e+00   3.0093219515e-01
1.0414563391e+00   2.9274364119e-01
1.0437124500e+00   2.8453555706e-01
1.0459043302e+00   2.7630871286e-01
1.0480318359e+00   2.6806387389e-01
1.0500948295e+00   2.5980180041e-01
1.0520931792e+00   2.5152324746e-01
1.0540267591e+00   2.4322896463e-01
1.0558954493e+00   2.3491969581e-01
1.0576991354e+00   2.2659617909e-01
1.0594377090e+00   2.1825914647e-01
1.0611110673e+00   2.0990932373e-01
1.0627191130e+00   2.0154743022e-01
1.0642617547e+00   1.9317417870e-01
1.0657389063e+00   1.8479027519e-01
1.0671504873e+00   1.7639641876e-01
1.0684964227e+00   1.6799330140e-01
1.0697766426e+00   1.5958160788e-01
1.0709910828e+00   1.5116201561e-01
1.0721396841e+00   1.4273519447e-01
1.0732223927e+00   1.3430180670e-01
1.0742391596e+00   1.2586250678e-01
1.0751899413e+00   1.1741794132e-01
1.0760746992e+00   1.0896874892e-01
1.0768933994e+00   1.0051556010e-01
1.0776460132e+00   9.2058997149e-02
1.0783325167e+00   8.3599674106e-02
1.0789528907e+00   7.5138196615e-02
1.0795071205e+00   6.6675161870e-02
1.0799951965e+00   5.8211158539e-02
1.0804171132e+00   4.9746766695e-02
1.0807728699e+00   4.1282557756e-02
1.0810624702e+00   3.2819094431e-02
1.0812859222e+00   2.4356930671e-02
1.0814432380e+00   1.5896611629e-02
1.0815344343e+00   7.4386736194e-03
1.0815595316e+00   -1.0163559100e-03
1.0815185549e+00   -9.4679584024e-03
1.0814115328e+00   -1.7915624211e-02
1.0812384981e+00   -2.6358852614e-02
1.0809994873e+00   -3.4797151818e-02
1.0806945411e+00   -4.3230038964e-02
1.0803237033e+00   -5.1657040121e-02
1.0798870220e+00   -6.0077690278e-02
1.0793845486e+00   -6.8491533331e-02
1.0788163379e+00   -7.6898122061e-02
1.0781824485e+00   -8.5297018109e-02
1.0774829421e+00   -9.3687791951e-02
1.0767178839e+00   -1.0207002286e-01
1.0758873422e+00   -1.1044329885e-01
1.0749913887e+00   -1.1880721668e-01
1.0740300980e+00   -1.2716138175e-01
1.0730035479e+00   -1.3550540806e-01
1.0719118191e+00   -1.4383891820e-01
1.0707549952e+00   -1.5216154321e-01
1.0695331628e+00   -1.6047292258e-01
1.0682464111e+00   -1.6877270414e-01
1.0668948321e+00   -1.7706054399e-01
1.0654785206e+00   -1.8533610644e-01
1.0639975736e+00   -1.9359906393e-01
1.0624520911e+00   -2.0184909689e-01
1.0608421752e+00   -2.1008589372e-01
1.0591679307e+00   -2.1830915066e-01
1.0574294644e+00   -2.2651857168e-01
1.0556268857e+00   -2.3471386843e-01
1.0537603062e+00   -2.4289476006e-01
1.0518298393e+00   -2.5106097320e-01
1.0498356010e+00   -2.5921224178e-01
1.0477777091e+00   -2.6734830694e-01
1.0456562833e+00   -2.7546891693e-01
1.0434714455e+00   -2.8357382698e-01
1.0412233192e+00   -2.9166279917e-01
1.0389120300e+00   -2.9973560230e-01
1.0365377052e+00   -3.0779201181e-01
1.0341004737e+00   -3.1583180957e-01
1.0316004662e+00   -3.2385478385e-01
1.0290378151e+00   -3.3186072909e-01
1.0264126541e+00   -3.3984944583e-01
1.0237251188e+00   -3.4782074053e-01
1.0209753460e+00   -3.5577442546e-01
1.0181634741e+00   -3.6371031856e-01
1.0152896428e+00   -3.7162824326e-01
1.0123539933e+00   -3.7952802838e-01
1.0093566681e+00   -3.8740950794e-01
1.0062978107e+00   -3.9527252106e-01
1.0031775663e+00   -4.0311691175e-01
9.9999608087e-01   -4.1094252883e-01
9.9675350179e-01   -4.1874922570e-01
9.9344997752e-01   -4.2653686026e-01
9.9008565757e-01   -4.3430529469e-01
9.8666069255e-01   -4.4205439535e-01
9.8317523410e-01   -4.4978403257e-01
9.7962943483e-01   -4.5749408052e-01
9.7602344834e-01   -4.6518441707e-01
9.7235742917e-01   -4.7285492357e-01
9.6863153277e-01   -4.8050548475e-01
9.6484591547e-01   -4.8813598852e-01
9.6100073449e-01   -4.9574632581e-01
9.5709614786e-01   -5.0333639043e-01
9.5313231445e-01   -5.1090607888e-01
9.4910939392e-01   -5.1845529018e-01
9.4502754672e-01   -5.2598392574e-01
9.4088693404e-01   -5.3349188915e-01
9.3668771785e-01   -5.4097908605e-01
9.3243006081e-01   -5.4844542393e-01
9.2811412633e-01   -5.5589081199e-01
9.2374007851e-01   -5.6331516095e-01
9.1930808213e-01   -5.7071838288e-01
9.1481830268e-01   -5.7810039108e-01
9.1027090631e-01   -5.8546109982e-01
9.0566605982e-01   -5.9280042425e-01
9.0100393069e-01   -6.0011828021e-01
8.9628468707e-01   -6.0741458402e-01
8.9150849772e-01   -6.1468925237e-01
8.8667553209e-01   -6.2194220211e-01
8.8178596025e-01   -6.2917335009e-01
8.7683995295e-01   -6.3638261298e-01
8.7183768158e-01   -6.4356990714e-01
8.6677931817e-01   -6.5073514838e-01
8.6166503542e-01   -6.5787825185e-01
8.5649500672e-01   -6.6499913184e-01
8.5126940610e-01   -6.7209770163e-01
8.4598840828e-01   -6.7917387328e-01
8.4065218870e-01   -6.8622755752e-01
8.3526092346e-01   -6.9325866351e-01
8.2981478942e-01   -7.0026709874e-01
8.2431396414e-01   -7.0725276879e-01
8.1875862442e-01   -7.1421596351e-01
8.1314894781e-01   -7.2115620638e-01
8.0748511409e-01   -7.2807339637e-01
8.0176730385e-01   -7.3496742990e-01
7.9599569851e-01   -7.4183820065e-01
7.9017048032e-01   -7.4868559942e-01
7.8429183240e-01   -7.5550951393e-01
7.7835993875e-01   -7.6230982871e-01
7.7237498432e-01   -7.6908642484e-01
7.6633715495e-01   -7.7583917989e-01
7.6024663750e-01   -7.8256796765e-01
7.5410361980e-01   -7.8927265806e-01
7.4790829074e-01   -7.9595311697e-01
7.4166084024e-01   -8.0260920602e-01
7.3536145934e-01   -8.0924078245e-01
7.2901034023e-01   -8.1584769896e-01
7.2260767623e-01   -8.2242980353e-01
7.1615366190e-01   -8.2898693926e-01
7.0964849302e-01   -8.3551894421e-01
7.0309236669e-01   -8.4202565124e-01
6.9648548130e-01   -8.4850688788e-01
6.8982803663e-01   -8.5496247609e-01
6.8312023388e-01   -8.6139223221e-01
6.7636227569e-01   -8.6779596671e-01
6.6955436621e-01   -8.7417348409e-01
6.6269671116e-01   -8.8052458269e-01
6.5578951783e-01   -8.8684905459e-01
6.4883299519e-01   -8.9314668537e-01
6.4182735388e-01   -8.9941725405e-01
6.3477280633e-01   -9.0566053288e-01
6.2766956675e-01   -9.1187628723e-01
6.2051785122e-01   -9.1806427539e-01
6.1331787775e-01   -9.2422424849e-01
6.0606986628e-01   -9.3035595030e-01
5.9877403885e-01   -9.3645911712e-01
5.9143061953e-01   -9.4253347764e-01
5.8403983457e-01   -9.4857875277e-01
5.7660191242e-01   -9.5459465552e-01
5.6911708383e-01   -9.6058089090e-01
5.6158558186e-01   -9.6653715571e-01
5.5400764198e-01   -9.7246313848e-01
5.4638350212e-01   -9.7835851931e-01
5.3871340277e-01   -9.8422296972e-01
5.3099758699e-01   -9.9005615258e-01
5.2323630053e-01   -9.9585772194e-01
5.1542979187e-01   -1.0016273229e+00
5.0757831231e-01   -1.0073645917e+00
4.9968211600e-01   -1.0130691551e+00
4.9174146009e-01   -1.0187406308e+00
4.8375660470e-01   -1.0243786272e+00
4.7572781310e-01   -1.0299827431e+00
4.6765535170e-01   -1.0355525678e+00
4.5953949017e-01   -1.0410876807e+00
4.5138050150e-01   -1.0465876517e+00
4.4317866209e-01   -1.0520520408e+00
4.3493425180e-01   -1.0574803979e+00
4.2664755407e-01   -1.0628722629e+00
4.1831885596e-01   -1.0682271657e+00
4.0994844825e-01   -1.0735446259e+00
4.0153662552e-01   -1.0788241528e+00
3.9308368620e-01   -1.0840652456e+00
3.8458993272e-01   -1.0892673929e+00
3.7605567151e-01   -1.0944300729e+00
3.6748121313e-01   -1.0995527532e+00
3.5886687235e-01   -1.1046348911e+00
3.5021296822e-01   -1.1096759330e+00
3.4151982415e-01   -1.1146753151e+00
3.3278776801e-01   -1.1196324624e+00
3.2401713219e-01   -1.1245467897e+00
3.1520825373e-01   -1.1294177009e+00
3.0636147433e-01   -1.1342445891e+00
2.9747714051e-01   -1.1390268368e+00
2.8855560362e-01   -1.1437638157e+00
2.7959722001e-01   -1.1484548870e+00
2.7060235102e-01   -1.1530994009e+00
2.6157136314e-01   -1.1576966972e+00
2.5250462806e-01   -1.1622461048e+00
2.4340252273e-01   -1.1667469422e+00
2.3426542951e-01   -1.1711985172e+00
2.2509373618e-01   -1.1756001271e+00
2.1588783606e-01   -1.1799510589e+00
2.0664812810e-01   -1.1842505888e+00
1.9737501692e-01   -1.1884979833e+00
1.8806891293e-01   -1.1926924980e+00
1.7873023241e-01   -1.1968333789e+00
1.6935939754e-01   -1.2009198617e+00
1.5995683655e-01   -1.2049511721e+00
1.5052298373e-01   -1.2089265263e+00
1.4105827955e-01   -1.2128451306e+00
1.3156317072e-01   -1.2167061818e+00
1.2203811026e-01   -1.2205088672e+00
1.1248355759e-01   -1.2242523652e+00
1.0289997856e-01   -1.2279358449e+00
9.3287845588e-02   -1.2315584665e+00
8.3647637660e-02   -1.2351193816e+00
7.3979840439e-02   -1.2386177333e+00
6.4284946316e-02   -1.2420526565e+00
5.4563454476e-02   -1.2454232779e+00
4.4815870961e-02   -1.2487287165e+00
3.5042708727e-02   -1.2519680837e+00
2.5244487707e-02   -1.2551404837e+00
1.5421734861e-02   -1.2582450134e+00
5.5749842369e-03   -1.2612807631e+00
-4.2952229833e-03   -1.2642468167e+00
-1.4188338431e-02   -1.2671422517e+00
-2.4103806506e-02   -1.2699661399e+00
-3.4041064331e-02   -1.2727175477e+00
-4.3999541707e-02   -1.2753955360e+00
-5.3978661081e-02   -1.2779991611e+00
-6.3977837504e-02   -1.2805274748e+00
-7.3996478598e-02   -1.2829795248e+00
-8.4033984526e-02   -1.2853543548e+00
-9.4089747967e-02   -1.2876510057e+00
-1.0416315409e-01   -1.2898685150e+00
-1.1425358052e-01   -1.2920059180e+00
-1.2436039736e-01   -1.2940622479e+00
-1.3448296713e-01   -1.2960365364e+00
-1.4462064477e-01   -1.2979278137e+00
-1.5477277765e-01   -1.2997351096e+00
-1.6493870556e-01   -1.3014574538e+00
-1.7511776069e-01   -1.3030938761e+00
-1.8530926766e-01   -1.3046434072e+00
-1.9551254351e-01   -1.3061050789e+00
-2.0572689774e-01   -1.3074779252e+00
-2.1595163229e-01   -1.3087609822e+00
-2.2618604158e-01   -1.3099532890e+00
-2.3642941252e-01   -1.3110538882e+00
-2.4668102459e-01   -1.3120618266e+00
-2.5694014980e-01   -1.3129761553e+00
-2.6720605277e-01   -1.3137959308e+00
-2.7747799078e-01   -1.3145202154e+00
-2.8775521381e-01   -1.3151480778e+00
-2.9803696455e-01   -1.3156785936e+00
-3.0832247855e-01   -1.3161108463e+00
-3.1861098418e-01   -1.3164439275e+00
-3.2890170276e-01   -1.3166769375e+00
-3.3919384863e-01   -1.3168089865e+00
-3.4948662920e-01   -1.3168391947e+00
-3.5977924504e-01   -1.3167666932e+00
-3.7007088998e-01   -1.3165906245e+00
-3.8036075120e-01   -1.3163101433e+00
-3.9064800931e-01   -1.3159244171e+00
-4.0093183848e-01   -1.3154326270e+00
-4.1121140653e-01   -1.3148339682e+00
-4.2148587502e-01   -1.3141276506e+00
-4.3175439945e-01   -1.3133128998e+00
-4.4201612927e-01   -1.3123889575e+00
-4.5227020811e-01   -1.3113550822e+00
-4.6251577385e-01   -1.3102105502e+00
-4.7275195880e-01   -1.3089546556e+00
-4.8297788981e-01   -1.3075867118e+00
-4.9319268846e-01   -1.3061060515e+00
-5.0339547117e-01   -1.3045120276e+00
-5.1358534940e-01   -1.3028040141e+00
-5.2376142978e-01   -1.3009814064e+00
-5.3392281434e-01   -1.2990436222e+00
-5.4406860059e-01   -1.2969901017e+00
-5.5419788182e-01   -1.2948203091e+00
-5.6430974717e-01   -1.2925337323e+00
-5.7440328190e-01   -1.2901298842e+00
-5.8447756758e-01   -1.2876083028e+00
-5.9453168222e-01   -1.2849685522e+00
-6.0456470058e-01   -1.2822102231e+00
-6.1457569428e-01   -1.2793329331e+00
-6.2456373209e-01   -1.2763363276e+00
-6.3452788011e-01   -1.2732200803e+00
-6.4446720199e-01   -1.2699838935e+00
-6.5438075919e-01   -1.2666274989e+00
-6.6426761116e-01   -1.2631506578e+00
-6.7412681564e-01   -1.2595531622e+00
-6.8395742882e-01   -1.2558348344e+00
-6.9375850566e-01   -1.2519955280e+00
-7.0352910008e-01   -1.2480351285e+00
-7.1326826523e-01   -1.2439535531e+00
-7.2297505374e-01   -1.2397507516e+00
-7.3264851799e-01   -1.2354267066e+00
-7.4228771034e-01   -1.2309814339e+00
-7.5189168340e-01   -1.2264149826e+00
-7.6145949031e-01   -1.2217274357e+00
-7.7099018497e-01   -1.2169189103e+00
-7.8048282236e-01   -1.2119895578e+00
-7.8993645875e-01   -1.2069395640e+00
-7.9935015201e-01   -1.2017691496e+00
-8.0872296188e-01   -1.1964785701e+00
-8.1805395021e-01   -1.1910681163e+00
-8.2734218128e-01   -1.1855381138e+00
-8.3658672206e-01   -1.1798889238e+00
-8.4578664245e-01   -1.1741209428e+00
-8.5494101561e-01   -1.1682346026e+00
-8.6404891823e-01   -1.1622303704e+00
-8.7310943074e-01   -1.1561087491e+00
-8.8212163770e-01   -1.1498702764e+00
-8.9108462796e-01   -1.1435155258e+00
-8.9999749501e-01   -1.1370451055e+00
-9.0885933724e-01   -1.1304596591e+00
-9.1766925819e-01   -1.1237598649e+00
-9.2642636685e-01   -1.1169464358e+00
-9.3512977791e-01   -1.1100201192e+00
-9.4377861204e-01   -1.1029816969e+00
-9.5237199615e-01   -1.0958319842e+00
-9.6090906366e-01   -1.0885718305e+00
-9.6938895476e-01   -1.0812021181e+00
-9.7781081664e-01   -1.0737237622e+00
-9.8617380381e-01   -1.0661377108e+00
-9.9447707829e-01   -1.0584449438e+00
-1.0027198099e+00   -1.0506464726e+00
-1.0109011764e+00   -1.0427433400e+00
-1.0190203641e+00   -1.0347366194e+00
-1.0270765674e+00   -1.0266274141e+00
-1.0350689897e+00   -1.0184168572e+00
-1.0429968434e+00   -1.0101061107e+00
-1.0508593500e+00   -1.0016963650e+00
-1.0586557404e+00   -9.9318883825e-01
-1.0663852552e+00   -9.8458477561e-01
-1.0740471448e+00   -9.7588544873e-01
-1.0816406696e+00   -9.6709215498e-01
-1.0891651003e+00   -9.5820621670e-01
-1.0966197180e+00   -9.4922898052e-01
-1.1040038144e+00   -9.4016181656e-01
-1.1113166920e+00   -9.3100611768e-01
-1.1185576645e+00   -9.2176329867e-01
-1.1257260563e+00   -9.1243479545e-01
-1.1328212034e+00   -9.0302206425e-01
-1.1398424533e+00   -8.9352658076e-01
-1.1467891649e+00   -8.8394983926e-01
-1.1536607090e+00   -8.7429335181e-01
-1.1604564683e+00   -8.6455864730e-01
-1.1671758374e+00   -8.5474727062e-01
-1.1738182231e+00   -8.4486078173e-01
-1.1803830445e+00   -8.3490075475e-01
-1.1868697328e+00   -8.2486877710e-01
-1.1932777321e+00   -8.1476644848e-01
-1.1996064987e+00   -8.0459538006e-01
-1.2058555016e+00   -7.9435719344e-01
-1.2120242227e+00   -7.8405351982e-01
-1.2181121563e+00   -7.7368599897e-01
-1.2241188100e+00   -7.6325627836e-01
-1.2300437039e+00   -7.5276601221e-01
-1.2358863715e+00   -7.4221686052e-01
-1.2416463587e+00   -7.3161048819e-01
-1.2473232251e+00   -7.2094856404e-01
-1.2529165428e+00   -7.1023275991e-01
-1.2584258972e+00   -6.9946474976e-01
-1.2638508871e+00   -6.8864624559e-01
-1.2691911240e+00   -6.7777888551e-01
-1.2744462328e+00   -6.6686434415e-01
-1.2796158511e+00   -6.5590429460e-01
-1.2846996298e+00   -6.4490040756e-01
-1.2896972327e+00   -6.3385435045e-01
-1.2946083368e+00   -6.2276778658e-01
-1.2994326318e+00   -6.1164237426e-01
-1.3041698207e+00   -6.0047976600e-01
-1.3088196191e+00   -5.8928160767e-01
-1.3133817555e+00   -5.7804953770e-01
-1.3178559713e+00   -5.6678518629e-01
-1.3222420205e+00   -5.5549017462e-01
-1.3265396697e+00   -5.4416611411e-01
-1.3307486982e+00   -5.3281460567e-01
-1.3348688976e+00   -5.2143723896e-01
-1.3389000720e+00   -5.1003559168e-01
-1.3428420377e+00   -4.9861122893e-01
-1.3466946233e+00   -4.8716570248e-01
-1.3504576693e+00   -4.7570055012e-01
-1.3541310283e+00   -4.6421729509e-01
-1.3577145647e+00   -4.5271744540e-01
-1.3612081547e+00   -4.4120249327e-01
-1.3646116859e+00   -4.2967391456e-01
-1.3679250576e+00   -4.1813316821e-01
-1.3711481804e+00   -4.0658169572e-01
-1.3742809759e+00   -3.9502092063e-01
-1.3773233769e+00   -3.8345224805e-01
-1.3802753272e+00   -3.7187706419e-01
-1.3831367812e+00   -3.6029673590e-01
-1.3859077040e+00   -3.4871261028e-01
-1.3885880711e+00   -3.3712601425e-01
-1.3911778683e+00   -3.2553825421e-01
-1.3936770915e+00   -3.1395061563e-01
-1.3960857467e+00   -3.0236436276e-01
-1.3984038495e+00   -2.9078073831e-01
-1.4006314253e+00   -2.7920096313e-01
-1.4027685089e+00   -2.6762623600e-01
-1.4048151443e+00   -2.5605773329e-01
-1.4067713847e+00   -2.4449660884e-01
-1.4086372923e+00   -2.3294399366e-01
-1.4104129378e+00   -2.2140099579e-01
-1.4120984007e+00   -2.0986870014e-01
-1.4136937688e+00   -1.9834816830e-01
-1.4151991382e+00   -1.8684043847e-01
-1.4166146129e+00   -1.7534652612e-01
-1.4179403047e+00   -1.6386742052e-01
-1.4191763332e+00   -1.5240408887e-01
-1.4203228255e+00   -1.4095747459e-01
-1.4213799157e+00   -1.2952849731e-01
-1.4223477452e+00   -1.1811805289e-01
-1.4232264624e+00   -1.0672701337e-01
-1.4240162222e+00   -9.5356226999e-02
-1.4247171862e+00   -8.4006518298e-02
-1.4253295223e+00   -7.2678688080e-02
-1.4258534045e+00   -6.1373513532e-02
-1.4262890129e+00   -5.0091748294e-02
-1.4266365334e+00   -3.8834122551e-02
-1.4268961573e+00   -2.7601343150e-02
-1.4270680815e+00   -1.6394093721e-02
-1.4271525084e+00   -5.2130348166e-03
-1.4271496449e+00   5.9411959361e-03
-1.4270597033e+00   1.7067983673e-02
-1.4268829004e+00   2.8166736116e-02
-1.4266194576e+00   3.9236883385e-02
-1.4262696006e+00   5.0277877800e-02
-1.4258335593e+00   6.1289193669e-02
-1.4253115677e+00   7.2270327073e-02
-1.4247038637e+00   8.3220795627e-02
-1.4240106887e+00   9.4140138251e-02
-1.4232322877e+00   1.0502791491e-01
-1.4223689091e+00   1.1588370638e-01
-1.4214208046e+00   1.2670711393e-01
-1.4203882287e+00   1.3749775913e-01
-1.4192714389e+00   1.4825528349e-01
-1.4180706954e+00   1.5897934823e-01
-1.4167862611e+00   1.6966963395e-01
-1.4154184011e+00   1.8032584034e-01
-1.4139673829e+00   1.9094768591e-01
-1.4124334762e+00   2.0153490780e-01
-1.4108169525e+00   2.1208726095e-01
-1.4091180853e+00   2.2260451832e-01
-1.4073371497e+00   2.3308647038e-01
-1.4054744225e+00   2.4353292479e-01
-1.4035301818e+00   2.5394370607e-01
-1.4015047070e+00   2.6431865525e-01
-1.3993982789e+00   2.7465762954e-01
-1.3972111791e+00   2.8496050198e-01
-1.3949436903e+00   2.9522716111e-01
-1.3925960958e+00   3.0545751062e-01
-1.3901686799e+00   3.1565146900e-01
-1.3876617272e+00   3.2580896918e-01
-1.3850755230e+00   3.3592995819e-01
-1.3824103527e+00   3.4601439682e-01
-1.3796665021e+00   3.5606225924e-01
-1.3768442573e+00   3.6607353267e-01
-1.3739439042e+00   3.7604821703e-01
-1.3709657288e+00   3.8598632457e-01
-1.3679100169e+00   3.9588787950e-01
-1.3647770540e+00   4.0575291770e-01
-1.3615671254e+00   4.1558148630e-01
-1.3582805159e+00   4.2537364336e-01
-1.3582805159e+00   4.2537364336e-01
