X    Y    Z
2.0000000000e-01   2.0000000000e-01   2.0000000000e-01
2.0000005400e-01   2.0010804068e-01   1.9995734190e-01
2.0000652812e-01   2.0119292767e-01   1.9953170473e-01
2.0065959061e-01   2.1249540412e-01   1.9537088889e-01
2.0378776868e-01   2.3188795763e-01   1.8922299621e-01
2.0943500212e-01   2.5352215152e-01   1.8353927570e-01
2.1757630161e-01   2.7760869500e-01   1.7835551421e-01
2.2822338369e-01   3.0439074788e-01   1.7371703927e-01
2.4142296824e-01   3.3412897162e-01   1.6968089383e-01
2.5725296334e-01   3.6708363800e-01   1.6631824611e-01
2.7581626081e-01   4.0349162408e-01   1.6371696587e-01
2.9723156168e-01   4.4353571870e-01   1.6198418717e-01
3.2162033547e-01   4.8730333687e-01   1.6124850856e-01
3.4908871652e-01   5.3473165932e-01   1.6166123204e-01
3.7970290892e-01   5.8553671291e-01   1.6339569348e-01
4.1345662149e-01   6.3912552359e-01   1.6664328809e-01
4.5022937581e-01   6.9449401263e-01   1.7160428526e-01
4.5047369668e-01   6.9485078978e-01   1.7164194491e-01
4.5292307106e-01   6.9841915148e-01   1.7202284408e-01
4.7801062835e-01   7.3405898865e-01   1.7627149446e-01
5.1916344112e-01   7.8861167273e-01   1.8459159139e-01
5.6200998181e-01   8.3937021143e-01   1.9504884337e-01
6.0552170704e-01   8.8308660660e-01   2.0765145909e-01
6.4830849582e-01   9.1600694329e-01   2.2225087732e-01
6.8861886727e-01   9.3418760177e-01   2.3849155388e-01
7.2440076684e-01   9.3401029956e-01   2.5577855150e-01
7.5344080894e-01   9.1285439935e-01   2.7328269244e-01
7.7358486366e-01   8.6979678186e-01   2.9000011869e-01
7.8301749432e-01   8.0613263373e-01   3.0486960354e-01
7.8054935833e-01   7.2550326235e-01   3.1692885734e-01
7.6584440018e-01   6.3352009069e-01   3.2547117371e-01
7.3952528961e-01   5.3694945951e-01   3.3016121025e-01
7.0312408191e-01   4.4263828929e-01   3.3108752360e-01
6.5887378302e-01   3.5630413810e-01   3.2874705916e-01
6.0934636092e-01   2.8122116107e-01   3.2393666855e-01
5.5696236793e-01   2.1715369015e-01   3.1748022081e-01
5.0351023624e-01   1.6084106266e-01   3.0977073230e-01
4.5084606559e-01   1.2182544895e-01   2.9985338171e-01
4.5051710462e-01   1.2161584959e-01   2.9978805811e-01
4.4723412943e-01   1.1954633035e-01   2.9913382736e-01
4.1513671518e-01   1.0139901430e-01   2.9251179332e-01
3.6811240150e-01   8.1401042111e-02   2.8201253299e-01
3.2565655272e-01   6.9915384030e-02   2.7155498819e-01
2.8820187375e-01   6.5112705250e-02   2.6130133375e-01
2.5587097355e-01   6.5411687514e-02   2.5134697808e-01
2.2856167205e-01   6.9529393129e-02   2.4174280789e-01
2.0602324352e-01   7.6481921943e-02   2.3251223739e-01
1.8791946397e-01   8.5557800249e-02   2.2366320035e-01
1.7387764998e-01   9.6279502545e-02   2.1519604251e-01
1.6352476041e-01   1.0836251686e-01   2.0710845198e-01
1.5651249823e-01   1.2167704281e-01   1.9939841864e-01
1.5253358732e-01   1.3621470890e-01   1.9206595100e-01
1.5133131339e-01   1.5206131164e-01   1.8511402903e-01
1.5270421641e-01   1.6937608669e-01   1.7854910952e-01
1.5650761298e-01   1.8837790654e-01   1.7238145825e-01
1.6265342561e-01   2.0933853084e-01   1.6662564503e-01
1.7110954759e-01   2.3258220950e-01   1.6130164735e-01
1.8189958648e-01   2.5848939389e-01   1.5643708462e-01
1.9510322991e-01   2.8750019368e-01   1.5207106324e-01
2.1085664018e-01   3.2011095016e-01   1.4825989181e-01
2.2935126670e-01   3.5685548606e-01   1.4508450318e-01
2.5082840700e-01   3.9826189142e-01   1.4265881925e-01
2.7556596034e-01   4.4477669431e-01   1.4113758455e-01
3.0385335480e-01   4.9665134412e-01   1.4072148026e-01
3.3595084409e-01   5.5379125061e-01   1.4165674068e-01
3.7203048319e-01   6.1557502386e-01   1.4422617225e-01
4.1204533897e-01   6.8015879927e-01   1.4871263599e-01
4.1231353033e-01   6.8058278651e-01   1.4874775724e-01
4.1500400590e-01   6.8482925604e-01   1.4910370917e-01
4.4275550745e-01   7.2786168051e-01   1.5315331967e-01
4.8911009944e-01   7.9625969091e-01   1.6141219676e-01
5.3861445585e-01   8.6358272001e-01   1.7225847252e-01
5.9039604419e-01   9.2614503577e-01   1.8588799683e-01
6.4309624855e-01   9.7921287686e-01   2.0234282811e-01
6.9480123860e-01   1.0172152242e+00   2.2142066259e-01
7.4303694480e-01   1.0342864693e+00   2.4258639157e-01
7.8487148527e-01   1.0251865054e+00   2.6491768478e-01
8.1715921015e-01   9.8650254594e-01   2.8712508513e-01
8.3692731070e-01   9.1784039627e-01   3.0767748829e-01
8.4185160043e-01   8.2257683033e-01   3.2502765807e-01
8.3071748371e-01   7.0784537874e-01   3.3788264097e-01
8.0375640176e-01   5.8382181811e-01   3.4544715721e-01
7.6305440634e-01   4.6332169677e-01   3.4763858509e-01
7.1292190107e-01   3.6004705251e-01   3.4549237634e-01
6.5684011943e-01   2.8017745820e-01   3.4125821658e-01
5.9830496461e-01   2.2007065885e-01   3.3841637210e-01
5.3921061885e-01   1.5188046900e-01   3.4022777046e-01
5.3882323916e-01   1.5139415712e-01   3.4015884826e-01
5.3494417127e-01   1.4657436766e-01   3.3946597469e-01
4.9580016408e-01   1.0265503151e-01   3.3221673436e-01
4.3466901933e-01   4.8793032124e-02   3.2006423805e-01
3.7581208239e-01   1.0944303533e-02   3.0746884112e-01
3.2100988209e-01   -1.3746965108e-02   2.9487850046e-01
2.7136207919e-01   -2.8196851036e-02   2.8257254497e-01
2.2740380126e-01   -3.5056884206e-02   2.7070355827e-01
1.8923887463e-01   -3.6559631408e-02   2.5933864350e-01
1.5666688740e-01   -3.4479807635e-02   2.4849287442e-01
1.2929201581e-01   -3.0162246858e-02   2.3815327982e-01
1.0660929544e-01   -2.4582597675e-02   2.2829454679e-01
8.8068492435e-02   -1.8420860575e-02   2.1888844926e-01
7.3117786510e-02   -1.2137762401e-02   2.0990863492e-01
6.1230228164e-02   -6.0481327467e-03   2.0133160920e-01
5.1916349491e-02   -3.8484354173e-04   1.9313419498e-01
4.4726938811e-02   4.6556826564e-03   1.8528780413e-01
3.9250826315e-02   8.8964515018e-03   1.7775052035e-01
3.5113127913e-02   1.2198634643e-02   1.7045889252e-01
3.1979195607e-02   1.4516565317e-02   1.6332197164e-01
2.9568187075e-02   1.5980662077e-02   1.5622011666e-01
2.7677772941e-02   1.6991948064e-02   1.4901035618e-01
2.6218515974e-02   1.8307131614e-02   1.4153881580e-01
2.5253552407e-02   2.1093011701e-02   1.3365925456e-01
2.5037021067e-02   2.6933058445e-02   1.2525544879e-01
2.6043657801e-02   3.7776207606e-02   1.1626426196e-01
2.8982268180e-02   5.5826649811e-02   1.0669585395e-01
3.4787334810e-02   8.3382267467e-02   9.6647603055e-02
4.4585561092e-02   1.2263731184e-01   8.6308870059e-02
5.9637365801e-02   1.7547123220e-01   7.5954629097e-02
8.1256858111e-02   2.4324985831e-01   6.5927134996e-02
1.1071728306e-01   3.2666714510e-01   5.6606108430e-02
1.4915199633e-01   4.2565523126e-01   4.8369322670e-02
1.9299985619e-01   4.7934150974e-01   4.9557061855e-02
2.3933839850e-01   5.4737377803e-01   5.2065556130e-02
2.3964652034e-01   5.4785489966e-01   5.2086642371e-02
2.4273733323e-01   5.5269839093e-01   5.2301384039e-02
2.7468662179e-01   6.0436025459e-01   5.4863284759e-02
3.2911803925e-01   6.9685092428e-01   6.0644209580e-02
3.9009192215e-01   8.0308069964e-01   6.9183455022e-02
4.5854693140e-01   9.2142095650e-01   8.1307580104e-02
5.3491890767e-01   1.0483249459e+00   9.7986632815e-02
5.3543247040e-01   1.0491518544e+00   9.8110155728e-02
5.4058528917e-01   1.0574258834e+00   9.9358014467e-02
5.9377607974e-01   1.1401787664e+00   1.1315231414e-01
6.8225677789e-01   1.2645463264e+00   1.3993136177e-01
7.7474488537e-01   1.3703073916e+00   1.7353941801e-01
8.6667288709e-01   1.4394567871e+00   2.1374535435e-01
8.6724552529e-01   1.4397376902e+00   2.1402113810e-01
8.7295546795e-01   1.4424175718e+00   2.1679047225e-01
9.2797734149e-01   1.4552579427e+00   2.4548856473e-01
1.0006983882e+00   1.4185029541e+00   2.9120229656e-01
1.0516563354e+00   1.3082548173e+00   3.3476059406e-01
1.0754139771e+00   1.1162799600e+00   3.7411270881e-01
1.0754540996e+00   1.1148331384e+00   3.7433283815e-01
1.0757733601e+00   1.1002309301e+00   3.7650853726e-01
1.0706235947e+00   9.4242165250e-01   3.9551605269e-01
1.0457084319e+00   7.4237612464e-01   4.1058456994e-01
1.0454043598e+00   7.4059265970e-01   4.1068180479e-01
1.0422824800e+00   7.2273663400e-01   4.1162208044e-01
1.0060074621e+00   5.5485676006e-01   4.1763548855e-01
9.5355407000e-01   3.7822785548e-01   4.1869322619e-01
8.8100710535e-01   1.9586197427e-01   4.1399465400e-01
8.8032155731e-01   1.9437105387e-01   4.1393008592e-01
8.7342230431e-01   1.7956752451e-01   4.1326433536e-01
8.0060749974e-01   4.2704162782e-02   4.0481542373e-01
7.2179664324e-01   -7.3835102523e-02   3.9370121221e-01
6.1609951148e-01   -1.9204505465e-01   3.7705512438e-01
6.1529138901e-01   -1.9280865767e-01   3.7692300025e-01
6.0721298384e-01   -2.0033608856e-01   3.7559920919e-01
5.2707921171e-01   -2.6524647117e-01   3.6222975668e-01
4.3007411458e-01   -3.2295888818e-01   3.4569088923e-01
3.1751171809e-01   -3.6608511472e-01   3.2630660068e-01
2.1679801320e-01   -3.8656610517e-01   3.0888147836e-01
1.2884932356e-01   -3.9276792727e-01   2.9352999986e-01
1.2832796288e-01   -3.9277618013e-01   2.9343826916e-01
1.2314253942e-01   -3.9284131874e-01   2.9252528341e-01
7.4060884279e-02   -3.9201256684e-01   2.8381430530e-01
6.8997225767e-03   -3.8725344086e-01   2.7159347124e-01
-4.9710751305e-02   -3.8107318234e-01   2.6084961981e-01
-9.7264329510e-02   -3.7562940513e-01   2.5134170325e-01
-1.3728683005e-01   -3.7226629550e-01   2.4287517185e-01
-1.7123417181e-01   -3.7177701886e-01   2.3530499613e-01
-2.0043742634e-01   -3.7459090288e-01   2.2853081359e-01
-2.2607837414e-01   -3.8090204488e-01   2.2248963445e-01
-2.4918384763e-01   -3.9075473745e-01   2.1714872790e-01
-2.7063081560e-01   -4.0409759112e-01   2.1249972777e-01
-2.9115678623e-01   -4.2081480406e-01   2.0855417743e-01
-3.1137190513e-01   -4.4074032929e-01   2.0534034840e-01
-3.3177032766e-01   -4.6365872810e-01   2.0290100904e-01
-3.5273923573e-01   -4.8929511672e-01   2.0129176878e-01
-3.7456437818e-01   -5.1729565787e-01   2.0057961186e-01
-3.9743133545e-01   -5.4719940866e-01   2.0084122765e-01
-4.2142284525e-01   -5.7842719187e-01   2.0205264898e-01
-4.2157987235e-01   -5.7862973044e-01   2.0206379359e-01
-4.2315264268e-01   -5.8065650618e-01   2.0217766371e-01
-4.3912510338e-01   -6.0101811158e-01   2.0356170733e-01
-4.6492950851e-01   -6.3277389150e-01   2.0664323976e-01
-4.9153191455e-01   -6.6348757902e-01   2.1087206489e-01
-5.1857666929e-01   -6.9192829135e-01   2.1625181724e-01
-5.4556871855e-01   -7.1670097734e-01   2.2274192888e-01
-5.7187393065e-01   -7.3630520725e-01   2.3024429118e-01
-5.9673081850e-01   -7.4923403228e-01   2.3859195613e-01
-6.1927789129e-01   -7.5411264600e-01   2.4754289798e-01
-6.3859950551e-01   -7.4986646126e-01   2.5678217122e-01
-6.5379025640e-01   -7.3589584444e-01   2.6593520237e-01
-6.6403379366e-01   -7.1222388219e-01   2.7459314441e-01
-6.6868726021e-01   -6.7957957203e-01   2.8234833546e-01
-6.6735879181e-01   -6.3938645775e-01   2.8883471744e-01
-6.5996434002e-01   -5.9364654920e-01   2.9376589211e-01
-6.4675250718e-01   -5.4473517009e-01   2.9696353787e-01
-6.2829162712e-01   -4.9514257170e-01   2.9837136258e-01
-6.0541991922e-01   -4.4720303593e-01   2.9805316946e-01
-5.7916479581e-01   -4.0284409310e-01   2.9617557429e-01
-5.5064080541e-01   -3.6338527799e-01   2.9297540767e-01
-5.2093981508e-01   -3.2943700998e-01   2.8871171571e-01
-4.9103511532e-01   -3.0098572260e-01   2.8360874627e-01
-4.6173064759e-01   -2.7773856332e-01   2.7781254282e-01
-4.3368370117e-01   -2.5965380724e-01   2.7139966550e-01
-4.0749457195e-01   -2.4730095608e-01   2.6446506666e-01
-3.8378795394e-01   -2.4149520899e-01   2.5725089390e-01
-3.6315550082e-01   -2.4196094799e-01   2.5017578053e-01
-3.4588564316e-01   -2.4588921424e-01   2.4358398308e-01
-3.3165219251e-01   -2.4867682104e-01   2.3720867760e-01
-3.1967368172e-01   -2.4918185202e-01   2.2979111291e-01
-3.0991285717e-01   -2.5835911136e-01   2.1975183443e-01
-3.0513921177e-01   -3.0304779478e-01   2.0760229409e-01
-3.1202007370e-01   -4.1103542648e-01   1.9923091090e-01
-3.3790809165e-01   -5.6968058855e-01   2.0656869811e-01
-3.8106619506e-01   -6.7672395634e-01   2.4064274705e-01
-4.1794540888e-01   -5.4010225893e-01   2.9540718661e-01
-4.3314876161e-01   -5.0695736160e-01   2.9244899761e-01
-4.4149845602e-01   -4.7588524695e-01   2.8928609935e-01
-4.4433079267e-01   -4.4746063163e-01   2.8582329564e-01
-4.4286388352e-01   -4.2214804183e-01   2.8202548237e-01
-4.3819741668e-01   -4.0028470948e-01   2.7790200246e-01
-4.3131084052e-01   -3.8207558726e-01   2.7349276723e-01
-4.2306206370e-01   -3.6760124554e-01   2.6885666617e-01
-4.1418828054e-01   -3.5683583489e-01   2.6406252297e-01
-4.0530976657e-01   -3.4967087339e-01   2.5918257090e-01
-3.9693672852e-01   -3.4594063964e-01   2.5428817526e-01
-3.8947875109e-01   -3.4544585094e-01   2.4944740768e-01
-3.8325602914e-01   -3.4797341536e-01   2.4472401159e-01
-3.7851146802e-01   -3.5331115378e-01   2.4017733285e-01
-3.7542276880e-01   -3.6125721709e-01   2.3586285051e-01
-3.7411374791e-01   -3.7162447035e-01   2.3183302254e-01
-3.7466431249e-01   -3.8424040193e-01   2.2813823464e-01
-3.7711868656e-01   -3.9894321011e-01   2.2482769890e-01
-3.8149163524e-01   -4.1557469967e-01   2.2195018758e-01
-3.8777255812e-01   -4.3397055458e-01   2.1955450743e-01
-3.9592741854e-01   -4.5394849690e-01   2.1768962426e-01
-4.0589855352e-01   -4.7529484135e-01   2.1640434165e-01
-4.1760248161e-01   -4.9775004384e-01   2.1574642585e-01
-4.3092590959e-01   -5.2099404572e-01   2.1576106079e-01
-4.4572024636e-01   -5.4463254738e-01   2.1648851795e-01
-4.6179509165e-01   -5.6818578793e-01   2.1796095585e-01
-4.7891135284e-01   -5.9108193309e-01   2.2019831834e-01
-4.9677490457e-01   -6.1265767494e-01   2.2320341780e-01
-5.1503196856e-01   -6.3216893934e-01   2.2695645726e-01
-5.3326764098e-01   -6.4881452380e-01   2.3140946523e-01
-5.5100915114e-01   -6.6177469223e-01   2.3648137633e-01
-5.6773538066e-01   -6.7026504321e-01   2.4205472492e-01
-5.8289381103e-01   -6.7360328875e-01   2.4797505123e-01
-5.9592530561e-01   -6.7128312906e-01   2.5405405172e-01
-6.0629596413e-01   -6.6304588021e-01   2.6007714916e-01
-6.1353383768e-01   -6.4893796806e-01   2.6581549021e-01
-6.1726683233e-01   -6.2934206254e-01   2.7104148202e-01
-6.1725705550e-01   -6.0497236975e-01   2.7554606039e-01
-6.1342657310e-01   -5.7683042294e-01   2.7915522662e-01
-6.0587031055e-01   -5.4612543917e-01   2.8174326485e-01
-5.9485358279e-01   -5.1417074945e-01   2.8324055924e-01
-5.8079425955e-01   -4.8227284002e-01   2.8363501570e-01
-5.6423194118e-01   -4.5163015278e-01   2.8296732906e-01
-5.4578859369e-01   -4.2325565118e-01   2.8132151255e-01
-5.2612595483e-01   -3.9793084949e-01   2.7881274584e-01
-5.0590488014e-01   -3.7619215279e-01   2.7557470231e-01
-4.8575072241e-01   -3.5834467256e-01   2.7174812818e-01
-4.6622726703e-01   -3.4449535020e-01   2.6747179282e-01
-4.4782010705e-01   -3.3459637716e-01   2.6287624294e-01
-4.3092897081e-01   -3.2849096201e-01   2.5808024225e-01
-4.1586758232e-01   -3.2595558890e-01   2.5318943708e-01
-4.0286916662e-01   -3.2673523395e-01   2.4829665036e-01
-3.9209562887e-01   -3.3057001911e-01   2.4348321863e-01
-3.8364861716e-01   -3.3721324013e-01   2.3882088410e-01
-3.7758100030e-01   -3.4644158167e-01   2.3437388084e-01
-3.7390765673e-01   -3.5805872890e-01   2.3020097406e-01
-3.7261481334e-01   -3.7189364544e-01   2.2635730522e-01
-3.7366745854e-01   -3.8779465194e-01   2.2289595773e-01
-3.7701457094e-01   -4.0562021970e-01   2.1986919024e-01
-3.8259205843e-01   -4.2522717103e-01   2.1732929278e-01
-3.9032340381e-01   -4.4645680912e-01   2.1532901095e-01
-4.0011808285e-01   -4.6911942487e-01   2.1392146291e-01
-4.1186787766e-01   -4.9297767713e-01   2.1315944763e-01
-4.2544127517e-01   -5.1772953850e-01   2.1309401956e-01
-4.4067623803e-01   -5.4299185743e-01   2.1377219387e-01
-4.5737178035e-01   -5.6828610875e-01   2.1523365653e-01
-4.7527899895e-01   -5.9302853310e-01   2.1750641243e-01
-4.9409247437e-01   -6.1652756513e-01   2.2060140118e-01
-5.1344329684e-01   -6.3799193346e-01   2.2450630559e-01
-5.3289528849e-01   -6.5655298031e-01   2.2917901724e-01
-5.5194624970e-01   -6.7130410671e-01   2.3454154138e-01
-5.7003609710e-01   -6.8135853743e-01   2.4047543178e-01
-5.8656346082e-01   -6.8592364315e-01   2.4682006505e-01
-6.0091153308e-01   -6.8438597418e-01   2.5337506514e-01
-6.1248266460e-01   -6.7639667897e-01   2.5990785033e-01
-6.2073949470e-01   -6.6194336395e-01   2.6616653576e-01
-6.2524857699e-01   -6.4139328630e-01   2.7189735508e-01
-6.2572100253e-01   -6.1549536486e-01   2.7686459843e-01
-6.2204395419e-01   -5.8533512590e-01   2.8087016117e-01
-6.1429783674e-01   -5.5224611652e-01   2.8376952107e-01
-6.0275560302e-01   -5.1769081194e-01   2.8548148606e-01
-5.8786393014e-01   -4.8313083733e-01   2.8599035375e-01
-5.7020880839e-01   -4.4990754467e-01   2.8534065332e-01
-5.5047074575e-01   -4.1915043554e-01   2.8362614416e-01
-5.2937591822e-01   -3.9172312283e-01   2.8097557156e-01
-5.0764947701e-01   -3.6820796761e-01   2.7753782669e-01
-4.8597592521e-01   -3.4892342069e-01   2.7346867140e-01
-4.6496955735e-01   -3.3396400288e-01   2.6892036501e-01
-4.4515595996e-01   -3.2325192899e-01   2.6403467314e-01
-4.2696392141e-01   -3.1659083388e-01   2.5893906349e-01
-4.1072600219e-01   -3.1371474570e-01   2.5374549062e-01
-3.9668550226e-01   -3.1432833112e-01   2.4855102719e-01
-3.8500748156e-01   -3.1813691087e-01   2.4343962988e-01
-3.7579178358e-01   -3.2486639104e-01   2.3848447394e-01
-3.6908637455e-01   -3.3427429082e-01   2.3375044355e-01
-3.6489978290e-01   -3.4615340698e-01   2.2929652075e-01
-3.6321181892e-01   -3.6032966861e-01   2.2517792629e-01
-3.6398208509e-01   -3.7665551712e-01   2.2144793869e-01
-3.6715602939e-01   -3.9499984156e-01   2.1815935371e-01
-3.7266845615e-01   -4.1523519977e-01   2.1536555395e-01
-3.8044450863e-01   -4.3722281981e-01   2.1312114492e-01
-3.9039819584e-01   -4.6079574592e-01   2.1148208619e-01
-4.0242857707e-01   -4.8574050064e-01   2.1050521212e-01
-4.1641376566e-01   -5.1177780718e-01   2.1024700130e-01
-4.3220299395e-01   -5.3854327862e-01   2.1076142840e-01
-4.4960711393e-01   -5.6556954637e-01   2.1209672567e-01
-4.6838812960e-01   -5.9227204183e-01   2.1429092213e-01
-4.8824863984e-01   -6.1794151850e-01   2.1736611234e-01
-5.0882246808e-01   -6.4174718562e-01   2.2132159736e-01
-5.2966815788e-01   -6.6275479706e-01   2.2612630313e-01
-5.5026740287e-01   -6.7996379903e-01   2.3171124419e-01
-5.7003067302e-01   -6.9236612659e-01   2.3796320673e-01
-5.8831214725e-01   -6.9902624588e-01   2.4472116437e-01
-6.0443537096e-01   -6.9917741271e-01   2.5177707859e-01
-6.1772971380e-01   -6.9232352818e-01   2.5888249254e-01
-6.2757575353e-01   -6.7833079556e-01   2.6576158397e-01
-6.3345544942e-01   -6.5749062578e-01   2.7213011875e-01
-6.3500093955e-01   -6.3053685752e-01   2.7771827502e-01
-6.3203468765e-01   -5.9860725685e-01   2.8229402094e-01
-6.2459409688e-01   -5.6315041429e-01   2.8568312554e-01
-6.1293579832e-01   -5.2579151236e-01   2.8778229936e-01
-5.9751819819e-01   -4.8817991276e-01   2.8856335598e-01
-5.7896482685e-01   -4.5184494023e-01   2.8806830365e-01
-5.5801412744e-01   -4.1808239608e-01   2.8639710220e-01
-5.3546330185e-01   -3.8788542224e-01   2.8369111572e-01
-5.1211379327e-01   -3.6192233815e-01   2.8011554315e-01
-4.8872457239e-01   -3.4055481071e-01   2.7584357917e-01
-4.6597707301e-01   -3.2388417931e-01   2.7104403504e-01
-4.4445315248e-01   -3.1181235069e-01   2.6587305566e-01
-4.2462538665e-01   -3.0410542307e-01   2.6046970210e-01
-4.0685763366e-01   -3.0045158451e-01   2.5495465227e-01
-3.9141316296e-01   -3.0050846297e-01   2.4943109447e-01
-3.7846753931e-01   -3.0393823307e-01   2.4398693207e-01
-3.6812384375e-01   -3.1043077520e-01   2.3869761495e-01
-3.6042824128e-01   -3.1971646636e-01   2.3362910634e-01
-3.5538449881e-01   -3.3157055267e-01   2.2884069427e-01
-3.5296653055e-01   -3.4581103139e-01   2.2438749469e-01
-3.5312844118e-01   -3.6229166145e-01   2.2032258275e-01
-3.5581181933e-01   -3.8089131685e-01   2.1669873373e-01
-3.6095021483e-01   -4.0150049914e-01   2.1356976400e-01
-3.6847083605e-01   -4.2400549977e-01   2.1099144720e-01
-3.7829355201e-01   -4.4827049223e-01   2.0902194809e-01
-3.9032730552e-01   -4.7411776805e-01   2.0772167355e-01
-4.0446406503e-01   -5.0130644328e-01   2.0715239313e-01
-4.2057049307e-01   -5.2951028294e-01   2.0737543816e-01
-4.3847761597e-01   -5.5829585277e-01   2.0844876115e-01
-4.5796896865e-01   -5.8710301958e-01   2.1042264184e-01
-4.7876799205e-01   -6.1523084334e-01   2.1333389440e-01
-5.0052586433e-01   -6.4183302561e-01   2.1719857494e-01
-5.2281145563e-01   -6.6592797619e-01   2.2200346325e-01
-5.4510562255e-01   -6.8642895620e-01   2.2769697095e-01
-5.6680247698e-01   -7.0219882156e-01   2.3418063041e-01
-5.8722036904e-01   -7.1213130160e-01   2.4130281112e-01
-6.0562487860e-01   -7.1525596680e-01   2.4885666274e-01
-6.2126489236e-01   -7.1085744737e-01   2.5658426228e-01
-6.3342078525e-01   -6.9859232353e-01   2.6418833796e-01
-6.4146102949e-01   -6.7858174229e-01   2.7135166784e-01
-6.4490077948e-01   -6.5145701351e-01   2.7776247124e-01
-6.4345396684e-01   -6.1834123579e-01   2.8314229072e-01
-6.3707005675e-01   -5.8076227080e-01   2.8727165962e-01
-6.2594838098e-01   -5.4050810864e-01   2.9000884544e-01
-6.1052663873e-01   -4.9944965582e-01   2.9129830539e-01
-5.9144505809e-01   -4.5936342989e-01   2.9116790386e-01
-5.6949193678e-01   -4.2178444612e-01   2.8971638958e-01
-5.4553940772e-01   -3.8790994598e-01   2.8709459870e-01
-5.2047883846e-01   -3.5856068870e-01   2.8348449619e-01
-4.9516394901e-01   -3.3419388288e-01   2.7907971973e-01
-4.7036701985e-01   -3.1495357786e-01   2.7407006896e-01
-4.4675046130e-01   -3.0074155931e-01   2.6863096435e-01
-4.2485331401e-01   -2.9129346517e-01   2.6291772064e-01
-4.0509038736e-01   -2.8624898237e-01   2.5706375050e-01
-3.8776083025e-01   -2.8520966542e-01   2.5118153955e-01
-3.7306272139e-01   -2.8778201838e-01   2.4536527028e-01
-3.6111072075e-01   -2.9360612846e-01   2.3969422121e-01
-3.5195434350e-01   -3.0237182722e-01   2.3423631989e-01
-3.4559515714e-01   -3.1382485372e-01   2.2905149149e-01
-3.4200179269e-01   -3.2776546683e-01   2.2419462583e-01
-3.4112215109e-01   -3.4404155393e-01   2.1971810515e-01
-3.4289253383e-01   -3.6253775787e-01   2.1567389530e-01
-3.4724364653e-01   -3.8316162118e-01   2.1211521978e-01
-3.5410354244e-01   -4.0582730130e-01   2.0909782125e-01
-3.6339761728e-01   -4.3043708726e-01   2.0668078043e-01
-3.7504576920e-01   -4.5686077307e-01   2.0492681239e-01
-3.8895682731e-01   -4.8491294778e-01   2.0390190290e-01
-4.0502035910e-01   -5.1432848157e-01   2.0367408648e-01
-4.2309602403e-01   -5.4473696801e-01   2.0431111422e-01
-4.4300078108e-01   -5.7563766438e-01   2.0587672816e-01
-4.6449451197e-01   -6.0637757388e-01   2.0842527156e-01
-4.8726502899e-01   -6.3613667057e-01   2.1199446498e-01
-5.1091397286e-01   -6.6392569922e-01   2.1659638698e-01
-5.3494577147e-01   -6.8860310191e-01   2.2220707214e-01
-5.5876249353e-01   -7.0891781795e-01   2.2875567089e-01
-5.8166790577e-01   -7.2358312541e-01   2.3611476492e-01
-6.0288404508e-01   -7.3138264452e-01   2.4409405020e-01
-6.2158282058e-01   -7.3130273941e-01   2.5243994952e-01
-6.3693331264e-01   -7.2267660104e-01   2.6084348773e-01
-6.4816253087e-01   -7.0531645453e-01   2.6895769995e-01
-6.5462385052e-01   -6.7960509192e-01   2.7642392664e-01
-6.5586405694e-01   -6.4651992711e-01   2.8290394503e-01
-6.5167807543e-01   -6.0757385206e-01   2.8811275649e-01
-6.4214107538e-01   -5.6467559926e-01   2.9184589308e-01
-6.2761105391e-01   -5.1993250609e-01   2.9399592502e-01
-6.0870044983e-01   -4.7543316463e-01   2.9455530719e-01
-5.8622157136e-01   -4.3305099218e-01   2.9360610206e-01
-5.6111505727e-01   -3.9430112719e-01   2.9129991749e-01
-5.3437310041e-01   -3.6026683660e-01   2.8783315286e-01
-5.0696828147e-01   -3.3159382794e-01   2.8342254050e-01
-4.7979605964e-01   -3.0853766373e-01   2.7828471042e-01
-4.5363510687e-01   -2.9104335844e-01   2.7262167572e-01
-4.2912600688e-01   -2.7883673240e-01   2.6661245365e-01
-4.0676611874e-01   -2.7151176970e-01   2.6040989811e-01
-3.8691691021e-01   -2.6860430878e-01   2.5414130929e-01
-3.6981957702e-01   -2.6964800687e-01   2.4791134789e-01
-3.5561518363e-01   -2.7421239824e-01   2.4180606750e-01
-3.4436618757e-01   -2.8192530008e-01   2.3589721380e-01
-3.3607712423e-01   -2.9248269691e-01   2.3024629398e-01
-3.3071299834e-01   -3.0564928960e-01   2.2490817534e-01
-3.2821457145e-01   -3.2125242506e-01   2.1993414369e-01
-3.2851019718e-01   -3.3917145350e-01   2.1537444399e-01
-3.3152415085e-01   -3.5932387468e-01   2.1128035842e-01
-3.3718155924e-01   -3.8164903078e-01   2.0770586981e-01
-3.4541009309e-01   -4.0608962822e-01   2.0470892446e-01
-3.5613857675e-01   -4.3257104722e-01   2.0235225621e-01
-3.6929262730e-01   -4.6097824630e-01   2.0070366996e-01
-3.8478739259e-01   -4.9113012141e-01   1.9983560914e-01
-4.0251744630e-01   -5.2275148227e-01   1.9982375502e-01
-4.2234395535e-01   -5.5544342814e-01   2.0074433547e-01
-4.4407940015e-01   -5.8865390322e-01   2.0266977580e-01
-4.6747044557e-01   -6.2165162592e-01   2.0566233611e-01
-4.9218006613e-01   -6.5350836010e-01   2.0976549387e-01
-5.1777072643e-01   -6.8309635400e-01   2.1499310530e-01
-5.4369126622e-01   -7.0910931453e-01   2.2131684514e-01
-5.6927101020e-01   -7.3011549651e-01   2.2865313438e-01
-5.9372523207e-01   -7.4464940940e-01   2.3685160686e-01
-6.1617608426e-01   -7.5134314715e-01   2.4568797112e-01
-6.3569201015e-01   -7.4908908137e-01   2.5486453996e-01
-6.5134615694e-01   -7.3721378070e-01   2.6402130112e-01
-6.6229044595e-01   -7.1563176880e-01   2.7275885978e-01
-6.6783737615e-01   -6.8494206490e-01   2.8067192680e-01
-6.6753762373e-01   -6.4643518997e-01   2.8738885811e-01
-6.6123966947e-01   -6.0199525262e-01   2.9261019108e-01
-6.4911929405e-01   -5.5390725912e-01   2.9613838690e-01
-6.3167192394e-01   -5.0460517452e-01   2.9789268034e-01
-6.0966838738e-01   -4.5641188570e-01   2.9790670659e-01
-5.8408200908e-01   -4.1132115074e-01   2.9631090825e-01
-5.5600007945e-01   -3.7085637116e-01   2.9330507557e-01
-5.2653428121e-01   -3.3601761900e-01   2.8912772941e-01
-4.9674243940e-01   -3.0730680777e-01   2.8402820803e-01
-4.6756962305e-01   -2.8480738149e-01   2.7824520898e-01
-4.3981164781e-01   -2.6829114249e-01   2.7199311709e-01
-4.1409983715e-01   -2.5732864518e-01   2.6545554090e-01
-3.9090318794e-01   -2.5138712917e-01   2.5878440886e-01
-3.7054293868e-01   -2.4990780559e-01   2.5210268770e-01
-3.5321451182e-01   -2.5236064281e-01   2.4550899162e-01
-3.3901266914e-01   -2.5827851309e-01   2.3908282920e-01
-3.2795666011e-01   -2.6727460647e-01   2.3288968641e-01
-3.2001327222e-01   -2.7904729912e-01   2.2698555078e-01
-3.1511655659e-01   -2.9337625462e-01   2.2142074490e-01
-3.1318367119e-01   -3.1011271026e-01   2.1624309380e-01
-3.1412672476e-01   -3.2916600037e-01   2.1150051987e-01
-3.1786075613e-01   -3.5048754522e-01   2.0724316905e-01
-3.2430808936e-01   -3.7405285343e-01   2.0352514587e-01
-3.3339930945e-01   -3.9984156909e-01   2.0040588569e-01
-3.4507104436e-01   -4.2781524600e-01   1.9795112830e-01
-3.5926065141e-01   -4.5789236478e-01   1.9623337974e-01
-3.7589782260e-01   -4.8992015382e-01   1.9533166102e-01
-3.9489307731e-01   -5.2364309534e-01   1.9533024591e-01
-4.1612314431e-01   -5.5866867847e-01   1.9631599414e-01
-4.3941339507e-01   -5.9443210563e-01   1.9837381251e-01
-4.6451782857e-01   -6.3016334740e-01   2.0157975483e-01
-4.9109769742e-01   -6.6486216008e-01   2.0599137742e-01
-5.1870069140e-01   -6.9728920161e-01   2.1163523865e-01
-5.4674367809e-01   -7.2598359830e-01   2.1849199248e-01
-5.7450316180e-01   -7.4931832909e-01   2.2648036228e-01
-6.0111856134e-01   -7.6560279430e-01   2.3544240126e-01
-6.2561362331e-01   -7.7323573214e-01   2.4513354928e-01
-6.4694018412e-01   -7.7090013992e-01   2.5522169492e-01
-6.6404555336e-01   -7.5777633369e-01   2.6529912377e-01
-6.7595996543e-01   -7.3373382047e-01   2.7490937816e-01
-6.8189459953e-01   -6.9945405671e-01   2.8358762921e-01
-6.8133529504e-01   -6.5644142045e-01   2.9090893573e-01
-6.7411450889e-01   -6.0690176042e-01   2.9653528538e-01
-6.6044605327e-01   -5.5350193876e-01   3.0025130403e-01
-6.4091389596e-01   -4.9905757498e-01   3.0198085505e-01
-6.1641620083e-01   -4.4621611162e-01   3.0178187081e-01
-5.8807534638e-01   -3.9719916009e-01   2.9982256445e-01
-5.5713079716e-01   -3.5364599027e-01   2.9634635283e-01
-5.2483319916e-01   -3.1656826708e-01   2.9163426343e-01
-4.9235455293e-01   -2.8639866449e-01   2.8597204017e-01
-4.6072339890e-01   -2.6310047747e-01   2.7962614767e-01
-4.3078756971e-01   -2.4630302869e-01   2.7282969797e-01
-4.0320203017e-01   -2.3543459372e-01   2.6577702453e-01
-3.7843639703e-01   -2.2983518914e-01   2.5862452211e-01
-3.5679564413e-01   -2.2884176952e-01   2.5149521446e-01
-3.3844808540e-01   -2.3184546120e-01   2.4448500792e-01
-3.2345572589e-01   -2.3832479002e-01   2.3766919800e-01
-3.1180358538e-01   -2.4786032226e-01   2.3110843793e-01
-3.0342585629e-01   -2.6013612705e-01   2.2485383158e-01
-2.9822779539e-01   -2.7493258028e-01   2.1895110835e-01
-2.9610297668e-01   -2.9211386293e-01   2.1344399090e-01
-2.9694598590e-01   -3.1161236183e-01   2.0837692189e-01
-3.0066086986e-01   -3.3341119732e-01   2.0379731007e-01
-3.0716572494e-01   -3.5752531754e-01   1.9975741584e-01
-3.1639377087e-01   -3.8398100795e-01   1.9631593717e-01
-3.2829115134e-01   -4.1279324987e-01   1.9353928403e-01
-3.4281156559e-01   -4.4394012071e-01   1.9150244517e-01
-3.5990769753e-01   -4.7733338591e-01   1.9028925132e-01
-3.7951930309e-01   -5.1278464933e-01   1.8999172434e-01
-4.0155778312e-01   -5.4996701266e-01   1.9070807543e-01
-4.2588716202e-01   -5.8837328900e-01   1.9253879338e-01
-4.5230167149e-01   -6.2727357220e-01   1.9558017496e-01
-4.8050070824e-01   -6.6567750635e-01   1.9991467129e-01
-5.1006281039e-01   -7.0230978766e-01   2.0559761453e-01
-5.4042156464e-01   -7.3561088680e-01   2.1264039823e-01
-5.7084787726e-01   -7.6377755504e-01   2.2099108876e-01
-6.0044455448e-01   -7.8485766466e-01   2.3051476776e-01
-6.2816008160e-01   -7.9690888948e-01   2.4097748245e-01
-6.5282807555e-01   -7.9821882152e-01   2.5203902227e-01
-6.7323626431e-01   -7.8756517290e-01   2.6326009090e-01
-6.8822354964e-01   -7.6447255035e-01   2.7412793110e-01
-6.9679622383e-01   -7.2940521261e-01   2.8410064336e-01
-6.9824658457e-01   -6.8383391654e-01   2.9266489179e-01
-6.9225198802e-01   -6.3013681923e-01   2.9939626853e-01
-6.7893273755e-01   -5.7133693369e-01   3.0400885063e-01
-6.5885437052e-01   -5.1072720784e-01   3.0638230551e-01
-6.3297208654e-01   -4.5146812982e-01   3.0656100868e-01
-6.0252871411e-01   -3.9624673801e-01   3.0472784786e-01
-5.6892661206e-01   -3.4705955337e-01   3.0116159124e-01
-5.3359750599e-01   -3.0513974997e-01   2.9618956190e-01
-4.9789030684e-01   -2.7100923586e-01   2.9014563556e-01
-4.6298940122e-01   -2.4461297021e-01   2.8333957442e-01
-4.2986735893e-01   -2.2548835401e-01   2.7603927995e-01
-3.9926915946e-01   -2.1293165588e-01   2.6846429803e-01
-3.7172106098e-01   -2.0613804018e-01   2.6078735957e-01
-3.4755577929e-01   -2.0430578536e-01   2.5314054328e-01
-3.2694647701e-01   -2.0670477044e-01   2.4562336575e-01
-3.0994340098e-01   -2.1271495212e-01   2.3831095682e-01
-2.9650902088e-01   -2.2184221469e-01   2.3126135547e-01
-2.8654914557e-01   -2.3371873470e-01   2.2452156015e-01
-2.7993880867e-01   -2.4809368130e-01   2.1813234332e-01
-2.7654261452e-01   -2.6481848050e-01   2.1213202475e-01
-2.7622977970e-01   -2.8382938424e-01   2.0655945654e-01
-2.7888437310e-01   -3.0512885306e-01   2.0145645924e-01
-2.8441132881e-01   -3.2876630337e-01   1.9686989789e-01
-2.9273874693e-01   -3.5481805249e-01   1.9285352022e-01
-3.0381685738e-01   -3.8336576856e-01   1.8946960425e-01
-3.1761383840e-01   -4.1447236608e-01   1.8679037818e-01
-3.3410848222e-01   -4.4815407736e-01   1.8489907740e-01
-3.5327951417e-01   -4.8434741346e-01   1.8389038412e-01
-3.7509122865e-01   -5.2286999971e-01   1.8386985082e-01
-3.9947505413e-01   -5.6337498418e-01   1.8495174156e-01
-4.2630676536e-01   -6.0530009376e-01   1.8725455381e-01
-4.5537940680e-01   -6.4781468775e-01   1.9089334499e-01
-4.8637272452e-01   -6.8977156440e-01   1.9596798810e-01
-5.1882105888e-01   -7.2967464803e-01   2.0254670983e-01
-5.5208335239e-01   -7.6567856615e-01   2.1064492709e-01
-5.8532104080e-01   -7.9564000905e-01   2.2020063471e-01
-6.1749165811e-01   -8.1724049181e-01   2.3104947714e-01
-6.4736735055e-01   -8.2819354278e-01   2.4290480650e-01
-6.7358681635e-01   -8.2653147292e-01   2.5534994443e-01
-6.9474536619e-01   -8.1093982161e-01   2.6785015793e-01
-7.0952014887e-01   -7.8107630562e-01   2.7978937470e-01
-7.1681704368e-01   -7.3778939739e-01   2.9053081109e-01
-7.1591527443e-01   -6.8315540189e-01   2.9949264119e-01
-7.0657994652e-01   -6.2029112839e-01   3.0622270439e-01
-6.8911544134e-01   -5.5296407172e-01   3.1045387171e-01
-6.6434468521e-01   -4.8508748753e-01   3.1212619903e-01
-6.3351742142e-01   -4.2022382746e-01   3.1137213211e-01
-5.9816775352e-01   -3.6120807911e-01   3.0847217946e-01
-5.5995086245e-01   -3.0995434510e-01   3.0379553773e-01
-5.2048947507e-01   -2.6744686085e-01   2.9774140525e-01
-4.8125230169e-01   -2.3387010452e-01   2.9069227902e-01
-4.4347522655e-01   -2.0881325669e-01   2.8298420925e-01
-4.0812524307e-01   -1.9148967427e-01   2.7489339186e-01
-3.7589984625e-01   -1.8093090923e-01   2.6663521801e-01
-3.4725140647e-01   -1.7613566997e-01   2.5837098810e-01
-3.2242591467e-01   -1.7617056830e-01   2.5021809721e-01
-3.0150751180e-01   -1.8022861665e-01   2.4226081243e-01
-2.8446250208e-01   -1.8765562018e-01   2.3455998697e-01
-2.7117906887e-01   -1.9795452541e-01   2.2716105519e-01
-2.6150077289e-01   -2.1077619659e-01   2.2010025343e-01
-2.5525325898e-01   -2.2590286711e-01   2.1340932345e-01
-2.5226442551e-01   -2.4322841508e-01   2.0711906522e-01
-2.5237874188e-01   -2.6273789216e-01   2.0126210024e-01
-2.5546654988e-01   -2.8448742881e-01   1.9587514827e-01
-2.6142915209e-01   -3.0858468365e-01   1.9100104281e-01
-2.7020034398e-01   -3.3516931097e-01   1.8669063170e-01
-2.8174483549e-01   -3.6439240769e-01   1.8300463056e-01
-2.9605376273e-01   -3.9639351325e-01   1.8001541302e-01
-3.1313723277e-01   -4.3127345567e-01   1.7780862515e-01
-3.3301359265e-01   -4.6906119193e-01   1.7648438718e-01
-3.5569489315e-01   -5.0967287236e-01   1.7615768538e-01
-3.8116786737e-01   -5.5286184182e-01   1.7695735183e-01
-4.0936973402e-01   -5.9815944982e-01   1.7902278873e-01
-4.4015835551e-01   -6.4480872577e-01   1.8249734262e-01
-4.7327691984e-01   -6.9169665907e-01   1.8751707212e-01
-5.0831447032e-01   -7.3729611354e-01   1.9419368940e-01
-5.4466552579e-01   -7.7963521670e-01   2.0259096586e-01
-5.8149465485e-01   -8.1631904086e-01   2.1269508381e-01
-6.1771502908e-01   -8.4463268316e-01   2.2438159297e-01
-6.5199265606e-01   -8.6175092052e-01   2.3738465600e-01
-6.8278904832e-01   -8.6506385073e-01   2.5127744014e-01
-7.0845219942e-01   -8.5259407496e-01   2.6547449359e-01
-7.2735758776e-01   -8.2343647850e-01   2.7926546778e-01
-7.3808742436e-01   -7.7811031946e-01   2.9188312975e-01
-7.3962067444e-01   -7.1870090672e-01   3.0259767796e-01
-7.3149470020e-01   -6.4870542358e-01   3.1081770045e-01
-7.1389857919e-01   -5.7258307982e-01   3.1617172872e-01
-6.8767161713e-01   -4.9511106453e-01   3.1854801618e-01
-6.5420462454e-01   -4.2071515944e-01   3.1808338909e-01
-6.1526764468e-01   -3.5294258880e-01   3.1510908047e-01
-5.7280353813e-01   -2.9417945825e-01   3.1007311372e-01
-5.2873007092e-01   -2.4562427308e-01   3.0346200125e-01
-4.8478229935e-01   -2.0745631874e-01   2.9573850855e-01
-4.4241091747e-01   -1.7910675435e-01   2.8730287540e-01
-4.0273678825e-01   -1.5954787647e-01   2.7847651780e-01
-3.6655160605e-01   -1.4754429537e-01   2.6950247166e-01
-3.6633268060e-01   -1.4748911908e-01   2.6944502701e-01
-3.6415245011e-01   -1.4695143012e-01   2.6887066008e-01
-3.4326905420e-01   -1.4291796080e-01   2.6314207230e-01
-3.1405773672e-01   -1.4097681754e-01   2.5429053476e-01
-2.8913511204e-01   -1.4346467523e-01   2.4564828440e-01
-2.6845624425e-01   -1.4953530657e-01   2.3727633267e-01
-2.5187489893e-01   -1.5853984221e-01   2.2921574829e-01
-2.3918606207e-01   -1.7001492886e-01   2.2149562925e-01
-2.3015981463e-01   -1.8366165068e-01   2.1413886855e-01
-2.2456694507e-01   -1.9932106901e-01   2.0716626088e-01
-2.2219728728e-01   -2.1694982741e-01   2.0059948202e-01
-2.2287199020e-01   -2.3659751881e-01   1.9446338378e-01
-2.2645090112e-01   -2.5838630525e-01   1.8878793963e-01
-2.3283608020e-01   -2.8249246683e-01   1.8361007821e-01
-2.4197222553e-01   -3.0912899140e-01   1.7897556172e-01
-2.5384451306e-01   -3.3852787563e-01   1.7494100015e-01
-2.6847405931e-01   -3.7092039575e-01   1.7157602933e-01
-2.8591090139e-01   -4.0651317541e-01   1.6896560056e-01
-3.0622405702e-01   -4.4545746028e-01   1.6721220944e-01
-3.2948789322e-01   -4.8780874017e-01   1.6643770837e-01
-3.5576373281e-01   -5.3347399781e-01   1.6678408928e-01
-3.8507441073e-01   -5.8213062749e-01   1.6841189985e-01
-4.1737395148e-01   -6.3319073589e-01   1.7149432537e-01
-4.5250996771e-01   -6.8567426916e-01   1.7621066662e-01
-4.5274318406e-01   -6.8601156942e-01   1.7624645387e-01
-4.5508105208e-01   -6.8938451064e-01   1.7660839450e-01
-4.7900689480e-01   -7.2301084708e-01   1.8064264537e-01
-5.1817221444e-01   -7.7426395091e-01   1.8852513095e-01
-5.5883770288e-01   -8.2171231389e-01   1.9839931229e-01
-6.0002080624e-01   -8.6238505419e-01   2.1025641492e-01
-6.4041731167e-01   -8.9288997478e-01   2.2394485620e-01
-6.7840626690e-01   -9.0970103354e-01   2.3912813214e-01
-7.1210821363e-01   -9.0961150587e-01   2.5525900697e-01
-7.3951089001e-01   -8.9031378032e-01   2.7158624041e-01
-7.5866366702e-01   -8.5099559943e-01   2.8720727560e-01
-7.6792096978e-01   -7.9278210079e-01   3.0116915771e-01
-7.6619177922e-01   -7.1884798056e-01   3.1260216745e-01
-7.5313805517e-01   -6.3410510631e-01   3.2085443366e-01
-7.2926968631e-01   -5.4451180868e-01   3.2559249543e-01
-6.9590689687e-01   -4.5615708575e-01   3.2684624277e-01
-6.5500806391e-01   -3.7426105697e-01   3.2499269104e-01
-6.0887646884e-01   -3.0217317647e-01   3.2066737265e-01
-5.5977683943e-01   -2.4061076466e-01   3.1456856600e-01
-5.0955919361e-01   -1.8790584868e-01   3.0714901079e-01
-4.5951540447e-01   -1.4229370019e-01   2.9836566219e-01
-4.5919823728e-01   -1.4208562638e-01   2.9830352384e-01
-4.5603263328e-01   -1.4003026927e-01   2.9768100788e-01
-4.2505068936e-01   -1.2192729407e-01   2.9136206822e-01
-3.7955211953e-01   -1.0174195481e-01   2.8128501678e-01
-3.3836059499e-01   -8.9915059894e-02   2.7118964969e-01
-3.0193532075e-01   -8.4757164464e-02   2.6124592748e-01
-2.7043864735e-01   -8.4785118300e-02   2.5155895177e-01
-2.4381396835e-01   -8.8780198140e-02   2.4218941781e-01
-2.2185685592e-01   -9.5797520055e-02   2.3316977015e-01
-2.0427495957e-01   -1.0514734988e-01   2.2451590605e-01
-1.9073538853e-01   -1.1636300499e-01   2.1623513113e-01
-1.8090019861e-01   -1.2916467729e-01   2.0833132654e-01
-1.7445154842e-01   -1.4342446707e-01   2.0080821480e-01
-1.7110841676e-01   -1.5913528328e-01   1.9367140538e-01
-1.7063676486e-01   -1.7638482758e-01   1.8692968907e-01
-1.7285487756e-01   -1.9533526788e-01   1.8059590876e-01
-1.7763543370e-01   -2.1620894147e-01   1.7468769645e-01
-1.8490565372e-01   -2.3928000463e-01   1.6922841866e-01
-1.9464660203e-01   -2.6487098190e-01   1.6424875800e-01
-2.0689230025e-01   -2.9335153962e-01   1.5978939557e-01
-2.2172867305e-01   -3.2513471388e-01   1.5590516240e-01
-2.3929149685e-01   -3.6066375957e-01   1.5267074119e-01
-2.5976153890e-01   -4.0038143301e-01   1.5018751191e-01
-2.8335413463e-01   -4.4467357864e-01   1.4859048878e-01
-3.1029979779e-01   -4.9378093352e-01   1.4805358781e-01
-3.4081236356e-01   -5.4767739719e-01   1.4879082793e-01
-3.7504188111e-01   -6.0591959346e-01   1.5105066049e-01
-4.1301117869e-01   -6.6748092332e-01   1.5510060071e-01
-4.1326572012e-01   -6.6787882854e-01   1.5513279472e-01
-4.1581901145e-01   -6.7186346307e-01   1.5545917967e-01
-4.4212915068e-01   -7.1218238273e-01   1.5918158445e-01
-4.8597201554e-01   -7.7606570227e-01   1.6679505614e-01
-5.3266260806e-01   -8.3876121876e-01   1.7679770851e-01
-5.8138208983e-01   -8.9696246111e-01   1.8935112087e-01
-6.3088440439e-01   -9.4647291866e-01   2.0448007659e-01
-6.7944043122e-01   -9.8239440452e-01   2.2199692550e-01
-7.2483682290e-01   -9.9958661837e-01   2.4142856240e-01
-7.6446431009e-01   -9.9343159102e-01   2.6197143495e-01
-7.9552273920e-01   -9.6082763509e-01   2.8250651363e-01
-8.1534418965e-01   -9.0118634147e-01   3.0169920366e-01
-8.2179302895e-01   -8.1709447145e-01   3.1818245639e-01
-8.1366000457e-01   -7.1435525051e-01   3.3078284932e-01
-7.9095611114e-01   -6.0139480406e-01   3.3872964337e-01
-7.5504717269e-01   -4.8830448172e-01   3.4182299283e-01
-7.0874394678e-01   -3.8582196418e-01   3.4062389072e-01
-6.5548752673e-01   -3.0170441441e-01   3.3666663381e-01
-5.9925090143e-01   -2.3658262823e-01   3.3250699923e-01
-5.4225807411e-01   -1.7427122636e-01   3.3065982045e-01
-5.4189005360e-01   -1.7383599795e-01   3.3059681288e-01
-5.3820629848e-01   -1.6952196714e-01   3.2996329990e-01
-5.0116325031e-01   -1.3016151767e-01   3.2332364911e-01
-4.4366537284e-01   -8.1736348378e-02   3.1214076307e-01
-3.8856886298e-01   -4.7589209723e-02   3.0047368978e-01
-3.3741699790e-01   -2.5304833120e-02   2.8872871559e-01
-2.9117045726e-01   -1.2398616820e-02   2.7716853752e-01
-2.5030411186e-01   -6.5936037139e-03   2.6594609595e-01
-2.1491910077e-01   -5.9585098335e-03   2.5513842650e-01
-1.8485097880e-01   -8.9491765633e-03   2.4477463487e-01
-1.5976350262e-01   -1.4392183527e-02   2.3485641844e-01
-1.3922399338e-01   -2.1438811818e-02   2.2537186447e-01
-1.2276005507e-01   -2.9506687544e-02   2.1630402008e-01
-1.0989933535e-01   -3.8218530644e-02   2.0763555268e-01
-1.0019480583e-01   -4.7343673942e-02   1.9935027696e-01
-9.3238456989e-02   -5.6747894752e-02   1.9143191286e-01
-8.8666795996e-02   -6.6358639061e-02   1.8386047209e-01
-8.6162139714e-02   -7.6153294676e-02   1.7660717271e-01
-8.5454091169e-02   -8.6175793549e-02   1.6962949093e-01
-8.6325328664e-02   -9.6581122948e-02   1.6286847562e-01
-8.8624619788e-02   -1.0769967464e-01   1.5625043531e-01
-9.2287826642e-02   -1.2010616359e-01   1.4969443474e-01
-9.7364975644e-02   -1.3467345758e-01   1.4312583203e-01
-1.0404883217e-01   -1.5259151637e-01   1.3649464485e-01
-1.1269848214e-01   -1.7533592766e-01   1.2979620311e-01
-1.2385066456e-01   -2.0457835465e-01   1.2309061369e-01
-1.3821225443e-01   -2.4204106114e-01   1.1651720225e-01
-1.5662932871e-01   -2.8930789333e-01   1.1030035519e-01
-1.8003139813e-01   -3.4761319149e-01   1.0474401488e-01
-2.0935324175e-01   -4.1763692267e-01   1.0021337486e-01
-2.4544084219e-01   -4.9933805561e-01   9.7103940357e-02
-2.8895167010e-01   -5.9185833049e-01   9.5799907573e-02
-2.8925465081e-01   -5.9230946216e-01   9.5820004471e-02
-2.9229265969e-01   -5.9684423260e-01   9.6025243623e-02
-3.2354695699e-01   -6.4450124435e-01   9.8527739865e-02
-3.7603388634e-01   -7.2702347639e-01   1.0430354519e-01
-4.3351880461e-01   -8.1797900351e-01   1.1282140436e-01
-4.9632579675e-01   -9.1480703704e-01   1.2467973259e-01
-5.6424345196e-01   -1.0132718823e+00   1.4049535671e-01
-5.6469256702e-01   -1.0138941882e+00   1.4061044534e-01
-5.6919317270e-01   -1.0201065166e+00   1.4177149464e-01
-6.1506077830e-01   -1.0807231444e+00   1.5441953716e-01
-6.8898667805e-01   -1.1657332609e+00   1.7809801774e-01
-7.6306416640e-01   -1.2292929829e+00   2.0644798505e-01
-8.3327507675e-01   -1.2592973272e+00   2.3874242880e-01
-8.9443840879e-01   -1.2441868064e+00   2.7336593879e-01
-9.4068312284e-01   -1.1761207971e+00   3.0779213440e-01
-9.6483492139e-01   -1.0689088438e+00   3.3600429193e-01
-9.6915129051e-01   -9.2478156167e-01   3.5915895654e-01
-9.5482865950e-01   -7.7238353775e-01   3.7434745209e-01
-9.5464567365e-01   -7.7111917098e-01   3.7444409850e-01
-9.5275642636e-01   -7.5844127276e-01   3.7538933980e-01
-9.2804647670e-01   -6.2941332715e-01   3.8270397925e-01
-8.7971916531e-01   -4.5790486294e-01   3.8651986909e-01
-8.0780178993e-01   -2.7902089624e-01   3.8352692103e-01
-8.0727271770e-01   -2.7790944564e-01   3.8348461841e-01
-8.0195030613e-01   -2.6686086774e-01   3.8304700335e-01
-7.4592062796e-01   -1.6339827681e-01   3.7733588334e-01
-6.6643401149e-01   -4.8172867023e-02   3.6684837133e-01
-5.6873705985e-01   5.6460212291e-02   3.5171255282e-01
-4.7245551179e-01   1.2928742341e-01   3.3533932991e-01
-4.7185388223e-01   1.2966215931e-01   3.3523361828e-01
-4.6585022692e-01   1.3335096288e-01   3.3417664688e-01
-4.0723412220e-01   1.6472837368e-01   3.2366635551e-01
-3.2182417858e-01   1.9671747954e-01   3.0774576470e-01
-2.4536930023e-01   2.1320595667e-01   2.9280018614e-01
-1.7841715460e-01   2.1940372734e-01   2.7897161150e-01
-1.2076440279e-01   2.1940293643e-01   2.6624125496e-01
-7.1724637571e-02   2.1624221310e-01   2.5451548382e-01
-3.0338416464e-02   2.1208324851e-01   2.4367812161e-01
4.4750771191e-03   2.0840979754e-01   2.3361827814e-01
3.3816086851e-02   2.0620878541e-01   2.2424286431e-01
5.8741154323e-02   2.0612184592e-01   2.1548069704e-01
8.0228128631e-02   2.0855282424e-01   2.0726920677e-01
8.0356401296e-02   2.0857707329e-01   2.0721840739e-01
8.1633448480e-02   2.0882582658e-01   2.0671157825e-01
9.3879265646e-02   2.1194956722e-01   2.0175840077e-01
1.1147897726e-01   2.1922994773e-01   1.9442214007e-01
1.2780903170e-01   2.2955244610e-01   1.8757748331e-01
1.4350297262e-01   2.4304126355e-01   1.8122474521e-01
1.5912086219e-01   2.5982702795e-01   1.7537582574e-01
1.7516194601e-01   2.8006015707e-01   1.7005446258e-01
1.9207681625e-01   3.0391627304e-01   1.6529723627e-01
2.1027805014e-01   3.3159427504e-01   1.6115526181e-01
2.3014847340e-01   3.6330681742e-01   1.5769648964e-01
2.5204621959e-01   3.9926206406e-01   1.5500850196e-01
2.7630564685e-01   4.3963469776e-01   1.5320160472e-01
3.0323295206e-01   4.8452330567e-01   1.5241185544e-01
3.3309501959e-01   5.3389058744e-01   1.5280339605e-01
3.6609971735e-01   5.8748265365e-01   1.5456904048e-01
4.0236562008e-01   6.4472458702e-01   1.5792745548e-01
4.0260804580e-01   6.4510051181e-01   1.5795455623e-01
4.0503964073e-01   6.4886573851e-01   1.5822969062e-01
4.3008256515e-01   6.8704211362e-01   1.6140662394e-01
4.7179795435e-01   7.4788647520e-01   1.6803788702e-01
5.1627486784e-01   8.0822119174e-01   1.7689038462e-01
5.6283600954e-01   8.6517099394e-01   1.8812941146e-01
6.1042503183e-01   9.1504732073e-01   2.0181009459e-01
6.5755045907e-01   9.5347023459e-01   2.1781180938e-01
7.0227107733e-01   9.7571234986e-01   2.3577108608e-01
7.4225277987e-01   9.7730809773e-01   2.5503262333e-01
7.7492356852e-01   9.5489276416e-01   2.7464510198e-01
7.9773563652e-01   9.0711335111e-01   2.9342638478e-01
8.0851023321e-01   8.3533987170e-01   3.1010477391e-01
8.0580288557e-01   7.4390052361e-01   3.2351142179e-01
7.8920684355e-01   6.3974750934e-01   3.3277368224e-01
7.5953267826e-01   5.3174759224e-01   3.3747391858e-01
7.1884705701e-01   4.2981347905e-01   3.3780569417e-01
6.7034491143e-01   3.4337945826e-01   3.3480793856e-01
6.1786823789e-01   2.7748445389e-01   3.3060669061e-01
5.6463802263e-01   2.2493070691e-01   3.2810250165e-01
5.1091286456e-01   1.5818393323e-01   3.2902393542e-01
4.5559113767e-01   1.0350170813e-01   3.1814592903e-01
4.5523907433e-01   1.0320191758e-01   3.1807365121e-01
4.5172142262e-01   1.0023742131e-01   3.1734942357e-01
4.1694984089e-01   7.3822838636e-02   3.0998881912e-01
3.6485098379e-01   4.3231397802e-02   2.9824690587e-01
3.1670971233e-01   2.3602678001e-02   2.8651906264e-01
2.7336233165e-01   1.2566286778e-02   2.7502607421e-01
2.3519689976e-01   7.9934151568e-03   2.6389357290e-01
2.0226216093e-01   8.1024006087e-03   2.5318243518e-01
1.7436947820e-01   1.1482786446e-02   2.4291321977e-01
1.5117961540e-01   1.7071994369e-02   2.3308371868e-01
1.3227164620e-01   2.4109192585e-02   2.2368049814e-01
1.1719451926e-01   3.2081756154e-02   2.1468591529e-01
1.0550341083e-01   4.0672725453e-02   2.0608202450e-01
9.6783545698e-02   4.9713237596e-02   1.9785241464e-01
9.0664171835e-02   5.9141779682e-02   1.8998259957e-01
8.6825205837e-02   6.8971689792e-02   1.8245928782e-01
8.4998935037e-02   7.9268750296e-02   1.7526876852e-01
8.4969113812e-02   9.0141033445e-02   1.6839477017e-01
8.6569739064e-02   1.0174261679e-01   1.6181639533e-01
8.9685578827e-02   1.1429105071e-01   1.5550698374e-01
9.4256014516e-02   1.2809568709e-01   1.4943488099e-01
1.0028287163e-01   1.4359070680e-01   1.4356700492e-01
1.0784169010e-01   1.6136363369e-01   1.3787577623e-01
1.1709445766e-01   1.8216798347e-01   1.3234944154e-01
1.2830039985e-01   2.0690798419e-01   1.2700513196e-01
1.4182021995e-01   2.3658430946e-01   1.2190325329e-01
1.5810843438e-01   2.7219256354e-01   1.1716108432e-01
1.7768834350e-01   3.1457076598e-01   1.1296284944e-01
2.0110485568e-01   3.6419810821e-01   1.0956310596e-01
2.2885193070e-01   4.2095451712e-01   1.0728011403e-01
2.6127385335e-01   4.8385869862e-01   1.0647600371e-01
2.9844285461e-01   5.5081087577e-01   1.0752108220e-01
3.4021965518e-01   6.2257725432e-01   1.1078123338e-01
3.4050211327e-01   6.2306071284e-01   1.1080821697e-01
3.4333776915e-01   6.2791205768e-01   1.1108267232e-01
3.7282118321e-01   6.7805716129e-01   1.1431259086e-01
4.2316833824e-01   7.6187401189e-01   1.2135139795e-01
4.7875317067e-01   8.5057060664e-01   1.3125522848e-01
5.3930702149e-01   9.4097711082e-01   1.4453922261e-01
6.0401701888e-01   1.0281937508e+00   1.6166274077e-01
6.0444125036e-01   1.0287273879e+00   1.6178532793e-01
6.0868948236e-01   1.0340410033e+00   1.6302053725e-01
6.5164872070e-01   1.0844592960e+00   1.7631069227e-01
7.1937329176e-01   1.1491896850e+00   2.0046516061e-01
7.8486164886e-01   1.1880005438e+00   2.2829956089e-01
8.4393939909e-01   1.1909908066e+00   2.5870425209e-01
8.9172588602e-01   1.1503324879e+00   2.8982562771e-01
9.2323462298e-01   1.0629456102e+00   3.1920731865e-01
9.3424889080e-01   9.3263368592e-01   3.4419942791e-01
9.2326695846e-01   7.7791776084e-01   3.6192100276e-01
8.9222159527e-01   6.1294848531e-01   3.7222873894e-01
8.9194188701e-01   6.1179862153e-01   3.7227514837e-01
8.8909711695e-01   6.0030136016e-01   3.7272102926e-01
8.5608093415e-01   4.8635704431e-01   3.7539463364e-01
7.9530152241e-01   3.3055271638e-01   3.7393906278e-01
7.1680790682e-01   1.8401443302e-01   3.6657150007e-01
7.1627495541e-01   1.8316586471e-01   3.6650883600e-01
7.1092837138e-01   1.7474564197e-01   3.6587285731e-01
6.5605625882e-01   9.7208149621e-02   3.5867899336e-01
5.7056083721e-01   3.1057621389e-03   3.4568572725e-01
4.8289053365e-01   -6.6867881072e-02   3.3084841922e-01
3.9959418936e-01   -1.1326061950e-01   3.1569155773e-01
3.2307053039e-01   -1.4125766540e-01   3.0090840062e-01
2.5462357147e-01   -1.5587410151e-01   2.8686108887e-01
2.5421324889e-01   -1.5593423356e-01   2.8677402688e-01
2.5012928637e-01   -1.5651554336e-01   2.8590540036e-01
2.1121348984e-01   -1.6052412735e-01   2.7742010657e-01
1.5723970539e-01   -1.6175610260e-01   2.6487775599e-01
1.1120876399e-01   -1.5925109154e-01   2.5318123036e-01
7.2350799540e-02   -1.5506396934e-01   2.4225336434e-01
3.9757122956e-02   -1.5063860629e-01   2.3201073793e-01
1.2477691927e-02   -1.4695496368e-01   2.2237724065e-01
-1.0415491392e-02   -1.4465665020e-01   2.1328933674e-01
-2.9790842201e-02   -1.4415428399e-01   2.0469692085e-01
-4.6438319283e-02   -1.4570594729e-01   1.9656220971e-01
-6.1063445069e-02   -1.4947825928e-01   1.8885806437e-01
-7.4289845080e-02   -1.5559208863e-01   1.8156645455e-01
-8.6667135504e-02   -1.6415669031e-01   1.7467737020e-01
-9.8681959353e-02   -1.7529555436e-01   1.6818826365e-01
-1.1077072524e-01   -1.8916670476e-01   1.6210400174e-01
-1.2333317012e-01   -2.0597967982e-01   1.5643727362e-01
-1.3674628526e-01   -2.2601100705e-01   1.5120940742e-01
-1.5137844956e-01   -2.4961967394e-01   1.4645158021e-01
-1.6760383788e-01   -2.7726389482e-01   1.4220644964e-01
-1.8581734214e-01   -3.0952037568e-01   1.3853028798e-01
-2.0645038106e-01   -3.4710727394e-01   1.3549575742e-01
-2.2974416808e-01   -3.8736755880e-01   1.3323113218e-01
-2.2990184966e-01   -3.8764163592e-01   1.3321935411e-01
-2.3148508647e-01   -3.9039432896e-01   1.3310357361e-01
-2.4797982289e-01   -4.1913037925e-01   1.3215402964e-01
-2.7636741514e-01   -4.6861085848e-01   1.3150771511e-01
-3.0823046043e-01   -5.2378303743e-01   1.3205907624e-01
-3.4389147373e-01   -5.8462475973e-01   1.3404561649e-01
-3.8359930890e-01   -6.5076951217e-01   1.3774916177e-01
-4.2747771156e-01   -7.2133469870e-01   1.4349127986e-01
-4.7545350144e-01   -7.9471145156e-01   1.5161825777e-01
-5.2716281988e-01   -8.6833348011e-01   1.6246979592e-01
-5.2750405202e-01   -8.6879763463e-01   1.6254859979e-01
-5.3092308339e-01   -8.7343133258e-01   1.6334343098e-01
-5.6572556959e-01   -9.1873801679e-01   1.7198176778e-01
-6.2175877930e-01   -9.8343939066e-01   1.8806462805e-01
-6.7817700449e-01   -1.0353939609e+00   2.0724386008e-01
-7.3258921260e-01   -1.0679260818e+00   2.2916583651e-01
-7.8197076904e-01   -1.0743568876e+00   2.5304894632e-01
-8.2284594360e-01   -1.0492982665e+00   2.7764529447e-01
-8.5165389905e-01   -9.9019249864e-01   3.0131674354e-01
-8.6527405215e-01   -8.9861332794e-01   3.2225361248e-01
-8.6160779261e-01   -7.8072031260e-01   3.3880538039e-01
-8.4005132174e-01   -6.4646696150e-01   3.4982537601e-01
-8.0169634143e-01   -5.0767481153e-01   3.5490587456e-01
-7.4914276582e-01   -3.7510493744e-01   3.5438418469e-01
-7.4876851162e-01   -3.7429810767e-01   3.5436452081e-01
-7.4500238171e-01   -3.6626448113e-01   3.5415730772e-01
-7.0520089120e-01   -2.8972003724e-01   3.5109005991e-01
-6.3708565156e-01   -1.8592178283e-01   3.4323736526e-01
-5.6537703071e-01   -1.0343375398e-01   3.3273799210e-01
-4.9367625931e-01   -4.1802343253e-02   3.2068997851e-01
-4.2484392433e-01   1.3210497008e-03   3.0794995868e-01
-3.6090831983e-01   2.9192869559e-02   2.9511236896e-01
-3.6051834532e-01   2.9329457807e-02   2.9503086856e-01
-3.5663257986e-01   3.0668999472e-02   2.9421651787e-01
-3.1921283413e-01   4.1605267610e-02   2.8615087788e-01
-2.6616284334e-01   5.1187389744e-02   2.7390174587e-01
-2.1993868022e-01   5.4013086011e-02   2.6218806135e-01
-1.8035655608e-01   5.2331398649e-02   2.5104191480e-01
-1.4697386894e-01   4.7858135492e-02   2.4045171495e-01
-1.1919924029e-01   4.1843468309e-02   2.3038558158e-01
-9.6375204906e-02   3.5157277774e-02   2.2080509685e-01
-7.7836504996e-02   2.8373308600e-02   2.1167249650e-01
-6.2948433429e-02   2.1843428271e-02   2.0295382697e-01
-5.1129806427e-02   1.5759188887e-02   1.9461985564e-01
-4.1864634958e-02   1.0200946796e-02   1.8664585614e-01
-3.4705824839e-02   5.1761005531e-03   1.7901088076e-01
-2.9273498516e-02   6.4827165610e-04   1.7169678387e-01
-2.5249910785e-02   -3.4410676173e-03   1.6468705542e-01
-2.2372468749e-02   -7.1575906420e-03   1.5796543811e-01
-2.0426057490e-02   -1.0565389789e-02   1.5151430814e-01
-1.9235681952e-02   -1.3724587708e-02   1.4531287036e-01
-1.8660311401e-02   -1.6695477572e-02   1.3933532801e-01
-1.8588701998e-02   -1.9549193262e-02   1.3354931256e-01
-1.8937826761e-02   -2.2384401167e-02   1.2791498562e-01
-1.9654320809e-02   -2.5348694225e-02   1.2238534074e-01
-2.0719021367e-02   -2.8662267646e-02   1.1690833130e-01
-2.2154219896e-02   -3.2640057217e-02   1.1143152652e-01
-2.4032622184e-02   -3.7706795558e-02   1.0591004071e-01
-2.6486203771e-02   -4.4397343012e-02   1.0031848076e-01
-2.9712121946e-02   -5.3332128350e-02   9.4667592011e-02
-3.3971569146e-02   -6.5154554403e-02   8.9026126920e-02
-3.9575895132e-02   -8.0413785694e-02   8.3548177257e-02
-4.6852464978e-02   -9.9372500818e-02   7.8505753130e-02
-5.6080553085e-02   -1.2171511407e-01   7.4325706935e-02
-6.7385128027e-02   -1.4612792401e-01   7.1629125674e-02
-8.0573734067e-02   -1.6971906661e-01   7.1269985415e-02
-9.4898964148e-02   -1.8724367120e-01   7.4368112216e-02
-1.0872647610e-01   -1.9009911087e-01   8.2329267661e-02
-1.1908647170e-01   -1.6505785148e-01   9.6842436261e-02
-1.2108551830e-01   -9.2712581633e-02   1.1984113094e-01
-1.0715618934e-01   5.4378196631e-02   1.5341179813e-01
-6.6125058911e-02   3.1383407916e-01   1.9962831659e-01
-1.1838789543e-02   3.0494049200e-01   1.9099279699e-01
3.3713566670e-02   3.0166411987e-01   1.8333542261e-01
7.2624885995e-02   3.0416598700e-01   1.7651098540e-01
1.0669345111e-01   3.1243066715e-01   1.7043476407e-01
1.0689912107e-01   3.1250189179e-01   1.7039821841e-01
1.0894849662e-01   3.1322691400e-01   1.7003435103e-01
1.2878214480e-01   3.2175009596e-01   1.6655406378e-01
1.5798581776e-01   3.3968472410e-01   1.6169023300e-01
1.8597178309e-01   3.6318378047e-01   1.5755596615e-01
2.1371923382e-01   3.9221440108e-01   1.5420428851e-01
2.4206234295e-01   4.2676046529e-01   1.5171759493e-01
2.7171157049e-01   4.6679107046e-01   1.5020847463e-01
3.0326588782e-01   5.1220945316e-01   1.4982123039e-01
3.3721425236e-01   5.6278014475e-01   1.5073298173e-01
3.7392453765e-01   6.1803172584e-01   1.5315283907e-01
4.1361808255e-01   6.7713402062e-01   1.5731702669e-01
4.5632841688e-01   7.3875319086e-01   1.6347707856e-01
4.5661089952e-01   7.3915137532e-01   1.6352342764e-01
4.5944207149e-01   7.4313441090e-01   1.6399197775e-01
4.8836630739e-01   7.8294963603e-01   1.6919538365e-01
5.3557434987e-01   8.4382176948e-01   1.7931359705e-01
5.8445261618e-01   8.9992121796e-01   1.9196328549e-01
6.3376231407e-01   9.4700268086e-01   2.0714217753e-01
6.8177859292e-01   9.8019212935e-01   2.2463157579e-01
7.2630209906e-01   9.9446848449e-01   2.4392774702e-01
7.6476053648e-01   9.8543687366e-01   2.6420418647e-01
7.9442447213e-01   9.5030455038e-01   2.8433556495e-01
8.1273448281e-01   8.8882470833e-01   3.0300592335e-01
8.1769432963e-01   8.0387008216e-01   3.1889707621e-01
8.0824344806e-01   7.0134257549e-01   3.3091609497e-01
7.8450716174e-01   5.8935271062e-01   3.3839713891e-01
7.4784905007e-01   4.7686841825e-01   3.4122618370e-01
7.0069626250e-01   3.7206528081e-01   3.3987368920e-01
6.4681117710e-01   2.8139237733e-01   3.3538235347e-01
5.8780391100e-01   2.0193959276e-01   3.2775121156e-01
5.8741801224e-01   2.0148493497e-01   3.2769542622e-01
5.8355538757e-01   1.9697602245e-01   3.2713337284e-01
5.4471390672e-01   1.5563719218e-01   3.2113578801e-01
4.8437355150e-01   1.0422047930e-01   3.1072618548e-01
4.2643986856e-01   6.7481793683e-02   2.9961234943e-01
3.7252678178e-01   4.3164022893e-02   2.8826267802e-01
3.2366886038e-01   2.8822583215e-02   2.7698944183e-01
2.8040431787e-01   2.2151605305e-02   2.6598224319e-01
2.4288152019e-01   2.1158589657e-02   2.5534370656e-01
2.1096669681e-01   2.4229630489e-02   2.4512007519e-01
1.8434000078e-01   3.0126624341e-02   2.3532428949e-01
1.6257422575e-01   3.7947769165e-02   2.2595191083e-01
1.4519497043e-01   4.7071093282e-02   2.1699129264e-01
1.3172337898e-01   5.7092081192e-02   2.0842930658e-01
1.2170367265e-01   6.7762519919e-02   2.0025337891e-01
1.1471838182e-01   7.8937999535e-02   1.9245020445e-01
1.1039499235e-01   9.0543503136e-02   1.8500168142e-01
1.0840860702e-01   1.0256677407e-01   1.7787934881e-01
1.0848572417e-01   1.1508520830e-01   1.7103952306e-01
1.1041376176e-01   1.2832382768e-01   1.6442186770e-01
1.1405918414e-01   1.4273180363e-01   1.5795386907e-01
1.1939419317e-01   1.5905657132e-01   1.5156255313e-01
1.2652857169e-01   1.7839088374e-01   1.4519304120e-01
1.3574030060e-01   2.0217061702e-01   1.3883169533e-01
1.4749682289e-01   2.3210920804e-01   1.3253014508e-01
1.6245879983e-01   2.7006628024e-01   1.2642576420e-01
1.8145997602e-01   3.1786067318e-01   1.2075431024e-01
2.0546003366e-01   3.7704926385e-01   1.1585138871e-01
2.3547149440e-01   4.4870078023e-01   1.1214095914e-01
2.7246610729e-01   5.3319714664e-01   1.1011099814e-01
3.1727003069e-01   6.3009337812e-01   1.1027839623e-01
3.1758292141e-01   6.3054104244e-01   1.1030233997e-01
3.2071928738e-01   6.3503834315e-01   1.1054642347e-01
3.5287481180e-01   6.8201586768e-01   1.1347440477e-01
4.0638990562e-01   7.6211819449e-01   1.2004127459e-01
4.6424889687e-01   8.4846334600e-01   1.2946730741e-01
5.2650351242e-01   9.3781129800e-01   1.4227076962e-01
5.9261091118e-01   1.0252686875e+00   1.5892886623e-01
5.9304362236e-01   1.0258081192e+00   1.5904859381e-01
5.9737651464e-01   1.0311826815e+00   1.6025532219e-01
6.4118001541e-01   1.0825113089e+00   1.7327486010e-01
7.1030889421e-01   1.1497495194e+00   1.9708554012e-01
7.7745348484e-01   1.1922743279e+00   2.2473509880e-01
8.3855560046e-01   1.1998469651e+00   2.5518918252e-01
8.8876491882e-01   1.1640284258e+00   2.8665276342e-01
9.2301451202e-01   1.0809064119e+00   3.1668167438e-01
9.3689315350e-01   9.5342391015e-01   3.4256943735e-01
9.2875937908e-01   8.0162431768e-01   3.6107159471e-01
9.0142509930e-01   6.4137514594e-01   3.7213627202e-01
9.0116459798e-01   6.4021205659e-01   3.7219104012e-01
8.9851009912e-01   6.2857661543e-01   3.7272010997e-01
8.6720300617e-01   5.1269988340e-01   3.7617724738e-01
8.0874893137e-01   3.5395971993e-01   3.7568051652e-01
7.3127841922e-01   2.0168676462e-01   3.6903650206e-01
7.3074864903e-01   2.0080018825e-01   3.6897732999e-01
7.2543161915e-01   1.9199973558e-01   3.6837550649e-01
6.7063803468e-01   1.1069000896e-01   3.6144994257e-01
5.8617773368e-01   1.2848107889e-02   3.4889345450e-01
4.9726664159e-01   -6.2200258329e-02   3.3406275668e-01
4.1225866807e-01   -1.1252584892e-01   3.1877318790e-01
3.3378449008e-01   -1.4336343284e-01   3.0379176371e-01
3.3330750767e-01   -1.4350933964e-01   3.0369800704e-01
3.2855594020e-01   -1.4493667363e-01   3.0276211798e-01
2.8290777185e-01   -1.5629150780e-01   2.9358253274e-01
2.1852927120e-01   -1.6546969836e-01   2.7994241053e-01
1.6271314974e-01   -1.6752780624e-01   2.6721325541e-01
1.1501806659e-01   -1.6545627534e-01   2.5535712685e-01
7.4694433884e-02   -1.6144906301e-01   2.4429649130e-01
4.0833393412e-02   -1.5705449965e-01   2.3394488336e-01
1.2471865524e-02   -1.5332798808e-01   2.2422240448e-01
-1.1338460869e-02   -1.5096589938e-01   2.1506200558e-01
-3.1489697958e-02   -1.5041481884e-01   2.0641082040e-01
-4.8796362833e-02   -1.5195730425e-01   1.9822926088e-01
-6.3987988123e-02   -1.5577807627e-01   1.9048941096e-01
-7.7711216317e-02   -1.6201518882e-01   1.8317346072e-01
-9.0538148291e-02   -1.7080036085e-01   1.7627243365e-01
-1.0297873539e-01   -1.8229189016e-01   1.6978519235e-01
-1.1549575860e-01   -1.9670275842e-01   1.6371759509e-01
-1.2852147500e-01   -2.1432586931e-01   1.5808166120e-01
-1.4247539062e-01   -2.3555792669e-01   1.5289464441e-01
-1.5778289812e-01   -2.6092326224e-01   1.4817798245e-01
-1.7489474253e-01   -2.9109891169e-01   1.4395616889e-01
-1.7501098295e-01   -2.9128767993e-01   1.4393136925e-01
-1.7617739552e-01   -2.9318488070e-01   1.4368472099e-01
-1.8826268668e-01   -3.1312711970e-01   1.4135711417e-01
-2.0887683669e-01   -3.4801890623e-01   1.3826291703e-01
-2.3191259581e-01   -3.8773923347e-01   1.3592550095e-01
-2.5774377109e-01   -4.3262215944e-01   1.3447369433e-01
-2.8673394596e-01   -4.8293200547e-01   1.3406984856e-01
-3.1922286859e-01   -5.3879188520e-01   1.3491471716e-01
-3.5550235858e-01   -6.0008278935e-01   1.3725080016e-01
-3.9577850393e-01   -6.6630699165e-01   1.4136207454e-01
-4.4011669259e-01   -7.3641298778e-01   1.4756686252e-01
-4.4041306936e-01   -7.3687029337e-01   1.4761398972e-01
-4.4338567373e-01   -7.4144805445e-01   1.4809074246e-01
-4.7397713982e-01   -7.8756592379e-01   1.5342394317e-01
-5.2474610808e-01   -8.5958043132e-01   1.6397298787e-01
-5.7838941108e-01   -9.2819718099e-01   1.7744330315e-01
-6.0002683547e-01   -9.5324919370e-01   1.8357849373e-01
