X    Y
0.0000000000e+00   0.0000000000e+00
7.8201368524e-02   1.5001942463e-04
1.5640273705e-01   1.5264963682e-04
2.3460410557e-01   1.5450930873e-04
3.1280547410e-01   2.6060591109e-04
3.9100684262e-01   2.6028644488e-04
4.6920821114e-01   3.1111155874e-04
5.4740957967e-01   3.0527915008e-04
6.2561094819e-01   2.9775043075e-04
7.0381231672e-01   2.8514432362e-04
7.8201368524e-01   2.2532285215e-04
8.6021505376e-01   2.0825174192e-04
9.3841642229e-01   1.1448624414e-04
1.0166177908e+00   9.9864291990e-05
1.0948191593e+00   4.1370591778e-06
1.1730205279e+00   3.2074963159e-06
1.2512218964e+00   1.6452914994e-08
1.3294232649e+00   3.1473457117e-05
1.4076246334e+00   1.1976866096e-05
1.4858260020e+00   1.7340271674e-05
1.5640273705e+00   6.7948408051e-05
1.6422287390e+00   1.1589166544e-04
1.7204301075e+00   1.5730323520e-04
1.7986314761e+00   1.6995084988e-04
1.8768328446e+00   2.0024340198e-04
1.9550342131e+00   1.4427668456e-04
2.0332355816e+00   1.5860793308e-04
2.1114369501e+00   1.6603300981e-05
2.1896383187e+00   1.7446552639e-05
2.2678396872e+00   1.9083013069e-08
2.3460410557e+00   1.6054307987e-04
2.4242424242e+00   1.6259180945e-04
2.5024437928e+00   1.6246433139e-04
2.5806451613e+00   2.8120537265e-04
2.6588465298e+00   2.7382066076e-04
2.7370478983e+00   2.6360070135e-04
2.8152492669e+00   3.0608143006e-04
2.8934506354e+00   2.8773150256e-04
2.9716520039e+00   2.6737302504e-04
3.0498533724e+00   2.4754902122e-04
3.1280547410e+00   2.2392695035e-04
3.2062561095e+00   1.9955326884e-04
3.2844574780e+00   1.4718020370e-04
3.3626588465e+00   1.2589748815e-04
3.4408602151e+00   6.5634865420e-05
3.5190615836e+00   5.2360937126e-05
3.5972629521e+00   5.3177215488e-06
3.6754643206e+00   3.5749887011e-06
3.7536656891e+00   8.0177794467e-08
3.8318670577e+00   6.9660947054e-06
3.9100684262e+00   2.1638934328e-06
3.9882697947e+00   2.0994450759e-05
4.0664711632e+00   3.5723257292e-05
4.1446725318e+00   6.2859049912e-05
4.2228739003e+00   7.8809945270e-05
4.3010752688e+00   9.7238131649e-05
4.3792766373e+00   1.1125829908e-04
4.4574780059e+00   1.2421099023e-04
4.5356793744e+00   1.1802912461e-04
4.6138807429e+00   1.2733837341e-04
4.6920821114e+00   1.3582664764e-04
4.7702834800e+00   9.3842298531e-05
4.8484848485e+00   9.8337006724e-05
4.9266862170e+00   1.0238674895e-04
5.0048875855e+00   1.8990660714e-05
5.0830889541e+00   1.9567456210e-05
5.1612903226e+00   2.0083771181e-05
5.2394916911e+00   2.0546192898e-05
5.3176930596e+00   1.1326738389e-06
5.3958944282e+00   8.8348712238e-05
5.4740957967e+00   8.9809563711e-05
5.5522971652e+00   9.1141374096e-05
5.6304985337e+00   9.2376100662e-05
5.7086999022e+00   1.7415542303e-04
5.7869012708e+00   1.7629517510e-04
5.8651026393e+00   1.7845252756e-04
5.9433040078e+00   1.8069506511e-04
6.0215053763e+00   1.8309237597e-04
6.0997067449e+00   2.3266857446e-04
6.1779081134e+00   2.3640316036e-04
6.2561094819e+00   2.4061801525e-04
6.3343108504e+00   2.4540820806e-04
6.4125122190e+00   2.5975292903e-04
6.4907135875e+00   2.6631695126e-04
6.5689149560e+00   2.7378173759e-04
6.6471163245e+00   2.4639288190e-04
6.7253176931e+00   2.5483947610e-04
6.8035190616e+00   2.6430089262e-04
6.8817204301e+00   1.8352534019e-04
6.9599217986e+00   1.9137986124e-04
7.0381231672e+00   1.9998308048e-04
7.1163245357e+00   4.5439435870e-05
7.1945259042e+00   4.7636738128e-05
7.2727272727e+00   3.1248037757e-06
7.3509286413e+00   1.5906497191e-04
7.4291300098e+00   1.6655822433e-04
7.5073313783e+00   3.3785326378e-04
7.5855327468e+00   3.5284112562e-04
7.6637341153e+00   4.6876582123e-04
7.7419354839e+00   4.8646691556e-04
7.8201368524e+00   5.2685831777e-04
7.8983382209e+00   5.4081336575e-04
7.9765395894e+00   4.8662028320e-04
8.0547409580e+00   4.9117417117e-04
8.1329423265e+00   3.3320693381e-04
8.2111436950e+00   3.2801373080e-04
8.2893450635e+00   7.9549098369e-05
8.3675464321e+00   5.1563398601e-06
8.4457478006e+00   1.7795863715e-04
8.5239491691e+00   3.2238193261e-04
8.6021505376e+00   3.5834595881e-04
8.6803519062e+00   3.0547592051e-04
8.7585532747e+00   1.9701262783e-04
8.8367546432e+00   7.8614825698e-05
8.9149560117e+00   4.7899581624e-06
8.9931573803e+00   4.7321832028e-07
9.0713587488e+00   3.7193292704e-05
9.1495601173e+00   1.5070060485e-04
9.2277614858e+00   2.8537887204e-04
9.3059628543e+00   3.8727622861e-04
9.3841642229e+00   4.1023187522e-04
9.4623655914e+00   3.2199718646e-04
9.5405669599e+00   1.0801507337e-04
9.6187683284e+00   7.6601295139e-06
9.6969696970e+00   1.8915465229e-04
9.7751710655e+00   4.1010079275e-04
9.8533724340e+00   5.2492592709e-04
9.9315738025e+00   5.0237107590e-04
1.0009775171e+01   4.9929765793e-04
1.0087976540e+01   4.5950927070e-04
1.0166177908e+01   3.6929486755e-04
1.0244379277e+01   3.2615922058e-04
1.0322580645e+01   1.9663956987e-04
1.0400782014e+01   1.6470286201e-04
1.0478983382e+01   4.4194453508e-05
1.0557184751e+01   2.4982394982e-06
1.0635386119e+01   4.2532379014e-05
1.0713587488e+01   6.1416290786e-05
1.0791788856e+01   3.7952600121e-05
1.0869990225e+01   2.6488450429e-06
1.0948191593e+01   3.9245220519e-05
1.1026392962e+01   6.8769667417e-05
1.1104594330e+01   9.6444489322e-05
1.1182795699e+01   8.8951793556e-05
1.1260997067e+01   1.0507671889e-04
1.1339198436e+01   4.4139753940e-05
1.1417399804e+01   4.8780226776e-05
1.1495601173e+01   3.4011569888e-06
1.1573802542e+01   6.6634678762e-05
1.1652003910e+01   7.0759648138e-05
1.1730205279e+01   1.7767391476e-04
1.1808406647e+01   1.8484642532e-04
1.1886608016e+01   1.9093265513e-04
1.1964809384e+01   2.6367149767e-04
1.2043010753e+01   2.6932484233e-04
1.2121212121e+01   2.7401469829e-04
1.2199413490e+01   3.0034856826e-04
1.2277614858e+01   3.0382792439e-04
1.2355816227e+01   3.0680022722e-04
1.2434017595e+01   2.8269731974e-04
1.2512218964e+01   2.8499307555e-04
1.2590420332e+01   2.8731011622e-04
1.2668621701e+01   2.1168060180e-04
1.2746823069e+01   2.1381005764e-04
1.2825024438e+01   2.1630177716e-04
1.2903225806e+01   8.5894689317e-05
1.2981427175e+01   8.7319937117e-05
1.3059628543e+01   8.9011712121e-05
1.3137829912e+01   5.5684187881e-06
1.3216031281e+01   9.3328003637e-05
1.3294232649e+01   9.5682768567e-05
1.3372434018e+01   9.8391337095e-05
1.3450635386e+01   2.5767863295e-04
1.3528836755e+01   2.6654392109e-04
1.3607038123e+01   3.7878075078e-04
1.3685239492e+01   3.9342317450e-04
1.3763440860e+01   4.4872102409e-04
1.3841642229e+01   4.6662677182e-04
1.3919843597e+01   4.4985337637e-04
1.3998044966e+01   4.6654059040e-04
1.4076246334e+01   3.5965934720e-04
1.4154447703e+01   3.7017117621e-04
1.4232649071e+01   1.5815633449e-04
1.4310850440e+01   1.6055095153e-04
1.4389051808e+01   9.1693643441e-06
1.4467253177e+01   1.3460729976e-04
1.4545454545e+01   1.3287054797e-04
1.4623655914e+01   3.4921182582e-04
1.4701857283e+01   3.3256225255e-04
1.4780058651e+01   4.2645341230e-04
1.4858260020e+01   4.1831031292e-04
1.4936461388e+01   3.2857223095e-04
1.5014662757e+01   1.9185434510e-04
1.5092864125e+01   5.6148908070e-05
1.5171065494e+01   1.8950227261e-06
1.5249266862e+01   1.0777614778e-05
1.5327468231e+01   3.6002064446e-05
1.5405669599e+01   1.4613685081e-04
1.5483870968e+01   2.6450969976e-04
1.5562072336e+01   3.3608826871e-04
1.5640273705e+01   3.1383013193e-04
1.5718475073e+01   1.6553427302e-04
1.5796676442e+01   8.4591473442e-06
1.5874877810e+01   1.1029452812e-04
1.5953079179e+01   3.6428129125e-04
1.6031280547e+01   5.2534519141e-04
1.6109481916e+01   5.7726773556e-04
1.6187683284e+01   5.2175286194e-04
1.6265884653e+01   4.9077576995e-04
1.6344086022e+01   3.4520504390e-04
1.6422287390e+01   3.1139897554e-04
1.6500488759e+01   1.2983677362e-04
1.6578690127e+01   1.1162758106e-04
1.6656891496e+01   4.2808519404e-06
1.6735092864e+01   4.3533253715e-05
1.6813294233e+01   3.4380487772e-05
1.6891495601e+01   8.5882493070e-05
1.6969696970e+01   7.7552403218e-05
1.7047898338e+01   3.8034542217e-05
1.7126099707e+01   3.7628276371e-06
1.7204301075e+01   4.3561719972e-05
1.7282502444e+01   7.6940033374e-05
1.7360703812e+01   8.5418641144e-05
1.7438905181e+01   1.0650654971e-04
1.7517106549e+01   6.3096961082e-05
1.7595307918e+01   7.1350877086e-05
1.7673509286e+01   2.9379666676e-06
1.7751710655e+01   3.4209785901e-05
1.7829912023e+01   3.6728248637e-05
1.7908113392e+01   1.5292742153e-04
1.7986314761e+01   1.6012760723e-04
1.8064516129e+01   2.4496128896e-04
1.8142717498e+01   2.5243141166e-04
1.8220918866e+01   2.5868761625e-04
1.8299120235e+01   2.9973446401e-04
1.8377321603e+01   3.0463851035e-04
1.8455522972e+01   3.0879067998e-04
1.8533724340e+01   2.9903013398e-04
1.8611925709e+01   3.0215238633e-04
1.8690127077e+01   3.0513242033e-04
1.8768328446e+01   2.4256872409e-04
1.8846529814e+01   2.4517764250e-04
1.8924731183e+01   2.4809759165e-04
1.9002932551e+01   1.2990884457e-04
1.9081133920e+01   1.3198458071e-04
1.9159335288e+01   1.3440482572e-04
1.9237536657e+01   4.3929363813e-06
1.9315738025e+01   4.5581357123e-05
1.9393939394e+01   4.6631572375e-05
1.9472140762e+01   4.7825119212e-05
1.9550342131e+01   2.2338247766e-04
1.9628543500e+01   2.3017982757e-04
1.9706744868e+01   3.5774048182e-04
1.9784946237e+01   3.6958869313e-04
1.9863147605e+01   4.4010283943e-04
1.9941348974e+01   4.5437978595e-04
2.0019550342e+01   4.5455265577e-04
2.0097751711e+01   4.6693757252e-04
2.0175953079e+01   3.8230270581e-04
2.0254154448e+01   3.8856150877e-04
2.0332355816e+01   2.1012641626e-04
2.0410557185e+01   2.0977412362e-04
2.0488758553e+01   5.4032889836e-06
2.0566959922e+01   5.0567716444e-05
2.0645161290e+01   4.8736785659e-05
2.0723362659e+01   2.4926313227e-04
2.0801564027e+01   2.2906088163e-04
2.0879765396e+01   3.0824324508e-04
2.0957966764e+01   2.9643342440e-04
2.1036168133e+01   2.1860201368e-04
2.1114369501e+01   1.1171867109e-04
2.1192570870e+01   2.2600291239e-05
2.1270772239e+01   8.0180259987e-08
2.1348973607e+01   5.5876574069e-06
2.1427174976e+01   8.9900729898e-05
2.1505376344e+01   2.1726206384e-04
2.1583577713e+01   3.3653525281e-04
2.1661779081e+01   4.0054187688e-04
2.1739980450e+01   3.7242067154e-04
2.1818181818e+01   2.3035857159e-04
2.1896383187e+01   3.3210173734e-06
2.1974584555e+01   2.9287583439e-05
2.2052785924e+01   2.8805249035e-04
2.2130987292e+01   4.5110132678e-04
2.2209188661e+01   4.3502173942e-04
2.2287390029e+01   4.8151655604e-04
2.2365591398e+01   4.4572017196e-04
2.2443792766e+01   3.9511936794e-04
2.2521994135e+01   3.5044537162e-04
2.2600195503e+01   2.4548042020e-04
2.2678396872e+01   2.0622719712e-04
2.2756598240e+01   9.4968885873e-05
2.2834799609e+01   7.2790822267e-05
2.2913000978e+01   4.3045424384e-07
2.2991202346e+01   2.6914734327e-06
2.3069403715e+01   1.4359785187e-06
2.3147605083e+01   2.7147567252e-06
2.3225806452e+01   1.6297969588e-05
2.3304007820e+01   5.7362262064e-05
2.3382209189e+01   8.3089402044e-05
2.3460410557e+01   1.2863559203e-04
2.3538611926e+01   1.5326947562e-04
2.3616813294e+01   1.7577394674e-04
2.3695014663e+01   1.9490072947e-04
2.3773216031e+01   1.7644071420e-04
2.3851417400e+01   1.8846784996e-04
2.3929618768e+01   1.9890850252e-04
2.4007820137e+01   1.2421514303e-04
2.4086021505e+01   1.2876383965e-04
2.4164222874e+01   1.3265976629e-04
2.4242424242e+01   1.2619593253e-07
2.4320625611e+01   1.0266555637e-06
2.4398826979e+01   1.0451918827e-06
2.4477028348e+01   1.0611476635e-06
2.4555229717e+01   1.4792065248e-04
2.4633431085e+01   1.4979826304e-04
2.4711632454e+01   1.5160496775e-04
2.4789833822e+01   2.5509949052e-04
2.4868035191e+01   2.5835552288e-04
2.4946236559e+01   2.6190721457e-04
2.5024437928e+01   3.1946951858e-04
2.5102639296e+01   3.2496480895e-04
2.5180840665e+01   3.3117328191e-04
2.5259042033e+01   3.3967607969e-04
2.5337243402e+01   3.4766610536e-04
2.5415444770e+01   3.5647137673e-04
2.5493646139e+01   3.0783562469e-04
2.5571847507e+01   3.1653945508e-04
2.5650048876e+01   1.9981179858e-04
2.5728250244e+01   2.0554761753e-04
2.5806451613e+01   9.2416957066e-06
2.5884652981e+01   9.4765352166e-06
2.5962854350e+01   4.6181995806e-08
2.6041055718e+01   2.0694609006e-04
2.6119257087e+01   2.0973135547e-04
2.6197458456e+01   3.6127858075e-04
2.6275659824e+01   3.6060196456e-04
2.6353861193e+01   4.3283084155e-04
2.6432062561e+01   4.2170932636e-04
2.6510263930e+01   4.0800830873e-04
2.6588465298e+01   3.8270594951e-04
2.6666666667e+01   2.9420001753e-04
2.6744868035e+01   2.5878923444e-04
2.6823069404e+01   1.3323262571e-04
2.6901270772e+01   1.0241357759e-04
2.6979472141e+01   5.8738311333e-06
2.7057673509e+01   3.5160730449e-09
2.7135874878e+01   9.2251428644e-06
2.7214076246e+01   4.8522235638e-05
2.7292277615e+01   1.3942882416e-04
2.7370478983e+01   2.2086693888e-04
2.7448680352e+01   2.5129063619e-04
2.7526881720e+01   1.9564200153e-04
2.7605083089e+01   3.0066606166e-05
2.7683284457e+01   9.2555757847e-07
2.7761485826e+01   2.0061582208e-04
2.7839687195e+01   3.7992352187e-04
2.7917888563e+01   4.8014041210e-04
2.7996089932e+01   4.7777886780e-04
2.8074291300e+01   4.7625583949e-04
2.8152492669e+01   4.5490689463e-04
2.8230694037e+01   3.6489635144e-04
2.8308895406e+01   3.3528047643e-04
2.8387096774e+01   1.9434768442e-04
2.8465298143e+01   1.7115863075e-04
2.8543499511e+01   2.5120480000e-05
2.8621700880e+01   2.0901367840e-05
2.8699902248e+01   9.2684483557e-07
2.8778103617e+01   6.5088762970e-05
2.8856304985e+01   4.7667156062e-05
2.8934506354e+01   5.4404897234e-05
2.9012707722e+01   2.5171440133e-05
2.9090909091e+01   5.9702897423e-06
2.9169110459e+01   3.7617691749e-05
2.9247311828e+01   7.1518218837e-05
2.9325513196e+01   9.8801517101e-05
2.9403714565e+01   1.0904983802e-04
2.9481915934e+01   1.2823958904e-04
2.9560117302e+01   9.7170092115e-05
2.9638318671e+01   1.0718104339e-04
2.9716520039e+01   1.1603914915e-04
2.9794721408e+01   2.6186124935e-05
2.9872922776e+01   2.7605278344e-05
2.9951124145e+01   2.8844214566e-05
3.0029325513e+01   1.8750865583e-06
3.0107526882e+01   1.0064363936e-04
3.0185728250e+01   1.0352038752e-04
3.0263929619e+01   1.0602830940e-04
3.0342130987e+01   2.0741387312e-04
3.0420332356e+01   2.1119617569e-04
3.0498533724e+01   2.1467945738e-04
3.0576735093e+01   2.1798552636e-04
3.0654936461e+01   2.7981079754e-04
3.0733137830e+01   2.8403647573e-04
3.0811339198e+01   2.8846078477e-04
3.0889540567e+01   3.0536192190e-04
3.0967741935e+01   3.1080861894e-04
3.1045943304e+01   3.1675017508e-04
3.1124144673e+01   2.8402474328e-04
3.1202346041e+01   2.9030043933e-04
3.1280547410e+01   2.9702906042e-04
3.1358748778e+01   2.0594368210e-04
3.1436950147e+01   2.1099918223e-04
3.1515151515e+01   2.1611704272e-04
3.1593352884e+01   5.4467149840e-05
3.1671554252e+01   5.5637483928e-05
3.1749755621e+01   3.7891516184e-06
3.1827956989e+01   1.4574654539e-04
3.1906158358e+01   1.4736099425e-04
3.1984359726e+01   2.9506221935e-04
3.2062561095e+01   2.9438896649e-04
3.2140762463e+01   3.7293342922e-04
3.2218963832e+01   3.6429142972e-04
3.2297165200e+01   3.6763732832e-04
3.2375366569e+01   3.4744365648e-04
3.2453567937e+01   2.8259532430e-04
3.2531769306e+01   2.5292424020e-04
3.2609970674e+01   1.4734715672e-04
3.2688172043e+01   1.1859253336e-04
3.2766373412e+01   2.3147349201e-05
3.2844574780e+01   1.3219712887e-05
3.2922776149e+01   3.9116076590e-07
3.3000977517e+01   4.0335450889e-06
3.3079178886e+01   2.6620024836e-05
3.3157380254e+01   1.0600782893e-04
3.3235581623e+01   2.0103936236e-04
3.3313782991e+01   2.7491891371e-04
3.3391984360e+01   2.9447171468e-04
3.3470185728e+01   2.3411412605e-04
3.3548387097e+01   2.5400109092e-04
3.3626588465e+01   8.2983114156e-05
3.3704789834e+01   8.5277897760e-05
3.3782991202e+01   5.9485616936e-06
3.3861192571e+01   1.4822212726e-04
3.3939393939e+01   1.4539337583e-04
3.4017595308e+01   3.0004795397e-04
3.4095796676e+01   2.8354643817e-04
3.4173998045e+01   3.4197461780e-04
3.4252199413e+01   3.1131273337e-04
3.4330400782e+01   2.9210399360e-04
3.4408602151e+01   2.5458828416e-04
3.4486803519e+01   1.9081859131e-04
3.4565004888e+01   1.5619934954e-04
3.4643206256e+01   8.4101108984e-05
3.4721407625e+01   6.0707644339e-05
3.4799608993e+01   1.2142347475e-05
3.4877810362e+01   5.0257195424e-06
3.4956011730e+01   1.2373824622e-09
3.5034213099e+01   6.4888503605e-06
3.5112414467e+01   1.5426701102e-05
3.5190615836e+01   5.4871365562e-05
3.5268817204e+01   7.1718348548e-05
3.5347018573e+01   1.1696378482e-04
3.5425219941e+01   1.3512316114e-04
3.5503421310e+01   1.5144107546e-04
3.5581622678e+01   1.7905033239e-04
3.5659824047e+01   1.9278393157e-04
3.5738025415e+01   2.0494731676e-04
3.5816226784e+01   1.9595225718e-04
3.5894428152e+01   2.0443554395e-04
3.5972629521e+01   2.1192607526e-04
3.6050830890e+01   2.1856418631e-04
3.6129032258e+01   1.6155981120e-04
3.6207233627e+01   1.6538987997e-04
3.6285434995e+01   1.6891396019e-04
3.6363636364e+01   1.7222368443e-04
3.6441837732e+01   6.3707332189e-05
3.6520039101e+01   6.4855103808e-05
3.6598240469e+01   6.6015434619e-05
3.6676441838e+01   6.7210896660e-05
3.6754643206e+01   4.4507005286e-06
3.6832844575e+01   8.4843509093e-05
3.6911045943e+01   8.6384660627e-05
3.6989247312e+01   8.8010579251e-05
3.7067448680e+01   2.1317259085e-04
3.7145650049e+01   2.1744509122e-04
3.7223851417e+01   2.2181114356e-04
3.7302052786e+01   3.0478123117e-04
3.7380254154e+01   3.1052428811e-04
3.7458455523e+01   3.1584664509e-04
3.7536656891e+01   3.4758070473e-04
3.7614858260e+01   3.5142288905e-04
3.7693059629e+01   3.5368683267e-04
3.7771260997e+01   3.2418203498e-04
3.7849462366e+01   3.2185320093e-04
3.7927663734e+01   3.1663485101e-04
3.8005865103e+01   2.2471615281e-04
3.8084066471e+01   2.1533861973e-04
3.8162267840e+01   7.8454191814e-05
3.8240469208e+01   7.2109435813e-05
3.8318670577e+01   4.0827919804e-06
3.8396871945e+01   6.1503417549e-05
3.8475073314e+01   5.1599864711e-05
3.8553274682e+01   9.8829681363e-05
3.8631476051e+01   6.7236914735e-05
3.8709677419e+01   4.0799860568e-05
3.8787878788e+01   8.3879179011e-06
3.8866080156e+01   6.9519815493e-05
3.8944281525e+01   1.2446772426e-04
3.9022482893e+01   1.6873228091e-04
3.9100684262e+01   2.1459834482e-04
3.9178885630e+01   1.9263763836e-04
3.9257086999e+01   2.1890362437e-04
3.9335288368e+01   9.9976272037e-05
3.9413489736e+01   1.0648131281e-04
3.9491691105e+01   6.3563298147e-06
3.9569892473e+01   9.7535565860e-05
3.9648093842e+01   9.8702587847e-05
3.9726295210e+01   2.6192902255e-04
3.9804496579e+01   2.5525247406e-04
3.9882697947e+01   3.3617488920e-04
3.9960899316e+01   3.1639069658e-04
4.0039100684e+01   3.1890184733e-04
4.0117302053e+01   2.8953450850e-04
4.0195503421e+01   2.5791522215e-04
4.0273704790e+01   2.0553152123e-04
4.0351906158e+01   1.7408612562e-04
4.0430107527e+01   1.0445986001e-04
4.0508308895e+01   8.1218267964e-05
4.0586510264e+01   2.4502939120e-05
4.0664711632e+01   1.5103139197e-05
4.0742913001e+01   4.5563257948e-07
4.0821114370e+01   1.8592894776e-06
4.0899315738e+01   4.3123704574e-06
4.0977517107e+01   1.0076250282e-05
4.1055718475e+01   4.5590921003e-05
4.1133919844e+01   5.9590063975e-05
4.1212121212e+01   7.2396116342e-05
4.1290322581e+01   1.1894663574e-04
4.1368523949e+01   1.3353878743e-04
4.1446725318e+01   1.4667460577e-04
4.1524926686e+01   1.7625338580e-04
4.1603128055e+01   1.8777231841e-04
4.1681329423e+01   1.9804816757e-04
4.1759530792e+01   2.0721088294e-04
4.1837732160e+01   2.0185480738e-04
4.1915933529e+01   2.0866093354e-04
4.1994134897e+01   2.1481335427e-04
4.2072336266e+01   2.2043183544e-04
4.2150537634e+01   1.7140308129e-04
4.2228739003e+01   1.7511970587e-04
4.2306940371e+01   1.7868781337e-04
4.2385141740e+01   1.8217558887e-04
4.2463343109e+01   8.4728919295e-05
4.2541544477e+01   8.6338138625e-05
4.2619745846e+01   8.7977123797e-05
4.2697947214e+01   8.9653617424e-05
4.2776148583e+01   4.4468392911e-06
4.2854349951e+01   5.7177058834e-05
4.2932551320e+01   5.8184228681e-05
4.3010752688e+01   5.9183582968e-05
4.3088954057e+01   1.8832875152e-04
4.3167155425e+01   1.9118061392e-04
4.3245356794e+01   1.9370062468e-04
4.3323558162e+01   2.7918386477e-04
4.3401759531e+01   2.8108251969e-04
4.3479960899e+01   2.8169812150e-04
4.3558162268e+01   3.1395264789e-04
4.3636363636e+01   3.1044828744e-04
4.3714565005e+01   3.0426764194e-04
4.3792766373e+01   2.7796341142e-04
4.3870967742e+01   2.6559204796e-04
4.3949169110e+01   2.4954124021e-04
4.4027370479e+01   1.7533424141e-04
4.4105571848e+01   1.5646856041e-04
4.4183773216e+01   1.3440548203e-04
4.4261974585e+01   5.0978032554e-05
4.4340175953e+01   3.7462963052e-05
4.4418377322e+01   1.1700396331e-06
4.4496578690e+01   8.1996036948e-06
4.4574780059e+01   1.3583299130e-07
4.4652981427e+01   3.0907144281e-05
4.4731182796e+01   5.9732564720e-05
4.4809384164e+01   1.3131351024e-04
4.4887585533e+01   1.7009463504e-04
4.4965786901e+01   2.3597359677e-04
4.5043988270e+01   2.7141903588e-04
4.5122189638e+01   2.8945882398e-04
4.5200391007e+01   3.1175752229e-04
4.5278592375e+01   2.5628043379e-04
4.5356793744e+01   2.6347968161e-04
4.5434995112e+01   1.3185482106e-04
4.5513196481e+01   1.3055076056e-04
4.5591397849e+01   1.2718452670e-04
4.5669599218e+01   4.7711449608e-06
4.5747800587e+01   5.0575741813e-05
4.5826001955e+01   4.7514645419e-05
4.5904203324e+01   4.3930415686e-05
4.5982404692e+01   1.5233469179e-04
4.6060606061e+01   1.3565726038e-04
4.6138807429e+01   1.1823860574e-04
4.6217008798e+01   1.4490717332e-04
4.6295210166e+01   1.1861560304e-04
4.6373411535e+01   9.2613543695e-05
4.6451612903e+01   7.3507009077e-05
4.6529814272e+01   4.5785128550e-05
4.6608015640e+01   1.9279817177e-05
4.6686217009e+01   7.7870880050e-06
4.6764418377e+01   3.0234106876e-05
4.6842619746e+01   5.1189202516e-05
4.6920821114e+01   5.6813286084e-05
4.6999022483e+01   7.0770884612e-05
4.7077223851e+01   8.3568505600e-05
4.7155425220e+01   4.9390613346e-05
4.7233626588e+01   5.4785169220e-05
4.7311827957e+01   5.9669594148e-05
4.7390029326e+01   6.4080584942e-05
4.7468230694e+01   2.2289485243e-06
4.7546432063e+01   2.3928838922e-05
4.7624633431e+01   2.5092333702e-05
4.7702834800e+01   2.6138934367e-05
4.7781036168e+01   2.7083403675e-05
4.7859237537e+01   1.2394437733e-04
4.7937438905e+01   1.2740330961e-04
4.8015640274e+01   1.3060422327e-04
4.8093841642e+01   1.3360191120e-04
4.8172043011e+01   2.0432605028e-04
4.8250244379e+01   2.0843368310e-04
4.8328445748e+01   2.1243481611e-04
4.8406647116e+01   2.1636627294e-04
4.8484848485e+01   2.5268051901e-04
4.8563049853e+01   2.5711687950e-04
4.8641251222e+01   2.6147626379e-04
4.8719452590e+01   2.6570682206e-04
4.8797653959e+01   2.6074775547e-04
4.8875855327e+01   2.6433322372e-04
4.8954056696e+01   2.6744920067e-04
4.9032258065e+01   2.1511630433e-04
4.9110459433e+01   2.1636068249e-04
4.9188660802e+01   2.1670040589e-04
4.9266862170e+01   1.1491475801e-04
4.9345063539e+01   1.1371116465e-04
4.9423264907e+01   1.1162952675e-04
4.9501466276e+01   2.9397559085e-06
4.9579667644e+01   2.7725327533e-05
4.9657869013e+01   2.6464338600e-05
4.9736070381e+01   2.4867253567e-05
4.9814271750e+01   1.2013072377e-04
4.9892473118e+01   1.0762773086e-04
4.9970674487e+01   9.3120618986e-05
5.0048875855e+01   1.1463423394e-04
5.0127077224e+01   8.6425606280e-05
5.0205278592e+01   5.5764639408e-05
5.0283479961e+01   2.3101290873e-05
5.0361681329e+01   1.6531503183e-05
5.0439882698e+01   5.9257070685e-05
5.0518084066e+01   9.8511285794e-05
5.0596285435e+01   1.1300411890e-04
5.0674486804e+01   1.4193737682e-04
5.0752688172e+01   9.3898335099e-05
5.0830889541e+01   1.0663590732e-04
5.0909090909e+01   2.4058159787e-06
5.0987292278e+01   2.3301530739e-05
5.1065493646e+01   2.4798975171e-05
5.1143695015e+01   2.5851169169e-05
5.1221896383e+01   1.7569491149e-04
5.1300097752e+01   1.7642582294e-04
5.1378299120e+01   1.7437277459e-04
5.1456500489e+01   2.6282783473e-04
5.1534701857e+01   2.5169064883e-04
5.1612903226e+01   2.3749200986e-04
5.1691104594e+01   2.5522576038e-04
5.1769305963e+01   2.3304926430e-04
5.1847507331e+01   2.0910704407e-04
5.1925708700e+01   1.7754018334e-04
5.2003910068e+01   1.5212521578e-04
5.2082111437e+01   1.2646248003e-04
5.2160312805e+01   7.9918542394e-05
5.2238514174e+01   5.9587051601e-05
5.2316715543e+01   3.9837358793e-05
5.2394916911e+01   1.0748213541e-05
5.2473118280e+01   5.7797600629e-07
5.2551319648e+01   9.0457276092e-06
5.2629521017e+01   2.4417484126e-07
5.2707722385e+01   2.8685626168e-06
5.2785923754e+01   3.9441054394e-06
5.2864125122e+01   4.9404238811e-06
5.2942326491e+01   5.4316818586e-05
5.3020527859e+01   6.1968117023e-05
5.3098729228e+01   6.8957043878e-05
5.3176930596e+01   7.5319375604e-05
5.3255131965e+01   1.2915989822e-04
5.3333333333e+01   1.3737963987e-04
5.3411534702e+01   1.4482800594e-04
5.3489736070e+01   1.5158231701e-04
5.3567937439e+01   1.8597226126e-04
5.3646138807e+01   1.9251826758e-04
5.3724340176e+01   1.9852905013e-04
5.3802541544e+01   2.0408653904e-04
5.3880742913e+01   2.0926595504e-04
5.3958944282e+01   2.1155145193e-04
5.4037145650e+01   2.1611172845e-04
5.4115347019e+01   2.2046947554e-04
5.4193548387e+01   2.2465168208e-04
5.4271749756e+01   1.8798160799e-04
5.4349951124e+01   1.9115509386e-04
5.4428152493e+01   1.9415970429e-04
5.4506353861e+01   1.9694985608e-04
5.4584555230e+01   1.1589483833e-04
5.4662756598e+01   1.1713548233e-04
5.4740957967e+01   1.1809145021e-04
5.4819159335e+01   1.1868390002e-04
5.4897360704e+01   9.8673502009e-07
5.4975562072e+01   8.2530122213e-06
5.5053763441e+01   8.1957332799e-06
5.5131964809e+01   8.0888615824e-06
5.5210166178e+01   7.9241855856e-06
5.5288367546e+01   1.2082277044e-04
5.5366568915e+01   1.1592481951e-04
5.5444770283e+01   1.0972866256e-04
5.5522971652e+01   1.0213713432e-04
5.5601173021e+01   1.4969182982e-04
5.5679374389e+01   1.3231482711e-04
5.5757575758e+01   1.1250668335e-04
5.5835777126e+01   1.0500161917e-04
5.5913978495e+01   7.5849880087e-05
5.5992179863e+01   4.4514802687e-05
5.6070381232e+01   8.2284657405e-06
5.6148582600e+01   2.5959145274e-05
5.6226783969e+01   6.0593263456e-05
5.6304985337e+01   8.1582619390e-05
5.6383186706e+01   1.0917186878e-04
5.6461388074e+01   1.3523309256e-04
5.6539589443e+01   9.6155683227e-05
5.6617790811e+01   1.0867170778e-04
5.6695992180e+01   1.1932251565e-04
5.6774193548e+01   2.2895757791e-07
5.6852394917e+01   1.9207587560e-06
5.6930596285e+01   2.0029963061e-06
5.7008797654e+01   2.0523356695e-06
5.7086999022e+01   1.4324035773e-04
5.7165200391e+01   1.4201941465e-04
5.7243401760e+01   1.3878828289e-04
5.7321603128e+01   2.2072763114e-04
5.7399804497e+01   2.0939492227e-04
5.7478005865e+01   1.9581444125e-04
5.7556207234e+01   1.8038241189e-04
5.7634408602e+01   1.9389165498e-04
5.7712609971e+01   1.7223121486e-04
5.7790811339e+01   1.4974432663e-04
5.7869012708e+01   1.2681226961e-04
5.7947214076e+01   1.0159748581e-04
5.8025415445e+01   7.8771673869e-05
5.8103616813e+01   5.6410985897e-05
5.8181818182e+01   2.7330437933e-05
5.8260019550e+01   9.9641705765e-06
5.8338220919e+01   6.5968143530e-06
5.8416422287e+01   2.2280901353e-05
5.8494623656e+01   2.3345912504e-05
5.8572825024e+01   3.1689732620e-05
5.8651026393e+01   3.9453836934e-05
5.8729227761e+01   4.6645549114e-05
5.8807429130e+01   1.9846710430e-06
5.8885630499e+01   2.2061073530e-06
5.8963831867e+01   2.4089874784e-06
5.9042033236e+01   2.5944870543e-06
5.9120234604e+01   2.7638861142e-06
5.9198435973e+01   2.1580688780e-08
5.9276637341e+01   7.7458820134e-05
5.9354838710e+01   8.0972102624e-05
5.9433040078e+01   8.4180714266e-05
5.9511241447e+01   8.7119213709e-05
5.9589442815e+01   8.9820239478e-05
5.9667644184e+01   1.5707097375e-04
5.9745845552e+01   1.6099150831e-04
5.9824046921e+01   1.6464673062e-04
5.9902248289e+01   1.6806383189e-04
5.9980449658e+01   1.7125945029e-04
6.0058651026e+01   2.1131391542e-04
6.0136852395e+01   2.1465620971e-04
6.0215053763e+01   2.1769457380e-04
6.0293255132e+01   2.2037877632e-04
6.0371456500e+01   2.2263782348e-04
6.0449657869e+01   2.2668728176e-04
6.0527859238e+01   2.2777894937e-04
6.0606060606e+01   2.2808085595e-04
6.0684261975e+01   2.2743299819e-04
6.0762463343e+01   1.9076865139e-04
6.0840664712e+01   1.8806395051e-04
6.0918866080e+01   1.8405383952e-04
6.0997067449e+01   1.7856579471e-04
6.1075268817e+01   1.0652991288e-04
6.1153470186e+01   1.0085603112e-04
6.1231671554e+01   9.3969981609e-05
6.1309872923e+01   8.5814167320e-05
6.1388074291e+01   6.3501079766e-06
6.1466275660e+01   5.4337313262e-06
6.1544477028e+01   4.4125138299e-06
6.1622678397e+01   3.2944140805e-06
6.1700879765e+01   3.0567785258e-09
6.1779081134e+01   1.6071531911e-05
6.1857282502e+01   2.7283802039e-06
6.1935483871e+01   1.1036049806e-05
6.2013685239e+01   4.5953201245e-05
6.2091886608e+01   7.0127227952e-05
6.2170087977e+01   9.3614443123e-05
6.2248289345e+01   1.4456829274e-04
6.2326490714e+01   1.6965561051e-04
6.2404692082e+01   1.9214774398e-04
6.2482893451e+01   2.1708204204e-04
6.2561094819e+01   2.3303849985e-04
6.2639296188e+01   2.4525639643e-04
6.2717497556e+01   2.1698181141e-04
6.2795698925e+01   2.2042530643e-04
6.2873900293e+01   2.2062403524e-04
6.2952101662e+01   2.1773514368e-04
6.3030303030e+01   1.3444327218e-04
6.3108504399e+01   1.2896198840e-04
6.3186705767e+01   1.2205028228e-04
6.3264907136e+01   1.1391959650e-04
6.3343108504e+01   1.3269773411e-05
6.3421309873e+01   1.1990967417e-05
6.3499511241e+01   1.0640102333e-05
6.3577712610e+01   9.2413939167e-06
6.3655913978e+01   1.9196294561e-07
6.3734115347e+01   4.6279934210e-05
6.3812316716e+01   3.7141846193e-05
6.3890518084e+01   2.8103575262e-05
6.3968719453e+01   1.9254531736e-05
6.4046920821e+01   1.7675760513e-05
6.4125122190e+01   2.9439976136e-06
6.4203323558e+01   1.1120553682e-05
6.4281524927e+01   2.4460538874e-05
6.4359726295e+01   4.7116538051e-05
6.4437927664e+01   6.1577610746e-05
6.4516129032e+01   7.5067516520e-05
6.4594330401e+01   8.7597292158e-05
6.4672531769e+01   1.0248622850e-04
6.4750733138e+01   1.1333878027e-04
6.4828934506e+01   1.2332101079e-04
6.4907135875e+01   1.3248448396e-04
6.4985337243e+01   1.4088519788e-04
6.5063538612e+01   1.2831468912e-04
6.5141739980e+01   1.3433923253e-04
6.5219941349e+01   1.3986690980e-04
6.5298142717e+01   1.4494574248e-04
6.5376344086e+01   1.4962015278e-04
6.5454545455e+01   1.5392960468e-04
6.5532746823e+01   1.0266709855e-04
6.5610948192e+01   1.0504454325e-04
6.5689149560e+01   1.0723576010e-04
6.5767350929e+01   1.0924393799e-04
6.5845552297e+01   1.1106464454e-04
6.5923753666e+01   1.8987663994e-05
6.6001955034e+01   1.9221554939e-05
6.6080156403e+01   1.9412270944e-05
6.6158357771e+01   1.9552641239e-05
6.6236559140e+01   1.9633797323e-05
6.6314760508e+01   9.6049241161e-07
6.6392961877e+01   8.7388437995e-05
6.6471163245e+01   8.6824385644e-05
6.6549364614e+01   8.5813109661e-05
6.6627565982e+01   8.4290373058e-05
6.6705767351e+01   8.2189859769e-05
6.6783968719e+01   1.4648143283e-04
6.6862170088e+01   1.3998189502e-04
6.6940371457e+01   1.3205706899e-04
6.7018572825e+01   1.2262214582e-04
6.7096774194e+01   1.3831801539e-04
6.7174975562e+01   1.2236774390e-04
6.7253176931e+01   1.0444170020e-04
6.7331378299e+01   8.4622689510e-05
6.7409579668e+01   6.3011929861e-05
6.7487781036e+01   3.8991243331e-05
6.7565982405e+01   1.3708234928e-05
6.7644183773e+01   1.2473643676e-05
6.7722385142e+01   3.6259292956e-05
6.7800586510e+01   5.9445616723e-05
6.7878787879e+01   8.2167577624e-05
6.7956989247e+01   1.0398482951e-04
6.8035190616e+01   8.3701893127e-05
6.8113391984e+01   9.5984280806e-05
6.8191593353e+01   1.0684941426e-04
6.8269794721e+01   1.1610001628e-04
6.8347996090e+01   2.5591155143e-05
6.8426197458e+01   2.6706131983e-05
6.8504398827e+01   2.7425087109e-05
6.8582600196e+01   2.7749215170e-05
6.8660801564e+01   1.7033480490e-06
6.8739002933e+01   9.3088693794e-05
6.8817204301e+01   9.1251151585e-05
6.8895405670e+01   8.8306320306e-05
6.8973607038e+01   8.4364807785e-05
6.9051808407e+01   1.5076055112e-04
6.9130009775e+01   1.4001415905e-04
6.9208211144e+01   1.2812619442e-04
6.9286412512e+01   1.1534341992e-04
6.9364613881e+01   1.0190215708e-04
6.9442815249e+01   1.0936314388e-04
6.9521016618e+01   9.1534944348e-05
6.9599217986e+01   7.3664173428e-05
6.9677419355e+01   5.5948825218e-05
6.9755620723e+01   3.8341510636e-05
6.9833822092e+01   2.0825574729e-05
6.9912023460e+01   3.9262544030e-06
6.9990224829e+01   1.2265263979e-05
7.0068426197e+01   2.5449470269e-05
7.0146627566e+01   3.8143594568e-05
7.0224828935e+01   5.0093303126e-05
7.0303030303e+01   6.1290364101e-05
7.0381231672e+01   7.1738724750e-05
7.0459433040e+01   5.5370215072e-05
7.0537634409e+01   6.1382379077e-05
7.0615835777e+01   6.6938769415e-05
7.0694037146e+01   7.2062886588e-05
7.0772238514e+01   7.6780490426e-05
7.0850439883e+01   8.1118618710e-05
7.0928641251e+01   2.0556759834e-05
7.1006842620e+01   2.1431563972e-05
7.1085043988e+01   2.2235074658e-05
7.1163245357e+01   2.2972760071e-05
7.1241446725e+01   2.3649305563e-05
7.1319648094e+01   2.4268413902e-05
7.1397849462e+01   1.6599771311e-06
7.1476050831e+01   6.7001972439e-05
7.1554252199e+01   6.8251479241e-05
7.1632453568e+01   6.9351116006e-05
7.1710654936e+01   7.0293798897e-05
7.1788856305e+01   7.1067444284e-05
7.1867057674e+01   7.1654725335e-05
7.1945259042e+01   1.4244518008e-04
7.2023460411e+01   1.4269775846e-04
7.2101661779e+01   1.4240897744e-04
7.2179863148e+01   1.4150263216e-04
7.2258064516e+01   1.3989459212e-04
7.2336265885e+01   1.7547921387e-04
7.2414467253e+01   1.7118640763e-04
7.2492668622e+01   1.6562769567e-04
7.2570869990e+01   1.5868786154e-04
7.2649071359e+01   1.5026254527e-04
7.2727272727e+01   1.4610331343e-04
7.2805474096e+01   1.3374141402e-04
7.2883675464e+01   1.1962439418e-04
7.2961876833e+01   1.0376217049e-04
7.3040078201e+01   8.6211219670e-05
7.3118279570e+01   5.7713042986e-05
7.3196480938e+01   3.9410997884e-05
7.3274682307e+01   2.0067254526e-05
7.3352883675e+01   7.1866392041e-08
7.3431085044e+01   1.5575726494e-05
7.3509286413e+01   2.9868590220e-05
7.3587487781e+01   4.4017704350e-05
7.3665689150e+01   5.7770052486e-05
7.3743890518e+01   1.9735966275e-05
7.3822091887e+01   2.3048726117e-05
7.3900293255e+01   2.6048184310e-05
7.3978494624e+01   2.8680603015e-05
7.4056695992e+01   2.1013024892e-06
7.4134897361e+01   6.8175978567e-05
7.4213098729e+01   7.1636657694e-05
7.4291300098e+01   7.4088586129e-05
7.4369501466e+01   7.5517952641e-05
7.4447702835e+01   1.5584959545e-04
7.4525904203e+01   1.5448611660e-04
7.4604105572e+01   1.5123349543e-04
7.4682306940e+01   1.4623666798e-04
7.4760508309e+01   1.3966584580e-04
7.4838709677e+01   1.6905469036e-04
7.4916911046e+01   1.5709126738e-04
7.4995112414e+01   1.4388443176e-04
7.5073313783e+01   1.2969219142e-04
7.5151515152e+01   1.1476281864e-04
7.5229716520e+01   1.0317278918e-04
7.5307917889e+01   8.6571619337e-05
7.5386119257e+01   6.9893828941e-05
7.5464320626e+01   5.3318525070e-05
7.5542521994e+01   3.7000786281e-05
7.5620723363e+01   1.7429189398e-05
7.5698924731e+01   3.7446521081e-06
7.5777126100e+01   9.4132122789e-06
7.5855327468e+01   2.1987272939e-05
7.5933528837e+01   3.3936554884e-05
7.6011730205e+01   3.2176772963e-05
7.6089931574e+01   3.9527548240e-05
7.6168132942e+01   4.6414874076e-05
7.6246334311e+01   5.2844149012e-05
7.6324535679e+01   5.8826051656e-05
7.6402737048e+01   6.4375467854e-05
7.6480938416e+01   2.1242602316e-05
7.6559139785e+01   2.2671699292e-05
7.6637341153e+01   2.3988652235e-05
7.6715542522e+01   2.5200093816e-05
7.6793743891e+01   2.6312466461e-05
7.6871945259e+01   2.7331766409e-05
7.6950146628e+01   2.8263295405e-05
7.7028347996e+01   2.0115489454e-06
7.7106549365e+01   5.2722864343e-05
7.7184750733e+01   5.4000031258e-05
7.7262952102e+01   5.5134387894e-05
7.7341153470e+01   5.6125411278e-05
7.7419354839e+01   5.6969311307e-05
7.7497556207e+01   5.7658772041e-05
7.7575757576e+01   1.2456551434e-04
7.7653958944e+01   1.2527962280e-04
7.7732160313e+01   1.2556379427e-04
7.7810361681e+01   1.2536909673e-04
7.7888563050e+01   1.2463929106e-04
7.7966764418e+01   1.2331181488e-04
7.8044965787e+01   1.5852978870e-04
7.8123167155e+01   1.5488042358e-04
7.8201368524e+01   1.5016379610e-04
7.8279569892e+01   1.4428922458e-04
7.8357771261e+01   1.3717339007e-04
7.8435972630e+01   1.2874513437e-04
7.8514173998e+01   1.2565944945e-04
7.8592375367e+01   1.1360206000e-04
7.8670576735e+01   1.0005066825e-04
7.8748778104e+01   8.5040194156e-05
7.8826979472e+01   6.8645274681e-05
7.8905180841e+01   4.4327531477e-05
7.8983382209e+01   2.7350973831e-05
7.9061583578e+01   9.5842299084e-06
7.9139784946e+01   8.7460562783e-06
7.9217986315e+01   2.7380635363e-05
7.9296187683e+01   3.3863140036e-05
7.9374389052e+01   4.6844112227e-05
7.9452590420e+01   5.9379164281e-05
7.9530791789e+01   7.1249264352e-05
7.9608993157e+01   8.2245444273e-05
7.9687194526e+01   3.0981884576e-05
7.9765395894e+01   3.3831498903e-05
7.9843597263e+01   3.6220165991e-05
7.9921798631e+01   3.8114489458e-05
8.0000000000e+01   4.6023120143e-09
8.0000000000e+01   4.6023120143e-09
