X    Y    Z
2.0000000000e-01   2.0000000000e-01   2.0000000000e-01
2.0130525966e-01   2.1790469845e-01   1.9354015905e-01
2.0516943927e-01   2.3792873598e-01   1.8752380684e-01
2.1154162150e-01   2.6025142347e-01   1.8198115081e-01
2.2040752627e-01   2.8509433188e-01   1.7695053759e-01
2.3178929814e-01   3.1270733496e-01   1.7248046074e-01
2.3541810096e-01   3.2093568977e-01   1.7134196243e-01
2.5010335234e-01   3.5247341072e-01   1.6767937477e-01
2.6747501931e-01   3.8736701169e-01   1.6473807697e-01
2.8764633953e-01   4.2582696096e-01   1.6261660089e-01
3.1073948279e-01   4.6798763848e-01   1.6143407121e-01
3.1832358023e-01   4.8148465445e-01   1.6128205279e-01
3.4539233887e-01   5.2845412151e-01   1.6153830982e-01
3.4943682672e-01   5.3532126007e-01   1.6167382858e-01
3.8008886254e-01   5.8616394507e-01   1.6342526875e-01
4.1387975718e-01   6.3978111490e-01   1.6669224867e-01
4.4510688784e-01   6.8697953320e-01   1.7082895784e-01
4.8426897149e-01   7.4268139208e-01   1.7742922609e-01
5.0999929961e-01   7.7691722224e-01   1.8259434022e-01
5.4162164290e-01   8.1606406660e-01   1.8984070366e-01
5.5481612134e-01   8.3133318592e-01   1.9316236729e-01
5.9830361760e-01   8.7646806915e-01   2.0541408022e-01
6.2756311674e-01   9.0149433386e-01   2.1487426158e-01
6.6932528747e-01   9.2737429398e-01   2.3037080943e-01
6.7409609077e-01   9.2941275218e-01   2.3231501690e-01
7.1180932670e-01   9.3641192704e-01   2.4929916100e-01
7.4360732684e-01   9.2324167879e-01   2.6683253460e-01
7.6728381052e-01   8.8827518624e-01   2.8396536874e-01
7.8042304874e-01   8.3543878839e-01   2.9886301442e-01
7.8337247014e-01   7.9701002940e-01   3.0652879705e-01
7.7939414960e-01   7.1463465096e-01   3.1819227218e-01
7.7489796814e-01   6.8168461723e-01   3.2157355974e-01
7.5438631461e-01   5.8644301411e-01   3.2827503775e-01
7.4944184527e-01   5.6881205290e-01   3.2907431347e-01
7.4441766847e-01   5.5206011036e-01   3.2971520562e-01
7.0940535028e-01   4.5627614303e-01   3.3122297855e-01
7.0492126247e-01   4.4586664556e-01   3.3116595056e-01
6.6074549577e-01   3.5761576218e-01   3.2883371172e-01
6.4941167399e-01   3.3829652931e-01   3.2784572150e-01
5.9869638416e-01   2.6404702220e-01   3.2211144675e-01
5.7730062405e-01   2.3771623965e-01   3.1918179924e-01
5.2386185346e-01   1.8242295709e-01   3.1084677845e-01
4.7115192435e-01   1.4041062867e-01   3.0141011211e-01
4.5442946644e-01   1.2938965027e-01   2.9818216498e-01
4.0527616921e-01   1.0294146444e-01   2.8802643401e-01
3.6809146228e-01   8.8596103981e-02   2.7961595721e-01
3.3721458097e-01   8.0343536837e-02   2.7206162994e-01
2.9954910781e-01   7.4933137476e-02   2.6194995968e-01
2.6696292694e-01   7.4800388915e-02   2.5210963720e-01
2.3938598015e-01   7.8663003647e-02   2.4259984608e-01
2.1659434171e-01   8.5528449790e-02   2.3345043657e-01
1.9827310227e-01   9.4672524267e-02   2.2467429317e-01
1.8406588316e-01   1.0560432381e-01   2.1627561907e-01
1.7361174495e-01   1.1802752232e-01   2.0825521308e-01
1.6657124540e-01   1.3180363616e-01   2.0061373161e-01
1.6264373791e-01   1.4692002990e-01   1.9335372493e-01
1.6157795210e-01   1.6346360908e-01   1.8648102445e-01
1.6317765034e-01   1.8160004614e-01   1.8000586412e-01
1.6730382712e-01   2.0155782545e-01   1.7394400599e-01
1.7387457048e-01   2.2361600564e-01   1.6831803996e-01
1.7975470719e-01   2.4006019602e-01   1.6473989338e-01
1.9040779873e-01   2.6639310969e-01   1.5992298245e-01
2.0355128643e-01   2.9575164980e-01   1.5564992931e-01
2.1929095095e-01   3.2851777615e-01   1.5198545132e-01
2.3777263692e-01   3.6507136415e-01   1.4901235441e-01
2.5917450828e-01   4.0576658932e-01   1.4683525413e-01
2.8369621942e-01   4.5089706924e-01   1.4558454065e-01
3.1154350145e-01   5.0064534815e-01   1.4542016416e-01
3.3804135385e-01   5.4668966214e-01   1.4628074922e-01
3.5125432154e-01   5.6919843629e-01   1.4703462445e-01
3.8719659632e-01   6.2889586185e-01   1.5006457876e-01
4.2684456278e-01   6.9200444584e-01   1.5491925918e-01
4.2900501966e-01   6.9535492952e-01   1.5522659787e-01
4.5113422659e-01   7.2911150227e-01   1.5862037596e-01
4.9623968171e-01   7.9447392178e-01   1.6689295730e-01
5.1361575291e-01   8.1828279974e-01   1.7055809125e-01
5.6239664772e-01   8.8037020318e-01   1.8228046708e-01
5.8329984136e-01   9.0452827809e-01   1.8796817401e-01
6.3372417406e-01   9.5540276892e-01   2.0344928586e-01
6.8324317280e-01   9.9234489496e-01   2.2139483088e-01
6.9851171486e-01   1.0003316159e+00   2.2757730497e-01
7.4326759396e-01   1.0107568430e+00   2.4797711558e-01
7.8121280392e-01   9.9581387488e-01   2.6918734970e-01
8.0868273904e-01   9.5490326744e-01   2.8928065729e-01
8.1120703153e-01   9.4835139064e-01   2.9156270505e-01
8.2600264268e-01   8.7602681712e-01   3.1026011114e-01
8.2639595900e-01   7.8056409866e-01   3.2562848103e-01
8.2294527508e-01   7.4288575333e-01   3.3002173117e-01
8.1632652434e-01   6.9552159246e-01   3.3454360701e-01
7.9014511083e-01   5.7779345387e-01   3.4180564506e-01
7.8961336092e-01   5.7589100484e-01   3.4188138649e-01
7.8410938980e-01   5.5687602240e-01   3.4256997608e-01
7.4246103753e-01   4.4004169172e-01   3.4412389483e-01
7.2932571957e-01   4.0981669334e-01   3.4377193120e-01
6.7517012325e-01   3.0575558752e-01   3.3997533710e-01
6.5773022858e-01   2.7766331437e-01   3.3818012368e-01
6.2818745324e-01   2.3477867733e-01   3.3468354722e-01
6.2203749849e-01   2.2652185339e-01   3.3389318480e-01
5.5933138969e-01   1.5360198581e-01   3.2484188383e-01
5.3363358612e-01   1.2893872736e-01   3.2068977797e-01
4.7119049971e-01   7.9714624254e-02   3.0970881813e-01
4.5339279886e-01   6.8214540467e-02   3.0636222095e-01
3.9520488537e-01   3.7724419256e-02   2.9474997498e-01
3.4825856501e-01   2.0586551237e-02   2.8456382106e-01
3.4306512327e-01   1.9084234787e-02   2.8338593749e-01
2.9530668537e-01   8.8937799206e-03   2.7198450390e-01
2.5351085518e-01   5.4054266522e-03   2.6094906720e-01
2.2601237487e-01   6.0275518825e-03   2.5293800455e-01
1.9441612199e-01   9.9326404157e-03   2.4267150121e-01
1.6815306299e-01   1.6272468518e-02   2.3285361389e-01
1.5641904545e-01   2.0243943892e-02   2.2791022049e-01
1.3732205936e-01   2.8738321409e-02   2.1874582398e-01
1.2228289898e-01   3.8024791288e-02   2.0998605752e-01
1.1080754960e-01   4.7845790725e-02   2.0161165832e-01
1.0244778559e-01   5.8092507018e-02   1.9360574669e-01
9.6813198887e-02   6.8767629114e-02   1.8595436936e-01
9.3576763175e-02   7.9956976296e-02   1.7864661299e-01
9.2476077926e-02   9.1808915086e-02   1.7167460060e-01
9.3311951978e-02   1.0452029461e-01   1.6503355250e-01
9.5945560855e-02   1.1832763825e-01   1.5872200521e-01
1.0029505908e-01   1.3350245000e-01   1.5274224646e-01
1.0633224403e-01   1.5034960412e-01   1.4710101266e-01
1.1407964130e-01   1.6920790130e-01   1.4181049879e-01
1.2360819917e-01   1.9045191942e-01   1.3688974507e-01
1.3503562579e-01   2.1449426035e-01   1.3236648565e-01
1.4852525572e-01   2.4178710944e-01   1.2827956401e-01
1.6428517627e-01   2.7282178922e-01   1.2468204594e-01
1.8256715090e-01   3.0812438717e-01   1.2164516836e-01
2.0278510066e-01   3.4658300103e-01   1.1934247148e-01
2.2689982190e-01   3.9185408492e-01   1.1770582124e-01
2.5450774234e-01   4.4299420747e-01   1.1699993222e-01
2.6831243951e-01   4.6829924737e-01   1.1703937394e-01
3.0167468759e-01   5.2869536369e-01   1.1805993840e-01
3.2419714836e-01   5.6881943158e-01   1.1940951113e-01
3.6480291004e-01   6.3968121801e-01   1.2303477847e-01
3.8853889588e-01   6.8012197113e-01   1.2580940130e-01
4.3659395513e-01   7.5944107604e-01   1.3280503895e-01
4.5925311384e-01   7.9550517100e-01   1.3671964956e-01
5.1410836071e-01   8.7865643552e-01   1.4779087120e-01
5.4975435946e-01   9.2904579495e-01   1.5619459176e-01
5.5802918435e-01   9.4027714580e-01   1.5828352798e-01
6.1917446749e-01   1.0169756268e+00   1.7538799659e-01
6.4672603235e-01   1.0473570517e+00   1.8410281168e-01
6.6253241544e-01   1.0634111319e+00   1.8940498167e-01
7.2465005467e-01   1.1147347032e+00   2.1260791537e-01
7.5901930272e-01   1.1329251301e+00   2.2732761822e-01
7.7547267542e-01   1.1382581502e+00   2.3495181320e-01
8.2816218397e-01   1.1345014829e+00   2.6271685100e-01
8.6982859946e-01   1.0916915027e+00   2.9075221174e-01
8.8977111651e-01   1.0388160178e+00   3.0899117552e-01
9.0365223015e-01   9.2940503603e-01   3.3257358323e-01
9.0391949874e-01   9.1861558742e-01   3.3434098687e-01
8.9843239648e-01   8.0024100233e-01   3.4965085387e-01
8.9697183403e-01   7.8675303205e-01   3.5100391985e-01
8.7323009177e-01   6.4598443644e-01   3.6144115300e-01
8.6166940452e-01   5.9752289973e-01   3.6365937787e-01
8.5362389616e-01   5.6740394873e-01   3.6471469465e-01
8.0418772424e-01   4.1981631426e-01   3.6642435089e-01
7.9605007124e-01   3.9967738342e-01   3.6621048844e-01
7.7867344093e-01   3.5944695660e-01   3.6544942903e-01
7.0963076032e-01   2.2787831695e-01   3.5956985575e-01
7.0581058729e-01   2.2164865150e-01   3.5914738309e-01
6.6668477080e-01   1.6289708986e-01   3.5440023534e-01
6.3888080917e-01   1.2614479311e-01   3.5063466183e-01
5.5782284949e-01   3.8459910234e-02   3.3828713311e-01
5.3192519048e-01   1.5697655860e-02   3.3400124836e-01
4.5274125199e-01   -4.0606862026e-02   3.2008246282e-01
4.3602523129e-01   -5.0162426450e-02   3.1699987920e-01
3.6296722598e-01   -8.3405862210e-02   3.0294712578e-01
3.3655413974e-01   -9.2231125358e-02   2.9761974060e-01
2.7324703130e-01   -1.0702270850e-01   2.8421636555e-01
2.3442106311e-01   -1.1189488482e-01   2.7544936582e-01
1.8407988969e-01   -1.1374154010e-01   2.6323330652e-01
1.4108703124e-01   -1.1154367066e-01   2.5173369128e-01
1.1407061116e-01   -1.0850934771e-01   2.4378986538e-01
8.2211502254e-02   -1.0348106485e-01   2.3340811452e-01
5.5709237294e-02   -9.8372760402e-02   2.2359091226e-01
3.3745098932e-02   -9.3873336382e-02   2.1428316038e-01
1.5538734535e-02   -9.0422210451e-02   2.0543821764e-01
3.7278741827e-04   -8.8286281367e-02   1.9701805149e-01
-1.2395881483e-02   -8.7619756571e-02   1.8899226607e-01
-2.3334147214e-02   -8.8509472019e-02   1.8133681911e-01
-3.2936530928e-02   -9.1008526890e-02   1.7403283871e-01
-4.1632711298e-02   -9.5160861131e-02   1.6706571036e-01
-4.9796977193e-02   -1.0101903740e-01   1.6042448161e-01
-5.7758501241e-02   -1.0865710991e-01   1.5410157951e-01
-6.5811716414e-02   -1.1818003386e-01   1.4809282233e-01
-7.4226371303e-02   -1.2973079316e-01   1.4239771499e-01
-8.3257043768e-02   -1.4349605418e-01   1.3702003557e-01
-9.3152022733e-02   -1.5971090309e-01   1.3196874290e-01
-1.0416154013e-01   -1.7866293389e-01   1.2725926165e-01
-1.1654535528e-01   -2.0069566568e-01   1.2291523006e-01
-1.3057966531e-01   -2.2621091714e-01   1.1897082330e-01
-1.4656323390e-01   -2.5566931976e-01   1.1547379975e-01
-1.6482248369e-01   -2.8958753223e-01   1.1248943978e-01
-1.8571506643e-01   -3.2852985289e-01   1.1010556066e-01
-1.9946138633e-01   -3.5415458128e-01   1.0902469152e-01
-2.2536058337e-01   -4.0231756318e-01   1.0785107262e-01
-2.5496260710e-01   -4.5702064112e-01   1.0765855618e-01
-2.6001346499e-01   -4.6630522247e-01   1.0773228328e-01
-2.9446269957e-01   -5.2915444249e-01   1.0896622325e-01
-3.1824508536e-01   -5.7197797832e-01   1.1049676730e-01
-3.6043723447e-01   -6.4656718481e-01   1.1442802816e-01
-3.7601608682e-01   -6.7359598997e-01   1.1624615102e-01
-4.2521638776e-01   -7.5683145471e-01   1.2320509174e-01
-4.4905460390e-01   -7.9584931104e-01   1.2721871739e-01
-5.0584597902e-01   -8.8472192697e-01   1.3842332862e-01
-5.3593571153e-01   -9.2912697930e-01   1.4529424690e-01
-5.4407699232e-01   -9.4078192857e-01   1.4726546265e-01
-6.0793604327e-01   -1.0261259285e+00   1.6442663913e-01
-6.2586802893e-01   -1.0479015927e+00   1.6980607165e-01
-6.9240648386e-01   -1.1182806649e+00   1.9210123256e-01
-6.9498353765e-01   -1.1206271368e+00   1.9304384088e-01
-7.2063943294e-01   -1.1421711204e+00   2.0278053459e-01
-7.8473613705e-01   -1.1784089124e+00   2.3029134843e-01
-7.9014716521e-01   -1.1800318991e+00   2.3285837678e-01
-8.4075297886e-01   -1.1796789267e+00   2.5933577186e-01
-8.8733519555e-01   -1.1388261427e+00   2.8984223058e-01
-9.0237345724e-01   -1.1080507928e+00   3.0227639608e-01
-9.2488628705e-01   -1.0033002010e+00   3.2951427500e-01
-9.2696033252e-01   -9.7651371279e-01   3.3456420046e-01
-9.2829454868e-01   -9.3339517309e-01   3.4167535292e-01
-9.1777628037e-01   -7.7703272711e-01   3.5997592021e-01
-9.1300296500e-01   -7.4361904929e-01   3.6272320575e-01
-9.0417859772e-01   -6.9245870248e-01   3.6627899654e-01
-8.6573888093e-01   -5.3442534620e-01   3.7282052818e-01
-8.4912122333e-01   -4.8180616420e-01   3.7361268844e-01
-8.3895226621e-01   -4.5240576643e-01   3.7376063229e-01
-7.7943837039e-01   -3.0955069981e-01   3.7137734488e-01
-7.6149737744e-01   -2.7373105407e-01   3.6991914739e-01
-7.3501456427e-01   -2.2547067775e-01   3.6734381919e-01
-7.2832048770e-01   -2.1405186308e-01   3.6662480496e-01
-6.5861016388e-01   -1.1074217901e-01   3.5789478928e-01
-6.5140665976e-01   -1.0149257633e-01   3.5688730503e-01
-5.7845997484e-01   -2.0209237564e-02   3.4587688198e-01
-5.7604917095e-01   -1.7874039360e-02   3.4549142501e-01
-5.5197602331e-01   4.3305516324e-03   3.4157830555e-01
-4.6637792363e-01   6.8378849495e-02   3.2684126669e-01
-4.5660597605e-01   7.4344929796e-02   3.2508616110e-01
-3.7655566451e-01   1.1402720893e-01   3.1018843628e-01
-3.6604918431e-01   1.1809225835e-01   3.0816336184e-01
-2.9420853739e-01   1.3940274862e-01   2.9383276422e-01
-2.3056720248e-01   1.4950939768e-01   2.8028055161e-01
-2.2798923225e-01   1.4975694264e-01   2.7971031169e-01
-2.0307788994e-01   1.5153046919e-01   2.7409763421e-01
-1.5166132675e-01   1.5181500177e-01   2.6180451737e-01
-1.1297297377e-01   1.4930171370e-01   2.5170562188e-01
-7.5309378387e-02   1.4499601135e-01   2.4086097768e-01
-4.3752972888e-02   1.4046070608e-01   2.3067780214e-01
-3.7539712408e-02   1.3953183692e-01   2.2851947266e-01
-1.2183130409e-02   1.3594382889e-01   2.1904707424e-01
9.0824417987e-03   1.3376946189e-01   2.1009248437e-01
2.7081955164e-02   1.3335849095e-01   2.0161045071e-01
4.2561022248e-02   1.3492899802e-01   1.9356668655e-01
5.6182584107e-02   1.3862194117e-01   1.8593623102e-01
6.8530860538e-02   1.4454149219e-01   1.7870200202e-01
8.0119715918e-02   1.5278437395e-01   1.7185377879e-01
9.1403415874e-02   1.6346089571e-01   1.6538768885e-01
1.0278838801e-01   1.7670976970e-01   1.5930620545e-01
1.1464506674e-01   1.9270831675e-01   1.5361864898e-01
1.2731922651e-01   2.1167910858e-01   1.4834219742e-01
1.4114240785e-01   2.3389358927e-01   1.4350343525e-01
1.5644113884e-01   2.5967269737e-01   1.3914049750e-01
1.7354465583e-01   2.8938389745e-01   1.3530588636e-01
1.9279073375e-01   3.2343331638e-01   1.3207004631e-01
2.1452903832e-01   3.6225076777e-01   1.2952576696e-01
2.3912109811e-01   4.0626434808e-01   1.2779341314e-01
2.5413270622e-01   4.3307231252e-01   1.2723740391e-01
2.8389326350e-01   4.8589649596e-01   1.2708739551e-01
3.1743355817e-01   5.4466336670e-01   1.2822323222e-01
3.3621827145e-01   5.7712010114e-01   1.2938978879e-01
3.7604518568e-01   6.4460920712e-01   1.3299149805e-01
4.0461348311e-01   6.9172635548e-01   1.3644930032e-01
4.0697913389e-01   6.9557385841e-01   1.3676679332e-01
4.3130283131e-01   7.3461312920e-01   1.4029997453e-01
4.8086163793e-01   8.1087731309e-01   1.4897516937e-01
4.8494807383e-01   8.1694743417e-01   1.4977734821e-01
5.2709384929e-01   8.7734060437e-01   1.5881825548e-01
5.5865147256e-01   9.1961853812e-01   1.6651176275e-01
6.1616167638e-01   9.8882583236e-01   1.8264553629e-01
6.5600458992e-01   1.0295015280e+00   1.9553900445e-01
6.7332233925e-01   1.0449250812e+00   2.0162280193e-01
7.3025866323e-01   1.0834340379e+00   2.2397881768e-01
7.8266407838e-01   1.0957230222e+00   2.4860999454e-01
8.1264592880e-01   1.0865889774e+00   2.6530586985e-01
8.4952795022e-01   1.0432534455e+00   2.9076532421e-01
8.5425776831e-01   1.0327815547e+00   2.9477333788e-01
8.7421833175e-01   9.4800336280e-01   3.1783880203e-01
8.7707252819e-01   9.1254505613e-01   3.2470319407e-01
8.7329978328e-01   7.8885411576e-01   3.4196184446e-01
8.7025368263e-01   7.6144405401e-01   3.4475655721e-01
8.4398763413e-01   6.1856258864e-01   3.5489277353e-01
8.2564612297e-01   5.5026750302e-01   3.5746495808e-01
8.1516496221e-01   5.1642375035e-01   3.5824097325e-01
8.0450989980e-01   4.8480343063e-01   3.5867241850e-01
7.4790662874e-01   3.4814681856e-01   3.5721611342e-01
7.4561687466e-01   3.4344133231e-01   3.5706548391e-01
7.2200180037e-01   2.9773369121e-01   3.5522328698e-01
6.5205752528e-01   1.8659851431e-01   3.4747675623e-01
6.3310216131e-01   1.6148295407e-01   3.4494842857e-01
6.1076092736e-01   1.3416666934e-01   3.4178929500e-01
5.3584545683e-01   5.8198027857e-02   3.3004862126e-01
4.6237633884e-01   3.3352520828e-03   3.1716931181e-01
4.6038575163e-01   2.0856999457e-03   3.1680390817e-01
4.4066535887e-01   -9.6642001051e-03   3.1313859501e-01
3.7289633535e-01   -4.1801425499e-02   2.9990497003e-01
3.3495413126e-01   -5.4591308110e-02   2.9203037819e-01
2.7749385167e-01   -6.7347319648e-02   2.7933256951e-01
2.3045505007e-01   -7.2118631401e-02   2.6803862155e-01
1.8659721725e-01   -7.2091506049e-02   2.5647423404e-01
1.4936486913e-01   -6.8693018943e-02   2.4551443294e-01
1.1816909981e-01   -6.3429229071e-02   2.3512482452e-01
9.2322099422e-02   -5.7365678470e-02   2.2526106968e-01
7.2088662721e-02   -5.1529507932e-02   2.1634597604e-01
5.4627039179e-02   -4.5739812201e-02   2.0738299769e-01
4.0486574049e-02   -4.0593012753e-02   1.9882805950e-01
2.9081096377e-02   -3.6236155691e-02   1.9065176189e-01
1.9895075089e-02   -3.2727490603e-02   1.8282947001e-01
1.2483644781e-02   -3.0069870028e-02   1.7534037895e-01
6.4684911346e-03   -2.8235078658e-02   1.6816664533e-01
1.5313577178e-03   -2.7181086657e-02   1.6129267684e-01
-2.5935894450e-03   -2.6863962808e-02   1.5470459395e-01
-6.1277095546e-03   -2.7245862567e-02   1.4838984447e-01
-9.2556236496e-03   -2.8300261333e-02   1.4233694142e-01
-1.2132441058e-02   -3.0015327721e-02   1.3653529562e-01
-1.4890334330e-02   -3.2396134183e-02   1.3097511993e-01
-1.7644429526e-02   -3.5466230935e-02   1.2564738943e-01
-2.0498049403e-02   -3.9268976323e-02   1.2054384801e-01
-2.3547390686e-02   -4.3868916137e-02   1.1565705819e-01
-2.6885741459e-02   -4.9353430755e-02   1.1098049652e-01
-3.0607356953e-02   -5.5834817192e-02   1.0650870223e-01
-3.4811116282e-02   -6.3452937663e-02   1.0223749307e-01
-3.9604082610e-02   -7.2378550037e-02   9.8164269559e-02
-4.5105084398e-02   -8.2817379974e-02   9.4288435340e-02
-5.1448430723e-02   -9.5015054669e-02   9.0611978838e-02
-5.8787867022e-02   -1.0926290039e-01   8.7140270163e-02
-6.6093306914e-02   -1.2353825786e-01   8.4303691400e-02
-7.5789168175e-02   -1.4257952252e-01   8.1245140739e-02
-8.7069932202e-02   -1.6482267418e-01   7.8437078229e-02
-1.0020863674e-01   -1.9080452006e-01   7.5912453769e-02
-1.1552254543e-01   -2.2114421798e-01   7.3718162466e-02
-1.3337909895e-01   -2.5654856603e-01   7.1919891426e-02
-1.5420146336e-01   -2.9781264158e-01   7.0608587462e-02
-1.7847277835e-01   -3.4581166842e-01   6.9908980360e-02
-1.8010824212e-01   -3.4904030346e-01   6.9889243029e-02
-1.9734236533e-01   -3.8300786844e-01   6.9867903934e-02
-2.2868287835e-01   -4.4446257533e-01   7.0611201178e-02
-2.3400219464e-01   -4.5484492010e-01   7.0827595347e-02
-2.7122035250e-01   -5.2701515728e-01   7.2997092241e-02
-3.0130434031e-01   -5.8464615627e-01   7.5522640892e-02
-3.0956911185e-01   -6.0035204730e-01   7.6329139941e-02
-3.5833583648e-01   -6.9174737076e-01   8.2022142087e-02
-3.6010287190e-01   -6.9501432461e-01   8.2257542779e-02
-3.7821275598e-01   -7.2829859698e-01   8.4784316051e-02
-4.3656073820e-01   -8.3282246228e-01   9.4312884746e-02
-4.5503219244e-01   -8.6494286692e-01   9.7763801776e-02
-5.2272686639e-01   -9.7794737930e-01   1.1218576393e-01
-5.4850198207e-01   -1.0187672898e+00   1.1841592037e-01
-5.6192264513e-01   -1.0394794432e+00   1.2182373063e-01
-6.3942255308e-01   -1.1507801959e+00   1.4376500225e-01
-6.4639809843e-01   -1.1600200063e+00   1.4593539812e-01
-7.1746160205e-01   -1.2452877803e+00   1.7002302301e-01
-7.4349176704e-01   -1.2718756237e+00   1.7980724787e-01
-7.4922959104e-01   -1.2773497784e+00   1.8203870196e-01
-8.0612593561e-01   -1.3229036182e+00   2.0575736476e-01
-8.1205678251e-01   -1.3266235419e+00   2.0840958572e-01
-8.6948666717e-01   -1.3498440115e+00   2.3617862616e-01
-8.9065084842e-01   -1.3512059128e+00   2.4753355172e-01
-9.5553645510e-01   -1.3166902389e+00   2.8799362208e-01
-9.8499322268e-01   -1.2660719917e+00   3.1127949122e-01
-9.8900508998e-01   -1.2558211173e+00   3.1491688122e-01
-1.0154189968e+00   -1.1340742682e+00   3.4642193254e-01
-1.0161984908e+00   -1.1267472348e+00   3.4787499323e-01
-1.0208971870e+00   -1.0477922050e+00   3.6154917167e-01
-1.0211338819e+00   -1.0323287285e+00   3.6386553826e-01
-1.0137662167e+00   -8.7510010402e-01   3.8244385738e-01
-1.0080207055e+00   -8.2339238593e-01   3.8693581560e-01
-1.0044953294e+00   -7.9679861131e-01   3.8898326565e-01
-9.7434215017e-01   -6.3156499807e-01   3.9813355131e-01
-9.5766966573e-01   -5.6285465026e-01   4.0027567858e-01
-9.5073378188e-01   -5.3693093987e-01   4.0084360350e-01
-9.0017325580e-01   -3.7864327909e-01   4.0148903263e-01
-8.7859510666e-01   -3.2270189650e-01   4.0053693722e-01
-8.6466148059e-01   -2.8928923289e-01   3.9966073582e-01
-8.3548832783e-01   -2.2513423760e-01   3.9730112640e-01
-8.2941365744e-01   -2.1265536014e-01   3.9673401733e-01
-7.6559167868e-01   -9.6671994714e-02   3.8959418046e-01
-7.4832788731e-01   -6.9398235700e-02   3.8736986340e-01
-7.1285015249e-01   -1.7962811508e-02   3.8250856106e-01
-6.9640525327e-01   3.9502995015e-03   3.8014264660e-01
-6.0822654364e-01   1.0356640770e-01   3.6655779860e-01
-5.9043045854e-01   1.2042767907e-01   3.6367425279e-01
-4.9374625488e-01   1.9600891347e-01   3.4745092421e-01
-4.7686306343e-01   2.0669144021e-01   3.4454177271e-01
-3.7420776724e-01   2.5773348247e-01   3.2649628671e-01
-3.3876308534e-01   2.7031330735e-01   3.2013890876e-01
-2.4876168995e-01   2.9209028721e-01   3.0369006642e-01
-2.1942110920e-01   2.9631251165e-01   2.9821348011e-01
-1.4426661768e-01   3.0144698097e-01   2.8382167884e-01
-1.0635479819e-01   3.0128153164e-01   2.7629104446e-01
-4.7541231962e-02   2.9808354059e-01   2.6407377097e-01
5.4239172907e-04   2.9366677117e-01   2.5339609900e-01
4.2664159826e-02   2.8957900965e-01   2.4331054032e-01
7.8213301826e-02   2.8724011766e-01   2.3408996001e-01
1.0151938271e-01   2.8713377872e-01   2.2762250554e-01
1.2853950119e-01   2.8960631178e-01   2.1968314737e-01
1.4887824319e-01   2.9426912104e-01   2.1343821248e-01
1.7052960725e-01   3.0292578175e-01   2.0666926207e-01
1.9056112904e-01   3.1511754260e-01   2.0050711465e-01
2.0972427260e-01   3.3090769501e-01   1.9495781517e-01
2.2866886114e-01   3.5033522199e-01   1.9004377936e-01
2.4795517211e-01   3.7342487397e-01   1.8580302604e-01
2.6806485739e-01   4.0018559532e-01   1.8228914398e-01
2.8940925344e-01   4.3059825053e-01   1.7957170252e-01
3.1233393222e-01   4.6459284767e-01   1.7773674955e-01
3.3711849900e-01   5.0201496851e-01   1.7688693645e-01
3.6397073365e-01   5.4258105628e-01   1.7714066204e-01
3.8678979369e-01   5.7663884349e-01   1.7821122334e-01
4.1758914131e-01   6.2150485151e-01   1.8077673937e-01
4.5052550422e-01   6.6753700536e-01   1.8482579727e-01
4.6643766219e-01   6.8888538302e-01   1.8723836277e-01
5.0202546736e-01   7.3410046013e-01   1.9367510069e-01
5.3881882124e-01   7.7642596642e-01   2.0183696724e-01
5.6494216766e-01   8.0312243018e-01   2.0859136069e-01
6.0188904009e-01   8.3487734252e-01   2.1961929647e-01
6.3737759357e-01   8.5665587290e-01   2.3209483785e-01
6.4862777456e-01   8.6120886793e-01   2.3651263032e-01
6.7990081061e-01   8.6546982687e-01   2.5032832600e-01
7.0612212301e-01   8.5411267602e-01   2.6449945582e-01
7.2567209261e-01   8.2613204123e-01   2.7832306019e-01
7.3712094522e-01   7.8192690619e-01   2.9103341842e-01
7.3974071581e-01   7.3914947002e-01   2.9940583291e-01
7.3606621657e-01   6.8201961756e-01   3.0736623906e-01
7.2282710442e-01   6.0816898363e-01   3.1406279815e-01
7.1293199375e-01   5.7029202607e-01   3.1627443591e-01
6.8651711839e-01   4.9289379415e-01   3.1855856156e-01
6.7615572152e-01   4.6789481074e-01   3.1867805032e-01
6.4055455939e-01   3.9556594899e-01   3.1726518041e-01
6.0810285707e-01   3.4242672916e-01   3.1437073150e-01
6.0206162888e-01   3.3356497570e-01   3.1371011596e-01
5.5893459708e-01   2.7795634161e-01   3.0812945909e-01
5.3144822220e-01   2.4855427997e-01   3.0390629139e-01
4.8748349510e-01   2.0974989086e-01   2.9624402243e-01
4.5865223262e-01   1.8923979641e-01   2.9065081964e-01
4.1784368893e-01   1.6639207930e-01   2.8194725821e-01
3.8024831316e-01   1.5158940940e-01   2.7300972973e-01
3.4647179606e-01   1.4356780323e-01   2.6403808297e-01
3.1685232047e-01   1.4112484615e-01   2.5517258766e-01
2.9151529830e-01   1.4320643346e-01   2.4650853541e-01
2.7042911773e-01   1.4894717724e-01   2.3810952008e-01
2.5345615089e-01   1.5767916251e-01   2.3001826066e-01
2.4039609132e-01   1.6892155738e-01   2.2226481537e-01
2.3102067327e-01   1.8236015608e-01   2.1487254134e-01
2.2932604620e-01   1.8581792240e-01   2.1318899141e-01
2.2418602619e-01   2.0174520068e-01   2.0627168448e-01
2.2224251095e-01   2.1964483772e-01   1.9976338596e-01
2.2332179157e-01   2.3957726750e-01   1.9368957368e-01
2.2728948655e-01   2.6167289864e-01   1.8808110225e-01
2.3405360636e-01   2.8611386105e-01   1.8297604502e-01
2.4356460731e-01   3.1311657614e-01   1.7842159952e-01
2.5581288944e-01   3.4291373343e-01   1.7447613103e-01
2.7082389288e-01   3.7573387076e-01   1.7121135781e-01
2.8865064078e-01   4.1177645037e-01   1.6871459335e-01
3.0936326706e-01   4.5117997536e-01   1.6709084489e-01
3.2042981613e-01   4.7144383861e-01   1.6665513242e-01
3.4555354594e-01   5.1585532429e-01   1.6656110004e-01
3.7370744743e-01   5.6341114150e-01   1.6768471372e-01
3.8843893109e-01   5.8745684078e-01   1.6871721343e-01
4.2103730673e-01   6.3869850321e-01   1.7196422382e-01
4.5162253145e-01   6.8427240002e-01   1.7611605634e-01
4.6111444972e-01   6.9790087095e-01   1.7760995175e-01
4.9928827824e-01   7.5004996554e-01   1.8456735137e-01
5.3932293913e-01   7.9961584486e-01   1.9348237046e-01
5.5314099565e-01   8.1532796411e-01   1.9695013199e-01
5.9430054609e-01   8.5710075321e-01   2.0853192212e-01
6.3487223589e-01   8.8919566596e-01   2.2197454927e-01
6.7014415221e-01   9.0707935025e-01   2.3564659070e-01
6.8717914839e-01   9.1113259437e-01   2.4308873736e-01
7.1948185878e-01   9.0642853974e-01   2.5933481522e-01
7.4498929030e-01   8.8217025197e-01   2.7556339836e-01
7.6180488684e-01   8.3799801035e-01   2.9084944781e-01
7.6761302846e-01   7.9527905903e-01   3.0062614169e-01
7.6633673987e-01   7.2194233002e-01   3.1217065103e-01
7.6147507606e-01   6.8098384566e-01   3.1677006323e-01
7.4336582605e-01   5.9322835950e-01   3.2344376182e-01
7.3613655025e-01   5.6713713268e-01   3.2471364086e-01
7.0498770174e-01   4.7758539742e-01   3.2683327377e-01
6.9586488733e-01   4.5581222424e-01   3.2683382820e-01
6.5485917489e-01   3.7299769317e-01   3.2490722881e-01
6.3407467580e-01   3.3803356311e-01   3.2308759526e-01
6.2339572992e-01   3.2150774179e-01   3.2199032720e-01
5.7470335336e-01   2.5638603409e-01   3.1588901378e-01
5.6845561619e-01   2.4909479980e-01   3.1499558129e-01
5.1826668490e-01   1.9794052800e-01   3.0706959884e-01
4.7578687222e-01   1.6379083327e-01   2.9942943185e-01
4.5249654670e-01   1.4824925021e-01   2.9489986239e-01
4.0650603781e-01   1.2372185281e-01   2.8522477325e-01
3.7360654909e-01   1.1102691976e-01   2.7764387296e-01
3.5113803122e-01   1.0467796043e-01   2.7209326627e-01
3.1492826722e-01   9.8580006404e-02   2.6235240285e-01
2.8349377828e-01   9.7860911159e-02   2.5282911177e-01
2.5682966606e-01   1.0131936086e-01   2.4359470225e-01
2.3477681171e-01   1.0801002574e-01   2.3469031742e-01
2.1708071254e-01   1.1723251952e-01   2.2613881541e-01
2.0343889803e-01   1.2850477387e-01   2.1795306477e-01
1.9353709875e-01   1.4153055234e-01   2.1014148495e-01
1.8707542490e-01   1.5616698139e-01   2.0271167173e-01
1.8378625926e-01   1.7239517873e-01   1.9567281627e-01
1.8344562296e-01   1.9029522774e-01   1.8903745517e-01
1.8587960638e-01   2.1002559990e-01   1.8282293343e-01
1.9096718555e-01   2.3180642032e-01   1.7705284539e-01
1.9864043023e-01   2.5590552977e-01   1.7175862566e-01
2.0888278835e-01   2.8262597682e-01   1.6698141551e-01
2.2172581220e-01   3.1229327353e-01   1.6277427817e-01
2.3542867103e-01   3.4149826391e-01   1.5955869682e-01
2.5342575902e-01   3.7764110093e-01   1.5662882204e-01
2.7433330771e-01   4.1763899850e-01   1.5451481839e-01
2.9830522820e-01   4.6170740531e-01   1.5334352132e-01
2.9954210208e-01   4.6393893587e-01   1.5331337591e-01
3.1232684593e-01   4.8678904980e-01   1.5315614879e-01
3.4128212967e-01   5.3720484843e-01   1.5373388890e-01
3.5200752076e-01   5.5544062418e-01   1.5424083039e-01
3.8554570931e-01   6.1098641555e-01   1.5672674113e-01
4.2250667394e-01   6.6956049014e-01   1.6089504093e-01
4.4265759197e-01   7.0025952962e-01   1.6374807957e-01
4.8445793355e-01   7.6087883348e-01   1.7090290366e-01
5.1367509243e-01   8.0051442231e-01   1.7687165897e-01
5.2642468691e-01   8.1702271255e-01   1.7972498702e-01
5.4067423607e-01   8.3485897846e-01   1.8309446442e-01
5.8731078496e-01   8.8813001746e-01   1.9549204065e-01
6.0509294680e-01   9.0608123171e-01   2.0079808464e-01
6.5175552573e-01   9.4545517257e-01   2.1640857320e-01
6.8220965829e-01   9.6355797922e-01   2.2810910633e-01
7.2399734603e-01   9.7436268479e-01   2.4669493262e-01
7.5967145621e-01   9.6273181713e-01   2.6605527334e-01
7.8667664040e-01   9.2641067428e-01   2.8511459902e-01
8.0267187945e-01   8.6555450979e-01   3.0264569064e-01
8.0624928311e-01   8.1669750717e-01   3.1221372888e-01
8.0103371530e-01   7.2365870895e-01   3.2481168890e-01
7.9590517013e-01   6.8767532345e-01   3.2830367146e-01
7.7237447522e-01   5.8109981681e-01   3.3524819078e-01
7.7014771089e-01   5.7316145014e-01   3.3558374655e-01
7.4443003237e-01   4.9424475533e-01   3.3765466058e-01
7.3023951716e-01   4.5772378314e-01   3.3784584824e-01
6.8327406619e-01   3.5828375162e-01   3.3581444753e-01
6.7419371919e-01   3.4188499907e-01   3.3509359951e-01
6.1961439977e-01   2.5717810379e-01   3.2929919925e-01
5.9771845942e-01   2.2872632692e-01   3.2642602442e-01
5.3938438180e-01   1.6517069552e-01   3.1764195665e-01
4.9861562166e-01   1.2978856811e-01   3.1069171059e-01
4.7375240404e-01   1.1141153610e-01   3.0616222669e-01
4.1870048855e-01   7.8569485068e-02   2.9537035264e-01
3.6773788348e-01   5.7124925943e-02   2.8438164584e-01
3.3709890911e-01   4.8196428169e-02   2.7723397424e-01
2.9463533457e-01   4.0746936808e-02   2.6647528821e-01
2.5769762878e-01   3.9158609594e-02   2.5603506366e-01
2.2621382457e-01   4.1866303157e-02   2.4597244982e-01
1.9992184115e-01   4.7653750656e-02   2.3631100942e-01
1.7844576488e-01   5.5625691209e-02   2.2705436158e-01
1.6135558360e-01   6.5162955838e-02   2.1819634306e-01
1.4821134610e-01   7.5873422390e-02   2.0972716582e-01
1.3859399729e-01   8.7546062954e-02   2.0163692133e-01
1.3212554543e-01   1.0011137302e-01   1.9391746450e-01
1.2848113730e-01   1.1360934870e-01   1.8656343030e-01
1.2739529994e-01   1.2816479516e-01   1.7957285949e-01
1.2866420133e-01   1.4396917217e-01   1.7294773863e-01
1.3214537411e-01   1.6126789176e-01   1.6669464252e-01
1.3775597115e-01   1.8035187569e-01   1.6082560157e-01
1.4547029331e-01   2.0155217095e-01   1.5535928262e-01
1.5531704411e-01   2.2523635831e-01   1.5032256532e-01
1.6737651331e-01   2.5180542144e-01   1.4575259428e-01
1.8177765415e-01   2.8168952197e-01   1.4169939402e-01
1.9869477533e-01   3.1534077772e-01   1.3822913036e-01
2.1667864172e-01   3.5004945450e-01   1.3562349146e-01
2.3906255686e-01   3.9222018360e-01   1.3353608631e-01
2.6468202319e-01   4.3944207852e-01   1.3235768246e-01
2.8283890161e-01   4.7233881170e-01   1.3215899141e-01
3.1437582765e-01   5.2843484886e-01   1.3286254868e-01
3.3757221697e-01   5.6885225259e-01   1.3412234153e-01
3.7582671366e-01   6.3386068048e-01   1.3740627609e-01
4.1830338990e-01   7.0339563951e-01   1.4264140587e-01
4.3088752984e-01   7.2340383309e-01   1.4449290346e-01
4.7865629980e-01   7.9656760274e-01   1.5271806897e-01
4.9143620683e-01   8.1532237147e-01   1.5523448116e-01
5.4375504458e-01   8.8792373428e-01   1.6691963156e-01
5.7024955506e-01   9.2178315372e-01   1.7369736681e-01
5.7411283423e-01   9.2653692480e-01   1.7473516052e-01
6.1317747455e-01   9.7168676638e-01   1.8596100891e-01
6.6926071575e-01   1.0254846875e+00   2.0457801392e-01
6.8879978164e-01   1.0404464759e+00   2.1183810139e-01
7.4204069600e-01   1.0678737032e+00   2.3408090279e-01
7.8960092231e-01   1.0681781287e+00   2.5804281624e-01
8.1460202376e-01   1.0526059147e+00   2.7312902845e-01
8.4556830427e-01   1.0000663879e+00   2.9690804808e-01
8.5811354196e-01   9.4776234203e-01   3.1127833706e-01
8.6231811873e-01   9.1039385688e-01   3.1914845041e-01
8.6110616488e-01   7.9663060752e-01   3.3626083591e-01
8.5920653531e-01   7.7593378745e-01   3.3858507250e-01
8.3736554894e-01   6.4254601889e-01   3.4939422581e-01
8.2573530953e-01   5.9439835119e-01   3.5177697088e-01
8.1916194787e-01   5.7019800535e-01   3.5270154851e-01
7.7295958460e-01   4.3460053348e-01   3.5463901738e-01
7.5975260461e-01   4.0306262155e-01   3.5429955622e-01
7.3301346256e-01   3.4572177502e-01   3.5287834625e-01
7.3172768890e-01   3.4315448064e-01   3.5278945110e-01
7.1864385236e-01   3.1790365618e-01   3.5179405537e-01
6.5238477627e-01   2.1021987931e-01   3.4478881341e-01
6.3699454668e-01   1.8917301540e-01   3.4280553459e-01
5.6579570877e-01   1.0699747273e-01   3.3240871892e-01
5.5420168473e-01   9.5699666454e-02   3.3055685287e-01
4.8324972508e-01   3.7350175515e-02   3.1843791246e-01
4.5579811292e-01   1.9295568125e-02   3.1341750033e-01
3.8987644038e-01   -1.4926107498e-02   3.0063629774e-01
3.4940510427e-01   -3.0021344410e-02   2.9225054204e-01
2.9331559295e-01   -4.4018882360e-02   2.7981903317e-01
2.4395352906e-01   -4.9942515824e-02   2.6786903588e-01
2.2119786627e-01   -5.0683678225e-02   2.6193479449e-01
1.8191805026e-01   -4.8967376705e-02   2.5082336560e-01
1.4879935449e-01   -4.4450896392e-02   2.4026138424e-01
1.2125827856e-01   -3.8370604517e-02   2.3021833936e-01
9.8645769913e-02   -3.1586678988e-02   2.2065700643e-01
8.0304953195e-02   -2.4665866260e-02   2.1154057998e-01
6.5609182550e-02   -1.7954466638e-02   2.0283582221e-01
5.3984944202e-02   -1.1638656633e-02   1.9451397570e-01
4.4923664086e-02   -5.7920958308e-03   1.8655057028e-01
3.7985779274e-02   -4.1214477659e-04   1.7892479007e-01
3.2799711494e-02   4.5535154837e-03   1.7161874588e-01
2.9057732803e-02   9.1880204664e-03   1.6461682458e-01
2.6510169161e-02   1.3592539997e-02   1.5790516863e-01
2.4958954627e-02   1.7878159647e-02   1.5147129194e-01
2.4251214832e-02   2.2161248704e-02   1.4530381548e-01
2.4273309643e-02   2.6561401298e-02   1.3939230004e-01
2.4945586623e-02   3.1201250690e-02   1.3372715615e-01
2.6217973501e-02   3.6207644806e-02   1.2829961628e-01
2.8066457036e-02   4.1713825360e-02   1.2310176115e-01
3.0490446567e-02   4.7862377002e-02   1.1812659774e-01
3.3510994513e-02   5.4808810807e-02   1.1336819313e-01
3.7169836385e-02   6.2725722333e-02   1.0882187423e-01
4.1529151181e-02   7.1806564835e-02   1.0448455572e-01
4.6672134234e-02   8.2272885621e-02   1.0035504991e-01
5.2704342403e-02   9.4378551588e-02   9.6434687655e-02
5.9755641402e-02   1.0841671595e-01   9.2728049222e-02
6.7544979666e-02   1.2385984073e-01   8.9411123655e-02
7.7063008238e-02   1.4269374614e-01   8.6151978924e-02
8.8154073364e-02   1.6462547813e-01   8.3150733452e-02
1.0107689264e-01   1.9017797637e-01   8.0439060737e-02
1.1613411443e-01   2.1995166499e-01   7.8062062864e-02
1.3367760366e-01   2.5462970865e-01   7.6082872894e-02
1.5411342766e-01   2.9497880763e-01   7.4588778547e-02
1.7790567695e-01   3.4184169635e-01   7.3699270363e-02
1.8356098534e-01   3.5295648557e-01   7.3600941626e-02
2.1214942922e-01   4.0895840650e-01   7.3670971095e-02
2.3290962177e-01   4.4939151807e-01   7.4247754451e-02
2.6936927924e-01   5.1979982892e-01   7.6183161479e-02
3.0157870041e-01   5.8122723540e-01   7.8765741510e-02
3.0658555472e-01   5.9070141667e-01   7.9235521609e-02
3.5421021638e-01   6.7966902326e-01   8.4569405922e-02
3.6355220018e-01   6.9685332817e-01   8.5793333469e-02
4.1914203888e-01   7.9699618437e-01   9.4230335915e-02
4.3028564454e-01   8.1659179566e-01   9.6155010769e-02
4.9423503935e-01   9.2542627615e-01   1.0868378397e-01
4.9673004149e-01   9.2953592715e-01   1.0922374895e-01
5.2218669583e-01   9.7081708733e-01   1.1495365396e-01
5.3437094486e-01   9.9013708056e-01   1.1783901653e-01
5.5283561359e-01   1.0188395422e+00   1.2238949487e-01
6.2851170758e-01   1.1282668668e+00   1.4333590102e-01
6.5566720968e-01   1.1638229455e+00   1.5178903843e-01
6.6951683904e-01   1.1810890434e+00   1.5630038754e-01
7.5033791311e-01   1.2680491275e+00   1.8552985878e-01
7.5738074241e-01   1.2743353039e+00   1.8833016440e-01
7.6880926755e-01   1.2840235921e+00   1.9296855866e-01
8.4733244880e-01   1.3299682734e+00   2.2840123377e-01
8.6091061868e-01   1.3333739364e+00   2.3526699465e-01
9.2896180946e-01   1.3190937316e+00   2.7438509072e-01
9.4056235837e-01   1.3092107754e+00   2.8213155863e-01
9.8808924779e-01   1.2199204072e+00   3.2070894585e-01
1.0020710847e+00   1.1573282451e+00   3.3713277944e-01
1.0030096161e+00   1.1513564250e+00   3.3848380985e-01
1.0099905147e+00   1.0867658114e+00   3.5138298271e-01
1.0119472261e+00   1.0463443152e+00   3.5816655321e-01
1.0064719729e+00   8.8395537527e-01   3.7855232736e-01
1.0017487653e+00   8.3769959451e-01   3.8280517620e-01
9.9645882793e-01   7.9609429297e-01   3.8614772016e-01
9.6613805687e-01   6.3018961070e-01   3.9546935383e-01
9.4936152401e-01   5.6158539892e-01   3.9762240451e-01
9.4211526121e-01   5.3477261822e-01   3.9820817079e-01
8.9106794569e-01   3.7700628701e-01   3.9877743576e-01
8.6736298703e-01   3.1670789598e-01   3.9766996325e-01
8.5088318793e-01   2.7830247384e-01   3.9656256654e-01
8.2956693642e-01   2.3226125094e-01   3.9480188599e-01
7.5893943811e-01   1.0313206707e-01   3.8705937154e-01
7.4524740981e-01   8.1545381203e-02   3.8530654446e-01
7.1614037514e-01   3.8782533315e-02   3.8137846098e-01
6.9410233823e-01   9.0074876189e-03   3.7824747435e-01
6.0755548399e-01   -8.9314867994e-02   3.6497857651e-01
5.8384089144e-01   -1.1171752935e-01   3.6113730086e-01
4.8844827604e-01   -1.8529427225e-01   3.4508352206e-01
4.7003631686e-01   -1.9674504807e-01   3.4189694839e-01
3.6955053878e-01   -2.4566753131e-01   3.2412346385e-01
3.4005807875e-01   -2.5605206697e-01   3.1879423385e-01
2.5195340719e-01   -2.7763167777e-01   3.0254723939e-01
2.1869611076e-01   -2.8241218800e-01   2.9626158254e-01
1.4568873547e-01   -2.8721246872e-01   2.8204904213e-01
1.0622803361e-01   -2.8692566351e-01   2.7404355238e-01
4.9517695590e-02   -2.8368185318e-01   2.6195158582e-01
2.3786962372e-03   -2.7930977770e-01   2.5115095750e-01
-3.8103004015e-02   -2.7544178057e-01   2.4110144366e-01
-7.2283682219e-02   -2.7334447942e-01   2.3187714604e-01
-8.4663124953e-02   -2.7318244672e-01   2.2833937750e-01
-1.1204098763e-01   -2.7478167626e-01   2.2011656098e-01
-1.3591453030e-01   -2.7949710341e-01   2.1253129724e-01
-1.5726013186e-01   -2.8754969144e-01   2.0554913437e-01
-1.7693751006e-01   -2.9907077358e-01   1.9915577900e-01
-1.9569702612e-01   -3.1414465727e-01   1.9335443205e-01
-2.1419081409e-01   -3.3283455691e-01   1.8816418574e-01
-2.3298502325e-01   -3.5519508016e-01   1.8361939442e-01
-2.5257123260e-01   -3.8127332548e-01   1.7976983532e-01
-2.7337558880e-01   -4.1109952168e-01   1.7668141699e-01
-2.9576450041e-01   -4.4466732046e-01   1.7443713618e-01
-3.1415807291e-01   -4.7283434726e-01   1.7335216238e-01
-3.4005649567e-01   -5.1276077744e-01   1.7285535056e-01
-3.5404284462e-01   -5.3425927839e-01   1.7304005037e-01
-3.6938675994e-01   -5.5768084778e-01   1.7357708441e-01
-3.8824792081e-01   -5.8612536079e-01   1.7468494370e-01
-4.2038721498e-01   -6.3339162376e-01   1.7762334885e-01
-4.5481938172e-01   -6.8183982488e-01   1.8212918706e-01
-4.6460237000e-01   -6.9511049699e-01   1.8365290142e-01
-5.0154634496e-01   -7.4289356634e-01   1.9035079826e-01
-5.3987823395e-01   -7.8785877479e-01   1.9887302834e-01
-5.6197383917e-01   -8.1118845848e-01   2.0453259151e-01
-6.0077909442e-01   -8.4646305132e-01   2.1589179982e-01
-6.3836413157e-01   -8.7168324903e-01   2.2885542397e-01
-6.5397638052e-01   -8.7873525445e-01   2.3491950516e-01
-6.8711641008e-01   -8.8424102499e-01   2.4952257941e-01
-7.1503795506e-01   -8.7305540099e-01   2.6455458323e-01
-7.3597393583e-01   -8.4397347644e-01   2.7925608333e-01
-7.4834964349e-01   -7.9733931237e-01   2.9279137702e-01
-7.5060938028e-01   -7.7440860811e-01   2.9765034112e-01
-7.5041908437e-01   -7.2323578203e-01   3.0609380512e-01
-7.4620785485e-01   -6.8055143661e-01   3.1133792239e-01
-7.3086164895e-01   -6.0101869296e-01   3.1798208967e-01
-7.2195367847e-01   -5.6799139927e-01   3.1975185478e-01
-6.9353361364e-01   -4.8575421409e-01   3.2193124134e-01
-6.9084653255e-01   -4.7913204245e-01   3.2197220416e-01
-6.6140404300e-01   -4.1487241662e-01   3.2130704675e-01
-6.2028341746e-01   -3.4325056313e-01   3.1809313615e-01
-6.1525625827e-01   -3.3557973644e-01   3.1757227288e-01
-5.7013553768e-01   -2.7503294687e-01   3.1197442493e-01
-5.5552049514e-01   -2.5822494746e-01   3.0985816202e-01
-5.0893249830e-01   -2.1233355164e-01   3.0229770501e-01
-4.7748734201e-01   -1.8726427874e-01   2.9655845757e-01
-4.3326728967e-01   -1.5922792082e-01   2.8765161348e-01
-3.9420214107e-01   -1.4108229438e-01   2.7891306859e-01
-3.5660365477e-01   -1.2943038738e-01   2.6958302529e-01
-3.2325132884e-01   -1.2415214847e-01   2.6032251474e-01
-2.9435844652e-01   -1.2400077609e-01   2.5124641918e-01
-2.6994122820e-01   -1.2792870337e-01   2.4242894913e-01
-2.4987813572e-01   -1.3510802604e-01   2.3391710283e-01
-2.3396140605e-01   -1.4492439561e-01   2.2574096891e-01
-2.2193903877e-01   -1.5695640155e-01   2.1792115707e-01
-2.1354719453e-01   -1.7094895239e-01   2.1047396948e-01
-2.0853393128e-01   -1.8678569476e-01   2.0341497546e-01
-2.0667562455e-01   -2.0446326779e-01   1.9676156485e-01
-2.0778749951e-01   -2.2406856243e-01   1.9053493312e-01
-2.1172957785e-01   -2.4575905849e-01   1.8476182009e-01
-2.1840911208e-01   -2.6974564597e-01   1.7947623654e-01
-2.2778029733e-01   -2.9627681093e-01   1.7472132442e-01
-2.3640836968e-01   -3.1761885855e-01   1.7158755027e-01
-2.4692828521e-01   -3.4151684463e-01   1.6869785054e-01
-2.6311473914e-01   -3.7560187266e-01   1.6553952747e-01
-2.8214688063e-01   -4.1314376750e-01   1.6316714293e-01
-3.0412691078e-01   -4.5431327564e-01   1.6169356582e-01
-3.1289035803e-01   -4.7023426458e-01   1.6140571551e-01
-3.3905845554e-01   -5.1642073930e-01   1.6138027764e-01
-3.6838754195e-01   -5.6609267656e-01   1.6260867207e-01
-3.8054124090e-01   -5.8607999406e-01   1.6345569110e-01
-4.1425799632e-01   -6.3974086325e-01   1.6673079912e-01
-4.4539347737e-01   -6.8689949734e-01   1.7086779585e-01
-4.8450314696e-01   -7.4260761668e-01   1.7747261322e-01
-5.1030857532e-01   -7.7697351225e-01   1.8266216708e-01
-5.4192831447e-01   -8.1613111304e-01   1.8992085451e-01
-5.5518728488e-01   -8.3147336491e-01   1.9326474895e-01
-5.9863640427e-01   -8.7653722319e-01   2.0552708008e-01
-6.2812057669e-01   -9.0169476533e-01   2.1507967640e-01
-6.6981655768e-01   -9.2737224006e-01   2.3059018404e-01
-6.7391787015e-01   -9.2911799799e-01   2.3226338855e-01
-7.1161888959e-01   -9.3618344968e-01   2.4923511756e-01
-7.4341766341e-01   -9.2310110189e-01   2.6675831043e-01
-7.6710893610e-01   -8.8824040898e-01   2.8388465008e-01
-7.8029954790e-01   -8.3532904575e-01   2.9882228561e-01
-7.8325049827e-01   -7.9697459035e-01   3.0647838518e-01
-7.7929049448e-01   -7.1467725836e-01   3.1814052533e-01
-7.7479051535e-01   -6.8167502136e-01   3.2152971442e-01
-7.5429809491e-01   -5.8650101238e-01   3.2823119709e-01
-7.4932707282e-01   -5.6877568755e-01   3.2903521448e-01
-7.4428375469e-01   -5.5196563748e-01   3.2967817108e-01
-7.0928192588e-01   -4.5624591432e-01   3.3118294080e-01
-7.0477792551e-01   -4.4579416953e-01   3.3112537771e-01
-6.6061730455e-01   -3.5760832613e-01   3.2879145206e-01
-6.4927879787e-01   -3.3828816844e-01   3.2780258094e-01
-5.9858599370e-01   -2.6409718813e-01   3.2206911553e-01
-5.7720760503e-01   -2.3779533838e-01   3.1914131258e-01
-5.2379701877e-01   -1.8254421967e-01   3.1080953498e-01
-4.7111649810e-01   -1.4056342524e-01   3.0137685467e-01
-4.5442277515e-01   -1.2956266038e-01   2.9815404681e-01
-4.0529674195e-01   -1.0313011212e-01   2.8800267622e-01
-3.6832619529e-01   -8.8855234271e-02   2.7964118208e-01
-3.3728898065e-01   -8.0548825109e-02   2.7204818050e-01
-2.9964262349e-01   -7.5140413223e-02   2.6194000504e-01
-2.6707300307e-01   -7.5008837577e-02   2.5210280130e-01
-2.3951039746e-01   -7.8872889597e-02   2.4259581571e-01
-2.1673130119e-01   -8.5740809332e-02   2.3344897118e-01
-1.9842125743e-01   -9.4888926379e-02   2.2467522513e-01
-1.8422433803e-01   -1.0582669607e-01   2.1627885000e-01
-1.7378003129e-01   -1.1825803182e-01   2.0826070966e-01
-1.6674928935e-01   -1.3204461286e-01   2.0062152283e-01
-1.6283182273e-01   -1.4717392031e-01   1.9336390180e-01
-1.6177668112e-01   -1.6373294898e-01   1.8649374253e-01
-1.6338791218e-01   -1.8188744245e-01   1.8002134909e-01
-1.6752676336e-01   -2.0186593787e-01   1.7396256248e-01
-1.7411154478e-01   -2.2394751858e-01   1.6834006356e-01
-1.7978396917e-01   -2.3983154172e-01   1.6488206785e-01
-1.9039697734e-01   -2.6612658027e-01   1.6005757024e-01
-2.0350023979e-01   -2.9544093454e-01   1.5577634037e-01
-2.1919860372e-01   -3.2815604771e-01   1.5210288039e-01
-2.3763705410e-01   -3.6465147155e-01   1.4911972453e-01
-2.5899299326e-01   -4.0528135553e-01   1.4693115009e-01
-2.8346545260e-01   -4.5033975567e-01   1.4566713437e-01
-3.1125974300e-01   -5.0001036286e-01   1.4548713724e-01
-3.3755309007e-01   -5.4571755026e-01   1.4632456321e-01
-3.5125446192e-01   -5.6906367842e-01   1.4710088966e-01
-3.8717433657e-01   -6.2872181948e-01   1.5012553612e-01
-4.2679718180e-01   -6.9178759571e-01   1.5497353325e-01
-4.2923187267e-01   -6.9556251128e-01   1.5531997344e-01
-4.5424346011e-01   -7.3362145520e-01   1.5919256376e-01
-4.9954867041e-01   -7.9891141862e-01   1.6762927625e-01
-5.1302007740e-01   -8.1731739615e-01   1.7048672123e-01
-5.6174764443e-01   -8.7941540647e-01   1.8216919656e-01
-5.8312557234e-01   -9.0414526947e-01   1.8797827211e-01
-6.3351827435e-01   -9.5500398674e-01   2.0344196321e-01
-6.8300958457e-01   -9.9195372112e-01   2.2136834110e-01
-6.9852364719e-01   -1.0000654206e+00   2.2764981082e-01
-7.4323344574e-01   -1.0104140352e+00   2.4803719217e-01
-7.8112917231e-01   -9.9540994953e-01   2.6923084860e-01
-8.0864402681e-01   -9.5423749886e-01   2.8938672040e-01
-8.1108883628e-01   -9.4785988946e-01   2.9160190448e-01
-8.2582845690e-01   -8.7551591348e-01   3.1027533885e-01
-8.2617425110e-01   -7.8007682584e-01   3.2561937092e-01
-8.2266269214e-01   -7.4200468330e-01   3.3004836694e-01
-8.1609834784e-01   -6.9520968817e-01   3.3450624492e-01
-7.8991169001e-01   -5.7757707667e-01   3.4175505109e-01
-7.8946641813e-01   -5.7598443830e-01   3.4181845650e-01
-7.8488271870e-01   -5.6006392880e-01   3.4240421974e-01
-7.4358269422e-01   -4.4317671267e-01   3.4408354226e-01
-7.3188070425e-01   -4.1592546364e-01   3.4380960109e-01
-6.7819430004e-01   -3.1121006144e-01   3.4021946799e-01
-6.6254156729e-01   -2.8553061827e-01   3.3865519769e-01
-6.3251159493e-01   -2.4103600179e-01   3.3518738127e-01
-6.1985393752e-01   -2.2395571915e-01   3.3356879060e-01
-5.5693714554e-01   -1.5147795441e-01   3.2442794320e-01
-5.2988319282e-01   -1.2585258067e-01   3.2002837464e-01
-4.6760962512e-01   -7.7593698762e-02   3.0900606103e-01
-4.5522626971e-01   -6.9628245813e-02   3.0667406516e-01
-3.9694898248e-01   -3.8764453490e-02   2.9507415828e-01
-3.4909725495e-01   -2.1119076982e-02   2.8471055880e-01
-3.4233738365e-01   -1.9163574710e-02   2.8317699231e-01
-2.9470581249e-01   -9.1013456446e-03   2.7178562042e-01
-2.5303425579e-01   -5.7051119354e-03   2.6076101083e-01
-2.2579467378e-01   -6.3663212188e-03   2.5280997419e-01
-1.9428172898e-01   -1.0306426010e-02   2.4255170056e-01
-1.6809425724e-01   -1.6672228973e-02   2.3274151506e-01
-1.5677147173e-01   -2.0514535187e-02   2.2796706874e-01
-1.3766276067e-01   -2.9011634349e-02   2.1880232275e-01
-1.2261442846e-01   -3.8306897467e-02   2.1004217510e-01
-1.1113291102e-01   -4.8142008642e-02   2.0166743328e-01
-1.0277027660e-01   -5.8407637046e-02   1.9366127360e-01
-9.7136310110e-02   -6.9106174848e-02   1.8600979344e-01
-9.3904122451e-02   -8.0323344643e-02   1.7870213117e-01
-9.2811429844e-02   -9.2207593018e-02   1.7173046735e-01
-9.3659164282e-02   -1.0495600330e-01   1.6509008989e-01
-9.6308650654e-02   -1.1880546617e-01   1.5877961722e-01
-1.0067823303e-01   -1.3402796586e-01   1.5280143797e-01
-1.0673994753e-01   -1.5092894890e-01   1.4716241427e-01
-1.1451661211e-01   -1.6984785562e-01   1.4187489860e-01
-1.2407952074e-01   -1.9115993803e-01   1.3695812927e-01
-1.3554677454e-01   -2.1527845934e-01   1.3244008981e-01
-1.4908213475e-01   -2.4265618305e-01   1.2835993734e-01
-1.6489412477e-01   -2.7378482044e-01   1.2477113063e-01
-1.8323491379e-01   -3.0919049974e-01   1.2174539566e-01
-2.0314463166e-01   -3.4705452603e-01   1.1948982670e-01
-2.2727752354e-01   -3.9235152737e-01   1.1785697444e-01
-2.5490449837e-01   -4.4351401015e-01   1.1715652371e-01
-2.6857709683e-01   -4.6857018404e-01   1.1719739688e-01
-3.0193909915e-01   -5.2894910137e-01   1.1821995539e-01
-3.2445353235e-01   -5.6904590235e-01   1.1957062881e-01
-3.6505227923e-01   -6.3986908403e-01   1.2319848747e-01
-3.8893656896e-01   -6.8054265481e-01   1.2599410342e-01
-4.3699148364e-01   -7.5981058627e-01   1.3300059221e-01
-4.5950584494e-01   -7.9562020896e-01   1.3689437417e-01
-5.1433418307e-01   -8.7867328643e-01   1.4796799380e-01
-5.5004103723e-01   -9.2910298207e-01   1.5639265747e-01
-5.5838563611e-01   -9.4041595265e-01   1.5850130457e-01
-6.1948743577e-01   -1.0169463449e+00   1.7561167261e-01
-6.4713435273e-01   -1.0473670340e+00   1.8436701718e-01
-6.6296641794e-01   -1.0634009939e+00   1.8968520462e-01
-7.2499888826e-01   -1.1144354123e+00   2.1288987004e-01
-7.5950513471e-01   -1.1325186440e+00   2.2769517543e-01
-7.7491237172e-01   -1.1374782963e+00   2.3483852070e-01
-8.2758270998e-01   -1.1339071567e+00   2.6255880995e-01
-8.6926660619e-01   -1.0913754412e+00   2.9055846904e-01
-8.8929049948e-01   -1.0385604238e+00   3.0883050005e-01
-9.0322655993e-01   -9.2945629117e-01   3.3239725923e-01
-9.0350275940e-01   -9.1855835618e-01   3.3418590940e-01
-8.9791373193e-01   -7.9885675904e-01   3.4965363421e-01
-8.9622170129e-01   -7.8348050069e-01   3.5118463626e-01
-8.6914181628e-01   -6.2955937050e-01   3.6214153367e-01
-8.5443153410e-01   -5.7163431868e-01   3.6445859024e-01
-8.5109380884e-01   -5.5969334942e-01   3.6482359174e-01
-8.1250569818e-01   -4.4238142625e-01   3.6641267597e-01
-8.0573845850e-01   -4.2473401306e-01   3.6633783721e-01
-7.4169484195e-01   -2.8494075462e-01   3.6267109224e-01
-7.0775942088e-01   -2.2556014934e-01   3.5927957840e-01
-7.0175443174e-01   -2.1587358648e-01   3.5860671180e-01
-6.3966629692e-01   -1.2780746836e-01   3.5066863425e-01
-6.2381217257e-01   -1.0843097471e-01   3.4840583471e-01
-6.1391308646e-01   -9.6901173905e-02   3.4695279830e-01
-5.3282787602e-01   -1.7073112066e-02   3.3408101495e-01
-5.0470736715e-01   5.2057194862e-03   3.2927692611e-01
-4.9067336241e-01   1.5392047657e-02   3.2682249457e-01
-4.1377275661e-01   6.1122057086e-02   3.1274558771e-01
-3.6150349392e-01   8.3336847938e-02   3.0257656531e-01
-3.3653498280e-01   9.1633820984e-02   2.9753433312e-01
-2.7331959898e-01   1.0639521910e-01   2.8414194926e-01
-2.3412506919e-01   1.1129203949e-01   2.7528229588e-01
-1.8391811718e-01   1.1308795283e-01   2.6307946687e-01
-1.4104572778e-01   1.1086011305e-01   2.5159102017e-01
-1.1362503566e-01   1.0774630696e-01   2.4350539609e-01
-8.1942704161e-02   1.0269685208e-01   2.3313987980e-01
-5.5593609402e-02   9.7580380661e-02   2.2333661929e-01
-3.3761189652e-02   9.3077863189e-02   2.1404087954e-01
-1.5667906648e-02   8.9623072754e-02   2.0520634862e-01
-5.9949524193e-04   8.7478961199e-02   1.9679525809e-01
1.2084063357e-02   8.6796998595e-02   1.8877740461e-01
2.2946644479e-02   8.7662104831e-02   1.8112887148e-01
3.2479968290e-02   9.0125983723e-02   1.7383085350e-01
4.1111140093e-02   9.4231472467e-02   1.6686875121e-01
4.9212099172e-02   1.0003015372e-01   1.6023158017e-01
5.7109868047e-02   1.0759510067e-01   1.5391168964e-01
6.5096893204e-02   1.1703020004e-01   1.4790477176e-01
6.8969979010e-02   1.2216518775e-01   1.4518142060e-01
7.7570741822e-02   1.3462199526e-01   1.3963494826e-01
8.6897921395e-02   1.4937980190e-01   1.3440767124e-01
9.7198006579e-02   1.6669632666e-01   1.2951104015e-01
1.0872308742e-01   1.8688337839e-01   1.2496361956e-01
1.2023300807e-01   2.0757636637e-01   1.2122991071e-01
1.3481365569e-01   2.3424647990e-01   1.1742767845e-01
1.5144293075e-01   2.6501447409e-01   1.1408928356e-01
1.7045663638e-01   3.0041499358e-01   1.1128626189e-01
1.9222280787e-01   3.4102659352e-01   1.0911448034e-01
1.9781927323e-01   3.5146482036e-01   1.0870600965e-01
2.2354645649e-01   3.9935170738e-01   1.0749438071e-01
2.5296050334e-01   4.5376815302e-01   1.0725268393e-01
2.6073408630e-01   4.6806893517e-01   1.0736517669e-01
2.9535885648e-01   5.3125346176e-01   1.0865248254e-01
3.1857193848e-01   5.7306334831e-01   1.1016935170e-01
3.6089248562e-01   6.4790660160e-01   1.1414055022e-01
3.7717386213e-01   6.7615587483e-01   1.1605534934e-01
4.2660381339e-01   7.5974759786e-01   1.2310431592e-01
4.4959871917e-01   7.9737742915e-01   1.2699560187e-01
5.0655221515e-01   8.8651239073e-01   1.3826329471e-01
5.3595479575e-01   9.2992436716e-01   1.4498620473e-01
5.4502162142e-01   9.4290824706e-01   1.4718484870e-01
6.0906610585e-01   1.0284303921e+00   1.6444356233e-01
6.2493782782e-01   1.0477333459e+00   1.6920460828e-01
6.9162672354e-01   1.1186726804e+00   1.9148918613e-01
6.9570974356e-01   1.1224036219e+00   1.9298144414e-01
7.3620240976e-01   1.1547547651e+00   2.0867313019e-01
7.9935980403e-01   1.1837762709e+00   2.3694940824e-01
8.1217294822e-01   1.1853871030e+00   2.4339196779e-01
8.6540924648e-01   1.1676334904e+00   2.7393290609e-01
9.0506466581e-01   1.1049165032e+00   3.0402373522e-01
9.1988121174e-01   1.0482942820e+00   3.2012947201e-01
9.2230324058e-01   1.0336116295e+00   3.2356136905e-01
9.2885775099e-01   8.9996825585e-01   3.4684344586e-01
9.2839549836e-01   8.8710583270e-01   3.4853716893e-01
9.1475665890e-01   7.4926748898e-01   3.6260472164e-01
9.0676791606e-01   7.0159170682e-01   3.6601195855e-01
9.0377445208e-01   6.8577574904e-01   3.6699840244e-01
8.6538271310e-01   5.3024031846e-01   3.7320513163e-01
8.4747623953e-01   4.7423986839e-01   3.7396728041e-01
8.3992706253e-01   4.5256376226e-01   3.7405705142e-01
7.8037989668e-01   3.0941702434e-01   3.7168044460e-01
7.6252625278e-01   2.7371139316e-01   3.7023176583e-01
7.3618174657e-01   2.2559732285e-01   3.6767512745e-01
7.2959899518e-01   2.1433778849e-01   3.6696975171e-01
6.6106769835e-01   1.1225772639e-01   3.5841965087e-01
6.5582493322e-01   1.0545191351e-01   3.5769115024e-01
6.0279914468e-01   4.3376705207e-02   3.4987369563e-01
5.8104585444e-01   2.1160500550e-02   3.4646319601e-01
4.9427884180e-01   -5.1400113292e-02   3.3194682101e-01
4.5534683563e-01   -7.6586387439e-02   3.2503393462e-01
4.4224470491e-01   -8.4138555254e-02   3.2265760037e-01
3.6309982694e-01   -1.2066876882e-01   3.0777911796e-01
3.4383199306e-01   -1.2735314361e-01   3.0401590418e-01
2.7415945152e-01   -1.4494033485e-01   2.8987433257e-01
2.2303234864e-01   -1.5173530823e-01   2.7884154105e-01
2.0682611178e-01   -1.5288353502e-01   2.7519630252e-01
1.5464259242e-01   -1.5351695961e-01   2.6282616267e-01
1.1390928177e-01   -1.5104039992e-01   2.5227939236e-01
7.5854439270e-02   -1.4678023495e-01   2.4140009786e-01
4.3959718664e-02   -1.4225538765e-01   2.3118839492e-01
3.7693601502e-02   -1.4132833262e-01   2.2902968642e-01
1.2055122391e-02   -1.3773281017e-01   2.1953460813e-01
-9.4503008796e-03   -1.3555066736e-01   2.1056142005e-01
-2.7654342744e-02   -1.3514017588e-01   2.0206418219e-01
-4.3309372493e-02   -1.3672505134e-01   1.9400812232e-01
-5.7084767990e-02   -1.4044989249e-01   1.8636798065e-01
-6.9570675565e-02   -1.4642118411e-01   1.7912653956e-01
-8.1286295222e-02   -1.5473711548e-01   1.7227358551e-01
-9.2690626570e-02   -1.6550894752e-01   1.6580538247e-01
-1.0419425896e-01   -1.7887603771e-01   1.5972466419e-01
-1.1617126367e-01   -1.9501614856e-01   1.5404113900e-01
-1.2897057517e-01   -2.1415209524e-01   1.4877251149e-01
-1.4292645186e-01   -2.3655527416e-01   1.4394604950e-01
-1.5836770580e-01   -2.6254608264e-01   1.3960075173e-01
-1.7562539175e-01   -2.9249061612e-01   1.3579019144e-01
-1.9503855000e-01   -3.2679230332e-01   1.3258611787e-01
-2.1695739613e-01   -3.6587621569e-01   1.3008287790e-01
-2.4174303107e-01   -4.1016267869e-01   1.2840264532e-01
-2.5967368963e-01   -4.4211299649e-01   1.2782200554e-01
-2.9000323509e-01   -4.9577433312e-01   1.2786370944e-01
-3.1568613327e-01   -5.4067881860e-01   1.2877362787e-01
-3.3571838086e-01   -5.7527471468e-01   1.2997782907e-01
-3.7531879170e-01   -6.4233158464e-01   1.3351025853e-01
-4.0439772597e-01   -6.9025065879e-01   1.3700338503e-01
-4.0851276523e-01   -6.9693046410e-01   1.3755613314e-01
-4.5166585145e-01   -7.6528549362e-01   1.4419346418e-01
-4.6789455156e-01   -7.9011640114e-01   1.4707850931e-01
-5.2022019922e-01   -8.6637448205e-01   1.5780176260e-01
-5.5565814442e-01   -9.1421111551e-01   1.6630061863e-01
-6.1281207248e-01   -9.8337801150e-01   1.8218880282e-01
-6.5254262402e-01   -1.0243174491e+00   1.9493326160e-01
-6.7409205769e-01   -1.0435233790e+00   2.0248573083e-01
-7.3064660788e-01   -1.0811183037e+00   2.2477837290e-01
-7.8259257839e-01   -1.0925027761e+00   2.4929805515e-01
-8.1269677692e-01   -1.0825614202e+00   2.6616869409e-01
-8.4891100051e-01   -1.0382317432e+00   2.9142591345e-01
-8.5078331085e-01   -1.0341515563e+00   2.9300239540e-01
-8.6605430240e-01   -9.8534930213e-01   3.0820976641e-01
-8.7510911564e-01   -9.1342347181e-01   3.2378442954e-01
-8.7589003739e-01   -8.9336915400e-01   3.2725624762e-01
-8.6930784726e-01   -7.6723101952e-01   3.4358699140e-01
-8.6400077021e-01   -7.2795517820e-01   3.4718364566e-01
-8.5937389428e-01   -6.9978175274e-01   3.4941103049e-01
-8.2558312648e-01   -5.5548693477e-01   3.5677913923e-01
-8.1647849908e-01   -5.2555763455e-01   3.5752892758e-01
-7.6388935243e-01   -3.8639108340e-01   3.5764000818e-01
-7.3881745504e-01   -3.3334909920e-01   3.5616264934e-01
-7.2744614708e-01   -3.1131541866e-01   3.5528123677e-01
-6.5857786019e-01   -1.9871903858e-01   3.4795635848e-01
-6.4104903811e-01   -1.7475336701e-01   3.4568056092e-01
-5.6695240225e-01   -8.9787665867e-02   3.3479024162e-01
-5.5158315944e-01   -7.5058732111e-02   3.3231968362e-01
-4.7797114347e-01   -1.6166679324e-02   3.1967794763e-01
-4.5713111664e-01   -2.6824899068e-03   3.1587692816e-01
-3.8850181473e-01   3.2883266027e-02   3.0269660466e-01
-3.4057610010e-01   5.0295510389e-02   2.9285238599e-01
-2.8286616799e-01   6.3791849678e-02   2.8015686283e-01
-2.3283803397e-01   6.9209267462e-02   2.6817246394e-01
-1.8904785610e-01   6.9288463748e-02   2.5661994858e-01
-1.5186205756e-01   6.5941294653e-02   2.4566629572e-01
-1.2070269757e-01   6.0674905672e-02   2.3527892214e-01
-9.4891068172e-02   5.4557259184e-02   2.2541474574e-01
-7.5696350389e-02   4.8942095593e-02   2.1697132129e-01
-5.8099075709e-02   4.2979999939e-02   2.0798302417e-01
-4.3871896412e-02   3.7603585706e-02   1.9940347956e-01
-3.2429404966e-02   3.2965162846e-02   1.9120324101e-01
-2.3256219892e-02   2.9124841744e-02   1.8335758027e-01
-1.5907557898e-02   2.6084392322e-02   1.7584557936e-01
-1.0005527287e-02   2.3811931925e-02   1.6864927232e-01
-5.2329399891e-03   2.2259425130e-02   1.6175293303e-01
-1.3259100598e-03   2.1374728401e-02   1.5514252954e-01
1.9339048536e-03   2.1109600860e-02   1.4880532751e-01
4.7268736800e-03   2.1424853831e-02   1.4272961436e-01
7.2024563993e-03   2.2293539863e-02   1.3690451469e-01
9.4856064411e-03   2.3702880563e-02   1.3131987304e-01
1.1682465156e-02   2.5655458915e-02   1.2596618621e-01
1.3885374768e-02   2.8170066120e-02   1.2083457326e-01
1.6177280826e-02   3.1282489662e-02   1.1591677660e-01
1.8635620465e-02   3.5046453414e-02   1.1120519187e-01
2.1335805158e-02   3.9534867285e-02   1.0669292834e-01
2.4354410890e-02   4.4841508470e-02   1.0237390525e-01
2.7772188253e-02   5.1083234609e-02   9.8242993774e-02
3.1677002209e-02   5.8402817126e-02   9.4296218823e-02
3.6166808894e-02   6.6972496648e-02   9.0531041884e-02
4.1352769944e-02   7.6998266121e-02   8.6946752865e-02
4.7362602788e-02   8.8725073481e-02   8.3545012015e-02
5.4344264045e-02   1.0244289960e-01   8.0330596639e-02
6.2470049509e-02   1.1849377776e-01   7.7312428284e-02
6.6659404589e-02   1.2679482854e-01   7.5989782959e-02
7.6828327738e-02   1.4699684276e-01   7.3286427333e-02
8.8699464964e-02   1.7064718994e-01   7.0829119454e-02
1.0256817943e-01   1.9833265455e-01   6.8655779772e-02
1.1877858545e-01   2.3072941669e-01   6.6820136041e-02
1.3772985438e-01   2.6860805654e-01   6.5397325956e-02
1.5988193975e-01   3.1283263804e-01   6.4491386518e-02
1.8405676268e-01   3.6096523919e-01   6.4237929379e-02
1.9783965527e-01   3.8832114643e-01   6.4382310711e-02
2.3002947515e-01   4.5189082050e-01   6.5420791379e-02
2.3298855932e-01   4.5770850327e-01   6.5561437428e-02
2.6474474075e-01   5.1981676309e-01   6.7506476657e-02
2.9583906970e-01   5.7996807894e-01   7.0130679062e-02
2.9967421799e-01   5.8733579397e-01   7.0500815194e-02
3.4071169454e-01   6.6537508165e-01   7.5069074861e-02
3.5096020135e-01   6.8461700171e-01   7.6378558053e-02
4.0678457116e-01   7.8741977462e-01   8.4649350668e-02
4.2338130191e-01   8.1725637074e-01   8.7472031657e-02
4.8877626634e-01   9.3100024486e-01   1.0019223684e-01
4.9662751841e-01   9.4420285284e-01   1.0189069062e-01
5.7019842760e-01   1.0623622423e+00   1.1961364385e-01
5.8039123740e-01   1.0778565685e+00   1.2233085529e-01
6.6096109384e-01   1.1913097751e+00   1.4615495583e-01
6.8979246824e-01   1.2274282056e+00   1.5574100998e-01
6.9750054517e-01   1.2366242286e+00   1.5840406152e-01
7.7514492206e-01   1.3165933028e+00   1.8777374379e-01
8.1288643424e-01   1.3454403594e+00   2.0390663405e-01
8.2295135097e-01   1.3517757283e+00   2.0844252531e-01
9.0193389131e-01   1.3754988528e+00   2.4819336641e-01
9.2810081868e-01   1.3695884013e+00   2.6344053459e-01
9.8823695254e-01   1.3073226410e+00   3.0537262146e-01
1.0052145864e+00   1.2659716958e+00   3.2050100068e-01
1.0305747073e+00   1.1292777763e+00   3.5346885463e-01
1.0326519277e+00   1.0993917617e+00   3.5877957216e-01
1.0313920302e+00   9.4191568050e-01   3.8033195879e-01
1.0255135457e+00   8.7084604958e-01   3.8737840619e-01
1.0193929576e+00   8.1840412729e-01   3.9173013783e-01
1.0168054313e+00   7.9929508382e-01   3.9315156004e-01
9.8673003725e-01   6.3370185604e-01   4.0215514602e-01
9.7233127482e-01   5.7312785036e-01   4.0407376688e-01
9.6961214506e-01   5.6249330662e-01   4.0433837076e-01
9.6243999508e-01   5.3546676036e-01   4.0491482865e-01
9.1200204760e-01   3.7593943560e-01   4.0552285393e-01
8.9483272000e-01   3.3041762076e-01   4.0480641125e-01
8.8453683552e-01   3.0472906081e-01   4.0422105577e-01
8.1697336078e-01   1.5974491157e-01   3.9829008647e-01
7.9954401538e-01   1.2776175809e-01   3.9632390752e-01
7.8978742949e-01   1.1066984728e-01   3.9516447476e-01
7.0965451091e-01   -1.0833517297e-02   3.8441453379e-01
6.9649706921e-01   -2.7971499859e-02   3.8248614214e-01
6.0608068293e-01   -1.2821961882e-01   3.6841125596e-01
5.8578852204e-01   -1.4697745468e-01   3.6510101413e-01
4.8753484639e-01   -2.2147249067e-01   3.4856372883e-01
4.7196154430e-01   -2.3102676973e-01   3.4588288575e-01
3.6766353286e-01   -2.8125920797e-01   3.2763395026e-01
3.3561137044e-01   -2.9231286655e-01   3.2193651100e-01
3.1538791997e-01   -2.9832149726e-01   3.1832081407e-01
2.2497459588e-01   -3.1677133666e-01   3.0192969694e-01
2.1222901715e-01   -3.1834556096e-01   2.9958313226e-01
1.3495401539e-01   -3.2308222134e-01   2.8508300173e-01
1.0570318622e-01   -3.2292775612e-01   2.7943307396e-01
4.3845087680e-02   -3.1973784626e-01   2.6704938238e-01
-1.0381956642e-03   -3.1566557689e-01   2.5754527883e-01
-4.6241289091e-02   -3.1111348399e-01   2.4733678987e-01
-8.4346579926e-02   -3.0817222518e-01   2.3806661575e-01
-1.1400458099e-01   -3.0766334883e-01   2.3033520424e-01
-1.4217834942e-01   -3.1000027688e-01   2.2254639942e-01
-1.6685665494e-01   -3.1567813340e-01   2.1543314230e-01
-1.8904350209e-01   -3.2486902785e-01   2.0896289808e-01
-2.0961508710e-01   -3.3765389375e-01   2.0312528960e-01
-2.2932822159e-01   -3.5406131162e-01   1.9792890512e-01
-2.4883181284e-01   -3.7408890493e-01   1.9339923638e-01
-2.6867870973e-01   -3.9771076166e-01   1.8957755966e-01
-2.8933600386e-01   -4.2487293514e-01   1.8652046419e-01
-3.1119237798e-01   -4.5547816474e-01   1.8429967193e-01
-3.3456141177e-01   -4.8936032811e-01   1.8300171838e-01
-3.5967996322e-01   -5.2624888803e-01   1.8272696638e-01
-3.8236457030e-01   -5.5942909679e-01   1.8337393114e-01
-4.1103943385e-01   -6.0061319792e-01   1.8528501866e-01
-4.3659197844e-01   -6.3618162683e-01   1.8792981607e-01
-4.6326198197e-01   -6.7179189188e-01   1.9157350606e-01
-4.9657645032e-01   -7.1355565582e-01   1.9733780750e-01
-5.3094354565e-01   -7.5270895261e-01   2.0467823754e-01
-5.6395968188e-01   -7.8559659959e-01   2.1310570802e-01
-5.9821313013e-01   -8.1339759613e-01   2.2340655171e-01
-6.3086299163e-01   -8.3178753660e-01   2.3496651902e-01
-6.6060147980e-01   -8.3842426556e-01   2.4743985189e-01
-6.8600071280e-01   -8.3142287058e-01   2.6034492103e-01
-7.0562310811e-01   -8.0971620279e-01   2.7308561148e-01
-7.1816565095e-01   -7.7336899485e-01   2.8499996502e-01
-7.2261936541e-01   -7.2375031740e-01   2.9543234154e-01
-7.2040995349e-01   -6.8056057330e-01   3.0178790039e-01
-7.0982620636e-01   -6.1475160511e-01   3.0840826555e-01
-6.9969578001e-01   -5.7402049422e-01   3.1107999615e-01
-6.7626805854e-01   -5.0364766570e-01   3.1352533492e-01
-6.5862644222e-01   -4.6162948080e-01   3.1374163021e-01
-6.2519326167e-01   -3.9645361382e-01   3.1216970482e-01
-5.9786095027e-01   -3.5278673233e-01   3.0965338588e-01
-5.5840358130e-01   -3.0072073370e-01   3.0470659642e-01
-5.1779452597e-01   -2.5780383781e-01   2.9838225439e-01
-4.8540901557e-01   -2.3007792407e-01   2.9258199130e-01
-4.4636303678e-01   -2.0348963836e-01   2.8474141787e-01
-4.2249086644e-01   -1.9072189008e-01   2.7947171526e-01
-3.8782070787e-01   -1.7685110747e-01   2.7108555421e-01
-3.5664721656e-01   -1.6934003076e-01   2.6263391193e-01
-3.3802639828e-01   -1.6735622734e-01   2.5704654402e-01
-3.1332758934e-01   -1.6820728938e-01   2.4877079023e-01
-2.9262611084e-01   -1.7295252028e-01   2.4071319118e-01
-2.7585682066e-01   -1.8094325936e-01   2.3292895799e-01
-2.6574909558e-01   -1.8879797649e-01   2.2727648740e-01
-2.5551546381e-01   -2.0140212400e-01   2.2006478845e-01
-2.4875896965e-01   -2.1627547129e-01   2.1322191101e-01
-2.4529511162e-01   -2.3330597459e-01   2.0677627467e-01
-2.4495728158e-01   -2.5247784134e-01   2.0075800788e-01
-2.4760657446e-01   -2.7385102093e-01   1.9520122412e-01
-2.5313728051e-01   -2.9754163648e-01   1.9014603355e-01
-2.6147879069e-01   -3.2370284443e-01   1.8564045608e-01
-2.7259442401e-01   -3.5250507183e-01   1.8174232429e-01
-2.8647742975e-01   -3.8411419262e-01   1.7852118166e-01
-3.0314414655e-01   -4.1866586552e-01   1.7606009456e-01
-3.2262402945e-01   -4.5623406104e-01   1.7445717688e-01
-3.4494600549e-01   -4.9679175414e-01   1.7382647224e-01
-3.7012042341e-01   -5.4016209686e-01   1.7429763819e-01
-3.9503095456e-01   -5.8102942981e-01   1.7576934246e-01
-4.2546555304e-01   -6.2844514306e-01   1.7872653059e-01
-4.5843787251e-01   -6.7673595581e-01   1.8321298511e-01
-4.6565295767e-01   -6.8686260740e-01   1.8436200685e-01
-5.0122676061e-01   -7.3431560855e-01   1.9087480946e-01
-5.3833812292e-01   -7.7895748426e-01   1.9916009567e-01
-5.6344256377e-01   -8.0587530646e-01   2.0564960514e-01
-6.0120222792e-01   -8.4029109714e-01   2.1685810730e-01
-6.3777108023e-01   -8.6470492403e-01   2.2961208196e-01
-6.5024955340e-01   -8.7042697344e-01   2.3447425794e-01
-6.6977082174e-01   -8.7591237556e-01   2.4271929524e-01
-6.9959002996e-01   -8.7288619398e-01   2.5731695476e-01
-7.2340166142e-01   -8.5282256480e-01   2.7194583563e-01
-7.3956167253e-01   -8.1533243192e-01   2.8582230381e-01
-7.4672569398e-01   -7.6164512211e-01   2.9814033216e-01
-7.4448432372e-01   -6.9888939885e-01   3.0766127195e-01
-7.4295847826e-01   -6.8517588177e-01   3.0928468652e-01
-7.2895025044e-01   -6.0823883304e-01   3.1612394455e-01
-7.1884328807e-01   -5.6985910965e-01   3.1830641555e-01
-6.9128977127e-01   -4.8953984104e-01   3.2056895924e-01
-6.8714064235e-01   -4.7930706265e-01   3.2064063630e-01
-6.5132997974e-01   -4.0329446302e-01   3.1960228966e-01
-6.1875162734e-01   -3.4779198036e-01   3.1693253283e-01
-6.1592703791e-01   -3.4344545722e-01   3.1664583385e-01
-5.8692728143e-01   -3.0241321838e-01   3.1329405397e-01
-5.4167326565e-01   -2.4951349320e-01   3.0683983646e-01
-5.1581711752e-01   -2.2441254663e-01   3.0260092263e-01
-5.0012352027e-01   -2.1079326196e-01   2.9985279744e-01
-4.5569946022e-01   -1.7832387339e-01   2.9138605727e-01
-4.1372665862e-01   -1.5536118882e-01   2.8243184295e-01
-3.7513357441e-01   -1.4062505619e-01   2.7326742147e-01
-3.4304534755e-01   -1.3315736484e-01   2.6479884073e-01
-3.1239867242e-01   -1.3051275681e-01   2.5573875259e-01
-2.8615892910e-01   -1.3245025260e-01   2.4689262947e-01
-2.6428100903e-01   -1.3805546823e-01   2.3832209439e-01
-2.4660964485e-01   -1.4662460599e-01   2.3006715063e-01
-2.3292508696e-01   -1.5765186239e-01   2.2215482062e-01
-2.2297950115e-01   -1.7080680401e-01   2.1460531749e-01
-2.1652449388e-01   -1.8590815728e-01   2.0743636312e-01
-2.1333084371e-01   -2.0289785923e-01   2.0066624490e-01
-2.1320176742e-01   -2.2181729678e-01   1.9431610758e-01
-2.1598102941e-01   -2.4278631377e-01   1.8841184787e-01
-2.2155703289e-01   -2.6598474833e-01   1.8298588616e-01
-2.2986378119e-01   -2.9163561641e-01   1.7807899115e-01
-2.3435899397e-01   -3.0371680933e-01   1.7610427313e-01
-2.4656554237e-01   -3.3333609136e-01   1.7203673293e-01
-2.5666631381e-01   -3.5572254283e-01   1.6959678733e-01
-2.7356505635e-01   -3.9068863892e-01   1.6670820710e-01
-2.9333296982e-01   -4.2909169654e-01   1.6464209419e-01
-3.1526639853e-01   -4.6961323916e-01   1.6353732789e-01
-3.4094298100e-01   -5.1500369229e-01   1.6345408543e-01
-3.6972682414e-01   -5.6374921594e-01   1.6460611543e-01
-3.8376036273e-01   -5.8677022163e-01   1.6557949166e-01
-4.1704204047e-01   -6.3947308394e-01   1.6884658912e-01
-4.4795455471e-01   -6.8598677661e-01   1.7299062078e-01
-4.8646659726e-01   -7.4038984927e-01   1.7954506296e-01
-5.1271580109e-01   -7.7496588488e-01   1.8487014310e-01
-5.4599041298e-01   -8.1546070508e-01   1.9262057901e-01
-5.5834244732e-01   -8.2943110155e-01   1.9578823912e-01
-6.0088481084e-01   -8.7238369660e-01   2.0796870928e-01
-6.3232801180e-01   -8.9794598556e-01   2.1835221431e-01
-6.7263399829e-01   -9.2038843236e-01   2.3371760647e-01
-6.8219324318e-01   -9.2350899779e-01   2.3777036286e-01
-7.1743734347e-01   -9.2451752841e-01   2.5453967024e-01
-7.4625205417e-01   -9.0539456610e-01   2.7157052446e-01
-7.6655742446e-01   -8.6515138476e-01   2.8790901300e-01
-7.7658161039e-01   -8.0487781328e-01   3.0253947911e-01
-7.7703188373e-01   -7.9637460639e-01   3.0414518089e-01
-7.7415286124e-01   -7.1767875044e-01   3.1576435908e-01
-7.6944051083e-01   -6.8134561287e-01   3.1962848881e-01
-7.4989902522e-01   -5.8916398261e-01   3.2631719523e-01
-7.4397008622e-01   -5.6793864203e-01   3.2730617269e-01
-7.1150147417e-01   -4.7437758640e-01   3.2943732347e-01
-7.0328029775e-01   -4.5465806590e-01   3.2942975076e-01
-6.6075483234e-01   -3.6817275726e-01   3.2742594038e-01
-6.4299944402e-01   -3.3788507327e-01   3.2589675275e-01
-5.9335636950e-01   -2.6630645809e-01   3.2019363041e-01
-5.7336372340e-01   -2.4198015196e-01   3.1743202597e-01
-5.2125036087e-01   -1.8846522092e-01   3.0925622013e-01
-4.6989565932e-01   -1.4775756885e-01   3.0000776689e-01
-4.5424913795e-01   -1.3747059515e-01   2.9697011946e-01
-4.0634416460e-01   -1.1167522428e-01   2.8701394196e-01
-3.8630127680e-01   -1.0334890174e-01   2.8253267602e-01
-3.5016073629e-01   -9.1959916839e-02   2.7390434185e-01
-3.1219504602e-01   -8.5149104807e-02   2.6390496838e-01
-2.7917186540e-01   -8.3917763992e-02   2.5413894865e-01
-2.5108355706e-01   -8.6966020322e-02   2.4467755347e-01
-2.2775592842e-01   -9.3270561422e-02   2.3555963552e-01
-2.0891171110e-01   -1.0207162708e-01   2.2680461169e-01
-1.9422155489e-01   -1.1284318949e-01   2.1842140187e-01
-1.8334277036e-01   -1.2525707623e-01   2.1041427955e-01
-1.7594723983e-01   -1.3914747203e-01   2.0278658635e-01
-1.7174039712e-01   -1.5447913030e-01   1.9554310441e-01
-1.7047322438e-01   -1.7132063361e-01   1.8869168042e-01
-1.7194902882e-01   -1.8982283166e-01   1.8224452194e-01
-1.7602646634e-01   -2.1020185706e-01   1.7621944057e-01
-1.8261994832e-01   -2.3272571913e-01   1.7064124063e-01
-1.8460162224e-01   -2.3856896535e-01   1.6935423760e-01
-1.9428612021e-01   -2.6419426053e-01   1.6437955781e-01
-2.0648815158e-01   -2.9269823310e-01   1.5994198185e-01
-2.2128669101e-01   -3.2444158672e-01   1.5610239550e-01
-2.3880173010e-01   -3.5978507705e-01   1.5293849698e-01
-2.5918678866e-01   -3.9906722506e-01   1.5054821057e-01
-2.8261859203e-01   -4.4257212175e-01   1.4905332638e-01
-3.0066097909e-01   -4.7515596312e-01   1.4862069080e-01
-3.1456421276e-01   -4.9979997387e-01   1.4864773252e-01
-3.4527840251e-01   -5.5293532216e-01   1.4966867845e-01
-3.4889213163e-01   -5.5907292976e-01   1.4986800083e-01
-3.8356126211e-01   -6.1674205892e-01   1.5254196245e-01
-4.2181944030e-01   -6.7773928271e-01   1.5696088992e-01
-4.3766991318e-01   -7.0214221717e-01   1.5920948373e-01
-4.8066329219e-01   -7.6550156530e-01   1.6647928789e-01
-5.0634403178e-01   -8.0116178493e-01   1.7161951850e-01
-5.5358226777e-01   -8.6176783459e-01   1.8263073258e-01
-5.8575221437e-01   -8.9870637542e-01   1.9131686276e-01
-6.0058032537e-01   -9.1435297042e-01   1.9566049890e-01
-6.4944655237e-01   -9.5851403026e-01   2.1162411090e-01
-6.6063659415e-01   -9.6675045180e-01   2.1566860886e-01
