X    Y    Z
5.0000000000e-01   5.0000000000e-01   0.0000000000e+00
5.1373513993e-01   5.1404805783e-01   5.5428687768e-03
5.1376010493e-01   5.1407418240e-01   5.5530390402e-03
5.1400974773e-01   5.1433554297e-01   5.6547592299e-03
5.1650541171e-01   5.1696066946e-01   6.6737239980e-03
5.3594801245e-01   5.3822833171e-01   1.4756400268e-02
5.5516899527e-01   5.6085994322e-01   2.3054202348e-02
5.7403041386e-01   5.8492968263e-01   3.1585539092e-02
5.9238180686e-01   6.1050788435e-01   4.0369657636e-02
5.9240487911e-01   6.1054158642e-01   4.0381060623e-02
5.9263554122e-01   6.1087874858e-01   4.0495115036e-02
5.9493604562e-01   6.1426454893e-01   4.1638121543e-02
6.1250610904e-01   6.4164333602e-01   5.0735393830e-02
6.2920634187e-01   6.7065696855e-01   6.0129025774e-02
6.4485492339e-01   7.0134657323e-01   6.9840127380e-02
6.4487418119e-01   7.0138690309e-01   6.9852757786e-02
6.4506664771e-01   7.0179035478e-01   6.9979092323e-02
6.4698008385e-01   7.0584018990e-01   7.1245494566e-02
6.6119868743e-01   7.3847282113e-01   8.1345173926e-02
6.7396261750e-01   7.7280916734e-01   9.1807801402e-02
6.8508564060e-01   8.0882463387e-01   1.0265402860e-01
6.8509873626e-01   8.0887174371e-01   1.0266815234e-01
6.8522952906e-01   8.0934298836e-01   1.0280942606e-01
6.8652100230e-01   8.1407003475e-01   1.0422580054e-01
6.9555253560e-01   8.5193389210e-01   1.1553411762e-01
7.0257709654e-01   8.9131640731e-01   1.2726650170e-01
7.0745133840e-01   9.3208269223e-01   1.3943894395e-01
7.0745614136e-01   9.3213563667e-01   1.3945479719e-01
7.0750396674e-01   9.3266518974e-01   1.3961337046e-01
7.0796175155e-01   9.3797150122e-01   1.4120318857e-01
7.1023834177e-01   9.8009727650e-01   1.5389425251e-01
7.1015142381e-01   1.0231685899e+00   1.6704978695e-01
7.0765701682e-01   1.0669073001e+00   1.8067515455e-01
7.0765228011e-01   1.0669635244e+00   1.8069287958e-01
7.0760469587e-01   1.0675257991e+00   1.8087017221e-01
7.0710715437e-01   1.0731514979e+00   1.8264733241e-01
7.0186284951e-01   1.1172529449e+00   1.9680965141e-01
6.9425935147e-01   1.1612740233e+00   2.1143646737e-01
6.9424815302e-01   1.1613300918e+00   2.1145546449e-01
6.9413596435e-01   1.1618907334e+00   2.1164547648e-01
6.9299371635e-01   1.1674925512e+00   2.1354966728e-01
6.8281217301e-01   1.2109176336e+00   2.2869234705e-01
6.7052351367e-01   1.2533471512e+00   2.4426677276e-01
6.7050652457e-01   1.2534005748e+00   2.4428695470e-01
6.7033646033e-01   1.2539346793e+00   2.4448881065e-01
6.6861857809e-01   1.2592624075e+00   2.4651101308e-01
6.5414899002e-01   1.2999905055e+00   2.6254661411e-01
6.3800511278e-01   1.3387288826e+00   2.7895052981e-01
6.2043498776e-01   1.3750200694e+00   2.9568258718e-01
6.2041171925e-01   1.3750647212e+00   2.9570417416e-01
6.2017892993e-01   1.3755109790e+00   2.9592006932e-01
6.1784072725e-01   1.3799474141e+00   2.9808153481e-01
5.9896835499e-01   1.4129143107e+00   3.1513111318e-01
5.7925148155e-01   1.4425473167e+00   3.3240224879e-01
5.5896623801e-01   1.4685026491e+00   3.4983702138e-01
5.5894005005e-01   1.4685333566e+00   3.4985939477e-01
5.5867814363e-01   1.4688400739e+00   3.5008313788e-01
5.5605650887e-01   1.4718714398e+00   3.5232145593e-01
5.3544862063e-01   1.4932821533e+00   3.6986719157e-01
5.1482600405e-01   1.5104852921e+00   3.8744039924e-01
4.9441587155e-01   1.5233418843e+00   4.0497418314e-01
4.9438999703e-01   1.5233555057e+00   4.0499655041e-01
4.9413128942e-01   1.5234913224e+00   4.0522021343e-01
4.9154804394e-01   1.5248097261e+00   4.0745585016e-01
4.7162512749e-01   1.5326246578e+00   4.2486213511e-01
4.5231127938e-01   1.5360346146e+00   4.4208524707e-01
4.3374638938e-01   1.5351178086e+00   4.5906019674e-01
4.1604189552e-01   1.5300119843e+00   4.7572468911e-01
4.1601984558e-01   1.5300028495e+00   4.7574577455e-01
4.1579943134e-01   1.5299111415e+00   4.7595659573e-01
4.1360383978e-01   1.5289581630e+00   4.7806145682e-01
3.9698390140e-01   1.5193035426e+00   4.9429978025e-01
3.8137584337e-01   1.5059195874e+00   5.1010693575e-01
3.6681536919e-01   1.4890792652e+00   5.2543382589e-01
3.5332006978e-01   1.4690806837e+00   5.4023655787e-01
3.5330349709e-01   1.4690532218e+00   5.4025513429e-01
3.5313786632e-01   1.4687783475e+00   5.4044084785e-01
3.5149116852e-01   1.4660041779e+00   5.4229290277e-01
3.3921466393e-01   1.4427848493e+00   5.5645038189e-01
3.2799431760e-01   1.4170926861e+00   5.7000816530e-01
3.1781029437e-01   1.3892539682e+00   5.8293972495e-01
3.0863626665e-01   1.3595905795e+00   5.9522398059e-01
3.0862516918e-01   1.3595516141e+00   5.9523926738e-01
3.0851428257e-01   1.3591618240e+00   5.9539207560e-01
3.0741421027e-01   1.3552504791e+00   5.9691418388e-01
2.9935579324e-01   1.3238850292e+00   6.0844019634e-01
2.9223844807e-01   1.2913481889e+00   6.1929110621e-01
2.8602761369e-01   1.2579206276e+00   6.2946141831e-01
2.8602023716e-01   1.2578774258e+00   6.2947398694e-01
2.8594655028e-01   1.2574453520e+00   6.2959961185e-01
2.8521750816e-01   1.2531190919e+00   6.3084972676e-01
2.7999985473e-01   1.2189935797e+00   6.4024160335e-01
2.7561641488e-01   1.1845137491e+00   6.4895509912e-01
2.7203593341e-01   1.1498975261e+00   6.5699696573e-01
2.7203185630e-01   1.1498532596e+00   6.5700682320e-01
2.7199115469e-01   1.1494106000e+00   6.5710533837e-01
2.7159108497e-01   1.1449846509e+00   6.5808454173e-01
2.6889231150e-01   1.1104521389e+00   6.6537167426e-01
2.6693782566e-01   1.0761792586e+00   6.7201163378e-01
2.6570470414e-01   1.0423188420e+00   6.7801970715e-01
2.6570358028e-01   1.0422758661e+00   6.7802699263e-01
2.6569240476e-01   1.0418461562e+00   6.7809979215e-01
2.6558694756e-01   1.0375540397e+00   6.7882226710e-01
2.6515346193e-01   1.0043269143e+00   6.8412998474e-01
2.6540259134e-01   9.7177617880e-01   6.8884482273e-01
2.6632114487e-01   9.3999795947e-01   6.9298724702e-01
2.6632274339e-01   9.3995785364e-01   6.9299218678e-01
2.6633878786e-01   9.3955687223e-01   6.9304153488e-01
2.6650515599e-01   9.3555477617e-01   6.9353007108e-01
2.6817597300e-01   9.0475653840e-01   6.9704519834e-01
2.7049827594e-01   8.7488640126e-01   7.0003497525e-01
2.7346836006e-01   8.4599644102e-01   7.0252237786e-01
2.7708537716e-01   8.1812748701e-01   7.0453074462e-01
2.7709041711e-01   8.1809251739e-01   7.0453301618e-01
2.7714087496e-01   8.1774291587e-01   7.0455569085e-01
2.7765128857e-01   8.1425637955e-01   7.0477835199e-01
2.8200956290e-01   7.8759058337e-01   7.0626846996e-01
2.8702212834e-01   7.6200129099e-01   7.0733000018e-01
2.9269649247e-01   7.3750207226e-01   7.0798641400e-01
2.9904261883e-01   7.1410015939e-01   7.0826097847e-01
2.9905116901e-01   7.1407093800e-01   7.0826109496e-01
2.9913673235e-01   7.1377882299e-01   7.0826222760e-01
2.9999852284e-01   7.1086756162e-01   7.0827033745e-01
3.0712696083e-01   6.8872076296e-01   7.0813693085e-01
3.1495630093e-01   6.6766999749e-01   7.0767044022e-01
3.2350356498e-01   6.4770876689e-01   7.0689299683e-01
3.3278780050e-01   6.2882791154e-01   7.0582626600e-01
3.4282996339e-01   6.1101631960e-01   7.0449141862e-01
3.4284329955e-01   6.1099422235e-01   7.0448954892e-01
3.4297673140e-01   6.1077334499e-01   7.0447082964e-01
3.4431808082e-01   6.0857407068e-01   7.0428142125e-01
3.5525365572e-01   5.9196828284e-01   7.0266563611e-01
3.6699785499e-01   5.7640432982e-01   7.0082534933e-01
3.7957673182e-01   5.6186894118e-01   6.9878010921e-01
3.9301761172e-01   5.4834925402e-01   6.9654895733e-01
4.0734888046e-01   5.3583327578e-01   6.9415044633e-01
4.2259973863e-01   5.2431031864e-01   6.9160266445e-01
4.2261984204e-01   5.2429621534e-01   6.9159931850e-01
4.2282096153e-01   5.2415527086e-01   6.9156584713e-01
4.2484070816e-01   5.2275467086e-01   6.9122995823e-01
4.4117805840e-01   5.1235483189e-01   6.8853328549e-01
4.5849889570e-01   5.0293140721e-01   6.8572467331e-01
4.7683289117e-01   4.9448042831e-01   6.8282097699e-01
4.9620899979e-01   4.8700086820e-01   6.7983875105e-01
5.1665492016e-01   4.8049503061e-01   6.7679430259e-01
5.1668176154e-01   4.8048733679e-01   6.7679037657e-01
5.1695027386e-01   4.8041048671e-01   6.7675111220e-01
5.1964526429e-01   4.7965079817e-01   6.7635806152e-01
5.4134427510e-01   4.7426450820e-01   6.7326226294e-01
5.6416514374e-01   4.6986995906e-01   6.7013861755e-01
5.8812704275e-01   4.6648259823e-01   6.6700306179e-01
6.1324456034e-01   4.6412298515e-01   6.6387156366e-01
6.3952655712e-01   4.6281728847e-01   6.6076020540e-01
6.3956091233e-01   4.6281630663e-01   6.6075624657e-01
6.3990456944e-01   4.6280658586e-01   6.6071666156e-01
6.4335163505e-01   4.6271915912e-01   6.6032114664e-01
6.7096515634e-01   4.6265686712e-01   6.5725272033e-01
6.9973654007e-01   4.6372593131e-01   6.5423969006e-01
7.2964726563e-01   4.6597376091e-01   6.5129911205e-01
7.6066640182e-01   4.6945579332e-01   6.4844857523e-01
7.6070675940e-01   4.6946106252e-01   6.4844499546e-01
7.6111043095e-01   4.6951387116e-01   6.4840920753e-01
7.6515669306e-01   4.7005365973e-01   6.4805231030e-01
7.9738496659e-01   4.7502402891e-01   6.4532694976e-01
8.3060327722e-01   4.8137740226e-01   6.4273167213e-01
8.6472654191e-01   4.8919868652e-01   6.4028656813e-01
8.6477071291e-01   4.8920966737e-01   6.4028354652e-01
8.6521249472e-01   4.8931961646e-01   6.4025334575e-01
8.6963744305e-01   4.9043320799e-01   6.3995288853e-01
9.0466063130e-01   5.0004825495e-01   6.3770524503e-01
9.4032566748e-01   5.1134948112e-01   6.3565466419e-01
9.7646518352e-01   5.2445656759e-01   6.3382517124e-01
9.7651161891e-01   5.2447453915e-01   6.3382298407e-01
9.7697599762e-01   5.2465442896e-01   6.3380113455e-01
9.8162217585e-01   5.2647080345e-01   6.3358486915e-01
1.0180567062e+00   5.4180101135e-01   6.3203925014e-01
1.0544929667e+00   5.5923115073e-01   6.3077166458e-01
1.0906505447e+00   5.7891445735e-01   6.2981156631e-01
1.0906964699e+00   5.7894113795e-01   6.2981054864e-01
1.0911556684e+00   5.7920816120e-01   6.2980040247e-01
1.0957421236e+00   5.8190018031e-01   6.2970200273e-01
1.1311856414e+00   6.0435380648e-01   6.2913160454e-01
1.1656095178e+00   6.2941144549e-01   6.2893854852e-01
1.1986011464e+00   6.5723953238e-01   6.2915868770e-01
1.1986422281e+00   6.5727696079e-01   6.2915924968e-01
1.1990528763e+00   6.5765150862e-01   6.2916491011e-01
1.2031422077e+00   6.6142342958e-01   6.2922558776e-01
1.2339421973e+00   6.9261072400e-01   6.2996395927e-01
1.2622961794e+00   7.2689453340e-01   6.3119877272e-01
1.2876832781e+00   7.6439306110e-01   6.3297133789e-01
1.2877136139e+00   7.6444310953e-01   6.3297396679e-01
1.2880166570e+00   7.6494389050e-01   6.3300030806e-01
1.2910153201e+00   7.6998139731e-01   6.3326895667e-01
1.3123572303e+00   8.1124590364e-01   6.3570726345e-01
1.3295812271e+00   8.5583065216e-01   6.3877394751e-01
1.3296003918e+00   8.5588977625e-01   6.3877828919e-01
1.3297916213e+00   8.5648131143e-01   6.3882176628e-01
1.3316619677e+00   8.6242605935e-01   6.3926258224e-01
1.3435538953e+00   9.1073121863e-01   6.4309743141e-01
1.3502758634e+00   9.6212970404e-01   6.4764673401e-01
1.3502809724e+00   9.6219730839e-01   6.4765302428e-01
1.3503315611e+00   9.6287360680e-01   6.4771599446e-01
1.3507871865e+00   9.6966193659e-01   6.4835245595e-01
1.3511312221e+00   1.0242577404e+00   6.5376010200e-01
1.3455889102e+00   1.0812188984e+00   6.5995010013e-01
1.3455779765e+00   1.0812930325e+00   6.5995852617e-01
1.3454680960e+00   1.0820345373e+00   6.6004285878e-01
1.3443148824e+00   1.0894657371e+00   6.6089342012e-01
1.3318793407e+00   1.1484492281e+00   6.6800131645e-01
1.3134272028e+00   1.2084536446e+00   6.7592319346e-01
1.3133998192e+00   1.2085306842e+00   6.7593384473e-01
1.3131254578e+00   1.2093010967e+00   6.7604043048e-01
1.3103294639e+00   1.2170065323e+00   6.7711358597e-01
1.2852512658e+00   1.2771460094e+00   6.8596035404e-01
1.2547743776e+00   1.3363786362e+00   6.9559736008e-01
1.2547321657e+00   1.3364533618e+00   6.9561017633e-01
1.2543096093e+00   1.3372004431e+00   6.9573840686e-01
1.2500405776e+00   1.3446532918e+00   6.9702750226e-01
1.2140728180e+00   1.4015789907e+00   7.0752400542e-01
1.1740397076e+00   1.4553371286e+00   7.1871776703e-01
1.1739862465e+00   1.4554033899e+00   7.1873249994e-01
1.1734513423e+00   1.4560656219e+00   7.1887988561e-01
1.1680732981e+00   1.4626494717e+00   7.2035937488e-01
1.1243821198e+00   1.5115096674e+00   7.3226507609e-01
1.0784157240e+00   1.5550449380e+00   7.4470400715e-01
1.0783558659e+00   1.5550968266e+00   7.4472021432e-01
1.0777571607e+00   1.5556151572e+00   7.4488232529e-01
1.0717580153e+00   1.5607425763e+00   7.4650731154e-01
1.0242712788e+00   1.5971844476e+00   7.5943516745e-01
9.7636314246e-01   1.6267167925e+00   7.7267488418e-01
9.7630195245e-01   1.6267499208e+00   7.7269196518e-01
9.7569008560e-01   1.6270805403e+00   7.7286279277e-01
9.6957506278e-01   1.6303202599e+00   7.7457277868e-01
9.2213486860e-01   1.6514279906e+00   7.8802674788e-01
8.7582944684e-01   1.6649239855e+00   8.0154041200e-01
8.7577121224e-01   1.6649363479e+00   8.0155767962e-01
8.7518901980e-01   1.6650592848e+00   8.0173035040e-01
8.6938266995e-01   1.6662200685e+00   8.0345646353e-01
8.2505241981e-01   1.6710305373e+00   8.1689250347e-01
7.8291578248e-01   1.6684518205e+00   8.3013681819e-01
7.4328700985e-01   1.6588562087e+00   8.4308041985e-01
7.4323804015e-01   1.6588396490e+00   8.4309673504e-01
7.4274858839e-01   1.6586734665e+00   8.4325985071e-01
7.3787865869e-01   1.6569532488e+00   8.4488734676e-01
7.0136535563e-01   1.6399658163e+00   8.5736526103e-01
6.6769989184e-01   1.6171561487e+00   8.6933978233e-01
6.3691632989e-01   1.5891967367e+00   8.8073354271e-01
6.3687880533e-01   1.5891579857e+00   8.8074771145e-01
6.3650381702e-01   1.5887700762e+00   8.8088934056e-01
6.3277964414e-01   1.5848513284e+00   8.8229978303e-01
6.0525482714e-01   1.5518724763e+00   8.9295099813e-01
5.8050746685e-01   1.5152568816e+00   9.0289593484e-01
5.5843529425e-01   1.4756949473e+00   9.1209452197e-01
5.5840873185e-01   1.4756427562e+00   9.1210579334e-01
5.5814333763e-01   1.4751206390e+00   9.1221843726e-01
5.5551231450e-01   1.4698792095e+00   9.1333788477e-01
5.3634650775e-01   1.4277533889e+00   9.2164934960e-01
5.1958504906e-01   1.3840323624e+00   9.2916493974e-01
5.1956509716e-01   1.3839756743e+00   9.2917403643e-01
5.1936578233e-01   1.3834087008e+00   9.2926493097e-01
5.1739298495e-01   1.3777298672e+00   9.3016663849e-01
5.0321300908e-01   1.3328583402e+00   9.3676403999e-01
4.9115281601e-01   1.2875030794e+00   9.4255836124e-01
4.9113869685e-01   1.2874449608e+00   9.4256525948e-01
4.9099768447e-01   1.2868637699e+00   9.4263417041e-01
4.8960543633e-01   1.2810515939e+00   9.4331613336e-01
4.7981333249e-01   1.2356644986e+00   9.4820397532e-01
4.7188330248e-01   1.1906418482e+00   9.5231402112e-01
4.6570976054e-01   1.1462935428e+00   9.5566647497e-01
4.6570294886e-01   1.1462373801e+00   9.5567028691e-01
4.6563498140e-01   1.1456758380e+00   9.5570834036e-01
4.6497019860e-01   1.1400689633e+00   9.5608228993e-01
4.6068678313e-01   1.0968057351e+00   9.5859954270e-01
4.5796921646e-01   1.0547174740e+00   9.6041524591e-01
4.5674507180e-01   1.0139712573e+00   9.6155986991e-01
4.5674443484e-01   1.0139200718e+00   9.6156091762e-01
4.5673819384e-01   1.0134083489e+00   9.6157133723e-01
4.5668862046e-01   1.0083044450e+00   9.6166980310e-01
4.5709421250e-01   9.6924906644e-01   9.6208768116e-01
4.5887140821e-01   9.3177788646e-01   9.6190520895e-01
4.6197766585e-01   8.9595943526e-01   9.6115685264e-01
4.6198247335e-01   8.9591471222e-01   9.6115554825e-01
4.6203066472e-01   8.9546763474e-01   9.6114245668e-01
4.6252420325e-01   8.9101216634e-01   9.6100678117e-01
4.6710668083e-01   8.5713588996e-01   9.5965479884e-01
4.7295402070e-01   8.2498729009e-01   9.5781150474e-01
4.8004740370e-01   7.9457534524e-01   9.5551142213e-01
4.8005726606e-01   7.9453756746e-01   9.5550820306e-01
4.8015600060e-01   7.9415994560e-01   9.5547597439e-01
4.8115443038e-01   7.9039931836e-01   9.5514990191e-01
4.8965563560e-01   7.6196580543e-01   9.5236977183e-01
4.9938268157e-01   7.3524994611e-01   9.4920492328e-01
5.1033418286e-01   7.1023034404e-01   9.4568782351e-01
5.2251303820e-01   6.8688051299e-01   9.4185006184e-01
5.2252940011e-01   6.8685171089e-01   9.4184496221e-01
5.2269313017e-01   6.8656383736e-01   9.4179393987e-01
5.2434152989e-01   6.8369983783e-01   9.4128112323e-01
5.3793018099e-01   6.6222020476e-01   9.3711462621e-01
5.5276398719e-01   6.4234438158e-01   9.3269197194e-01
5.6885531497e-01   6.2404037418e-01   9.2804177515e-01
5.8621820155e-01   6.0727709637e-01   9.2319171566e-01
5.8624122473e-01   6.0725663398e-01   9.2318539723e-01
5.8647157228e-01   6.0705214595e-01   9.2312219734e-01
5.8878662556e-01   6.0502084494e-01   9.2248865490e-01
6.0761991617e-01   5.8998149405e-01   9.1744306779e-01
6.2775706045e-01   5.7642397176e-01   9.1225395052e-01
6.4921240916e-01   5.6432624299e-01   9.0694634955e-01
6.7199857581e-01   5.5367081013e-01   9.0154461508e-01
6.7202857016e-01   5.5365810200e-01   9.0153765755e-01
6.7232863431e-01   5.5353114931e-01   9.0146807589e-01
6.7534133969e-01   5.5227447479e-01   9.0077163772e-01
6.9965901452e-01   5.4325139809e-01   8.9529141181e-01
7.2532359084e-01   5.3565161407e-01   8.8976728129e-01
7.5233471682e-01   5.2947630111e-01   8.8422201515e-01
7.8068499738e-01   5.2473392346e-01   8.7867810320e-01
7.8072210177e-01   5.2472878261e-01   8.7867102434e-01
7.8109326475e-01   5.2467750444e-01   8.7860023783e-01
7.8481679096e-01   5.2417776084e-01   8.7789259638e-01
8.1467595939e-01   5.2109225073e-01   8.7237754058e-01
8.4582649625e-01   5.1948533028e-01   8.6691165082e-01
8.7822672218e-01   5.1939259265e-01   8.6151737413e-01
9.1181937376e-01   5.2085963969e-01   8.5621743857e-01
9.1186306362e-01   5.2086253710e-01   8.5621073151e-01
9.1230006280e-01   5.2089165639e-01   8.5614367149e-01
9.1668007481e-01   5.2119740433e-01   8.5547413865e-01
9.5154085577e-01   5.2451509514e-01   8.5031029845e-01
9.8740621299e-01   5.2952693783e-01   8.4529116234e-01
1.0241513862e+00   5.3631406678e-01   8.4044139103e-01
1.0241988753e+00   5.3632392093e-01   8.4043530865e-01
1.0246738314e+00   5.3642263048e-01   8.4037450232e-01
1.0294298736e+00   5.3742657068e-01   8.3976820424e-01
1.0669909211e+00   5.4635602306e-01   8.3514325037e-01
1.1050652710e+00   5.5727636145e-01   8.3074398248e-01
1.1434278429e+00   5.7030787541e-01   8.2659871392e-01
1.1434769751e+00   5.7032594626e-01   8.2659358834e-01
1.1439682996e+00   5.7050685649e-01   8.2654235802e-01
1.1488816580e+00   5.7233619163e-01   8.2603262073e-01
1.1872479089e+00   5.8794083078e-01   8.2221398647e-01
1.2252849595e+00   6.0595273561e-01   8.1871530904e-01
1.2626356162e+00   6.2652448374e-01   8.1557015857e-01
1.2626827716e+00   6.2655249571e-01   8.1556637797e-01
1.2631542284e+00   6.2683285985e-01   8.1552860700e-01
1.2678588293e+00   6.2966101596e-01   8.1515441149e-01
1.3039298882e+00   6.5334885546e-01   8.1245644765e-01
1.3383950397e+00   6.7993439537e-01   8.1019029608e-01
1.3707559242e+00   7.0956831990e-01   8.0839541029e-01
1.3707957331e+00   7.0960822583e-01   8.0839343416e-01
1.3711935850e+00   7.1000757164e-01   8.0837371902e-01
1.3751481180e+00   7.1402973831e-01   8.0818119411e-01
1.4044485418e+00   7.4730851085e-01   8.0697477389e-01
1.4304612109e+00   7.8389167148e-01   8.0632911173e-01
1.4526026392e+00   8.2384088556e-01   8.0628732876e-01
1.4526282245e+00   8.2389413442e-01   8.0628768036e-01
1.4528836764e+00   8.2442692662e-01   8.0629125457e-01
1.4553978639e+00   8.2978519657e-01   8.0633283518e-01
1.4724088644e+00   8.7357866429e-01   8.0703315788e-01
1.4843342537e+00   9.2065256819e-01   8.0842791324e-01
1.4843460269e+00   9.2071479822e-01   8.0843015833e-01
1.4844632562e+00   9.2133737804e-01   8.0845267526e-01
1.4855850436e+00   9.2759102406e-01   8.0868446011e-01
1.4910969584e+00   9.7818302048e-01   8.1091951509e-01
1.4905558051e+00   1.0315259814e+00   8.1392689142e-01
1.4905511008e+00   1.0315957793e+00   8.1393124406e-01
1.4905034861e+00   1.0322939667e+00   8.1397484242e-01
1.4899700991e+00   1.0392964348e+00   8.1441803592e-01
1.4821723246e+00   1.0952276278e+00   8.1834042597e-01
1.4678808296e+00   1.1527821590e+00   8.2308342705e-01
1.4678583977e+00   1.1528564909e+00   8.2309002171e-01
1.4676334977e+00   1.1535998883e+00   8.2315604274e-01
1.4653264386e+00   1.1610414347e+00   8.2382370433e-01
1.4436862802e+00   1.2195255666e+00   8.2951140409e-01
1.4158743025e+00   1.2778686997e+00   8.3601856951e-01
1.4158349551e+00   1.2779427967e+00   8.3602740717e-01
1.4154409643e+00   1.2786836641e+00   8.3611585549e-01
1.4114496194e+00   1.2860816125e+00   8.3700750290e-01
1.3771368062e+00   1.3430333107e+00   8.4442192005e-01
1.3378016081e+00   1.3976154056e+00   8.5258806766e-01
1.3377484116e+00   1.3976832169e+00   8.5259896877e-01
1.3372160640e+00   1.3983610183e+00   8.5270804251e-01
1.3318547218e+00   1.4051073489e+00   8.5380500938e-01
1.2877407302e+00   1.4556479998e+00   8.6275900297e-01
1.2403945751e+00   1.5015257912e+00   8.7232339088e-01
1.2403323642e+00   1.5015810534e+00   8.7233597535e-01
1.2397100507e+00   1.5021331696e+00   8.7246186701e-01
1.2334668256e+00   1.5076033371e+00   8.7372543313e-01
1.1835906848e+00   1.5470040509e+00   8.8387681162e-01
1.1325206395e+00   1.5798906491e+00   8.9443231425e-01
1.1324549655e+00   1.5799282587e+00   8.9444602366e-01
1.1317982006e+00   1.5803037132e+00   8.9458314396e-01
1.1252284817e+00   1.5839939784e+00   8.9595692187e-01
1.0739050427e+00   1.6087320668e+00   9.0683629552e-01
1.0232409134e+00   1.6259506922e+00   9.1787254734e-01
1.0231768647e+00   1.6259678183e+00   9.1788670893e-01
1.0225365020e+00   1.6261383899e+00   9.1802832807e-01
1.0161455888e+00   1.6277751502e+00   9.1944478946e-01
9.6709574186e-01   1.6362611173e+00   9.3051297103e-01
9.2007543854e-01   1.6372064184e+00   9.4148214954e-01
9.2001681277e-01   1.6372029078e+00   9.4149606385e-01
9.1943077847e-01   1.6371671486e+00   9.4163518775e-01
9.1359293247e-01   1.6367444589e+00   9.4302445881e-01
8.6942370337e-01   1.6294492261e+00   9.5374229401e-01
8.2808249525e-01   1.6154345835e+00   9.6412762503e-01
7.8976453363e-01   1.5952879669e+00   9.7408577825e-01
7.8971752246e-01   1.5952585579e+00   9.7409820187e-01
7.8924769242e-01   1.5949639763e+00   9.7422239208e-01
7.8457758402e-01   1.5919693217e+00   9.7545965667e-01
7.4983220744e-01   1.5656412514e+00   9.8482868030e-01
7.1823633485e-01   1.5346698751e+00   9.9360666520e-01
6.8974882537e-01   1.4997895297e+00   1.0017364378e+00
6.8971435492e-01   1.4997427355e+00   1.0017463983e+00
6.8936992266e-01   1.4992745078e+00   1.0018459408e+00
6.8595277893e-01   1.4945639429e+00   1.0028351048e+00
6.6091103253e-01   1.4561033893e+00   1.0101703770e+00
6.3876421066e-01   1.4152467421e+00   1.0167754582e+00
6.1938011421e-01   1.3726368143e+00   1.0226295626e+00
6.1935703597e-01   1.3725814618e+00   1.0226365621e+00
6.1912648937e-01   1.3720278332e+00   1.0227064888e+00
6.1684454259e-01   1.3664813769e+00   1.0233988936e+00
6.0044361768e-01   1.3225852709e+00   1.0283826164e+00
5.8650343693e-01   1.2781226488e+00   1.0326027531e+00
5.8648712684e-01   1.2780656317e+00   1.0326076629e+00
5.8632423475e-01   1.2774954522e+00   1.0326566926e+00
5.8471613803e-01   1.2717929275e+00   1.0331401822e+00
5.7341802342e-01   1.2272400701e+00   1.0364969355e+00
5.6429468369e-01   1.1830275351e+00   1.0391123819e+00
5.5722629736e-01   1.1394861258e+00   1.0410059528e+00
5.5721852642e-01   1.1394310005e+00   1.0410079218e+00
5.5714099185e-01   1.1388798339e+00   1.0410275493e+00
5.5638308841e-01   1.1333768468e+00   1.0412175564e+00
5.5152843929e-01   1.0909374216e+00   1.0423161558e+00
5.4850850389e-01   1.0497018668e+00   1.0427482155e+00
5.4723803146e-01   1.0098472474e+00   1.0425441925e+00
5.4723749395e-01   1.0097972303e+00   1.0425435380e+00
5.4723226940e-01   1.0092971961e+00   1.0425369394e+00
5.4719504896e-01   1.0043106005e+00   1.0424655389e+00
5.4783203784e-01   9.6620022591e-01   1.0415748883e+00
5.5007190712e-01   9.2972643243e-01   1.0401192610e+00
5.5386177696e-01   8.9496137069e-01   1.0381334170e+00
5.5386759588e-01   8.9491803169e-01   1.0381305532e+00
5.5392592044e-01   8.9448479984e-01   1.0381018702e+00
5.5452268607e-01   8.9016831549e-01   1.0378106047e+00
5.6002928379e-01   8.5741239006e-01   1.0352622778e+00
5.6700163425e-01   8.2644459661e-01   1.0322590594e+00
5.7541224131e-01   7.9727519104e-01   1.0288358561e+00
5.7542390751e-01   7.9723904217e-01   1.0288312246e+00
5.7554069683e-01   7.9687771507e-01   1.0287848747e+00
5.7672132304e-01   7.9328060150e-01   1.0283179242e+00
5.8674889562e-01   7.6616154496e-01   1.0244571859e+00
5.9817639811e-01   7.4082450823e-01   1.0202493960e+00
6.1099377304e-01   7.1724973434e-01   1.0157274484e+00
6.2519481256e-01   6.9541287247e-01   1.0109233813e+00
6.2521385632e-01   6.9538604981e-01   1.0109170709e+00
6.2540441803e-01   6.9511797705e-01   1.0108539442e+00
6.2732244802e-01   6.9245262388e-01   1.0102204351e+00
6.4309976709e-01   6.7256720125e-01   1.0051322352e+00
6.6025643959e-01   6.5436058451e-01   9.9982749976e-01
6.7879269941e-01   6.3780528129e-01   9.9433542621e-01
6.9870888035e-01   6.2287566319e-01   9.8868434536e-01
6.9873523149e-01   6.2285760264e-01   9.8867702908e-01
6.9899886696e-01   6.2267714121e-01   9.8860385446e-01
7.0164762740e-01   6.2088693120e-01   9.8787093903e-01
7.2313873522e-01   6.0778626031e-01   9.8207188755e-01
7.4600581098e-01   5.9626764707e-01   9.7617185315e-01
7.7024222490e-01   5.8631801402e-01   9.7019684555e-01
7.9583643521e-01   5.7793007197e-01   9.6417231191e-01
7.9587002617e-01   5.7792034461e-01   9.6416458705e-01
7.9620605631e-01   5.7782321133e-01   9.6408733620e-01
7.9957840315e-01   5.7686591305e-01   9.6331461906e-01
8.2670069386e-01   5.7026082782e-01   9.5726406950e-01
8.5513220522e-01   5.6522474265e-01   9.5121710555e-01
8.8483523536e-01   5.6177326944e-01   9.4519813092e-01
9.1575971647e-01   5.5993068156e-01   9.3923147942e-01
9.1580001719e-01   5.5992936865e-01   9.3922389347e-01
9.1620312854e-01   5.5991638717e-01   9.3914804085e-01
9.2024462353e-01   5.5980135456e-01   9.3839021606e-01
9.5248382224e-01   5.5983760112e-01   9.3251317127e-01
9.8578474250e-01   5.6156662439e-01   9.2674099692e-01
1.0200426785e+00   5.6504361750e-01   9.2109875076e-01
1.0200870465e+00   5.6504920975e-01   9.2109162978e-01
1.0205308021e+00   5.6510529529e-01   9.2102043402e-01
1.0249757687e+00   5.6568249016e-01   9.2030988696e-01
1.0601688057e+00   5.7123686906e-01   9.1484736951e-01
1.0960130665e+00   5.7869396610e-01   9.0957051240e-01
1.1323211490e+00   5.8814331355e-01   9.0450664438e-01
1.1323677846e+00   5.8815671402e-01   9.0450031731e-01
1.1328341627e+00   5.8829090686e-01   9.0443706833e-01
1.1375000512e+00   5.8965169625e-01   9.0380676205e-01
1.1740667264e+00   6.0149919554e-01   8.9902088792e-01
1.2105825635e+00   6.1556557115e-01   8.9451025242e-01
1.2467487963e+00   6.3197049596e-01   8.9030593961e-01
1.2467946798e+00   6.3199302411e-01   8.9030077318e-01
1.2472534527e+00   6.3221852729e-01   8.9024913934e-01
1.2518348540e+00   6.3449578005e-01   8.8973586283e-01
1.2871854368e+00   6.5372517018e-01   8.8592119618e-01
1.3214116863e+00   6.7556565092e-01   8.8248428794e-01
1.3540892125e+00   7.0014353589e-01   8.7946078556e-01
1.3541298141e+00   7.0017676903e-01   8.7945719959e-01
1.3545356493e+00   7.0050935737e-01   8.7942138033e-01
1.3585757233e+00   7.0386098456e-01   8.7906725547e-01
1.3889187667e+00   7.3170815227e-01   8.7656115552e-01
1.4166869897e+00   7.6252479577e-01   8.7454908458e-01
1.4413613626e+00   7.9638206598e-01   8.7307005430e-01
1.4413907083e+00   7.9642732620e-01   8.7306852101e-01
1.4416838396e+00   7.9688020509e-01   8.7305323958e-01
1.4445823101e+00   8.0143667000e-01   8.7290559081e-01
1.4650760154e+00   8.3880230589e-01   8.7208321030e-01
1.4813481493e+00   8.7921152895e-01   8.7187721168e-01
1.4929021145e+00   9.2256506607e-01   8.7232458959e-01
1.4929136705e+00   9.2262232065e-01   8.7232559496e-01
1.4930287657e+00   9.2319511529e-01   8.7233571057e-01
1.4941330038e+00   9.2894784847e-01   8.7244306914e-01
1.4997550844e+00   9.7543261808e-01   8.7367821603e-01
1.4997900731e+00   1.0243445214e+00   8.7563491302e-01
1.4997864171e+00   1.0244084580e+00   8.7563788782e-01
1.4997493305e+00   1.0250480064e+00   8.7566770291e-01
1.4993256807e+00   1.0314614819e+00   8.7597256874e-01
1.4926682301e+00   1.0826344806e+00   8.7878144864e-01
1.4800185798e+00   1.1352059441e+00   8.8235253943e-01
1.4799985641e+00   1.1352737921e+00   8.8235759713e-01
1.4797978706e+00   1.1359523384e+00   8.8240824316e-01
1.4777372484e+00   1.1427441076e+00   8.8292160998e-01
1.4582907782e+00   1.1960887666e+00   8.8736836688e-01
1.4331108066e+00   1.2492669403e+00   8.9257374341e-01
1.4330750795e+00   1.2493344670e+00   8.9258087788e-01
1.4327173254e+00   1.2500096394e+00   8.9265228898e-01
1.4290916712e+00   1.2567515588e+00   8.9337302990e-01
1.3978291080e+00   1.3086590947e+00   8.9941809683e-01
1.3618161262e+00   1.3584454631e+00   9.0615962324e-01
1.3617673092e+00   1.3585073590e+00   9.0616866949e-01
1.3612787719e+00   1.3591260407e+00   9.0625919005e-01
1.3563570075e+00   1.3652846910e+00   9.0717018177e-01
1.3157494976e+00   1.4114779836e+00   9.1464360603e-01
1.2719536454e+00   1.4535357039e+00   9.2268688588e-01
1.2718959558e+00   1.4535864670e+00   9.2269750326e-01
1.2713188494e+00   1.4540936490e+00   9.2280372117e-01
1.2655270648e+00   1.4591202450e+00   9.2387027614e-01
1.2191201418e+00   1.4954326895e+00   9.3246616700e-01
1.1713450347e+00   1.5259565155e+00   9.4144795803e-01
1.1712834266e+00   1.5259915916e+00   9.4145964843e-01
1.1706672983e+00   1.5263417816e+00   9.4157657817e-01
1.1645016169e+00   1.5297863878e+00   9.4274839951e-01
1.1161784174e+00   1.5530457842e+00   9.5204788712e-01
1.0681957361e+00   1.5695724065e+00   9.6151195076e-01
1.0681348955e+00   1.5695891456e+00   9.6152411201e-01
1.0675265816e+00   1.5697559167e+00   9.6164572955e-01
1.0614529585e+00   1.5713615668e+00   9.6286235789e-01
1.0146803989e+00   1.5800272766e+00   9.7238174094e-01
9.6957157267e-01   1.5818630671e+00   9.8183455428e-01
9.6951515862e-01   1.5818611219e+00   9.8184655471e-01
9.6895120915e-01   1.5818410744e+00   9.8196654364e-01
9.6333098767e-01   1.5815812345e+00   9.8316485203e-01
9.2066575375e-01   1.5759012014e+00   9.9241551344e-01
8.8049620192e-01   1.5640454846e+00   1.0013858508e+00
8.4305055984e-01   1.5465095872e+00   1.0099881081e+00
8.4300448867e-01   1.5464837659e+00   1.0099988381e+00
8.4254403517e-01   1.5462250945e+00   1.0101060985e+00
8.3796536584e-01   1.5435927215e+00   1.0111746482e+00
8.0379802528e-01   1.5202777234e+00   1.0192617400e+00
7.7256663787e-01   1.4925763606e+00   1.0268265554e+00
7.4427088642e-01   1.4611410959e+00   1.0338141935e+00
7.4423656740e-01   1.4610987870e+00   1.0338227396e+00
7.4389363736e-01   1.4606754214e+00   1.0339081439e+00
7.4049032927e-01   1.4564143561e+00   1.0347565755e+00
7.1549005746e-01   1.4215101987e+00   1.0410320326e+00
6.9329031790e-01   1.3842410721e+00   1.0466492507e+00
6.7378935645e-01   1.3451985453e+00   1.0515863989e+00
6.7376609946e-01   1.3451477231e+00   1.0515922705e+00
6.7353376193e-01   1.3446393914e+00   1.0516509249e+00
6.7123358018e-01   1.3395453268e+00   1.0522312288e+00
6.5467449153e-01   1.2991435746e+00   1.0563767970e+00
6.4056306262e-01   1.2580776604e+00   1.0598252887e+00
6.2877911289e-01   1.2167826949e+00   1.0625806696e+00
6.2876548385e-01   1.2167299108e+00   1.0625837531e+00
6.2862939224e-01   1.2162020841e+00   1.0626145264e+00
6.2728830194e-01   1.2109253910e+00   1.0629161209e+00
6.1801998579e-01   1.1698319951e+00   1.0648928492e+00
6.1083713479e-01   1.1292620886e+00   1.0662048787e+00
6.0563837478e-01   1.0894880287e+00   1.0668728287e+00
6.0563295659e-01   1.0894377786e+00   1.0668732805e+00
6.0557894468e-01   1.0889353699e+00   1.0668777427e+00
6.0505578968e-01   1.0839206085e+00   1.0669167996e+00
6.0201017711e-01   1.0453303847e+00   1.0668789759e+00
6.0076193250e-01   1.0079717118e+00   1.0662522454e+00
6.0123848779e-01   9.7198838166e-01   1.0650660218e+00
6.0124017331e-01   9.7194329939e-01   1.0650641599e+00
6.0125717787e-01   9.7149261060e-01   1.0650454925e+00
6.0144212988e-01   9.6699916461e-01   1.0648540792e+00
6.0381108756e-01   9.3272162841e-01   1.0630668459e+00
6.0777916197e-01   9.0002566225e-01   1.0607876239e+00
6.1330041585e-01   8.6896902940e-01   1.0580490684e+00
6.1330845322e-01   8.6893038350e-01   1.0580452865e+00
6.1338896309e-01   8.6854407545e-01   1.0580074286e+00
6.1420766065e-01   8.6469611043e-01   1.0576250306e+00
6.2145556303e-01   8.3555763448e-01   1.0544021687e+00
6.3018153178e-01   8.0812177274e-01   1.0507903601e+00
6.4035972007e-01   7.8239685318e-01   1.0468221420e+00
6.5196904200e-01   7.5838159040e-01   1.0425295975e+00
6.5198479593e-01   7.5835197239e-01   1.0425239143e+00
6.5214246235e-01   7.5805594540e-01   1.0424670560e+00
6.5373183371e-01   7.5511097352e-01   1.0418958546e+00
6.6695462266e-01   7.3303736219e-01   1.0372714429e+00
6.8157546362e-01   7.1264921581e-01   1.0323893767e+00
6.9758262562e-01   6.9392957979e-01   1.0272796811e+00
7.1496544263e-01   6.7686024775e-01   1.0219716407e+00
7.1498854712e-01   6.7683946905e-01   1.0219647383e+00
7.1521971481e-01   6.7663182889e-01   1.0218956994e+00
7.1754366399e-01   6.7457009804e-01   1.0212037969e+00
7.3648437823e-01   6.5936335480e-01   1.0157041294e+00
7.5677671243e-01   6.4577018911e-01   1.0100663939e+00
7.7840646055e-01   6.3377709944e-01   1.0043176645e+00
8.0135581292e-01   6.2337431861e-01   9.9848441294e-01
8.0138599510e-01   6.2336203142e-01   9.9847691069e-01
8.0168793355e-01   6.2323930199e-01   9.9840188294e-01
8.0471897384e-01   6.2202625883e-01   9.9765109105e-01
8.2914702009e-01   6.1343353023e-01   9.9175302338e-01
8.5483787690e-01   6.0642676928e-01   9.8582547111e-01
8.8175292696e-01   6.0101333866e-01   9.7989355254e-01
9.0984343948e-01   5.9720750442e-01   9.7398216335e-01
9.0988008820e-01   5.9720367534e-01   9.7397462790e-01
9.1024667576e-01   5.9716553102e-01   9.7389927742e-01
9.1392255495e-01   5.9679874778e-01   9.7314619192e-01
9.4328025255e-01   5.9485575969e-01   9.6728856106e-01
9.7366581119e-01   5.9457678908e-01   9.6150457983e-01
1.0049854415e+00   5.9600127106e-01   9.5581922407e-01
1.0371262934e+00   5.9917745169e-01   9.5025776224e-01
1.0371678644e+00   5.9918265813e-01   9.5025074076e-01
1.0375836355e+00   5.9923488523e-01   9.5018053938e-01
1.0417474728e+00   5.9977344752e-01   9.4947988276e-01
1.0746604190e+00   6.0502047700e-01   9.4409135564e-01
1.1080772530e+00   6.1215274316e-01   9.3888245077e-01
1.1418091473e+00   6.2124633930e-01   9.3388021805e-01
1.1418523938e+00   6.2125925849e-01   9.3387396556e-01
1.1422848679e+00   6.2138863423e-01   9.3381146180e-01
1.1466103949e+00   6.2270082366e-01   9.3318854631e-01
1.1804337374e+00   6.3413738675e-01   9.2845646330e-01
1.2140671304e+00   6.4772370488e-01   9.2399189668e-01
1.2472241032e+00   6.6355652744e-01   9.1982480388e-01
1.2472660646e+00   6.6357825416e-01   9.1981967878e-01
1.2476856070e+00   6.6379573229e-01   9.1976845736e-01
1.2518737337e+00   6.6599165744e-01   9.1925921157e-01
1.2840933456e+00   6.8451115184e-01   9.1546981085e-01
1.3151104697e+00   7.0548819342e-01   9.1204560778e-01
1.3445358958e+00   7.2901443438e-01   9.0901979708e-01
1.3445723291e+00   7.2904618628e-01   9.0901619733e-01
1.3449364818e+00   7.2936394192e-01   9.0898023869e-01
1.3485597577e+00   7.3256518950e-01   9.0862455703e-01
1.3756562225e+00   7.5909893732e-01   9.0609532675e-01
1.4002411334e+00   7.8832873691e-01   9.0403802975e-01
1.4218598800e+00   8.2028276590e-01   9.0248744422e-01
1.4218854305e+00   8.2032537135e-01   9.0248580057e-01
1.4221406271e+00   8.2075167021e-01   9.0246941275e-01
1.4246615883e+00   8.2503908241e-01   9.0231041775e-01
1.4423353126e+00   8.6008791132e-01   9.0138046718e-01
1.4560802979e+00   8.9777550636e-01   9.0102951306e-01
1.4654851483e+00   9.3796908260e-01   9.0128857697e-01
1.4654942350e+00   9.3802200438e-01   9.0128931110e-01
1.4655846783e+00   9.3855142938e-01   9.0129670984e-01
1.4664466112e+00   9.4386629358e-01   9.0137644992e-01
1.4704558076e+00   9.8666253797e-01   9.0236601845e-01
1.4694337878e+00   1.0314148336e+00   9.0402004011e-01
1.4631891475e+00   1.0777236135e+00   9.0635557453e-01
1.4631777707e+00   1.0777836256e+00   9.0635900245e-01
1.4630635248e+00   1.0783838428e+00   9.0639334396e-01
1.4618732481e+00   1.0843953631e+00   9.0674298593e-01
1.4495702194e+00   1.1318690888e+00   9.0986832424e-01
1.4320171241e+00   1.1797215116e+00   9.1368567086e-01
1.4319913835e+00   1.1797826600e+00   9.1369099213e-01
1.4317335217e+00   1.1803941168e+00   9.1374426629e-01
1.4291094092e+00   1.1865056227e+00   9.1428314145e-01
1.4057997942e+00   1.2339467072e+00   9.1887773370e-01
1.3778055498e+00   1.2802164030e+00   9.2412914500e-01
1.3777669380e+00   1.2802744818e+00   9.2413626726e-01
1.3773804393e+00   1.2808550922e+00   9.2420754584e-01
1.3734776363e+00   1.2866431074e+00   9.2492591780e-01
1.3407044251e+00   1.3305982270e+00   9.3088443081e-01
1.3043629764e+00   1.3716654385e+00   9.3741115869e-01
1.3043144954e+00   1.3717157690e+00   9.3741984419e-01
1.3038294233e+00   1.3722187441e+00   9.3750674499e-01
1.2989528296e+00   1.3772151775e+00   9.3838030339e-01
1.2593462776e+00   1.4140436826e+00   9.4548225330e-01
1.2176431916e+00   1.4464132190e+00   9.5301166724e-01
1.2175888333e+00   1.4464514915e+00   9.5302153556e-01
1.2170451276e+00   1.4468337612e+00   9.5312024992e-01
1.2115961258e+00   1.4506106868e+00   9.5411047847e-01
1.1683899227e+00   1.4771715385e+00   9.6202904642e-01
1.1246287665e+00   1.4981622325e+00   9.7019406700e-01
1.1245727418e+00   1.4981853645e+00   9.7020462649e-01
1.1240125059e+00   1.4984161555e+00   9.7031023517e-01
1.1184114845e+00   1.5006710642e+00   9.7136766097e-01
1.0748263101e+00   1.5149443046e+00   9.7970049309e-01
1.0320300662e+00   1.5231944965e+00   9.8807871697e-01
9.9053158354e-01   1.5254477341e+00   9.9640817339e-01
9.9047953769e-01   1.5254468328e+00   9.9641875407e-01
9.8995923471e-01   1.5254372953e+00   9.9652454816e-01
9.8477191102e-01   1.5252894893e+00   9.9758118469e-01
9.4526589225e-01   1.5209036549e+00   1.0057436874e+00
9.0785315725e-01   1.5110218960e+00   1.0136682425e+00
8.7277164816e-01   1.4960435525e+00   1.0212762499e+00
8.7272835692e-01   1.4960213318e+00   1.0212857450e+00
8.7229566943e-01   1.4957987086e+00   1.0213806603e+00
8.6799132932e-01   1.4935310942e+00   1.0223262946e+00
8.3576663156e-01   1.4733142614e+00   1.0294870092e+00
8.0614126113e-01   1.4490736678e+00   1.0361908554e+00
7.7914996932e-01   1.4213626533e+00   1.0423867654e+00
7.7911714100e-01   1.4213252355e+00   1.0423943445e+00
7.7878909421e-01   1.4209507952e+00   1.0424700856e+00
7.7553225527e-01   1.4171804824e+00   1.0432225306e+00
7.5153710518e-01   1.3861900796e+00   1.0487880481e+00
7.3011929771e-01   1.3529142140e+00   1.0537677953e+00
7.1121143394e-01   1.3178753042e+00   1.0581394975e+00
7.1118882827e-01   1.3178295823e+00   1.0581446917e+00
7.1096298990e-01   1.3173722500e+00   1.0581965778e+00
7.0872640125e-01   1.3127877193e+00   1.0587098330e+00
6.9258309505e-01   1.2763313715e+00   1.0623704177e+00
6.7876193530e-01   1.2391108870e+00   1.0654019532e+00
6.6716679172e-01   1.2015263307e+00   1.0678055129e+00
6.6715334829e-01   1.2014781929e+00   1.0678081868e+00
6.6701910552e-01   1.2009968146e+00   1.0678348700e+00
6.6569578704e-01   1.1961831424e+00   1.0680961172e+00
6.5652530589e-01   1.1586148217e+00   1.0697913280e+00
6.4937867614e-01   1.1213893581e+00   1.0708795249e+00
6.4416815440e-01   1.0847690823e+00   1.0713775428e+00
6.4416269536e-01   1.0847227406e+00   1.0713778101e+00
6.4410827167e-01   1.0842593987e+00   1.0713804325e+00
6.4358067129e-01   1.0796335457e+00   1.0714015397e+00
6.4048163132e-01   1.0439742647e+00   1.0712506442e+00
6.3915221061e-01   1.0093519642e+00   1.0705565637e+00
6.3952572944e-01   9.7591468610e-01   1.0693450120e+00
6.3952727110e-01   9.7587274048e-01   1.0693431430e+00
6.3954283543e-01   9.7545340171e-01   1.0693244089e+00
6.3971322712e-01   9.7127180923e-01   1.0691326721e+00
6.4195895862e-01   9.3933162619e-01   1.0673637601e+00
6.4578843899e-01   9.0880003070e-01   1.0651374888e+00
6.5115635108e-01   8.7974535608e-01   1.0624833724e+00
6.5802327101e-01   8.5221756433e-01   1.0594313809e+00
6.5803299664e-01   8.5218335691e-01   1.0594272363e+00
6.5813038459e-01   8.5184142318e-01   1.0593857575e+00
6.5911742021e-01   8.4843615172e-01   1.0589676764e+00
6.6765463898e-01   8.2269355271e-01   1.0554982165e+00
6.7762332461e-01   7.9853678634e-01   1.0516954261e+00
6.8899830027e-01   7.7597665958e-01   1.0475891829e+00
7.0175736920e-01   7.5501654120e-01   1.0432090082e+00
7.0177456221e-01   7.5499076235e-01   1.0432032442e+00
7.0194661497e-01   7.5473311752e-01   1.0431455817e+00
7.0367940025e-01   7.5217104119e-01   1.0425667685e+00
7.1799458868e-01   7.3303529248e-01   1.0379093040e+00
7.3365242784e-01   7.1549080053e-01   1.0330395454e+00
7.5063444515e-01   6.9952966885e-01   1.0279854213e+00
7.6892136747e-01   6.8514356372e-01   1.0227742992e+00
7.8849205156e-01   6.7232494566e-01   1.0174329973e+00
7.8851788950e-01   6.7230955466e-01   1.0174260951e+00
7.8877638228e-01   6.7215578516e-01   1.0173570633e+00
7.9137262931e-01   6.7063213249e-01   1.0166658238e+00
8.1237951620e-01   6.5959673276e-01   1.0112079985e+00
8.3461314039e-01   6.5012025422e-01   1.0056757455e+00
8.5803860557e-01   6.4220420579e-01   1.0000944183e+00
8.8261379261e-01   6.3585467493e-01   9.9448903515e-01
8.8264593348e-01   6.3584756258e-01   9.9448186247e-01
8.8296744103e-01   6.3577658095e-01   9.9441013568e-01
8.8619238035e-01   6.3508095752e-01   9.9369288590e-01
9.1201765351e-01   6.3053447784e-01   9.8809030810e-01
9.3887075827e-01   6.2758590643e-01   9.8251652315e-01
9.6667625727e-01   6.2625959194e-01   9.7699606247e-01
9.9534435592e-01   6.2658659650e-01   9.7155350648e-01
9.9538152403e-01   6.2658808859e-01   9.7154660723e-01
9.9575327327e-01   6.2660316151e-01   9.7147762392e-01
9.9947752855e-01   6.2676911645e-01   9.7078872552e-01
1.0289998577e+00   6.2903102004e-01   9.6546539631e-01
1.0591349785e+00   6.3303630392e-01   9.6027327784e-01
1.0897350835e+00   6.3883798019e-01   9.5523779233e-01
1.1206298244e+00   6.4649564411e-01   9.5038484200e-01
1.1206694392e+00   6.4650665194e-01   9.5037876438e-01
1.1210655967e+00   6.4661690310e-01   9.5031800706e-01
1.1250279915e+00   6.4773672450e-01   9.4971232568e-01
1.1560196439e+00   6.5759424730e-01   9.4510023156e-01
1.1868573414e+00   6.6945399779e-01   9.4072816775e-01
1.2172898330e+00   6.8339009698e-01   9.3662405490e-01
1.2173283731e+00   6.8340927916e-01   9.3661899047e-01
1.2177137121e+00   6.8360129451e-01   9.3656837278e-01
1.2215608336e+00   6.8554083374e-01   9.3606487660e-01
1.2511882151e+00   7.0193976017e-01   9.3230182620e-01
1.2797805198e+00   7.2057334146e-01   9.2886895505e-01
1.3070030565e+00   7.4150806639e-01   9.2579634595e-01
1.3070368400e+00   7.4153633510e-01   9.2579266050e-01
1.3073745203e+00   7.4181923434e-01   9.2575584120e-01
1.3107356335e+00   7.4466945766e-01   9.2539117751e-01
1.3359562660e+00   7.6829910678e-01   9.2276737213e-01
1.3590210344e+00   7.9432843204e-01   9.2056961909e-01
1.3795426692e+00   8.2276936250e-01   9.1882867528e-01
1.3795671166e+00   8.2280727059e-01   9.1882675449e-01
1.3798113258e+00   8.2318656690e-01   9.1880759044e-01
1.3822268581e+00   8.2700104988e-01   9.1862034493e-01
1.3993688460e+00   8.5816907643e-01   9.1743796159e-01
1.4131455815e+00   8.9165560937e-01   9.1677576557e-01
1.4232019819e+00   9.2734295427e-01   9.1666081986e-01
1.4232123192e+00   9.2738992966e-01   9.1666103397e-01
1.4233153281e+00   9.2785986606e-01   9.1666322652e-01
1.4243089228e+00   9.3257738231e-01   9.1669030631e-01
1.4297312126e+00   9.7055767608e-01   9.1722988967e-01
1.4308178236e+00   1.0102773243e+00   9.1836440697e-01
1.4273822848e+00   1.0514086171e+00   9.2010916637e-01
1.4273749431e+00   1.0514619531e+00   9.2011179286e-01
1.4273011088e+00   1.0519954037e+00   9.2013811361e-01
1.4265210768e+00   1.0573388183e+00   9.2040690184e-01
1.4178016488e+00   1.0995835564e+00   9.2285961620e-01
1.4044582185e+00   1.1422827292e+00   9.2593406179e-01
1.3866028620e+00   1.1848785403e+00   9.2962338487e-01
1.3865772232e+00   1.1849326862e+00   9.2962849046e-01
1.3863204481e+00   1.1854740810e+00   9.2967960033e-01
1.3837141409e+00   1.1908813032e+00   9.3019608375e-01
1.3609803592e+00   1.2326053112e+00   9.3456761119e-01
1.3343301277e+00   1.2728630476e+00   9.3950825585e-01
1.3342937159e+00   1.2729133013e+00   9.3951492338e-01
1.3339292840e+00   1.2734156452e+00   9.3958164663e-01
1.3302537718e+00   1.2784195235e+00   9.4025365392e-01
1.2996613349e+00   1.3161806250e+00   9.4579859989e-01
1.2661662677e+00   1.3510492088e+00   9.5182182453e-01
1.2661218172e+00   1.3510916754e+00   9.5182980942e-01
1.2656771018e+00   1.3515160250e+00   9.5190969625e-01
1.2612092343e+00   1.3557276243e+00   9.5271232872e-01
1.2251000043e+00   1.3865412619e+00   9.5921129263e-01
1.1873485036e+00   1.4132219796e+00   9.6605607749e-01
1.1872994389e+00   1.4132532494e+00   9.6606502103e-01
1.1868086995e+00   1.4135655342e+00   9.6615448097e-01
1.1818923193e+00   1.4166469158e+00   9.6705150076e-01
1.1430104630e+00   1.4380663437e+00   9.7420145695e-01
1.1037697917e+00   1.4545271186e+00   9.8153462019e-01
1.0647189750e+00   1.4658270926e+00   9.8896946400e-01
1.0646693780e+00   1.4658381919e+00   9.8897900117e-01
1.0641734710e+00   1.4659487125e+00   9.8907437453e-01
1.0592208235e+00   1.4670067009e+00   9.9002824168e-01
1.0209882025e+00   1.4723241906e+00   9.9747841434e-01
9.8392655238e-01   1.4724586650e+00   1.0048550212e+00
9.4838759892e-01   1.4675769018e+00   1.0120799355e+00
9.4834325599e-01   1.4675675506e+00   1.0120890453e+00
9.4789998956e-01   1.4674736102e+00   1.0121801225e+00
9.4348372040e-01   1.4664915325e+00   1.0130888309e+00
9.1002434788e-01   1.4562062940e+00   1.0200508733e+00
8.7860984529e-01   1.4415596564e+00   1.0267108394e+00
8.4938566906e-01   1.4229580074e+00   1.0330088338e+00
8.4934974549e-01   1.4229318757e+00   1.0330166324e+00
8.4899071538e-01   1.4226702433e+00   1.0330945815e+00
8.4542100914e-01   1.4200225560e+00   1.0338703177e+00
8.1880834710e-01   1.3974505850e+00   1.0396914141e+00
7.9452936233e-01   1.3719032590e+00   1.0450481302e+00
7.7259004448e-01   1.3438542487e+00   1.0499051867e+00
7.7256348054e-01   1.3438169799e+00   1.0499110653e+00
7.7229804972e-01   1.3434441094e+00   1.0499698033e+00
7.6966458487e-01   1.3396973238e+00   1.0505524265e+00
7.5036882525e-01   1.3093602260e+00   1.0548057980e+00
7.3334026171e-01   1.2774965856e+00   1.0585099390e+00
7.1851924995e-01   1.2445243375e+00   1.0616529724e+00
7.1850168215e-01   1.2444816331e+00   1.0616566294e+00
7.1832619655e-01   1.2440545244e+00   1.0616931480e+00
7.1659054525e-01   1.2397771408e+00   1.0620532337e+00
7.0420595188e-01   1.2060093062e+00   1.0645491964e+00
6.9387553849e-01   1.1719174668e+00   1.0664794507e+00
6.8552353556e-01   1.1378115252e+00   1.0678502057e+00
6.8551408981e-01   1.1377680238e+00   1.0678516045e+00
6.8541980347e-01   1.1373330340e+00   1.0678655429e+00
6.8449402311e-01   1.1329856154e+00   1.0679999937e+00
6.7830984178e-01   1.0991960360e+00   1.0687450716e+00
6.7394706579e-01   1.0659351573e+00   1.0689580533e+00
6.7133798438e-01   1.0334031117e+00   1.0686569992e+00
6.7133574329e-01   1.0333620534e+00   1.0686562937e+00
6.7131348432e-01   1.0329515511e+00   1.0686491945e+00
6.7110606787e-01   1.0288546993e+00   1.0685737740e+00
6.7042285910e-01   9.9736033796e-01   1.0677110937e+00
6.7136467425e-01   9.6692321846e-01   1.0663811165e+00
6.7387958212e-01   9.3765588132e-01   1.0646084070e+00
6.7792074701e-01   9.0964888445e-01   1.0624187201e+00
6.7792687332e-01   9.0961390972e-01   1.0624156644e+00
6.7798826978e-01   9.0926428239e-01   1.0623850721e+00
6.7861556109e-01   9.0578002785e-01   1.0620756510e+00
6.8434849323e-01   8.7929861477e-01   1.0594423777e+00
6.9152304579e-01   8.5421055367e-01   1.0564497953e+00
7.0010602886e-01   8.3055518784e-01   1.0531254245e+00
7.1006748967e-01   8.0836070266e-01   1.0494968800e+00
7.1008109846e-01   8.0833326573e-01   1.0494920570e+00
7.1021730783e-01   8.0805902963e-01   1.0494438027e+00
7.1159153903e-01   8.0532999211e-01   1.0489587843e+00
7.2309377676e-01   7.8482679110e-01   1.0450165759e+00
7.3591808023e-01   7.6581710321e-01   1.0408289719e+00
7.5004009511e-01   7.4830725781e-01   1.0364230124e+00
7.6543558812e-01   7.3230016602e-01   1.0318253874e+00
7.8207954492e-01   7.1779673337e-01   1.0270624009e+00
7.8210161646e-01   7.1777914981e-01   1.0270562154e+00
7.8232244173e-01   7.1760344946e-01   1.0269943486e+00
7.8454167089e-01   7.1585997042e-01   1.0263744388e+00
8.0257842463e-01   7.0307383169e-01   1.0214542740e+00
8.2180286018e-01   6.9179220820e-01   1.0164237430e+00
8.4218090698e-01   6.8201726316e-01   1.0113079210e+00
8.6367325254e-01   6.7375351268e-01   1.0061315446e+00
8.8623406793e-01   6.6700857575e-01   1.0009190600e+00
8.8626357959e-01   6.6700092741e-01   1.0009123818e+00
8.8655878755e-01   6.6692458164e-01   1.0008455985e+00
8.8951997299e-01   6.6617488893e-01   1.0001776705e+00
9.1323472195e-01   6.6117849443e-01   9.9495355462e-01
9.3789144543e-01   6.5773054505e-01   9.8974499469e-01
9.6341465575e-01   6.5585214269e-01   9.8457593678e-01
9.8971625142e-01   6.5556948980e-01   9.7947032212e-01
9.8975034082e-01   6.5557016283e-01   9.7946384418e-01
9.9009129570e-01   6.5557703937e-01   9.7939907260e-01
9.9350688450e-01   6.5566045169e-01   9.7875215467e-01
1.0205713033e+00   6.5723886401e-01   9.7374836940e-01
1.0481754365e+00   6.6048695273e-01   9.6885966798e-01
1.0761810504e+00   6.6544738133e-01   9.6411050099e-01
1.1044307582e+00   6.7216752895e-01   9.5952563903e-01
1.1044669651e+00   6.7217727049e-01   9.5951989202e-01
1.1048290399e+00   6.7227484869e-01   9.5946243900e-01
1.1084503112e+00   6.7326694226e-01   9.5888962430e-01
1.1367600139e+00   6.8205965525e-01   9.5452317647e-01
1.1649065037e+00   6.9272583478e-01   9.5037544296e-01
1.1926650537e+00   7.0532161835e-01   9.4647253929e-01
1.2197886246e+00   7.1990256390e-01   9.4284104525e-01
1.2198227898e+00   7.1992250309e-01   9.4283658672e-01
1.2201643609e+00   7.2012207835e-01   9.4279202831e-01
1.2235718268e+00   7.2213618478e-01   9.4234914066e-01
1.2496404379e+00   7.3904791778e-01   9.3906063384e-01
1.2744738755e+00   7.5804935638e-01   9.3610181100e-01
1.2977632705e+00   7.7917488985e-01   9.3350026936e-01
1.3191864424e+00   8.0244358584e-01   9.3128359887e-01
1.3192125020e+00   8.0247471460e-01   9.3128102240e-01
1.3194729001e+00   8.0278619507e-01   9.3125529486e-01
1.3220569717e+00   8.0592027314e-01   9.3100173958e-01
1.3409450509e+00   8.3163288390e-01   9.2925792952e-01
1.3572586537e+00   8.5945215754e-01   9.2795665619e-01
1.3706752275e+00   8.8931132803e-01   9.2712327358e-01
1.3706903967e+00   8.8935077519e-01   9.2712251775e-01
1.3708418005e+00   8.8974542087e-01   9.2711500361e-01
1.3723268874e+00   8.9370922937e-01   9.2704429506e-01
1.3820646391e+00   9.2576354837e-01   9.2677396739e-01
1.3882901047e+00   9.5956892815e-01   9.2701913889e-01
1.3907761402e+00   9.9490919806e-01   9.2779737496e-01
1.3907768450e+00   9.9495526128e-01   9.2779871765e-01
1.3907835408e+00   9.9541600714e-01   9.2781219368e-01
1.3908152000e+00   1.0000347034e+00   9.2795187843e-01
1.3888236761e+00   1.0367886901e+00   9.2935506582e-01
1.3828040800e+00   1.0744160349e+00   9.3131412555e-01
1.3727361332e+00   1.1125139332e+00   9.3383092582e-01
1.3727206847e+00   1.1125627620e+00   9.3383449993e-01
1.3725658411e+00   1.1130510516e+00   9.3387029084e-01
1.3709815457e+00   1.1179338682e+00   9.3423317386e-01
1.3563722970e+00   1.1560063417e+00   9.3738053082e-01
1.3379543777e+00   1.1935120809e+00   9.4106615253e-01
1.3159736439e+00   1.2299078396e+00   9.4526869757e-01
1.3159433860e+00   1.2299534315e+00   9.4527439075e-01
1.3156405153e+00   1.2304092003e+00   9.4533136644e-01
1.3125828057e+00   1.2349516011e+00   9.4590549638e-01
1.2869348206e+00   1.2693947048e+00   9.5066166470e-01
1.2585029423e+00   1.3015314915e+00   9.5586129904e-01
1.2277422916e+00   1.3308303577e+00   9.6145754562e-01
1.2277016726e+00   1.3308657930e+00   9.6146493335e-01
1.2272953180e+00   1.3312198459e+00   9.6153884155e-01
1.2232154711e+00   1.3347302122e+00   9.6228098188e-01
1.1903976223e+00   1.3601967087e+00   9.6826365683e-01
1.1563244955e+00   1.3818617649e+00   9.7451960420e-01
1.1215043757e+00   1.3993939428e+00   9.8098289859e-01
1.1214595833e+00   1.3994136038e+00   9.8099126692e-01
1.1210116364e+00   1.3996098188e+00   9.8107496265e-01
1.1165301021e+00   1.4015324848e+00   9.8191312920e-01
1.0814539735e+00   1.4140581158e+00   9.8852827129e-01
1.0466388964e+00   1.4220585005e+00   9.9520003119e-01
1.0124914484e+00   1.4255057748e+00   1.0018569616e+00
1.0124483671e+00   1.4255072871e+00   1.0018654345e+00
1.0120176471e+00   1.4255220058e+00   1.0019501559e+00
1.0077198387e+00   1.4256288359e+00   1.0027965720e+00
9.7476570251e-01   1.4239637780e+00   1.0093510752e+00
9.4317198245e-01   1.4179943953e+00   1.0157442728e+00
9.1317515072e-01   1.4079593439e+00   1.0219136405e+00
9.1313789834e-01   1.4079440309e+00   1.0219213611e+00
9.1276553515e-01   1.4077905617e+00   1.0219985426e+00
9.0905802511e-01   1.4062221124e+00   1.0227677984e+00
8.8110620110e-01   1.3919126189e+00   1.0286117447e+00
8.5508475950e-01   1.3742329153e+00   1.0341162438e+00
8.3107918044e-01   1.3535629746e+00   1.0392371888e+00
8.0913841199e-01   1.3302994177e+00   1.0439371996e+00
8.0911168790e-01   1.3302681806e+00   1.0439429264e+00
8.0884463456e-01   1.3299556131e+00   1.0440001545e+00
8.0619285877e-01   1.3268104158e+00   1.0445683567e+00
7.8663125293e-01   1.3010759276e+00   1.0487506595e+00
7.6914480172e-01   1.2736009339e+00   1.0524546524e+00
7.5370654254e-01   1.2447658400e+00   1.0556637303e+00
7.5368809602e-01   1.2447282526e+00   1.0556675119e+00
7.5350381145e-01   1.2443522888e+00   1.0557052827e+00
7.5167900857e-01   1.2405838379e+00   1.0560784363e+00
7.3852972981e-01   1.2106342760e+00   1.0587097178e+00
7.2733105312e-01   1.1800646816e+00   1.0608301562e+00
7.1802686714e-01   1.1491780336e+00   1.0624404516e+00
7.1801615726e-01   1.1491384543e+00   1.0624421859e+00
7.1790922349e-01   1.1487426579e+00   1.0624594839e+00
7.1685636701e-01   1.1447844458e+00   1.0626279222e+00
7.0964351802e-01   1.1138685265e+00   1.0636622125e+00
7.0419834830e-01   1.0831850651e+00   1.0642021978e+00
7.0046248690e-01   1.0529446133e+00   1.0642608314e+00
6.9837977324e-01   1.0233299906e+00   1.0638539151e+00
6.9837814523e-01   1.0232925912e+00   1.0638531042e+00
6.9836200895e-01   1.0229186676e+00   1.0638449555e+00
6.9821500856e-01   1.0191865562e+00   1.0637594530e+00
6.9795520267e-01   9.9047699114e-01   1.0628432696e+00
6.9923870967e-01   9.6270004912e-01   1.0615028739e+00
7.0201978326e-01   9.3596403458e-01   1.0597601908e+00
7.0625623533e-01   9.1035818153e-01   1.0576383343e+00
7.0626256750e-01   9.1032619416e-01   1.0576353884e+00
7.0632601653e-01   9.1000642873e-01   1.0576058975e+00
7.0697322710e-01   9.0681963155e-01   1.0573078056e+00
7.1282434973e-01   8.8259211520e-01   1.0547823549e+00
7.2005144036e-01   8.5963234226e-01   1.0519299169e+00
7.2862173897e-01   8.3798428068e-01   1.0487755957e+00
7.3850455774e-01   8.1768180620e-01   1.0453447076e+00
7.4967069419e-01   7.9875055623e-01   1.0416626350e+00
7.4968578230e-01   7.9872723450e-01   1.0416577765e+00
7.4983677622e-01   7.9849414223e-01   1.0416091720e+00
7.5135798858e-01   7.9617573490e-01   1.0411211072e+00
7.6395491721e-01   7.7883340025e-01   1.0371831722e+00
7.7777449137e-01   7.6289720386e-01   1.0330481438e+00
7.9278763340e-01   7.4837729987e-01   1.0287409844e+00
8.0896364321e-01   7.3528170894e-01   1.0242864085e+00
8.2626929150e-01   7.2361743439e-01   1.0197088623e+00
8.2629212903e-01   7.2360343794e-01   1.0197029404e+00
8.2652060271e-01   7.2346360280e-01   1.0196437124e+00
8.2881515370e-01   7.2207818966e-01   1.0190505558e+00
8.4736561653e-01   7.1205696656e-01   1.0143621339e+00
8.6696144570e-01   7.0348308699e-01   1.0096022027e+00
8.8755486530e-01   6.9636626897e-01   1.0047944057e+00
9.0909114651e-01   6.9071857669e-01   9.9996218774e-01
9.3150738504e-01   6.8655495044e-01   9.9512883868e-01
9.3153658334e-01   6.8655058370e-01   9.9512266722e-01
9.3182863901e-01   6.8650705145e-01   9.9506095462e-01
9.3475643035e-01   6.8608524684e-01   9.9444403789e-01
9.5808843867e-01   6.8363884428e-01   9.8963774928e-01
9.8213220588e-01   6.8271997887e-01   9.8487993496e-01
1.0067907309e+00   6.8335479481e-01   9.8019374638e-01
1.0319534395e+00   6.8557322460e-01   9.7560241100e-01
1.0319858871e+00   6.8557708920e-01   9.7559661051e-01
1.0323103982e+00   6.8561588061e-01   9.7553861628e-01
1.0355588640e+00   6.8601835312e-01   9.7495974806e-01
1.0611430395e+00   6.9008640768e-01   9.7050530848e-01
1.0869431707e+00   6.9581389467e-01   9.6619598570e-01
1.1127983891e+00   7.0324058301e-01   9.6205558640e-01
1.1385299805e+00   7.1240785767e-01   9.5810817895e-01
1.1385627234e+00   7.1242071252e-01   9.5810326513e-01
1.1388901243e+00   7.1254942132e-01   9.5805414639e-01
1.1421611661e+00   7.1385255945e-01   9.5756492503e-01
1.1675096509e+00   7.2505848145e-01   9.5386768806e-01
1.1922904103e+00   7.3809271539e-01   9.5041590059e-01
1.2162682743e+00   7.5299168823e-01   9.4723441616e-01
1.2391919907e+00   7.6978550780e-01   9.4434822251e-01
1.2392205177e+00   7.6980820601e-01   9.4434473152e-01
1.2395056681e+00   7.7003536051e-01   9.4430985041e-01
1.2423451879e+00   7.7232414941e-01   9.4396393179e-01
1.2637402215e+00   7.9130630671e-01   9.4144550805e-01
1.2835003618e+00   8.1221121209e-01   9.3927570499e-01
1.3013427611e+00   8.3502619709e-01   9.3747887850e-01
1.3169842515e+00   8.5971592174e-01   9.3607863984e-01
1.3170027247e+00   8.5974867028e-01   9.3607711293e-01
1.3171872333e+00   8.6007631888e-01   9.3606188152e-01
1.3190098965e+00   8.6336908598e-01   9.3591334792e-01
1.3318001714e+00   8.9012074274e-01   9.3499340638e-01
1.3418140450e+00   9.1857173704e-01   9.3451626358e-01
1.3488150154e+00   9.4858273732e-01   9.3450038799e-01
1.3525995124e+00   9.7997163749e-01   9.3496147157e-01
1.3526022187e+00   9.8001256578e-01   9.3496237218e-01
1.3526289772e+00   9.8042195229e-01   9.3497142225e-01
1.3528660804e+00   9.8452607376e-01   9.3506633077e-01
1.3527830753e+00   1.0172065885e+00   9.3608684737e-01
1.3492009366e+00   1.0507175166e+00   9.3760554024e-01
1.3420772257e+00   1.0847281950e+00   9.3962505321e-01
1.3420658516e+00   1.0847718502e+00   9.3962795568e-01
1.3419517941e+00   1.0852084138e+00   9.3965702521e-01
1.3407795535e+00   1.0895750091e+00   9.3995220050e-01
1.3296441077e+00   1.1236948448e+00   9.4253974896e-01
1.3151018768e+00   1.1574627585e+00   9.4561446062e-01
1.2973251542e+00   1.1904298036e+00   9.4915985260e-01
1.2973004468e+00   1.1904712492e+00   9.4916467836e-01
1.2970531031e+00   1.1908855910e+00   9.4921297628e-01
1.2945528098e+00   1.1950173881e+00   9.4969997108e-01
1.2733783881e+00   1.2264985250e+00   9.5375389389e-01
1.2495548774e+00   1.2561745536e+00   9.5822000938e-01
1.2234394509e+00   1.2835881729e+00   9.6306032338e-01
1.2234047541e+00   1.2836215926e+00   9.6306673420e-01
1.2230576150e+00   1.2839555477e+00   9.6313087216e-01
1.2195693406e+00   1.2872706719e+00   9.6377520063e-01
1.1913214522e+00   1.3115791818e+00   9.6898831689e-01
1.1616570558e+00   1.3327622798e+00   9.7447390479e-01
1.1310066086e+00   1.3505021490e+00   9.8017667742e-01
1.1309669661e+00   1.3505225156e+00   9.8018408406e-01
1.1305704912e+00   1.3507258488e+00   9.8025816468e-01
1.1266009107e+00   1.3527258264e+00   9.8100036836e-01
1.0953438670e+00   1.3662346334e+00   9.8687905298e-01
1.0639902030e+00   1.3758628778e+00   9.9284611266e-01
1.0329157890e+00   1.3815309581e+00   9.9883923135e-01
1.0328763805e+00   1.3815356626e+00   9.9884688516e-01
1.0324823524e+00   1.3815823513e+00   9.9892341994e-01
1.0285478158e+00   1.3820135860e+00   9.9968841473e-01
9.9820499546e-01   1.3831639889e+00   1.0056355901e+00
9.6881743152e-01   1.3804465865e+00   1.0114780796e+00
9.4063261911e-01   1.3740148394e+00   1.0171585973e+00
9.1385378636e-01   1.3640803927e+00   1.0226235932e+00
9.1382051602e-01   1.3640655529e+00   1.0226304221e+00
9.1348795387e-01   1.3639168638e+00   1.0226986875e+00
9.1017651766e-01   1.3624009073e+00   1.0233789357e+00
8.8519745491e-01   1.3487858707e+00   1.0285381190e+00
8.6192063752e-01   1.3322673244e+00   1.0333829589e+00
8.4042731532e-01   1.3131690725e+00   1.0378757703e+00
8.2076854689e-01   1.2918284606e+00   1.0419845958e+00
8.2074459605e-01   1.2917998817e+00   1.0419895924e+00
8.2050525510e-01   1.2915139222e+00   1.0420395209e+00
8.1812859687e-01   1.2886373967e+00   1.0425351015e+00
8.0059480194e-01   1.2651538036e+00   1.0461737490e+00
7.8492506117e-01   1.2401546121e+00   1.0493792769e+00
7.7110543838e-01   1.2139654590e+00   1.0521374381e+00
7.5910977686e-01   1.1868958168e+00   1.0544391396e+00
7.5909559088e-01   1.1868607638e+00   1.0544417884e+00
7.5895389198e-01   1.1865101809e+00   1.0544682345e+00
7.5755297778e-01   1.1829991865e+00   1.0547285474e+00
7.4759690495e-01   1.1552770124e+00   1.0565039996e+00
7.3938236589e-01   1.1272672999e+00   1.0578191269e+00
7.3286403739e-01   1.0992101450e+00   1.0586785099e+00
7.2799490504e-01   1.0713213285e+00   1.0590901950e+00
7.2798971419e-01   1.0712858578e+00   1.0590904393e+00
7.2793794977e-01   1.0709311840e+00   1.0590928427e+00
7.2743468940e-01   1.0673877858e+00   1.0591129536e+00
7.2439101340e-01   1.0399243407e+00   1.0590271042e+00
7.2289614711e-01   1.0130116073e+00   1.0585204777e+00
7.2290524416e-01   9.8679313302e-01   1.0576092942e+00
7.2437544758e-01   9.6139225039e-01   1.0563115904e+00
7.2437824539e-01   9.6136033906e-01   1.0563096917e+00
7.2440635123e-01   9.6104130891e-01   1.0562906719e+00
7.2470016433e-01   9.5785936102e-01   1.0560971812e+00
7.2778928800e-01   9.3351936959e-01   1.0543820445e+00
7.3225521227e-01   9.1020131223e-01   1.0523236505e+00
7.3806198690e-01   8.8797666450e-01   1.0499437588e+00
7.4517554097e-01   8.6690421614e-01   1.0472647992e+00
7.5356333463e-01   8.4703184454e-01   1.0443096789e+00
7.5357486277e-01   8.4700721841e-01   1.0443057332e+00
7.5369025588e-01   8.4676106861e-01   1.0442662528e+00
7.5485534910e-01   8.4431073308e-01   1.0438691851e+00
7.6465983338e-01   8.2585558810e-01   1.0406271159e+00
7.7567188215e-01   8.0867404928e-01   1.0371588344e+00
7.8786057919e-01   7.9279018890e-01   1.0334878099e+00
8.0119426341e-01   7.7822343970e-01   1.0296374831e+00
8.1563981362e-01   7.6498980962e-01   1.0256312045e+00
8.1565898287e-01   7.6497374659e-01   1.0256259916e+00
8.1585077217e-01   7.6481323747e-01   1.0255738503e+00
8.1777833179e-01   7.6322026585e-01   1.0250512547e+00
8.3345016388e-01   7.5152562066e-01   1.0208952734e+00
8.5015434189e-01   7.4119180133e-01   1.0166328739e+00
8.6784787334e-01   7.3223066106e-01   1.0122869178e+00
8.8648275225e-01   7.2465443575e-01   1.0078800981e+00
9.0600497127e-01   7.1847638167e-01   1.0034349528e+00
9.0603047812e-01   7.1846938271e-01   1.0034292536e+00
9.0628562103e-01   7.1839952019e-01   1.0033722603e+00
9.0884445687e-01   7.1771360871e-01   1.0028021951e+00
9.2930486288e-01   7.1315040183e-01   9.9834067913e-01
9.5051191081e-01   7.1001950910e-01   9.9388870424e-01
9.7238590791e-01   7.0834032092e-01   9.8946849761e-01
9.9483675235e-01   7.0813469531e-01   9.8510226148e-01
1.0177628760e+00   7.0942697904e-01   9.8081221217e-01
1.0177924497e+00   7.0942960166e-01   9.8080678454e-01
1.0180882196e+00   7.0945596504e-01   9.8075251717e-01
1.0210491208e+00   7.0973332215e-01   9.8021073931e-01
1.0443777570e+00   7.1276890754e-01   9.7603492882e-01
1.0679210105e+00   7.1736205907e-01   9.7198310766e-01
1.0915352748e+00   7.2354319804e-01   9.6807775818e-01
1.1150621842e+00   7.3134338676e-01   9.6434149213e-01
1.1150921409e+00   7.3135441097e-01   9.6433683232e-01
1.1153916842e+00   7.3146480144e-01   9.6429025153e-01
1.1183846978e+00   7.3258355825e-01   9.6382617949e-01
1.1415989530e+00   7.4226999877e-01   9.6031081573e-01
1.1643363049e+00   7.5363884504e-01   9.5701337897e-01
1.1863921850e+00   7.6671480354e-01   9.5395679422e-01
1.2075489884e+00   7.8151668271e-01   9.5116397128e-01
1.2075753704e+00   7.8153672104e-01   9.5116057856e-01
1.2078390890e+00   7.8173726066e-01   9.5112667723e-01
1.2104660275e+00   7.8375828335e-01   9.5079025190e-01
1.2303157661e+00   8.0054314850e-01   9.4832648034e-01
1.2487659374e+00   8.1906212780e-01   9.4617492385e-01
1.2655733794e+00   8.3929727410e-01   9.4435753057e-01
1.2804945394e+00   8.6121186179e-01   9.4289548829e-01
1.2805123094e+00   8.6124093755e-01   9.4289385492e-01
1.2806898182e+00   8.6153184099e-01   9.4287755505e-01
1.2824456755e+00   8.6445543137e-01   9.4271794345e-01
1.2949213687e+00   8.8821374492e-01   9.4168621707e-01
1.3050129684e+00   9.1349160898e-01   9.4105115435e-01
1.3125130198e+00   9.4016810353e-01   9.4082928244e-01
1.3172396914e+00   9.6808808547e-01   9.4103473321e-01
1.3172438925e+00   9.6812450629e-01   9.4103527464e-01
1.3172856411e+00   9.6848880921e-01   9.4104072837e-01
1.3176767538e+00   9.7214122417e-01   9.4109921682e-01
1.3190565303e+00   1.0012442109e+00   9.4180617552e-01
1.3173933466e+00   1.0311325646e+00   9.4296024059e-01
1.3126318337e+00   1.0615321084e+00   9.4456457726e-01
1.3047689824e+00   1.0921321725e+00   9.4661775922e-01
1.3047569588e+00   1.0921712873e+00   9.4662066987e-01
1.3046364481e+00   1.0925624218e+00   9.4664981619e-01
1.3034039195e+00   1.0964723336e+00   9.4694525754e-01
1.2920673905e+00   1.1268798933e+00   9.4950275170e-01
1.2778125146e+00   1.1567204635e+00   9.5248852498e-01
1.2608133219e+00   1.1856035275e+00   9.5588411047e-01
1.2607899187e+00   1.1856396789e+00   9.5588870518e-01
1.2605556600e+00   1.1860010709e+00   9.5593468692e-01
1.2581905110e+00   1.1896026103e+00   9.5639796278e-01
1.2383369820e+00   1.2169058292e+00   9.6023146068e-01
1.2162799239e+00   1.2424051742e+00   9.6441564093e-01
1.1923346837e+00   1.2657264853e+00   9.6891412582e-01
1.1923029989e+00   1.2657547621e+00   9.6892006230e-01
1.1919860124e+00   1.2660373035e+00   9.6897945156e-01
1.1888023996e+00   1.2688398502e+00   9.6957578117e-01
1.1631208143e+00   1.2892554362e+00   9.7438228778e-01
1.1363038642e+00   1.3068071287e+00   9.7940909676e-01
1.1087157202e+00   1.3212511085e+00   9.8460637613e-01
1.1086801023e+00   1.3212675038e+00   9.8461310912e-01
1.1083238858e+00   1.3214311598e+00   9.8468044964e-01
1.1047581812e+00   1.3230379925e+00   9.8535489278e-01
1.0767261480e+00   1.3337112833e+00   9.9068266695e-01
1.0486697260e+00   1.3409602353e+00   9.9606685751e-01
1.0209039721e+00   1.3447394524e+00   1.0014530101e+00
9.9371408323e-01   1.3450679429e+00   1.0067873152e+00
9.9367979402e-01   1.3450661817e+00   1.0067940808e+00
9.9333697674e-01   1.3450482662e+00   1.0068617266e+00
9.8991638251e-01   1.3448388034e+00   1.0075372236e+00
9.6368978836e-01   1.3413273847e+00   1.0127486140e+00
9.3853462707e-01   1.3346023348e+00   1.0177994231e+00
9.1462635965e-01   1.3248515277e+00   1.0226436788e+00
8.9210612275e-01   1.3123007054e+00   1.0272393440e+00
8.9207826344e-01   1.3122829698e+00   1.0272450450e+00
8.9179980524e-01   1.3121053846e+00   1.0273020291e+00
8.8902875355e-01   1.3103067534e+00   1.0278692760e+00
8.6822530251e-01   1.2948714056e+00   1.0321352969e+00
8.4900834619e-01   1.2772062995e+00   1.0360778658e+00
8.3142910142e-01   1.2575998995e+00   1.0396696345e+00
8.1551733018e-01   1.2363443740e+00   1.0428881932e+00
8.1549805726e-01   1.2363162620e+00   1.0428920620e+00
8.1530547921e-01   1.2360350201e+00   1.0429307149e+00
8.1339481440e-01   1.2332105144e+00   1.0433137185e+00
7.9940082526e-01   1.2104254240e+00   1.0460849158e+00
7.8708211389e-01   1.1866012377e+00   1.0484510769e+00
7.7642312915e-01   1.1620051637e+00   1.0504044597e+00
7.6739992709e-01   1.1368885521e+00   1.0519414688e+00
7.6738942358e-01   1.1368562027e+00   1.0519431674e+00
7.6728453288e-01   1.1365326828e+00   1.0519601159e+00
7.6625005494e-01   1.1332950204e+00   1.0521258573e+00
7.5905782147e-01   1.1078682645e+00   1.0531878701e+00
7.5343202824e-01   1.0823971458e+00   1.0538382089e+00
7.4933561581e-01   1.0570729819e+00   1.0540840880e+00
7.4673033159e-01   1.0320672424e+00   1.0539354239e+00
7.4672793822e-01   1.0320355371e+00   1.0539349862e+00
7.4670413513e-01   1.0317185272e+00   1.0539305751e+00
7.4647914992e-01   1.0285527410e+00   1.0538830304e+00
7.4552954047e-01   1.0040956367e+00   1.0532989514e+00
7.4598902731e-01   9.8026042506e-01   1.0523490763e+00
7.4782042964e-01   9.5716125276e-01   1.0510496417e+00
7.5098766307e-01   9.3489654035e-01   1.0494182796e+00
7.5545580669e-01   9.1355043406e-01   1.0474737630e+00
7.5546233861e-01   9.1352375756e-01   1.0474710843e+00
7.5552777173e-01   9.1325708168e-01   1.0474442709e+00
7.5619348220e-01   9.1059926541e-01   1.0471735059e+00
7.6210587605e-01   8.9038876647e-01   1.0448955044e+00
7.6924782577e-01   8.7123603796e-01   1.0423473753e+00
7.7758710452e-01   8.5319009017e-01   1.0395501185e+00
7.8709168347e-01   8.3629173512e-01   1.0365251031e+00
7.9772927530e-01   8.2057491526e-01   1.0332939447e+00
7.9774358946e-01   8.2055558640e-01   1.0332896902e+00
7.9788683002e-01   8.2036240669e-01   1.0332471283e+00
7.9932911319e-01   8.1844150596e-01   1.0328198614e+00
8.1122002413e-01   8.0410828573e-01   1.0293799186e+00
8.2417140641e-01   7.9101183239e-01   1.0257805211e+00
8.3814647489e-01   7.7917214302e-01   1.0220434955e+00
8.5310564039e-01   7.6860686081e-01   1.0181906205e+00
8.6900576161e-01   7.5933210979e-01   1.0142435979e+00
8.8579935369e-01   7.5136322862e-01   1.0102240359e+00
8.8582137861e-01   7.5135388089e-01   1.0102188586e+00
8.8604170342e-01   7.5126052238e-01   1.0101670814e+00
8.8825249172e-01   7.5033882518e-01   1.0096488611e+00
9.0600163707e-01   7.4387975861e-01   1.0055727628e+00
9.2452403356e-01   7.3875957538e-01   1.0014700793e+00
9.4375301978e-01   7.3499478039e-01   9.9736212788e-01
9.6361399890e-01   7.3260302841e-01   9.9327015973e-01
9.8402355392e-01   7.3160330326e-01   9.8921538042e-01
9.8404996516e-01   7.3160292457e-01   9.8921022822e-01
9.8431411856e-01   7.3159926479e-01   9.8915871154e-01
9.8695971040e-01   7.3157537838e-01   9.8864407971e-01
1.0078812587e+00   7.3219024752e-01   9.8465767257e-01
1.0291391280e+00   7.3424232597e-01   9.8075382265e-01
1.0506169189e+00   7.3775442639e-01   9.7695372870e-01
1.0721863836e+00   7.4274990410e-01   9.7327861943e-01
1.0937070381e+00   7.4925200685e-01   9.6974975669e-01
1.0937344624e+00   7.4926129563e-01   9.6974534687e-01
1.0940086875e+00   7.4935432090e-01   9.6970126377e-01
1.0967490585e+00   7.5029833553e-01   9.6926194950e-01
1.1180262976e+00   7.5854804162e-01   9.6592612504e-01
1.1389123171e+00   7.6834941927e-01   9.6278213954e-01
1.1592286312e+00   7.7971851822e-01   9.5985122638e-01
1.1787860960e+00   7.9266595953e-01   9.5715449871e-01
1.1973864084e+00   8.0719491956e-01   9.5471285173e-01
1.1974094936e+00   8.0721450933e-01   9.5470990160e-01
1.1976402417e+00   8.0741054881e-01   9.5468042507e-01
1.1999371719e+00   8.0938511129e-01   9.5438814862e-01
1.2171929867e+00   8.2571134549e-01   9.5226289073e-01
1.2330465137e+00   8.4358974808e-01   9.5043608571e-01
1.2472870630e+00   8.6298384074e-01   9.4892692774e-01
1.2597075070e+00   8.8383856775e-01   9.4775360646e-01
1.2701089852e+00   9.0607725627e-01   9.4693301058e-01
1.2701209126e+00   9.0610653956e-01   9.4693219376e-01
1.2702399883e+00   9.0639948798e-01   9.4692405874e-01
1.2714108219e+00   9.0934047474e-01   9.4684602615e-01
1.2792810991e+00   9.3303422387e-01   9.4644676004e-01
1.2847590858e+00   9.5786171496e-01   9.4643039384e-01
1.2877074495e+00   9.8366086955e-01   9.4680735799e-01
1.2880202860e+00   1.0102387255e+00   9.4758516663e-01
1.2880189650e+00   1.0102731181e+00   9.4758642003e-01
1.2880055116e+00   1.0106170934e+00   9.4759899051e-01
1.2878465984e+00   1.0140617433e+00   9.4772834165e-01
1.2850675171e+00   1.0412529838e+00   9.4896876558e-01
1.2795552907e+00   1.0687061503e+00   9.5061430008e-01
1.2713330890e+00   1.0961356194e+00   9.5266053400e-01
1.2604708756e+00   1.1232327349e+00   9.5509850652e-01
1.2604553404e+00   1.1232670348e+00   9.5510186951e-01
1.2602997613e+00   1.1236099744e+00   9.5513553348e-01
1.2587213105e+00   1.1270333006e+00   9.5547556854e-01
1.2449899290e+00   1.1533516299e+00   9.5834377754e-01
1.2289239194e+00   1.1786277553e+00   9.6156822949e-01
1.2107324780e+00   1.2025246662e+00   9.6512459517e-01
1.1906603036e+00   1.2247143589e+00   9.6898375070e-01
1.1906335465e+00   1.2247415063e+00   9.6898886553e-01
1.1903658303e+00   1.2250127986e+00   9.6904003807e-01
1.1876743311e+00   1.2277074234e+00   9.6955417038e-01
1.1657900304e+00   1.2475706952e+00   9.7371772335e-01
1.1426352557e+00   1.2650987275e+00   9.7810708236e-01
1.1185173072e+00   1.2800523306e+00   9.8268058929e-01
1.0937459951e+00   1.2922368726e+00   9.8739385930e-01
1.0937140315e+00   1.2922506135e+00   9.8739995624e-01
1.0933943646e+00   1.2923877592e+00   9.8746093399e-01
1.0901947066e+00   1.2937329152e+00   9.8807153043e-01
1.0650487626e+00   1.3025812256e+00   9.9288765956e-01
1.0398852865e+00   1.3084150294e+00   9.9774298502e-01
1.0149740495e+00   1.3112040570e+00   1.0025898127e+00
9.9056089765e-01   1.3109707413e+00   1.0073811317e+00
9.9053009470e-01   1.3109685338e+00   1.0073872035e+00
9.9022212991e-01   1.3109461932e+00   1.0074479114e+00
9.8714904799e-01   1.3106962649e+00   1.0080540597e+00
9.6357074169e-01   1.3071023372e+00   1.0127264115e+00
9.4092437270e-01   1.3006948922e+00   1.0172484094e+00
9.1936716860e-01   1.2916349597e+00   1.0215799322e+00
8.9902820328e-01   1.2801151101e+00   1.0256842348e+00
8.8001000875e-01   1.2663524901e+00   1.0295283309e+00
8.7998657061e-01   1.2663335542e+00   1.0295330671e+00
8.7975231522e-01   1.2661440143e+00   1.0295804035e+00
8.7742239034e-01   1.2642306625e+00   1.0300511513e+00
8.6000676540e-01   1.2481947945e+00   1.0335629321e+00
8.4405290511e-01   1.2304322076e+00   1.0367576045e+00
8.2959571609e-01   1.2111939612e+00   1.0396152445e+00
8.1665424772e-01   1.1907300282e+00   1.0421201314e+00
8.0523435957e-01   1.1692848371e+00   1.0442606297e+00
8.0522072941e-01   1.1692568875e+00   1.0442631298e+00
8.0508456432e-01   1.1689773247e+00   1.0442880981e+00
8.0373655590e-01   1.1661751049e+00   1.0445344290e+00
7.9404777331e-01   1.1438964179e+00   1.0462495807e+00
7.8585993110e-01   1.1211255617e+00   1.0475882753e+00
7.7915241088e-01   1.0980695987e+00   1.0485503476e+00
7.7389998312e-01   1.0749200088e+00   1.0491387280e+00
7.7007417450e-01   1.0518519985e+00   1.0493591471e+00
7.7007018266e-01   1.0518226221e+00   1.0493591967e+00
7.7003038973e-01   1.0515288794e+00   1.0493596600e+00
7.6964500173e-01   1.0485936969e+00   1.0493610601e+00
7.6741078888e-01   1.0258120439e+00   1.0491714886e+00
7.6653611250e-01   1.0034321655e+00   1.0486342740e+00
7.6698841815e-01   9.8157872228e-01   1.0477620359e+00
7.6873503265e-01   9.6036162633e-01   1.0465690163e+00
7.7174342640e-01   9.3987704877e-01   1.0450708338e+00
7.7174806735e-01   9.3985136002e-01   1.0450687297e+00
7.7179458745e-01   9.3959454606e-01   1.0450476626e+00
7.7227083089e-01   9.3703379081e-01   1.0448344059e+00
7.7668065304e-01   9.1748721381e-01   1.0430083105e+00
7.8228343622e-01   8.9883821387e-01   1.0409141163e+00
7.8904729540e-01   8.8114735310e-01   1.0385703962e+00
7.9694022295e-01   8.6446636494e-01   1.0359963047e+00
8.0592977808e-01   8.4883933166e-01   1.0332114406e+00
8.1598270370e-01   8.3430381147e-01   1.0302357307e+00
8.1599622507e-01   8.3428593717e-01   1.0302318119e+00
8.1613153123e-01   8.3410729535e-01   1.0301926088e+00
8.1749383060e-01   8.3233099963e-01   1.0297990519e+00
8.2871874829e-01   8.1908090779e-01   1.0266300679e+00
8.4093089843e-01   8.0698566666e-01   1.0233135908e+00
8.5409128522e-01   7.9606890693e-01   1.0198700190e+00
8.6815789334e-01   7.8635163516e-01   1.0163197794e+00
8.8308503829e-01   7.7785295909e-01   1.0126832925e+00
8.9882268309e-01   7.7059072197e-01   1.0089809476e+00
8.9884330353e-01   7.7058223430e-01   1.0089761797e+00
8.9904957593e-01   7.7049747037e-01   1.0089284972e+00
9.0111907066e-01   7.6966111316e-01   1.0084512725e+00
9.1771454709e-01   7.6383173285e-01   1.0046985987e+00
9.3499538023e-01   7.5927513993e-01   1.0009235771e+00
9.5289317058e-01   7.5600826849e-01   9.9714643810e-01
9.7133216394e-01   7.5404837694e-01   9.9338736279e-01
9.9022855141e-01   7.5341315379e-01   9.8966649042e-01
1.0094898165e+00   7.5412069907e-01   9.8600392548e-01
1.0095146380e+00   7.5412247130e-01   9.8599928788e-01
1.0097628765e+00   7.5414031605e-01   9.8595291893e-01
1.0122475843e+00   7.5433101368e-01   9.8548994390e-01
1.0318004526e+00   7.5659437499e-01   9.8191851336e-01
1.0514881747e+00   7.6023974512e-01   9.7844835861e-01
1.0711876238e+00   7.6528480411e-01   9.7509949352e-01
1.0907654021e+00   7.7174596811e-01   9.7189188693e-01
1.1100779393e+00   7.7963752013e-01   9.6884543719e-01
1.1101024009e+00   7.7964853232e-01   9.6884165318e-01
1.1103469793e+00   7.7975878395e-01   9.6880382936e-01
1.1127889313e+00   7.8087427168e-01   9.6842722792e-01
1.1316104795e+00   7.9041253646e-01   9.6558900108e-01
1.1498272397e+00   8.0139928647e-01   9.6295410477e-01
1.1672677539e+00   8.1383402389e-01   9.6054186741e-01
1.1837543534e+00   8.2770817053e-01   9.5837124935e-01
1.1991052255e+00   8.4300306499e-01   9.5646070785e-01
1.1991240500e+00   8.4302352114e-01   9.5645843892e-01
1.1993121763e+00   8.4322820767e-01   9.5643577467e-01
1.2011814884e+00   8.4528756542e-01   9.5621164001e-01
1.2150111913e+00   8.6216623298e-01   9.5461979860e-01
1.2273144029e+00   8.8038144016e-01   9.5332506366e-01
1.2379153515e+00   8.9986814324e-01   9.5234308359e-01
1.2466479503e+00   9.2054171062e-01   9.5168810510e-01
1.2533601992e+00   9.4229580081e-01   9.5137267407e-01
1.2533674299e+00   9.4232425775e-01   9.5137249282e-01
1.2534395425e+00   9.4260891274e-01   9.5137071181e-01
1.2541412243e+00   9.4546396400e-01   9.5135605631e-01
1.2583846103e+00   9.6829173936e-01   9.5144110185e-01
1.2603508887e+00   9.9189160523e-01   9.5188531018e-01
1.2599621171e+00   1.0160800086e+00   9.5269369417e-01
1.2571726621e+00   1.0406484426e+00   9.5386814511e-01
1.2519724273e+00   1.0653649028e+00   9.5540710379e-01
1.2519642418e+00   1.0653964978e+00   9.5540930324e-01
1.2518821727e+00   1.0657124378e+00   9.5543133007e-01
1.2510400423e+00   1.0688707836e+00   9.5565482845e-01
1.2431229817e+00   1.0934459475e+00   9.5760332130e-01
1.2329021058e+00   1.1176068256e+00   9.5990008592e-01
1.2204881454e+00   1.1410700664e+00   9.6253109503e-01
1.2060285707e+00   1.1635471558e+00   9.6547809309e-01
1.2060088450e+00   1.1635751440e+00   9.6548205471e-01
1.2058114193e+00   1.1638549107e+00   9.6552169734e-01
1.2038204649e+00   1.1666409897e+00   9.6592075512e-01
1.1872480328e+00   1.1876417432e+00   9.6920090763e-01
1.1690529321e+00   1.2070539772e+00   9.7274404763e-01
1.1494716338e+00   1.2246200766e+00   9.7651941023e-01
1.1287569433e+00   1.2401075902e+00   9.8049289687e-01
1.1287298403e+00   1.2401259747e+00   9.8049808930e-01
1.1284587318e+00   1.2403096140e+00   9.8055002805e-01
1.1257399370e+00   1.2421253941e+00   9.8107084887e-01
1.1040521422e+00   1.2549958501e+00   9.8522526844e-01
1.0817961162e+00   1.2654033776e+00   9.8949596635e-01
1.0592325478e+00   1.2732316692e+00   9.9384195633e-01
1.0366120046e+00   1.2784084024e+00   9.9822142348e-01
1.0365831446e+00   1.2784133081e+00   9.9822702721e-01
1.0362945609e+00   1.2784621237e+00   9.9828306375e-01
1.0334104517e+00   1.2789261493e+00   9.9884333291e-01
1.0110119971e+00   1.2810436868e+00   1.0032097605e+00
9.8903827833e-01   1.2805038231e+00   1.0075205591e+00
9.6768166776e-01   1.2773697046e+00   1.0117357935e+00
9.4711137030e-01   1.2717417640e+00   1.0158174232e+00
9.2747290662e-01   1.2637531137e+00   1.0197298175e+00
9.2744844510e-01   1.2637414529e+00   1.0197346978e+00
9.2720392487e-01   1.2636246470e+00   1.0197834826e+00
9.2476827043e-01   1.2624368662e+00   1.0202694966e+00
9.0634199100e-01   1.2519501464e+00   1.0239487112e+00
8.8908192853e-01   1.2394731651e+00   1.0273923562e+00
8.7306421194e-01   1.2252066669e+00   1.0305747463e+00
8.5834627592e-01   1.2093616147e+00   1.0334737964e+00
8.4496895710e-01   1.1921542232e+00   1.0360710848e+00
8.4495272178e-01   1.1921314399e+00   1.0360742062e+00
8.4479049166e-01   1.1919035044e+00   1.0361053917e+00
8.4318050316e-01   1.1896139536e+00   1.0364143916e+00
8.3136564093e-01   1.1711161223e+00   1.0386492322e+00
8.2093301546e-01   1.1517168527e+00   1.0405550459e+00
8.1188513706e-01   1.1316227120e+00   1.0421245671e+00
8.0421634823e-01   1.1110310919e+00   1.0433537799e+00
7.9791446622e-01   1.0901283229e+00   1.0442417102e+00
7.9790727586e-01   1.0901014700e+00   1.0442426277e+00
7.9783549360e-01   1.0898329284e+00   1.0442517717e+00
7.9712980272e-01   1.0871463673e+00   1.0443401584e+00
7.9236748088e-01   1.0661002589e+00   1.0448407630e+00
7.8893037847e-01   1.0450994001e+00   1.0450071482e+00
7.8679413254e-01   1.0242889935e+00   1.0448463501e+00
7.8593241663e-01   1.0038006501e+00   1.0443674430e+00
7.8631754013e-01   9.8375270859e-01   1.0435812988e+00
7.8631881868e-01   9.8372740065e-01   1.0435801020e+00
7.8633171372e-01   9.8347437044e-01   1.0435681074e+00
7.8647160714e-01   9.8094903475e-01   1.0434455149e+00
7.8824550590e-01   9.6153246800e-01   1.0423238189e+00
7.9120416431e-01   9.4276789574e-01   1.0409231727e+00
7.9531776581e-01   9.2473626825e-01   1.0392586668e+00
8.0055604013e-01   9.0750844520e-01   1.0373463337e+00
8.0688818561e-01   8.9114617257e-01   1.0352029849e+00
8.1428270289e-01   8.7570307145e-01   1.0328460646e+00
8.1429282502e-01   8.7568393258e-01   1.0328429216e+00
8.1439413890e-01   8.7549263078e-01   1.0328114738e+00
8.1541652588e-01   8.7358832234e-01   1.0324952448e+00
8.2398446589e-01   8.5925132701e-01   1.0299164134e+00
8.3354373464e-01   8.4592551569e-01   1.0271629307e+00
8.4405874255e-01   8.3364518074e-01   1.0242534723e+00
8.5549177959e-01   8.2244027843e-01   1.0212069211e+00
8.6780253528e-01   8.1233720201e-01   1.0180423033e+00
8.8094757934e-01   8.0335948342e-01   1.0147787362e+00
8.8096490298e-01   8.0334873290e-01   1.0147745077e+00
8.8113821021e-01   8.0324133090e-01   1.0147322160e+00
8.8287834214e-01   8.0217763421e-01   1.0143085909e+00
8.9691825083e-01   7.9451094858e-01   1.0109554728e+00
9.1168632738e-01   7.8801319350e-01   1.0075444837e+00
9.2712564147e-01   7.8270259701e-01   1.0040948049e+00
9.4317373310e-01   7.7859656881e-01   1.0006255961e+00
9.5976201754e-01   7.7571196151e-01   9.9715598530e-01
9.7681521115e-01   7.7406523057e-01   9.9370506199e-01
9.7683728112e-01   7.7406392421e-01   9.9370066923e-01
9.7705801518e-01   7.7405097340e-01   9.9365674497e-01
9.7926875982e-01   7.7393275103e-01   9.9321785079e-01
9.9675149179e-01   7.7371928269e-01   9.8981155758e-01
1.0145129242e+00   7.7477768678e-01   9.8646468725e-01
1.0324535372e+00   7.7712295441e-01   9.8319617295e-01
1.0504653837e+00   7.8076909166e-01   9.8002487954e-01
1.0684319651e+00   7.8572862455e-01   9.7696958570e-01
1.0862282870e+00   7.9201194491e-01   9.7404895746e-01
1.0862508790e+00   7.9202083073e-01   9.7404531684e-01
1.0864767717e+00   7.9210980874e-01   9.7400892448e-01
1.0887329106e+00   7.9301156694e-01   9.7364638734e-01
1.1061714280e+00   8.0081545248e-01   9.7090217291e-01
1.1231449733e+00   8.0995414662e-01   9.6833203387e-01
1.1395048724e+00   8.2042515949e-01   9.6595397155e-01
1.1550969287e+00   8.3221930497e-01   9.6378561905e-01
1.1697629964e+00   8.4531915568e-01   9.6184413128e-01
1.1833429434e+00   8.5969735573e-01   9.6014605150e-01
1.1833595450e+00   8.5971654492e-01   9.6014404274e-01
1.1835254488e+00   8.5990854838e-01   9.6012397845e-01
1.1851732048e+00   8.6183971698e-01   9.5992567440e-01
1.1973176292e+00   8.7762916249e-01   9.5852478988e-01
1.2080377429e+00   8.9459654994e-01   9.5739991952e-01
1.2171843092e+00   9.1267149360e-01   9.5656453382e-01
1.2246182478e+00   9.3176623682e-01   9.5603066887e-01
1.2302142901e+00   9.5177416389e-01   9.5580866717e-01
1.2302202213e+00   9.5180028176e-01   9.5580858674e-01
1.2302793583e+00   9.5206153122e-01   9.5580781128e-01
1.2308531685e+00   9.5468105055e-01   9.5580294187e-01
1.2342198900e+00   9.7557573501e-01   9.5594718288e-01
1.2355441625e+00   9.9708710194e-01   9.5641844700e-01
1.2347679411e+00   1.0190442243e+00   9.5721992601e-01
1.2318612783e+00   1.0412562750e+00   9.5835195331e-01
1.2268246516e+00   1.0635141535e+00   9.5981175088e-01
1.2268168578e+00   1.0635425506e+00   9.5981382520e-01
1.2267387311e+00   1.0638265050e+00   9.5983459726e-01
1.2259385980e+00   1.0666643390e+00   9.6004520971e-01
1.2185112175e+00   1.0886988093e+00   9.6187163327e-01
1.2090630910e+00   1.1102827086e+00   9.6400846657e-01
1.1976956681e+00   1.1311701757e+00   9.6644199384e-01
1.1845405783e+00   1.1511132009e+00   9.6915487293e-01
1.1697568598e+00   1.1698673310e+00   9.7212620211e-01
1.1697369882e+00   1.1698904500e+00   9.7213015712e-01
1.1695381428e+00   1.1701215117e+00   9.7216972834e-01
1.1675367621e+00   1.1724192048e+00   9.7256753635e-01
1.1511178896e+00   1.1895292502e+00   9.7580409012e-01
1.1334849613e+00   1.2049666948e+00   9.7924319610e-01
1.1148555992e+00   1.2185370628e+00   9.8285420953e-01
1.0954554203e+00   1.2300730860e+00   9.8660414882e-01
1.0755126482e+00   1.2394389159e+00   9.9045818808e-01
1.0754868960e+00   1.2394494560e+00   9.9046316775e-01
1.0752293455e+00   1.2395546526e+00   9.9051297056e-01
1.0726511009e+00   1.2405861237e+00   9.9101159316e-01
1.0523643773e+00   1.2473519444e+00   9.9494027494e-01
1.0320094471e+00   1.2517753113e+00   9.9889481486e-01
1.0117917293e+00   1.2538338761e+00   1.0028382383e+00
9.9190178329e-01   1.2535417477e+00   1.0067340828e+00
9.7251299496e-01   1.2509476576e+00   1.0105469434e+00
9.7248859052e-01   1.2509428980e+00   1.0105517513e+00
9.7224460523e-01   1.2508951014e+00   1.0105998199e+00
9.6981073380e-01   1.2503971812e+00   1.0110794387e+00
9.5118233764e-01   1.2452746002e+00   1.0147562518e+00
9.3336276999e-01   1.2380569847e+00   1.0182800505e+00
9.1646519661e-01   1.2288804758e+00   1.0216217287e+00
9.0058399875e-01   1.2179003856e+00   1.0247548997e+00
8.8579581571e-01   1.2052866943e+00   1.0276561165e+00
8.7216090366e-01   1.1912196485e+00   1.0303050193e+00
8.7214422721e-01   1.1912008090e+00   1.0303082374e+00
8.7197757064e-01   1.1910123004e+00   1.0303403938e+00
8.7032181342e-01   1.1891159066e+00   1.0306595248e+00
8.5805865453e-01   1.1736173099e+00   1.0329994561e+00
8.4703009941e-01   1.1570671750e+00   1.0350541341e+00
8.3725547274e-01   1.1396527705e+00   1.0368131278e+00
8.2874450221e-01   1.1215571058e+00   1.0382690444e+00
8.2149884833e-01   1.1029566369e+00   1.0394173975e+00
8.2149039149e-01   1.1029326012e+00   1.0394186681e+00
8.2140593642e-01   1.1026922136e+00   1.0394313456e+00
8.2057272063e-01   1.1002853937e+00   1.0395553365e+00
8.1476552718e-01   1.0813135031e+00   1.0403504912e+00
8.1020634012e-01   1.0621849500e+00   1.0408374741e+00
8.0687982447e-01   1.0430459671e+00   1.0410197883e+00
8.0476731908e-01   1.0240315880e+00   1.0409030650e+00
8.0384756317e-01   1.0052654773e+00   1.0404948554e+00
8.0409727046e-01   9.8686002680e-01   1.0398044246e+00
8.0409832798e-01   9.8683676618e-01   1.0398033655e+00
8.0410900609e-01   9.8660420168e-01   1.0397927499e+00
8.0422607003e-01   9.8428276554e-01   1.0396841580e+00
8.0578073075e-01   9.6641260601e-01   1.0386847092e+00
8.0844999765e-01   9.4910759446e-01   1.0374277379e+00
8.1220644641e-01   9.3244748272e-01   1.0359266433e+00
8.1702162971e-01   9.1650296904e-01   1.0341957832e+00
8.2286605009e-01   9.0133646584e-01   1.0322503240e+00
8.2970905059e-01   8.8700289495e-01   1.0301061060e+00
8.2971842685e-01   8.8698512040e-01   1.0301032438e+00
8.2981227640e-01   8.8680745415e-01   1.0300746053e+00
8.3075945070e-01   8.8503874211e-01   1.0297865874e+00
8.3870354880e-01   8.7171496621e-01   1.0274354749e+00
8.4757572916e-01   8.5932025594e-01   1.0249212595e+00
8.5734021947e-01   8.4789112304e-01   1.0222611801e+00
8.6795895264e-01   8.3745975023e-01   1.0194727403e+00
8.7939116842e-01   8.2805465140e-01   1.0165736420e+00
8.9159298141e-01   8.1970127284e-01   1.0135817304e+00
9.0451692255e-01   8.1242252925e-01   1.0105149484e+00
9.0453388980e-01   8.1241391863e-01   1.0105109865e+00
9.0470362260e-01   8.1232791095e-01   1.0104713624e+00
9.0640695975e-01   8.1147769710e-01   1.0100746189e+00
9.2009225187e-01   8.0545151920e-01   1.0069443590e+00
9.3438370990e-01   8.0054259911e-01   1.0037778267e+00
9.4921947163e-01   7.9676856367e-01   1.0005930617e+00
9.6453210344e-01   7.9414591605e-01   9.9740808872e-01
9.8024815807e-01   7.9269015176e-01   9.9424090061e-01
9.9628777670e-01   7.9241577553e-01   9.9110944394e-01
1.0125643542e+00   7.9333621205e-01   9.8803160364e-01
1.0125852803e+00   7.9333815931e-01   9.8802770979e-01
1.0127945548e+00   7.9335774047e-01   9.8798877773e-01
1.0148885482e+00   7.9356441345e-01   9.8760010791e-01
1.0313208328e+00   7.9586401760e-01   9.8460526544e-01
1.0477808536e+00   7.9938245319e-01   9.8170205526e-01
1.0641597176e+00   8.0412786129e-01   9.7890803639e-01
1.0803415770e+00   8.1010564310e-01   9.7624060123e-01
1.0962040074e+00   8.1731771251e-01   9.7371693002e-01
1.1116186110e+00   8.2576160581e-01   9.7135393331e-01
1.1116379792e+00   8.2577318933e-01   9.7135102161e-01
1.1118316088e+00   8.2588913465e-01   9.7132192055e-01
1.1137626151e+00   8.2705959526e-01   9.7103251200e-01
1.1285022982e+00   8.3690016628e-01   9.6887323643e-01
1.1425034014e+00   8.4794758673e-01   9.6690959530e-01
1.1556256823e+00   8.6017832882e-01   9.6515710951e-01
1.1677283931e+00   8.7355942780e-01   9.6363062239e-01
1.1786723890e+00   8.8804703736e-01   9.6234415260e-01
1.1883225323e+00   9.0358497799e-01   9.6131072672e-01
1.1883339884e+00   9.0360549124e-01   9.6130957242e-01
1.1884484209e+00   9.0381071197e-01   9.6129805328e-01
1.1895798880e+00   9.0587171150e-01   9.6118525046e-01
1.1975959311e+00   9.2252271572e-01   9.6045519782e-01
1.2040547978e+00   9.4005589864e-01   9.6000186072e-01
1.2088521350e+00   9.5836794721e-01   9.5983385284e-01
1.2118995942e+00   9.7733867049e-01   9.5995792025e-01
1.2131277598e+00   9.9683072522e-01   9.6037870577e-01
1.2124888420e+00   1.0166898586e+00   9.6109851653e-01
1.2124868168e+00   1.0167154173e+00   9.6109962860e-01
1.2124663948e+00   1.0169710227e+00   9.6111077620e-01
1.2122451442e+00   1.0195287724e+00   9.6122494059e-01
1.2094464322e+00   1.0395979259e+00   9.6228575901e-01
1.2047611099e+00   1.0596516707e+00   9.6364169021e-01
1.1982218309e+00   1.0794912716e+00   9.6528638295e-01
1.1898885373e+00   1.0989090455e+00   9.6721042652e-01
1.1798479223e+00   1.1176920244e+00   9.6940128704e-01
1.1798340351e+00   1.1177155452e+00   9.6940425306e-01
1.1796950198e+00   1.1179506763e+00   9.6943393587e-01
1.1782905608e+00   1.1202942501e+00   9.6973301688e-01
1.1664387022e+00   1.1380907052e+00   9.7220923838e-01
1.1531476982e+00   1.1547985074e+00   9.7491500560e-01
1.1385755573e+00   1.1702171127e+00   9.7782828695e-01
1.1228963757e+00   1.1841598712e+00   9.8092438249e-01
1.1062962638e+00   1.1964586058e+00   9.8417621711e-01
1.1062745290e+00   1.1964732155e+00   9.8418046286e-01
1.1060571163e+00   1.1966191513e+00   9.8422293176e-01
1.1038765402e+00   1.1980623314e+00   9.8464874682e-01
1.0864620540e+00   1.2083071028e+00   9.8804274616e-01
1.0685456154e+00   1.2166280125e+00   9.9152822442e-01
1.0503230843e+00   1.2229384103e+00   9.9507319353e-01
1.0319850770e+00   1.2271821887e+00   9.9864505334e-01
1.0137136300e+00   1.2293343741e+00   1.0022110810e+00
9.9567944037e-01   1.2294007557e+00   1.0057389142e+00
9.9565659973e-01   1.2293995173e+00   1.0057433874e+00
9.9542822901e-01   1.2293869488e+00   1.0057881129e+00
9.9314815141e-01   1.2292428254e+00   1.0062347252e+00
9.7557632892e-01   1.2269721112e+00   1.0096804391e+00
9.5856017484e-01   1.2227245791e+00   1.0130219609e+00
9.4222382500e-01   1.2165909643e+00   1.0162309066e+00
9.2667525529e-01   1.2086830934e+00   1.0192809092e+00
9.1200651559e-01   1.1991303663e+00   1.0221478875e+00
8.9829435249e-01   1.1880761119e+00   1.0248102553e+00
8.9827745855e-01   1.1880610798e+00   1.0248135204e+00
8.9810861095e-01   1.1879106370e+00   1.0248461516e+00
8.9642933471e-01   1.1863941566e+00   1.0251704429e+00
8.8388501405e-01   1.1738135723e+00   1.0275761491e+00
8.7241471444e-01   1.1600686833e+00   1.0297400202e+00
8.6205395962e-01   1.1453237883e+00   1.0316490167e+00
8.5282778850e-01   1.1297434592e+00   1.0332928570e+00
8.4475207040e-01   1.1134900354e+00   1.0346639583e+00
8.3783476861e-01   1.0967215108e+00   1.0357573437e+00
8.3782666589e-01   1.0966998039e+00   1.0357585628e+00
8.3774574307e-01   1.0964827024e+00   1.0357707281e+00
8.3694694756e-01   1.0943084972e+00   1.0358898589e+00
8.3135366111e-01   1.0771371489e+00   1.0366631973e+00
8.2691457757e-01   1.0597670055e+00   1.0371563325e+00
8.2361997146e-01   1.0423329577e+00   1.0373715890e+00
8.2145633725e-01   1.0249607883e+00   1.0373132777e+00
8.2040706196e-01   1.0077668432e+00   1.0369875217e+00
8.2045297144e-01   9.9085794558e-01   1.0364020806e+00
8.2045372238e-01   9.9083654841e-01   1.0364011696e+00
8.2046132837e-01   9.9062261116e-01   1.0363920362e+00
8.2054703710e-01   9.8848672885e-01   1.0362984533e+00
8.2181741367e-01   9.7202194651e-01   1.0354278241e+00
8.2413511705e-01   9.5603973929e-01   1.0343188429e+00
8.2747518695e-01   9.4061849337e-01   1.0329833181e+00
8.3181117577e-01   9.2582847129e-01   1.0314340274e+00
8.3711516707e-01   9.1173239697e-01   1.0296845811e+00
8.4335771869e-01   8.9838608045e-01   1.0277492973e+00
8.5050773883e-01   8.8583906124e-01   1.0256430882e+00
8.5051744902e-01   8.8582354776e-01   1.0256402920e+00
8.5061462959e-01   8.8566848881e-01   1.0256123159e+00
8.5159428609e-01   8.8412550599e-01   1.0253311637e+00
8.5974019950e-01   8.7254464541e-01   1.0230486322e+00
8.6872051530e-01   8.6185106498e-01   1.0206286597e+00
8.7849753755e-01   8.5207870920e-01   1.0180874178e+00
8.8903086021e-01   8.4325777022e-01   1.0154413238e+00
9.0027701705e-01   8.3541519992e-01   1.0127069832e+00
9.1218911012e-01   8.2857516780e-01   1.0099011396e+00
9.2471642480e-01   8.2275945807e-01   1.0070406331e+00
9.3780404044e-01   8.1798780042e-01   1.0041423639e+00
9.3782111003e-01   8.1798237489e-01   1.0041386408e+00
9.3799185095e-01   8.1792821517e-01   1.0041014078e+00
9.3970373852e-01   8.1739617824e-01   1.0037288990e+00
9.5335812196e-01   8.1383860502e-01   1.0008082125e+00
9.6743925627e-01   8.1136153128e-01   9.9788602846e-01
9.8187660384e-01   8.0997955165e-01   9.9497925327e-01
9.9659400315e-01   8.0970575244e-01   9.9210474597e-01
1.0115094466e+00   8.1055161602e-01   9.8927929473e-01
1.0265349399e+00   8.1252682539e-01   9.8651959167e-01
1.0415764636e+00   8.1563896349e-01   9.8384220430e-01
1.0415956662e+00   8.1564367345e-01   9.8383884032e-01
1.0417876841e+00   8.1569087583e-01   9.8380520936e-01
1.0437070637e+00   8.1617317432e-01   9.8346979557e-01
1.0586443096e+00   8.2058965341e-01   9.8090646507e-01
1.0733765176e+00   8.2615017881e-01   9.7846035184e-01
1.0877920027e+00   8.3285253402e-01   9.7614737894e-01
1.1017744676e+00   8.4068995872e-01   9.7398315363e-01
1.1152038427e+00   8.4965027025e-01   9.7198289511e-01
1.1279573582e+00   8.5971488633e-01   9.7016134885e-01
1.1399108618e+00   8.7085776534e-01   9.6853268652e-01
1.1399255821e+00   8.7087269079e-01   9.6853073319e-01
1.1400727021e+00   8.7102203926e-01   9.6851121847e-01
1.1415355316e+00   8.7252489873e-01   9.6831793398e-01
1.1524239492e+00   8.8485620283e-01   9.6692597675e-01
1.1622493782e+00   8.9817965857e-01   9.6575476991e-01
1.1708946263e+00   9.1243843790e-01   9.6481585736e-01
1.1782490941e+00   9.2756364789e-01   9.6411962943e-01
1.1842111719e+00   9.4347341113e-01   9.6367514612e-01
1.1886907118e+00   9.6007214779e-01   9.6348995040e-01
1.1886954567e+00   9.6009376916e-01   9.6348988226e-01
1.1887427654e+00   9.6031003503e-01   9.6348922473e-01
1.1892017900e+00   9.6247785865e-01   9.6348503752e-01
1.1918960596e+00   9.7972834377e-01   9.6360295881e-01
1.1929645983e+00   9.9741537504e-01   9.6399032163e-01
1.1923687349e+00   1.0153991522e+00   9.6464864906e-01
1.1900903573e+00   1.0335269245e+00   9.6557716882e-01
1.1861332892e+00   1.0516344010e+00   9.6677265821e-01
1.1805241419e+00   1.0695477116e+00   9.6822931753e-01
1.1805159303e+00   1.0695704173e+00   9.6823134410e-01
1.1804336702e+00   1.0697974399e+00   9.6825163259e-01
1.1795966695e+00   1.0720642085e+00   9.6845678757e-01
1.1721629873e+00   1.0895342205e+00   9.7020117637e-01
1.1632112115e+00   1.1064176955e+00   9.7218528248e-01
1.1528381485e+00   1.1225291594e+00   9.7439483849e-01
1.1411601736e+00   1.1376867662e+00   9.7681294330e-01
1.1283108459e+00   1.1517162202e+00   9.7942018975e-01
1.1144380362e+00   1.1644546892e+00   9.8219485121e-01
1.1144197081e+00   1.1644700871e+00   9.8219849652e-01
1.1142363487e+00   1.1646239370e+00   9.8223496259e-01
1.1123950513e+00   1.1661494177e+00   9.8260090441e-01
1.0975483553e+00   1.1772341416e+00   9.8553752642e-01
1.0820277282e+00   1.1867345679e+00   9.8858842009e-01
1.0665460144e+00   1.1943134624e+00   9.9162038393e-01
