X    Y
0.0000000000e+00   0.0000000000e+00
1.5640273705e-02   2.3785760011e-04
3.1280547410e-02   2.6258444635e-04
4.6920821114e-02   2.9295022013e-04
6.2561094819e-02   3.3035531083e-04
7.8201368524e-02   3.7633867746e-04
9.3841642229e-02   4.3249622264e-04
1.0948191593e-01   5.0030421652e-04
1.2512218964e-01   5.8080775262e-04
1.4076246334e-01   6.7413345739e-04
1.5640273705e-01   7.7880236404e-04
1.7204301075e-01   8.9086404765e-04
1.8768328446e-01   1.0029491978e-03
2.0332355816e-01   1.1034192214e-03
2.1896383187e-01   5.2308393919e-04
2.3460410557e-01   1.4115953161e-03
2.5024437928e-01   1.4002390046e-03
2.6588465298e-01   1.2707076526e-03
2.8152492669e-01   9.6981852072e-04
2.9716520039e-01   5.6797391268e-04
3.1280547410e-01   1.0407840310e-04
3.2844574780e-01   1.2900973160e-04
3.4408602151e-01   6.1437264726e-04
3.5972629521e-01   1.0134727564e-03
3.7536656891e-01   1.3062929466e-03
3.9100684262e-01   1.4529001504e-03
4.0664711632e-01   1.4591775887e-03
4.2228739003e-01   5.4160838406e-04
4.3792766373e-01   9.2774115069e-04
4.5356793744e-01   2.9539974665e-06
4.6920821114e-01   5.5745477990e-04
4.8484848485e-01   2.3228456902e-04
5.0048875855e-01   1.2509147593e-04
5.1612903226e-01   2.5899314473e-05
5.3176930596e-01   5.6589405067e-06
5.4740957967e-01   8.2295923962e-07
5.6304985337e-01   1.2326869822e-04
5.7869012708e-01   1.5015536228e-04
5.9433040078e-01   7.4564388954e-05
6.0997067449e-01   1.8999111269e-04
6.2561094819e-01   1.9931803550e-04
6.4125122190e-01   2.0730395860e-04
6.5689149560e-01   2.1554422592e-04
6.7253176931e-01   2.2518640147e-04
6.8817204301e-01   2.3716025792e-04
7.0381231672e-01   2.5235533723e-04
7.1945259042e-01   2.7175734486e-04
7.3509286413e-01   2.9655428302e-04
7.5073313783e-01   3.2821974922e-04
7.6637341153e-01   3.6857391679e-04
7.8201368524e-01   4.1981258071e-04
7.9765395894e-01   4.8448072999e-04
8.1329423265e-01   5.6534892244e-04
8.2893450635e-01   6.6512941459e-04
8.4457478006e-01   7.8594975202e-04
8.6021505376e-01   9.2849800624e-04
8.7585532747e-01   2.2556248658e-04
8.9149560117e-01   4.2768319931e-04
9.0713587488e-01   4.8842752221e-04
9.2277614858e-01   5.4412692540e-04
9.3841642229e-01   1.1949355066e-03
9.5405669599e-01   4.9482353941e-04
9.6969696970e-01   6.6044304803e-04
9.8533724340e-01   1.0991111469e-03
1.0009775171e+00   1.1417407513e-03
1.0166177908e+00   7.0457794775e-04
1.0322580645e+00   7.8829355981e-05
1.0478983382e+00   5.3055225304e-04
1.0635386119e+00   1.0785728219e-03
1.0791788856e+00   1.4949287859e-03
1.0948191593e+00   1.6195470961e-03
1.1104594330e+00   1.6481160602e-03
1.1260997067e+00   6.7905435050e-04
1.1417399804e+00   1.3620256225e-03
1.1573802542e+00   1.0659674456e-03
1.1730205279e+00   1.3923109463e-04
1.1886608016e+00   2.0664623188e-04
1.2043010753e+00   1.5528879239e-06
1.2199413490e+00   1.9154177147e-06
1.2355816227e+00   2.0996226694e-06
1.2512218964e+00   3.4302003445e-05
1.2668621701e+00   9.0932779133e-05
1.2825024438e+00   1.1825726562e-04
1.2981427175e+00   1.2229435891e-04
1.3137829912e+00   1.2296189503e-04
1.3294232649e+00   1.2217952522e-04
1.3450635386e+00   1.2108744356e-04
1.3607038123e+00   1.2031425598e-04
1.3763440860e+00   1.2018220667e-04
1.3919843597e+00   1.2085538278e-04
1.4076246334e+00   1.2244065181e-04
1.4232649071e+00   1.2505482778e-04
1.4389051808e+00   1.2887090896e-04
1.4545454545e+00   1.3415396088e-04
1.4701857283e+00   1.4129474580e-04
1.4858260020e+00   1.5084705113e-04
1.5014662757e+00   1.6357282986e-04
1.5171065494e+00   1.8049734506e-04
1.5327468231e+00   2.0297377108e-04
1.5483870968e+00   2.3275198321e-04
1.5640273705e+00   2.7203786116e-04
1.5796676442e+00   3.2351510569e-04
1.5953079179e+00   3.9027907077e-04
1.6109481916e+00   4.7560092093e-04
1.6265884653e+00   2.0282512763e-04
1.6422287390e+00   1.2969023132e-03
1.6578690127e+00   1.5739079728e-03
1.6735092864e+00   7.3860717103e-04
1.6891495601e+00   1.6693019401e-03
1.7047898338e+00   1.8984057391e-03
1.7204301075e+00   2.0752994796e-03
1.7360703812e+00   2.7429793093e-04
1.7517106549e+00   1.0966366732e-05
1.7673509286e+00   9.0325323406e-04
1.7829912023e+00   1.7388656962e-03
1.7986314761e+00   2.2846618286e-04
1.8142717498e+00   1.0157086940e-04
1.8299120235e+00   2.3885889120e-04
1.8455522972e+00   6.0929732515e-04
1.8611925709e+00   9.4860643471e-04
1.8768328446e+00   1.3595725685e-03
1.8924731183e+00   4.7380981335e-04
1.9081133920e+00   2.0260606206e-03
1.9237536657e+00   6.2623811040e-04
1.9393939394e+00   8.7383715521e-04
1.9550342131e+00   5.0375846778e-04
1.9706744868e+00   7.0774864245e-06
1.9863147605e+00   5.7644399450e-05
2.0019550342e+00   1.0077657143e-04
2.0175953079e+00   5.6880590851e-05
2.0332355816e+00   6.0840521551e-05
2.0488758553e+00   9.1109121726e-06
2.0645161290e+00   2.9745116979e-04
2.0801564027e+00   2.8168132284e-04
2.0957966764e+00   2.6536848625e-04
2.1114369501e+00   1.1661636432e-04
2.1270772239e+00   2.5768653135e-04
2.1427174976e+00   2.4790206385e-04
2.1583577713e+00   2.4115629051e-04
2.1739980450e+00   2.3710591131e-04
2.1896383187e+00   2.3542753167e-04
2.2052785924e+00   2.3590983242e-04
2.2209188661e+00   2.3850236175e-04
2.2365591398e+00   2.4334438833e-04
2.2521994135e+00   2.5079175746e-04
2.2678396872e+00   2.6145297719e-04
2.2834799609e+00   2.7624239567e-04
2.2991202346e+00   2.9645601163e-04
2.3147605083e+00   3.2387355345e-04
2.3304007820e+00   3.6088748041e-04
2.3460410557e+00   4.1065323104e-04
2.3616813294e+00   4.7724236090e-04
2.3773216031e+00   5.6575661934e-04
2.3929618768e+00   6.8232106016e-04
2.4086021505e+00   8.3381399416e-04
2.4242424242e+00   1.0271153374e-03
2.4398826979e+00   2.7125092573e-04
2.4555229717e+00   5.2257908620e-04
2.4711632454e+00   1.3814835915e-03
2.4868035191e+00   1.6361968058e-03
2.5024437928e+00   7.8639520971e-04
2.5180840665e+00   3.0896738850e-03
2.5337243402e+00   3.2501356823e-03
2.5493646139e+00   1.1926652243e-03
2.5650048876e+00   5.7926303646e-05
2.5806451613e+00   2.0488418650e-03
2.5962854350e+00   1.2357821503e-03
2.6119257087e+00   1.3602912733e-04
2.6275659824e+00   5.7009771725e-04
2.6432062561e+00   1.1105987469e-03
2.6588465298e+00   5.7790890434e-04
2.6744868035e+00   2.6843152188e-03
2.6901270772e+00   1.0100440089e-03
2.7057673509e+00   1.7072540368e-03
2.7214076246e+00   3.1817045805e-04
2.7370478983e+00   4.2261040128e-04
2.7526881720e+00   6.8896776947e-05
2.7683284457e+00   9.8136723900e-05
2.7839687195e+00   1.0763260509e-05
2.7996089932e+00   1.0988286825e-04
2.8152492669e+00   2.3007936752e-04
2.8308895406e+00   3.1272593681e-04
2.8465298143e+00   3.1497386581e-04
2.8621700880e+00   5.8484038786e-06
2.8778103617e+00   3.3785736998e-06
2.8934506354e+00   3.7616123523e-06
2.9090909091e+00   2.3100667024e-04
2.9247311828e+00   2.1885123424e-04
2.9403714565e+00   2.1064618120e-04
2.9560117302e+00   2.0615517551e-04
2.9716520039e+00   2.0511345205e-04
2.9872922776e+00   2.0738322125e-04
3.0029325513e+00   2.1304068421e-04
3.0185728250e+00   2.2243080648e-04
3.0342130987e+00   2.3620887345e-04
3.0498533724e+00   2.5539082332e-04
3.0654936461e+00   2.8141069516e-04
3.0811339198e+00   3.1618676444e-04
3.0967741935e+00   3.6218449032e-04
3.1124144673e+00   4.2245080975e-04
3.1280547410e+00   5.0057275518e-04
3.1436950147e+00   6.0048273798e-04
3.1593352884e+00   7.2599546812e-04
3.1749755621e+00   3.7470349780e-04
3.1906158358e+00   1.2313457723e-03
3.2062561095e+00   3.8037455898e-04
3.2218963832e+00   7.7573573706e-04
3.2375366569e+00   8.9310243582e-04
3.2531769306e+00   1.2178828310e-03
3.2688172043e+00   1.2788527844e-03
3.2844574780e+00   4.2553360200e-04
3.3000977517e+00   8.5559228838e-04
3.3157380254e+00   1.4479409019e-03
3.3313782991e+00   1.0506867082e-03
3.3470185728e+00   4.8012012787e-04
3.3626588465e+00   2.6554234054e-04
3.3782991202e+00   1.0298217076e-03
3.3939393939e+00   1.6748084806e-03
3.4095796676e+00   2.0918705204e-03
3.4252199413e+00   2.2178310608e-03
3.4408602151e+00   2.0854908308e-03
3.4565004888e+00   5.3103109934e-04
3.4721407625e+00   7.3729134645e-04
3.4877810362e+00   3.6300029919e-04
3.5034213099e+00   5.2557793261e-05
3.5190615836e+00   6.3322126830e-05
3.5347018573e+00   1.7375320394e-05
3.5503421310e+00   1.7588061389e-04
3.5659824047e+00   2.5564755729e-04
3.5816226784e+00   3.0019087042e-04
3.5972629521e+00   3.0505630207e-04
3.6129032258e+00   3.0009210276e-04
3.6285434995e+00   2.8898938286e-04
3.6441837732e+00   2.7632794520e-04
3.6598240469e+00   2.6452390875e-04
3.6754643206e+00   2.5460788444e-04
3.6911045943e+00   2.4681876778e-04
3.7067448680e+00   2.4099620157e-04
3.7223851417e+00   2.3682044247e-04
3.7380254154e+00   2.3394547230e-04
3.7536656891e+00   2.3206391751e-04
3.7693059629e+00   2.3093211745e-04
3.7849462366e+00   2.3037433481e-04
3.8005865103e+00   2.3027791505e-04
3.8162267840e+00   2.3058625070e-04
3.8318670577e+00   2.3129330240e-04
3.8475073314e+00   2.3244168779e-04
3.8631476051e+00   2.3412555107e-04
3.8787878788e+00   2.3649926490e-04
3.8944281525e+00   2.3979330107e-04
3.9100684262e+00   2.4433924069e-04
3.9257086999e+00   2.5060685688e-04
3.9413489736e+00   2.5925752297e-04
3.9569892473e+00   2.7121992945e-04
3.9726295210e+00   2.8779627024e-04
3.9882697947e+00   3.1080961777e-04
4.0039100684e+00   3.4280581633e-04
4.0195503421e+00   3.8732495623e-04
4.0351906158e+00   4.4925620565e-04
4.0508308895e+00   5.3528103529e-04
4.0664711632e+00   6.5438527362e-04
4.0821114370e+00   8.1836560948e-04
4.0977517107e+00   1.0421500078e-03
4.1133919844e+00   1.3435715266e-03
4.1290322581e+00   1.7419797045e-03
4.1446725318e+00   1.1449193798e-03
4.1603128055e+00   2.3358402156e-03
4.1759530792e+00   9.1235333230e-04
4.1915933529e+00   1.1299210048e-03
4.2072336266e+00   1.0334499697e-03
4.2228739003e+00   5.4649141525e-03
4.2385141740e+00   5.8952625696e-03
4.2541544477e+00   5.9836081957e-03
4.2697947214e+00   3.3665799315e-03
4.2854349951e+00   5.3573301016e-03
4.3010752688e+00   4.0666261554e-03
4.3167155425e+00   2.4105661067e-03
4.3323558162e+00   5.6278275229e-04
4.3479960899e+00   1.1916051523e-03
4.3636363636e+00   2.5564390414e-03
4.3792766373e+00   3.3185925762e-03
4.3949169110e+00   3.4231166418e-03
4.4105571848e+00   3.0050225014e-03
4.4261974585e+00   2.2862763129e-03
4.4418377322e+00   7.8901875848e-04
4.4574780059e+00   4.9253430148e-04
4.4731182796e+00   2.9203229398e-04
4.4887585533e+00   2.8720171411e-04
4.5043988270e+00   2.4300297367e-04
4.5200391007e+00   1.4044051621e-04
4.5356793744e+00   1.9842541681e-04
4.5513196481e+00   1.6907262383e-04
4.5669599218e+00   1.5167350298e-04
4.5826001955e+00   1.1374999759e-04
4.5982404692e+00   3.8449966989e-05
4.6138807429e+00   1.6574307090e-04
4.6295210166e+00   3.2405937751e-05
4.6451612903e+00   3.4850845665e-05
4.6608015640e+00   2.3050436369e-04
4.6764418377e+00   1.7681364721e-04
4.6920821114e+00   1.5982664770e-04
4.7077223851e+00   1.3781996869e-04
4.7233626588e+00   1.1004595846e-04
4.7390029326e+00   7.5718606165e-05
4.7546432063e+00   3.4117665533e-05
4.7702834800e+00   1.5251487592e-05
4.7859237537e+00   7.2435584147e-05
4.8015640274e+00   1.3675430903e-04
4.8172043011e+00   2.0649279572e-04
4.8328445748e+00   2.7862719785e-04
4.8484848485e+00   3.4867985896e-04
4.8641251222e+00   8.5305207594e-04
4.8797653959e+00   8.8674306237e-04
4.8954056696e+00   1.0070373261e-03
4.9110459433e+00   9.8512746507e-04
4.9266862170e+00   7.9380311787e-04
4.9423264907e+00   3.4501453841e-04
4.9579667644e+00   3.0384246998e-04
4.9736070381e+00   2.0873625891e-04
4.9892473118e+00   5.1816326464e-05
5.0048875855e+00   3.8852920739e-04
5.0205278592e+00   5.4088718975e-04
5.0361681329e+00   6.3434150438e-04
5.0518084066e+00   2.3926825959e-04
5.0674486804e+00   1.4154893895e-05
5.0830889541e+00   7.8975308252e-04
5.0987292278e+00   5.0131669058e-04
5.1143695015e+00   4.1163398724e-04
5.1300097752e+00   2.7482830052e-04
5.1456500489e+00   1.9333240464e-04
5.1612903226e+00   1.8006589830e-04
5.1769305963e+00   1.7620632453e-04
5.1925708700e+00   1.2741029848e-04
5.2082111437e+00   1.5572083090e-04
5.2238514174e+00   8.6230776351e-05
5.2394916911e+00   6.9740232601e-05
5.2551319648e+00   5.6520389844e-05
5.2707722385e+00   4.4473347083e-05
5.2864125122e+00   3.1917825184e-05
5.3020527859e+00   1.7442780737e-05
5.3176930596e+00   2.3447591223e-07
5.3333333333e+00   2.2389921353e-05
5.3489736070e+00   5.0386270129e-05
5.3646138807e+00   8.5732217119e-05
5.3802541544e+00   1.3009820927e-04
5.3958944282e+00   1.8527246990e-04
5.4115347019e+00   2.5303177030e-04
5.4271749756e+00   3.3489259672e-04
5.4428152493e+00   4.3170476266e-04
5.4584555230e+00   5.4306050857e-04
5.4740957967e+00   6.6652035266e-04
5.4897360704e+00   7.9674569296e-04
5.5053763441e+00   9.2471380829e-04
5.5210166178e+00   1.0373334013e-03
5.5366568915e+00   7.4347240049e-05
5.5522971652e+00   1.8763683860e-04
5.5679374389e+00   2.1874787474e-04
5.5835777126e+00   2.3524105856e-04
5.5992179863e+00   2.3398729146e-04
5.6148582600e+00   2.1390430658e-04
5.6304985337e+00   1.7649247749e-04
5.6461388074e+00   1.2580055857e-04
5.6617790811e+00   6.7521299289e-05
5.6774193548e+00   6.9707687824e-06
5.6930596285e+00   5.3262893552e-05
5.7086999022e+00   1.1138622729e-04
5.7243401760e+00   1.4929421886e-04
5.7399804497e+00   9.1264157354e-05
5.7556207234e+00   2.3667494071e-04
5.7712609971e+00   1.0482145631e-03
5.7869012708e+00   2.3097324295e-03
5.8025415445e+00   3.3058528531e-03
5.8181818182e+00   3.0477293427e-03
5.8338220919e+00   2.7122533919e-03
5.8494623656e+00   2.4252726675e-03
5.8651026393e+00   2.1246514647e-03
5.8807429130e+00   1.8168937133e-03
5.8963831867e+00   1.5041838843e-03
5.9120234604e+00   1.1853000048e-03
5.9276637341e+00   8.5646623749e-04
5.9433040078e+00   5.1200739649e-04
5.9589442815e+00   1.4477035434e-04
5.9745845552e+00   2.5369561415e-04
5.9902248289e+00   6.9326303637e-04
6.0058651026e+00   1.1858216393e-03
6.0215053763e+00   1.7465656304e-03
6.0371456500e+00   2.3960590853e-03
6.0527859238e+00   3.1627302297e-03
6.0684261975e+00   4.0847190769e-03
6.0840664712e+00   5.2091949682e-03
6.0997067449e+00   6.5867946193e-03
6.1153470186e+00   8.2592691058e-03
6.1309872923e+00   1.0240282016e-02
6.1466275660e+00   1.2492720386e-02
6.1622678397e+00   1.4910235972e-02
6.1779081134e+00   1.7314245518e-02
6.1935483871e+00   1.9477409300e-02
6.2091886608e+00   2.1270039437e-02
6.2248289345e+00   2.3498524184e-02
6.2404692082e+00   2.3580601045e-02
6.2561094819e+00   2.5335148281e-02
6.2717497556e+00   2.5076095175e-02
6.2873900293e+00   2.4719065554e-02
6.3030303030e+00   2.2749688417e-02
6.3186705767e+00   2.0017755714e-02
6.3343108504e+00   1.6561396439e-02
6.3499511241e+00   1.2842552760e-02
6.3655913978e+00   8.8101652894e-03
6.3812316716e+00   4.7828419988e-03
6.3968719453e+00   1.1936133070e-03
6.4125122190e+00   2.2649164174e-03
6.4281524927e+00   4.9911724027e-03
6.4437927664e+00   7.3072470574e-03
6.4594330401e+00   8.9094111840e-03
6.4750733138e+00   1.0012586513e-02
6.4907135875e+00   1.0916519189e-02
6.5063538612e+00   1.0918405543e-02
6.5219941349e+00   1.0725810083e-02
6.5376344086e+00   1.0439699694e-02
6.5532746823e+00   1.0075399103e-02
6.5689149560e+00   9.4985332185e-03
6.5845552297e+00   9.0339459238e-03
6.6001955034e+00   8.5692647833e-03
6.6158357771e+00   8.1062881045e-03
6.6314760508e+00   7.6371694984e-03
6.6471163245e+00   7.1498374112e-03
6.6627565982e+00   6.6291436279e-03
6.6783968719e+00   6.0571568195e-03
6.6940371457e+00   5.4128114552e-03
6.7096774194e+00   4.6710599821e-03
6.7253176931e+00   3.8016182603e-03
6.7409579668e+00   2.7673515691e-03
6.7565982405e+00   1.5223317342e-03
6.7722385142e+00   9.6159491662e-06
6.7878787879e+00   1.8411292790e-03
6.8035190616e+00   4.1158851731e-03
6.8191593353e+00   6.9178828890e-03
6.8347996090e+00   1.0367605423e-02
6.8504398827e+00   1.4599670621e-02
6.8660801564e+00   1.9754396336e-02
6.8817204301e+00   2.5961281420e-02
6.8973607038e+00   3.3311682569e-02
6.9130009775e+00   4.0882946653e-02
6.9286412512e+00   5.0923079909e-02
6.9442815249e+00   6.0143648355e-02
6.9599217986e+00   7.0503796467e-02
6.9755620723e+00   8.1904731494e-02
6.9912023460e+00   9.0274620291e-02
7.0068426197e+00   9.6874102454e-02
7.0224828935e+00   1.0111293196e-01
7.0381231672e+00   9.9588269049e-02
7.0537634409e+00   9.5801869353e-02
7.0694037146e+00   8.8008550390e-02
7.0850439883e+00   7.6536016802e-02
7.1006842620e+00   6.1844110303e-02
7.1163245357e+00   4.5014566756e-02
7.1319648094e+00   2.7271403203e-02
7.1476050831e+00   9.9941202175e-03
7.1632453568e+00   5.6547563443e-03
7.1788856305e+00   1.9540178632e-02
7.1945259042e+00   2.8539684091e-02
7.2101661779e+00   3.6481601619e-02
7.2258064516e+00   4.0645107106e-02
7.2414467253e+00   4.3137515046e-02
7.2570869990e+00   4.3910171520e-02
7.2727272727e+00   4.3785527233e-02
7.2883675464e+00   4.3175248324e-02
7.3040078201e+00   4.2415103173e-02
7.3196480938e+00   4.1620406323e-02
7.3352883675e+00   4.0835693011e-02
7.3509286413e+00   4.0157978159e-02
7.3665689150e+00   3.9472218705e-02
7.3822091887e+00   3.9026792703e-02
7.3978494624e+00   3.8672995429e-02
7.4134897361e+00   3.8391615947e-02
7.4291300098e+00   3.8164823729e-02
7.4447702835e+00   3.7977297304e-02
7.4604105572e+00   3.7816323016e-02
7.4760508309e+00   3.7671375178e-02
7.4916911046e+00   3.7533473189e-02
7.5073313783e+00   3.7394463298e-02
7.5229716520e+00   3.7246277415e-02
7.5386119257e+00   3.7080161967e-02
7.5542521994e+00   3.6885831593e-02
7.5698924731e+00   3.6650474123e-02
7.5855327468e+00   3.6357506333e-02
7.6011730205e+00   3.5984947767e-02
7.6168132942e+00   3.5503237093e-02
7.6324535679e+00   3.4872257098e-02
7.6480938416e+00   3.4037256365e-02
7.6637341153e+00   3.2923254996e-02
7.6793743891e+00   3.1427400406e-02
7.6950146628e+00   2.9408609492e-02
7.7106549365e+00   2.6673731657e-02
7.7262952102e+00   2.2890571486e-02
7.7419354839e+00   1.8098196274e-02
7.7575757576e+00   1.1251937779e-02
7.7732160313e+00   1.9751118298e-03
7.7888563050e+00   1.0527550932e-02
7.8044965787e+00   2.7228957699e-02
7.8201368524e+00   4.9243680924e-02
7.8357771261e+00   7.7717132089e-02
7.8514173998e+00   1.1360495390e-01
7.8670576735e+00   1.5733112918e-01
7.8826979472e+00   2.0837843214e-01
7.8983382209e+00   2.6570157339e-01
7.9139784946e+00   3.2409392680e-01
7.9296187683e+00   3.8304008276e-01
7.9452590420e+00   4.3491739594e-01
7.9608993157e+00   4.7768214597e-01
7.9765395894e+00   5.0726685033e-01
7.9921798631e+00   5.2460381131e-01
8.0078201369e+00   5.2733637725e-01
8.0234604106e+00   5.1551525178e-01
8.0391006843e+00   4.8423164443e-01
8.0547409580e+00   4.3689829869e-01
8.0703812317e+00   3.7112812602e-01
8.0860215054e+00   2.8776471171e-01
8.1016617791e+00   1.9034345964e-01
8.1173020528e+00   8.5728406890e-02
8.1329423265e+00   1.6444448134e-02
8.1485826002e+00   1.0595458415e-01
8.1642228739e+00   1.7508242412e-01
8.1798631476e+00   2.2066905871e-01
8.1955034213e+00   2.4518728131e-01
8.2111436950e+00   2.5092271939e-01
8.2267839687e+00   2.4632552103e-01
8.2424242424e+00   2.3583639394e-01
8.2580645161e+00   2.2319323695e-01
8.2737047898e+00   2.1081588832e-01
8.2893450635e+00   1.9956775954e-01
8.3049853372e+00   1.8990164250e-01
8.3206256109e+00   1.8170515012e-01
8.3362658847e+00   1.7464685454e-01
8.3519061584e+00   1.6824152538e-01
8.3675464321e+00   1.6209040710e-01
8.3831867058e+00   1.5630369468e-01
8.3988269795e+00   1.4965501369e-01
8.4144672532e+00   1.4180838863e-01
8.4301075269e+00   1.3306241445e-01
8.4457478006e+00   1.2252242446e-01
8.4613880743e+00   1.0996870317e-01
8.4770283480e+00   9.5095897201e-02
8.4926686217e+00   7.7675295413e-02
8.5083088954e+00   5.7603994253e-02
8.5239491691e+00   3.4962694253e-02
8.5395894428e+00   1.0071884002e-02
8.5552297165e+00   1.6468573115e-02
8.5708699902e+00   4.3772767020e-02
8.5865102639e+00   7.0706625661e-02
8.6021505376e+00   9.5971174429e-02
8.6177908113e+00   1.1809025526e-01
8.6334310850e+00   1.3597893239e-01
8.6490713587e+00   1.4861444872e-01
8.6647116325e+00   1.5552563590e-01
8.6803519062e+00   1.5527120141e-01
8.6959921799e+00   1.4843896845e-01
8.7116324536e+00   1.3546222499e-01
8.7272727273e+00   1.1677569722e-01
8.7429130010e+00   9.4312418666e-02
8.7585532747e+00   6.8581643730e-02
8.7741935484e+00   4.1419802374e-02
8.7898338221e+00   1.3716770941e-02
8.8054740958e+00   1.1528901974e-02
8.8211143695e+00   3.5336505960e-02
8.8367546432e+00   5.5559667520e-02
8.8523949169e+00   7.2173342927e-02
8.8680351906e+00   8.5983142051e-02
8.8836754643e+00   9.6935948359e-02
8.8993157380e+00   1.0559327341e-01
8.9149560117e+00   1.1238028946e-01
8.9305962854e+00   1.1766584673e-01
8.9462365591e+00   1.2170887036e-01
8.9618768328e+00   1.2495535335e-01
8.9775171065e+00   1.2740354731e-01
8.9931573803e+00   1.2922799063e-01
9.0087976540e+00   1.3048114633e-01
9.0244379277e+00   1.3116430308e-01
9.0400782014e+00   1.3123361266e-01
9.0557184751e+00   1.3060331344e-01
9.0713587488e+00   1.2914659211e-01
9.0869990225e+00   1.2669507678e-01
9.1026392962e+00   1.2303847854e-01
9.1182795699e+00   1.1792652056e-01
9.1339198436e+00   1.1107602245e-01
9.1495601173e+00   1.0218668653e-01
9.1652003910e+00   9.0969359071e-02
9.1808406647e+00   7.7189628728e-02
9.1964809384e+00   6.0726742526e-02
9.2121212121e+00   4.1642470213e-02
9.2277614858e+00   2.0247413232e-02
9.2434017595e+00   2.8540315533e-03
9.2590420332e+00   2.6760044082e-02
9.2746823069e+00   5.0873335335e-02
9.2903225806e+00   7.2197309986e-02
9.3059628543e+00   9.1169358008e-02
9.3216031281e+00   1.0602049046e-01
9.3372434018e+00   1.1582032819e-01
9.3528836755e+00   1.1997126488e-01
9.3685239492e+00   1.1826149214e-01
9.3841642229e+00   1.1088870888e-01
9.3998044966e+00   9.8454489832e-02
9.4154447703e+00   8.1922343244e-02
9.4310850440e+00   6.2530070271e-02
9.4467253177e+00   4.1653941788e-02
9.4623655914e+00   2.0637501714e-02
9.4780058651e+00   6.1690863183e-04
9.4936461388e+00   1.7606508042e-02
9.5092864125e+00   3.3586558973e-02
9.5249266862e+00   4.7116561305e-02
9.5405669599e+00   5.8060605822e-02
9.5562072336e+00   6.6635947616e-02
9.5718475073e+00   7.3453179333e-02
9.5874877810e+00   7.8765588350e-02
9.6031280547e+00   8.3099980413e-02
9.6187683284e+00   8.6724560859e-02
9.6344086022e+00   8.9859602719e-02
9.6500488759e+00   9.2667371036e-02
9.6656891496e+00   9.5262865983e-02
9.6813294233e+00   9.7724848217e-02
9.6969696970e+00   1.0010517175e-01
9.7126099707e+00   1.0243560613e-01
9.7282502444e+00   1.0473194751e-01
9.7438905181e+00   1.0699544116e-01
9.7595307918e+00   1.0921156099e-01
9.7751710655e+00   1.1134622057e-01
9.7908113392e+00   1.1333969723e-01
9.8064516129e+00   1.1509901505e-01
9.8220918866e+00   1.1649018969e-01
9.8377321603e+00   1.1733237896e-01
9.8533724340e+00   1.1739632372e-01
9.8690127077e+00   1.1640927424e-01
9.8846529814e+00   1.1406786789e-01
9.9002932551e+00   1.1005944570e-01
9.9159335288e+00   1.0409154724e-01
9.9315738025e+00   9.5929048788e-02
9.9472140762e+00   8.5230537385e-02
9.9628543500e+00   7.2714325173e-02
9.9784946237e+00   5.7517720088e-02
9.9941348974e+00   4.1128307097e-02
1.0009775171e+01   2.3732353647e-02
1.0025415445e+01   6.6488710664e-03
1.0041055718e+01   9.3258496545e-03
1.0056695992e+01   2.2718498712e-02
1.0072336266e+01   3.3448108759e-02
1.0087976540e+01   4.0841104895e-02
1.0103616813e+01   4.4993421173e-02
1.0119257087e+01   4.5717537110e-02
1.0134897361e+01   4.3598003642e-02
1.0150537634e+01   3.8246782186e-02
1.0166177908e+01   3.2536618746e-02
1.0181818182e+01   2.6391855533e-02
1.0197458456e+01   2.0045061814e-02
1.0213098729e+01   1.3427115131e-02
1.0228739003e+01   7.3519443113e-03
1.0244379277e+01   1.9186256379e-03
1.0260019550e+01   2.8459783686e-03
1.0275659824e+01   6.9742931356e-03
1.0291300098e+01   1.0745631729e-02
1.0306940371e+01   1.4119323526e-02
1.0322580645e+01   1.7131430820e-02
1.0338220919e+01   2.0199089972e-02
1.0353861193e+01   2.3237019057e-02
1.0369501466e+01   2.6376882075e-02
1.0385141740e+01   2.9719114580e-02
1.0400782014e+01   3.3370138288e-02
1.0416422287e+01   3.7449126809e-02
1.0432062561e+01   4.2095501540e-02
1.0447702835e+01   4.7477353356e-02
1.0463343109e+01   5.3801072143e-02
1.0478983382e+01   6.1322435006e-02
1.0494623656e+01   7.0359226268e-02
1.0510263930e+01   8.1305061765e-02
1.0525904203e+01   9.4643326548e-02
1.0541544477e+01   1.1095878885e-01
1.0557184751e+01   1.3094221979e-01
1.0572825024e+01   1.5537988653e-01
1.0588465298e+01   1.8537871325e-01
1.0604105572e+01   2.2127707834e-01
1.0619745846e+01   2.6391792100e-01
1.0635386119e+01   3.1348283667e-01
1.0651026393e+01   3.6934861717e-01
1.0666666667e+01   4.2870961896e-01
1.0682306940e+01   4.9033350783e-01
1.0697947214e+01   5.4805331757e-01
1.0713587488e+01   5.9388388984e-01
1.0729227761e+01   6.2027022534e-01
1.0744868035e+01   6.2084780812e-01
1.0760508309e+01   5.9388855920e-01
1.0776148583e+01   5.3858347552e-01
1.0791788856e+01   4.5976111113e-01
1.0807429130e+01   3.6545967731e-01
1.0823069404e+01   2.6440961845e-01
1.0838709677e+01   1.6618714745e-01
1.0854349951e+01   7.6776816512e-02
1.0869990225e+01   9.5715651060e-04
1.0885630499e+01   5.9732015539e-02
1.0901270772e+01   1.0549270384e-01
1.0916911046e+01   1.3757766073e-01
1.0932551320e+01   1.5822164597e-01
1.0948191593e+01   1.6984827301e-01
1.0963831867e+01   1.7487300598e-01
1.0979472141e+01   1.7544910666e-01
1.0995112414e+01   1.7340591329e-01
1.1010752688e+01   1.6979438194e-01
1.1026392962e+01   1.6575254257e-01
1.1042033236e+01   1.6174622212e-01
1.1057673509e+01   1.5805337314e-01
1.1073313783e+01   1.5477194052e-01
1.1088954057e+01   1.5188915471e-01
1.1104594330e+01   1.4933156909e-01
1.1120234604e+01   1.4699691327e-01
1.1135874878e+01   1.4477138959e-01
1.1151515152e+01   1.4253648577e-01
1.1167155425e+01   1.4016871046e-01
1.1182795699e+01   1.3753460968e-01
1.1198435973e+01   1.3448239228e-01
1.1214076246e+01   1.3083063627e-01
1.1229716520e+01   1.2635388552e-01
1.1245356794e+01   1.2076444655e-01
1.1260997067e+01   1.1368932808e-01
1.1276637341e+01   1.0464103840e-01
1.1292277615e+01   9.2980947519e-02
1.1307917889e+01   7.7874329316e-02
1.1323558162e+01   5.8237415329e-02
1.1339198436e+01   3.2679502008e-02
1.1354838710e+01   4.6849651047e-04
1.1370478983e+01   4.2387149717e-02
1.1386119257e+01   9.8863574864e-02
1.1401759531e+01   1.6931739546e-01
1.1417399804e+01   2.5753523403e-01
1.1433040078e+01   3.6389952142e-01
1.1448680352e+01   4.9422371888e-01
1.1464320626e+01   6.3639430016e-01
1.1479960899e+01   7.9146140182e-01
1.1495601173e+01   9.4212628274e-01
1.1511241447e+01   1.0706302121e+00
1.1526881720e+01   1.1560150491e+00
1.1542521994e+01   1.1801906732e+00
1.1558162268e+01   1.1341413683e+00
1.1573802542e+01   1.0226946991e+00
1.1589442815e+01   8.5533381682e-01
1.1605083089e+01   6.6506580981e-01
1.1620723363e+01   4.7229972462e-01
1.1636363636e+01   2.9067863518e-01
1.1652003910e+01   1.3650774347e-01
1.1667644184e+01   1.0293273679e-02
1.1683284457e+01   8.6642742026e-02
1.1698924731e+01   1.5747285784e-01
1.1714565005e+01   2.0635759398e-01
1.1730205279e+01   2.3788651064e-01
1.1745845552e+01   2.5629735182e-01
1.1761485826e+01   2.6547291694e-01
1.1777126100e+01   2.6814866609e-01
1.1792766373e+01   2.6704867749e-01
1.1808406647e+01   2.6397358170e-01
1.1824046921e+01   2.6012949254e-01
1.1839687195e+01   2.5638091651e-01
1.1855327468e+01   2.5308959897e-01
1.1870967742e+01   2.5042129228e-01
1.1886608016e+01   2.4839443223e-01
1.1902248289e+01   2.4695120591e-01
1.1917888563e+01   2.4600406971e-01
1.1933528837e+01   2.4546275422e-01
1.1949169110e+01   2.4524763067e-01
1.1964809384e+01   2.4529452940e-01
1.1980449658e+01   2.4555474157e-01
1.1996089932e+01   2.4599260799e-01
1.2011730205e+01   2.4658204511e-01
1.2027370479e+01   2.4730261007e-01
1.2043010753e+01   2.4813520620e-01
1.2058651026e+01   2.4905719826e-01
1.2074291300e+01   2.5003647681e-01
1.2089931574e+01   2.5102384554e-01
1.2105571848e+01   2.5194300316e-01
1.2121212121e+01   2.5267740774e-01
1.2136852395e+01   2.5305357551e-01
1.2152492669e+01   2.5282110652e-01
1.2168132942e+01   2.5195718191e-01
1.2183773216e+01   2.4864155640e-01
1.2199413490e+01   2.4392188196e-01
1.2215053763e+01   2.3750867556e-01
1.2230694037e+01   2.2619221063e-01
1.2246334311e+01   2.1226586046e-01
1.2261974585e+01   1.9277712863e-01
1.2277614858e+01   1.6842303145e-01
1.2293255132e+01   1.4023697252e-01
1.2308895406e+01   1.0638412944e-01
1.2324535679e+01   7.0193032661e-02
1.2340175953e+01   3.5449408810e-02
1.2355816227e+01   3.2719405400e-03
1.2371456500e+01   2.6314778999e-02
1.2387096774e+01   4.9748635166e-02
1.2402737048e+01   6.5773073268e-02
1.2418377322e+01   7.3279659738e-02
1.2434017595e+01   7.5437554832e-02
1.2449657869e+01   6.8273091930e-02
1.2465298143e+01   6.0704845606e-02
1.2480938416e+01   4.9611447020e-02
1.2496578690e+01   3.7416134604e-02
1.2512218964e+01   2.6449959664e-02
1.2527859238e+01   1.6913986753e-02
1.2543499511e+01   9.2082399740e-03
1.2559139785e+01   3.3685489453e-03
1.2574780059e+01   5.5908425681e-04
1.2590420332e+01   3.1665246110e-03
1.2606060606e+01   4.7027990245e-03
1.2621700880e+01   5.4309807347e-03
1.2637341153e+01   4.9745962573e-03
1.2652981427e+01   4.3307880349e-03
1.2668621701e+01   2.7482257325e-03
1.2684261975e+01   6.6615670314e-04
1.2699902248e+01   1.9095907144e-03
1.2715542522e+01   5.3835479811e-03
1.2731182796e+01   9.7204080349e-03
1.2746823069e+01   1.5101812915e-02
1.2762463343e+01   2.1773242578e-02
1.2778103617e+01   3.0060257931e-02
1.2793743891e+01   4.0390881914e-02
1.2809384164e+01   5.3325466537e-02
1.2825024438e+01   6.9595736576e-02
1.2840664712e+01   9.0154953482e-02
1.2856304985e+01   1.1624116246e-01
1.2871945259e+01   1.4945501495e-01
1.2887585533e+01   1.9161206090e-01
1.2903225806e+01   2.4712810610e-01
1.2918866080e+01   3.1664935008e-01
1.2934506354e+01   4.0533469583e-01
1.2950146628e+01   5.1802068598e-01
1.2965786901e+01   6.6027910647e-01
1.2981427175e+01   8.3637624854e-01
1.2997067449e+01   1.0550124333e+00
1.3012707722e+01   1.3220026968e+00
1.3028347996e+01   1.6401058409e+00
1.3043988270e+01   2.0065122889e+00
1.3059628543e+01   2.4153524824e+00
1.3075268817e+01   2.8550845434e+00
1.3090909091e+01   3.3073964054e+00
1.3106549365e+01   3.7498206642e+00
1.3122189638e+01   4.1588469780e+00
1.3137829912e+01   4.5143408228e+00
1.3153470186e+01   4.8092998719e+00
1.3169110459e+01   5.0211483675e+00
1.3184750733e+01   5.1635332969e+00
1.3200391007e+01   5.2413018036e+00
1.3216031281e+01   5.2602642386e+00
1.3231671554e+01   5.2267624026e+00
1.3247311828e+01   5.1438440138e+00
1.3262952102e+01   5.0107886015e+00
1.3278592375e+01   4.8211515921e+00
1.3294232649e+01   4.5657062975e+00
1.3309872923e+01   4.2343272158e+00
1.3325513196e+01   3.8231751781e+00
1.3341153470e+01   3.3357566187e+00
1.3356793744e+01   2.7892499327e+00
1.3372434018e+01   2.2138934218e+00
1.3388074291e+01   1.6473172505e+00
1.3403714565e+01   1.1251622526e+00
1.3419354839e+01   6.7265792151e-01
1.3434995112e+01   3.0105084311e-01
1.3450635386e+01   9.2528083572e-03
1.3466275660e+01   2.1170965694e-01
1.3481915934e+01   3.7414066966e-01
1.3497556207e+01   4.9045497021e-01
1.3513196481e+01   5.7149173528e-01
1.3528836755e+01   6.2596444976e-01
1.3544477028e+01   6.6056086595e-01
1.3560117302e+01   6.8032525569e-01
1.3575757576e+01   6.8909268876e-01
1.3591397849e+01   6.8984458156e-01
1.3607038123e+01   6.8492534929e-01
1.3622678397e+01   6.7612074117e-01
1.3638318671e+01   6.6464753353e-01
1.3653958944e+01   6.5112261991e-01
1.3669599218e+01   6.3565943427e-01
1.3685239492e+01   6.1704344476e-01
1.3700879765e+01   5.9545817586e-01
1.3716520039e+01   5.6792354445e-01
1.3732160313e+01   5.3343859616e-01
1.3747800587e+01   4.9026831070e-01
1.3763440860e+01   4.3362910452e-01
1.3779081134e+01   3.6163546946e-01
1.3794721408e+01   2.7123426843e-01
1.3810361681e+01   1.5910778854e-01
1.3826001955e+01   2.8033676619e-02
1.3841642229e+01   1.2100804689e-01
1.3857282502e+01   2.8168706818e-01
1.3872922776e+01   4.4411576184e-01
1.3888563050e+01   5.9470522034e-01
1.3904203324e+01   7.2104683497e-01
1.3919843597e+01   8.0446263125e-01
1.3935483871e+01   8.4432654132e-01
1.3951124145e+01   8.4106533510e-01
1.3966764418e+01   7.9340170480e-01
1.3982404692e+01   7.1441877523e-01
1.3998044966e+01   6.1485461211e-01
1.4013685239e+01   5.0463890529e-01
1.4029325513e+01   3.9153396116e-01
1.4044965787e+01   2.8118441615e-01
1.4060606061e+01   1.7734166739e-01
1.4076246334e+01   8.1942085579e-02
1.4091886608e+01   3.8844167946e-03
1.4107526882e+01   7.9945388731e-02
1.4123167155e+01   1.4587118952e-01
1.4138807429e+01   2.0257631118e-01
1.4154447703e+01   2.5072669250e-01
1.4170087977e+01   2.9119334087e-01
1.4185728250e+01   3.2490339896e-01
1.4201368524e+01   3.5278454000e-01
1.4217008798e+01   3.7572301610e-01
1.4232649071e+01   3.9453320871e-01
1.4248289345e+01   4.0993697476e-01
1.4263929619e+01   4.2255127164e-01
1.4279569892e+01   4.3288253023e-01
1.4295210166e+01   4.4132607349e-01
1.4310850440e+01   4.4816865821e-01
1.4326490714e+01   4.5359206224e-01
1.4342130987e+01   4.5767563784e-01
1.4357771261e+01   4.6039590453e-01
1.4373411535e+01   4.6162152993e-01
1.4389051808e+01   4.6110241034e-01
1.4404692082e+01   4.5845203352e-01
1.4420332356e+01   4.5312300141e-01
1.4435972630e+01   4.4437675444e-01
1.4451612903e+01   4.3127276862e-01
1.4467253177e+01   4.1287491653e-01
1.4482893451e+01   3.8616480515e-01
1.4498533724e+01   3.5143455289e-01
1.4514173998e+01   3.0600642821e-01
1.4529814272e+01   2.4921459006e-01
1.4545454545e+01   1.7650314658e-01
1.4561094819e+01   9.1976535346e-02
1.4576735093e+01   9.7395609304e-03
1.4592375367e+01   1.1968647665e-01
1.4608015640e+01   2.3356388342e-01
1.4623655914e+01   3.4259614827e-01
1.4639296188e+01   4.3622946286e-01
1.4654936461e+01   5.0422184797e-01
1.4670576735e+01   5.4041344512e-01
1.4686217009e+01   5.3660194402e-01
1.4701857283e+01   5.0188152881e-01
1.4717497556e+01   4.4101788238e-01
1.4733137830e+01   3.6467268414e-01
1.4748778104e+01   2.7873977991e-01
1.4764418377e+01   1.9407881586e-01
1.4780058651e+01   1.1443642117e-01
1.4795698925e+01   4.3710701955e-02
1.4811339198e+01   1.7129481704e-02
1.4826979472e+01   6.8298202973e-02
1.4842619746e+01   1.1060938045e-01
1.4858260020e+01   1.4523463575e-01
1.4873900293e+01   1.7341148187e-01
1.4889540567e+01   1.9638674248e-01
1.4905180841e+01   2.1526271373e-01
1.4920821114e+01   2.3098413681e-01
1.4936461388e+01   2.4433320122e-01
1.4952101662e+01   2.5594089442e-01
1.4967741935e+01   2.6630697195e-01
1.4983382209e+01   2.7582332483e-01
1.4999022483e+01   2.8479731274e-01
1.5014662757e+01   2.9347296709e-01
1.5030303030e+01   3.0204897006e-01
1.5045943304e+01   3.1069301486e-01
1.5061583578e+01   3.1955256977e-01
1.5077223851e+01   3.2876224226e-01
1.5092864125e+01   3.3844792351e-01
1.5108504399e+01   3.4872774632e-01
1.5124144673e+01   3.5970966827e-01
1.5139784946e+01   3.7148525582e-01
1.5155425220e+01   3.8411906185e-01
1.5171065494e+01   3.9763294718e-01
1.5186705767e+01   4.1198491033e-01
1.5202346041e+01   4.2704257925e-01
1.5217986315e+01   4.4255256679e-01
1.5233626588e+01   4.5810834325e-01
1.5249266862e+01   4.7312084325e-01
1.5264907136e+01   4.8714376949e-01
1.5280547410e+01   4.9813978362e-01
1.5296187683e+01   5.0665952812e-01
1.5311827957e+01   5.0953831877e-01
1.5327468231e+01   5.0606868887e-01
1.5343108504e+01   4.9385048253e-01
1.5358748778e+01   4.7254861328e-01
1.5374389052e+01   4.4082961447e-01
1.5390029326e+01   3.9572480622e-01
1.5405669599e+01   3.3696132576e-01
1.5421309873e+01   2.6582838726e-01
1.5436950147e+01   1.8352359196e-01
1.5452590420e+01   9.3657276596e-02
1.5468230694e+01   8.5496529228e-04
1.5483870968e+01   8.7501947008e-02
1.5499511241e+01   1.6425331569e-01
1.5515151515e+01   2.2346165055e-01
1.5530791789e+01   2.6251919832e-01
1.5546432063e+01   2.8167511422e-01
1.5562072336e+01   2.8233609244e-01
1.5577712610e+01   2.7290683842e-01
1.5593352884e+01   2.5592769986e-01
1.5608993157e+01   2.3475769030e-01
1.5624633431e+01   2.1260659812e-01
1.5640273705e+01   1.9145612874e-01
1.5655913978e+01   1.7136422980e-01
1.5671554252e+01   1.5287967058e-01
1.5687194526e+01   1.3555320400e-01
1.5702834800e+01   1.1971994470e-01
1.5718475073e+01   1.0419086558e-01
1.5734115347e+01   8.8494299167e-02
1.5749755621e+01   7.2769368330e-02
1.5765395894e+01   5.6292618347e-02
1.5781036168e+01   3.8506881841e-02
1.5796676442e+01   1.9115220915e-02
1.5812316716e+01   2.2530105991e-03
1.5827956989e+01   2.5932549515e-02
1.5843597263e+01   5.2200136689e-02
1.5859237537e+01   8.1240833083e-02
1.5874877810e+01   1.1310369581e-01
1.5890518084e+01   1.4765090298e-01
1.5906158358e+01   1.8450827982e-01
1.5921798631e+01   2.2302866286e-01
1.5937438905e+01   2.6228071668e-01
1.5953079179e+01   3.0107266005e-01
1.5968719453e+01   3.3801216546e-01
1.5984359726e+01   3.7186234741e-01
1.6000000000e+01   4.0079933620e-01
1.6000000000e+01   4.0079933620e-01
