X    Y
0.0000000000e+00   0.0000000000e+00
1.5655577299e-02   1.2356715651e-10
3.1311154599e-02   1.2499293267e-10
4.6966731898e-02   1.2542306083e-10
6.2622309198e-02   1.2585421594e-10
7.8277886497e-02   1.2628639801e-10
9.3933463796e-02   1.2671957927e-10
1.0958904110e-01   1.2715378750e-10
1.2524461840e-01   1.2758902268e-10
1.4090019569e-01   1.2802525706e-10
1.5655577299e-01   1.2846251840e-10
1.7221135029e-01   1.2890075118e-10
1.8786692759e-01   1.2934001092e-10
2.0352250489e-01   1.2978026986e-10
2.1917808219e-01   1.3022150025e-10
2.3483365949e-01   1.3066372984e-10
2.5048923679e-01   1.3110695862e-10
2.6614481409e-01   1.3155115886e-10
2.8180039139e-01   1.3199635829e-10
2.9745596869e-01   1.3244252917e-10
3.1311154599e-01   1.3288964373e-10
3.2876712329e-01   1.3333772975e-10
3.4442270059e-01   1.3378681496e-10
3.6007827789e-01   1.3423681611e-10
3.7573385519e-01   1.3468781646e-10
3.9138943249e-01   1.3513973274e-10
4.0704500978e-01   1.3559259271e-10
4.2270058708e-01   1.3604639637e-10
4.3835616438e-01   1.3650111597e-10
4.5401174168e-01   1.3695680701e-10
4.6966731898e-01   1.3741344174e-10
4.8532289628e-01   1.3787099240e-10
5.0097847358e-01   1.3832945900e-10
5.1663405088e-01   1.3878881377e-10
5.3228962818e-01   1.3924914000e-10
5.4794520548e-01   1.3971035440e-10
5.6360078278e-01   1.4017248473e-10
5.7925636008e-01   1.4063553100e-10
5.9491193738e-01   1.4109952096e-10
6.1056751468e-01   1.4156442685e-10
6.2622309198e-01   1.4203027643e-10
6.4187866928e-01   1.4249701419e-10
6.5753424658e-01   1.4296472339e-10
6.7318982387e-01   1.4343340404e-10
6.8884540117e-01   1.4390305614e-10
7.0450097847e-01   1.4437373519e-10
7.2015655577e-01   1.4484541344e-10
7.3581213307e-01   1.4531817416e-10
7.5146771037e-01   1.4579204510e-10
7.6712328767e-01   1.4626708178e-10
7.8277886497e-01   1.4674331195e-10
7.9843444227e-01   1.4722084662e-10
8.1409001957e-01   1.4769971357e-10
8.2974559687e-01   1.4818005156e-10
8.4540117417e-01   1.4866197162e-10
8.6105675147e-01   1.4914561253e-10
8.7671232877e-01   1.4963108530e-10
8.9236790607e-01   1.5011855647e-10
9.0802348337e-01   1.5060827585e-10
9.2367906067e-01   1.5110043772e-10
9.3933463796e-01   1.5159531963e-10
9.5499021526e-01   1.5209319915e-10
9.7064579256e-01   1.5259443709e-10
9.8630136986e-01   1.5309939427e-10
1.0019569472e+00   1.5360851480e-10
1.0176125245e+00   1.5412229826e-10
1.0332681018e+00   1.5464127201e-10
1.0489236791e+00   1.5516604668e-10
1.0645792564e+00   1.5569737166e-10
1.0802348337e+00   1.5623599636e-10
1.0958904110e+00   1.5678283671e-10
1.1115459883e+00   1.5733883640e-10
1.1272015656e+00   1.5790507790e-10
1.1428571429e+00   1.5848281021e-10
1.1585127202e+00   1.5907339335e-10
1.1741682975e+00   1.5967829836e-10
1.1898238748e+00   1.6029921834e-10
1.2054794521e+00   1.6093801292e-10
1.2211350294e+00   1.6159668048e-10
1.2367906067e+00   1.6227755251e-10
1.2524461840e+00   1.6298307148e-10
1.2681017613e+00   1.6371595746e-10
1.2837573386e+00   1.6447926354e-10
1.2994129159e+00   1.6527634816e-10
1.3150684932e+00   1.6611079179e-10
1.3307240705e+00   1.6698661898e-10
1.3463796477e+00   1.6790818735e-10
1.3620352250e+00   1.6888029863e-10
1.3776908023e+00   1.6990819862e-10
1.3933463796e+00   1.7099760496e-10
1.4090019569e+00   1.7215473491e-10
1.4246575342e+00   1.7338636082e-10
1.4403131115e+00   1.7469992120e-10
1.4559686888e+00   1.7610340963e-10
1.4716242661e+00   1.7760562465e-10
1.4872798434e+00   1.7921600315e-10
1.5029354207e+00   1.8094481469e-10
1.5185909980e+00   1.8280324476e-10
1.5342465753e+00   1.8480336705e-10
1.5499021526e+00   1.8695819892e-10
1.5655577299e+00   1.8928186796e-10
1.5812133072e+00   1.9178955646e-10
1.5968688845e+00   1.9449775124e-10
1.6125244618e+00   1.9742416035e-10
1.6281800391e+00   2.0058785188e-10
1.6438356164e+00   2.0400933720e-10
1.6594911937e+00   2.0771076525e-10
1.6751467710e+00   2.1171581155e-10
1.6908023483e+00   2.1605001121e-10
1.7064579256e+00   2.2074073125e-10
1.7221135029e+00   2.2581728154e-10
1.7377690802e+00   2.3131102589e-10
1.7534246575e+00   2.3725577059e-10
1.7690802348e+00   2.4368745910e-10
1.7847358121e+00   2.5064450515e-10
1.8003913894e+00   2.5816809801e-10
1.8160469667e+00   2.6630225802e-10
1.8317025440e+00   2.7509367007e-10
1.8473581213e+00   2.8459240520e-10
1.8630136986e+00   2.9485164310e-10
1.8786692759e+00   3.0592811617e-10
1.8943248532e+00   3.1788210952e-10
1.9099804305e+00   3.3077773853e-10
1.9256360078e+00   3.4468322641e-10
1.9412915851e+00   3.5967095968e-10
1.9569471624e+00   3.7581776580e-10
1.9726027397e+00   3.9320502410e-10
1.9882583170e+00   4.1191922096e-10
2.0039138943e+00   4.3205178324e-10
2.0195694716e+00   4.5369946688e-10
2.0352250489e+00   4.7696474548e-10
2.0508806262e+00   5.0195592127e-10
2.0665362035e+00   5.2878745826e-10
2.0821917808e+00   5.5758009321e-10
2.0978473581e+00   5.8846127970e-10
2.1135029354e+00   6.2156541025e-10
2.1291585127e+00   6.5703414931e-10
2.1448140900e+00   6.9501671085e-10
2.1604696673e+00   7.3567008041e-10
2.1761252446e+00   7.7915923713e-10
2.1917808219e+00   8.2565781989e-10
2.2074363992e+00   8.7534807180e-10
2.2230919765e+00   9.2842139532e-10
2.2387475538e+00   9.8507851876e-10
2.2544031311e+00   1.0455297184e-09
2.2700587084e+00   1.1099955399e-09
2.2857142857e+00   1.1787066878e-09
2.3013698630e+00   1.2519046355e-09
2.3170254403e+00   1.3298416812e-09
2.3326810176e+00   1.4127813919e-09
2.3483365949e+00   1.5009990473e-09
2.3639921722e+00   1.5947817511e-09
2.3796477495e+00   1.6944287085e-09
2.3953033268e+00   1.8002516144e-09
2.4109589041e+00   1.9125748763e-09
2.4266144814e+00   2.0317358351e-09
2.4422700587e+00   2.1580850995e-09
2.4579256360e+00   2.2919866005e-09
2.4735812133e+00   2.4338178695e-09
2.4892367906e+00   2.5839703155e-09
2.5048923679e+00   2.7428492255e-09
2.5205479452e+00   2.9108739308e-09
2.5362035225e+00   3.0884778623e-09
2.5518590998e+00   3.2761084956e-09
2.5675146771e+00   3.4742275168e-09
2.5831702544e+00   3.6833107675e-09
2.5988258317e+00   3.9038478561e-09
2.6144814090e+00   4.1363424352e-09
2.6301369863e+00   4.3813115913e-09
2.6457925636e+00   4.6392857334e-09
2.6614481409e+00   4.9108082600e-09
2.6771037182e+00   5.1964349490e-09
2.6927592955e+00   5.4967335128e-09
2.7084148728e+00   5.8122830437e-09
2.7240704501e+00   6.1436732368e-09
2.7397260274e+00   6.4915033349e-09
2.7553816047e+00   6.8563815736e-09
2.7710371820e+00   7.2389237382e-09
2.7866927593e+00   7.6397520532e-09
2.8023483366e+00   8.0594937946e-09
2.8180039139e+00   8.4987799021e-09
2.8336594912e+00   8.9582428697e-09
2.8493150685e+00   9.4385153582e-09
2.8649706458e+00   9.9402277520e-09
2.8806262231e+00   1.0464005940e-08
2.8962818004e+00   1.1010468759e-08
2.9119373777e+00   1.1580225445e-08
2.9275929550e+00   1.2173872188e-08
2.9432485323e+00   1.2791989301e-08
2.9589041096e+00   1.3435137225e-08
2.9745596869e+00   1.4103852863e-08
2.9902152642e+00   1.4798645420e-08
3.0058708415e+00   1.5519991514e-08
3.0215264188e+00   1.6268330461e-08
3.0371819961e+00   1.7044058886e-08
3.0528375734e+00   1.7847524847e-08
3.0684931507e+00   1.0634033260e-07
3.0841487280e+00   1.0600129613e-07
3.0998043053e+00   1.0565622072e-07
3.1154598826e+00   1.0530508304e-07
3.1311154599e+00   1.0494786029e-07
3.1467710372e+00   1.0458453015e-07
3.1624266145e+00   1.0421507074e-07
3.1780821918e+00   1.0383946070e-07
3.1937377691e+00   1.0345767915e-07
3.2093933464e+00   1.0306970594e-07
3.2250489237e+00   1.0267552103e-07
3.2407045010e+00   1.0227510538e-07
3.2563600783e+00   1.0186844018e-07
3.2720156556e+00   1.0145550733e-07
3.2876712329e+00   1.0103628917e-07
3.3033268102e+00   1.0061076883e-07
3.3189823875e+00   1.0017892987e-07
3.3346379648e+00   9.9740756487e-08
3.3502935421e+00   9.9296233458e-08
3.3659491194e+00   9.8845346297e-08
3.3816046967e+00   9.8388080960e-08
3.3972602740e+00   9.7924424236e-08
3.4129158513e+00   9.7454363468e-08
3.4285714286e+00   9.6977886610e-08
3.4442270059e+00   9.6494982338e-08
3.4598825832e+00   9.6005640160e-08
3.4755381605e+00   9.5509850029e-08
3.4911937378e+00   9.5007602785e-08
3.5068493151e+00   9.4498889824e-08
3.5225048924e+00   9.3983703486e-08
3.5381604697e+00   9.3462036665e-08
3.5538160470e+00   9.2933883034e-08
3.5694716243e+00   9.2399237095e-08
3.5851272016e+00   9.1858094187e-08
3.6007827789e+00   9.1310450201e-08
3.6164383562e+00   9.0756302029e-08
3.6320939335e+00   9.0195647284e-08
3.6477495108e+00   8.9628484412e-08
3.6634050881e+00   8.9054812746e-08
3.6790606654e+00   8.8474632509e-08
3.6947162427e+00   8.7887944533e-08
3.7103718200e+00   8.7294750761e-08
3.7260273973e+00   8.6695054136e-08
3.7416829746e+00   8.6088857987e-08
3.7573385519e+00   8.5476167089e-08
3.7729941292e+00   8.4856987048e-08
3.7886497065e+00   8.4231324082e-08
3.8043052838e+00   8.3599185741e-08
3.8199608611e+00   8.2960580350e-08
3.8356164384e+00   8.2315517180e-08
3.8512720157e+00   8.1664006502e-08
3.8669275930e+00   8.1006059693e-08
3.8825831703e+00   8.0341688913e-08
3.8982387476e+00   7.9670907482e-08
3.9138943249e+00   7.8993729613e-08
3.9295499022e+00   7.8310170570e-08
3.9452054795e+00   7.7620246508e-08
3.9608610568e+00   7.6923974690e-08
3.9765166341e+00   7.6221373324e-08
3.9921722114e+00   7.5512461450e-08
4.0078277886e+00   7.4797259053e-08
4.0234833659e+00   7.4075787060e-08
4.0391389432e+00   7.3348067231e-08
4.0547945205e+00   7.2614122049e-08
4.0704500978e+00   7.1873974827e-08
4.0861056751e+00   7.1127649381e-08
4.1017612524e+00   7.0375170358e-08
4.1174168297e+00   6.9616562681e-08
4.1330724070e+00   6.8851851664e-08
4.1487279843e+00   6.8081063009e-08
4.1643835616e+00   6.7304222306e-08
4.1800391389e+00   6.6521355202e-08
4.1956947162e+00   6.5732486954e-08
4.2113502935e+00   6.4937642485e-08
4.2270058708e+00   6.4136845834e-08
4.2426614481e+00   6.3330120093e-08
4.2583170254e+00   6.2517486910e-08
4.2739726027e+00   6.1698966491e-08
4.2896281800e+00   6.0874576602e-08
4.3052837573e+00   6.0044332895e-08
4.3209393346e+00   5.9208247749e-08
4.3365949119e+00   5.8366330047e-08
4.3522504892e+00   5.7518584617e-08
4.3679060665e+00   5.6665011572e-08
4.3835616438e+00   5.5805605359e-08
4.3992172211e+00   5.4940354210e-08
4.4148727984e+00   5.4069239308e-08
4.4305283757e+00   5.3192233451e-08
4.4461839530e+00   5.2309300447e-08
4.4618395303e+00   5.1420393887e-08
4.4774951076e+00   5.0525455653e-08
4.4931506849e+00   4.9624414800e-08
4.5088062622e+00   4.8717185952e-08
4.5244618395e+00   4.7803667913e-08
4.5401174168e+00   4.6883741500e-08
4.5557729941e+00   4.5957267991e-08
4.5714285714e+00   4.5024087125e-08
4.5870841487e+00   4.4084014605e-08
4.6027397260e+00   4.3136840100e-08
4.6183953033e+00   4.2182324078e-08
4.6340508806e+00   4.1220195646e-08
4.6497064579e+00   4.0250149047e-08
4.6653620352e+00   3.9271840835e-08
4.6810176125e+00   3.8284886095e-08
4.6966731898e+00   3.7288854893e-08
4.7123287671e+00   3.6283268223e-08
4.7279843444e+00   3.5267593623e-08
4.7436399217e+00   3.4241240787e-08
4.7592954990e+00   3.3203556349e-08
4.7749510763e+00   3.2153818941e-08
4.7906066536e+00   3.1091233255e-08
4.8062622309e+00   3.0014924324e-08
4.8219178082e+00   2.8923930862e-08
4.8375733855e+00   2.7817198489e-08
4.8532289628e+00   2.6693572519e-08
4.8688845401e+00   2.5551790350e-08
4.8845401174e+00   2.4390472753e-08
4.9001956947e+00   2.3208115596e-08
4.9158512720e+00   2.2003080080e-08
4.9315068493e+00   2.0773583409e-08
4.9471624266e+00   1.9517687522e-08
4.9628180039e+00   1.8233288712e-08
4.9784735812e+00   1.6918105361e-08
4.9941291585e+00   1.5569665668e-08
5.0097847358e+00   1.4185294273e-08
5.0254403131e+00   1.2762098378e-08
5.0410958904e+00   1.1296952984e-08
5.0567514677e+00   9.7864851778e-09
5.0724070450e+00   8.2270578128e-09
5.0880626223e+00   6.6147518574e-09
5.1037181996e+00   4.9453482975e-09
5.1193737769e+00   3.2143088191e-09
5.1350293542e+00   1.4167551021e-09
5.1506849315e+00   4.5255221792e-10
5.1663405088e+00   2.3992361986e-09
5.1819960861e+00   4.4293275714e-09
5.1976516634e+00   6.5492893886e-09
5.2133072407e+00   4.2364777797e-09
5.2289628180e+00   1.1765781627e-08
5.2446183953e+00   1.2987846909e-08
5.2602739726e+00   1.4211359367e-08
5.2759295499e+00   1.5436208478e-08
5.2915851272e+00   1.6662282942e-08
5.3072407045e+00   1.7889470905e-08
5.3228962818e+00   1.9117659900e-08
5.3385518591e+00   2.0346736851e-08
5.3542074364e+00   2.1576588294e-08
5.3698630137e+00   2.2807099986e-08
5.3855185910e+00   2.4038157354e-08
5.4011741683e+00   2.5269645265e-08
5.4168297456e+00   2.6501448092e-08
5.4324853229e+00   2.7733449925e-08
5.4481409002e+00   2.8965534304e-08
5.4637964775e+00   3.0197584266e-08
5.4794520548e+00   3.1429482794e-08
5.4951076321e+00   3.2661112259e-08
5.5107632094e+00   3.3892354812e-08
5.5264187867e+00   3.5123092323e-08
5.5420743640e+00   3.6353206223e-08
5.5577299413e+00   3.7582577994e-08
5.5733855186e+00   3.8811088621e-08
5.5890410959e+00   4.0038619087e-08
5.6046966732e+00   4.1265049988e-08
5.6203522505e+00   4.2490261976e-08
5.6360078278e+00   4.3714135423e-08
5.6516634051e+00   4.4936550814e-08
5.6673189824e+00   4.6157388300e-08
5.6829745597e+00   4.7376528145e-08
5.6986301370e+00   4.8593850610e-08
5.7142857143e+00   4.9809235958e-08
5.7299412916e+00   5.1022564340e-08
5.7455968689e+00   5.2233716241e-08
5.7612524462e+00   5.3442572034e-08
5.7769080235e+00   5.4649012315e-08
5.7925636008e+00   5.5852917902e-08
5.8082191781e+00   5.7054169555e-08
5.8238747554e+00   5.8252648649e-08
5.8395303327e+00   5.9448236611e-08
5.8551859100e+00   6.0640815258e-08
5.8708414873e+00   6.1830266518e-08
5.8864970646e+00   6.3016473206e-08
5.9021526419e+00   6.4199318250e-08
5.9178082192e+00   6.5378685132e-08
5.9334637965e+00   6.6554457945e-08
5.9491193738e+00   6.7726521502e-08
5.9647749511e+00   6.8894761174e-08
5.9804305284e+00   7.0059063328e-08
5.9960861057e+00   7.1219314834e-08
6.0117416830e+00   7.2375403892e-08
6.0273972603e+00   7.3527219646e-08
6.0430528376e+00   7.4674652295e-08
6.0587084149e+00   7.5817593481e-08
6.0743639922e+00   7.6955936124e-08
6.0900195695e+00   7.8089574862e-08
6.1056751468e+00   7.9218405835e-08
6.1213307241e+00   8.0342327347e-08
6.1369863014e+00   8.1461239421e-08
6.1526418787e+00   8.2575044802e-08
6.1682974560e+00   8.3683648400e-08
6.1839530333e+00   8.4786958010e-08
6.1996086106e+00   8.5884884315e-08
6.2152641879e+00   8.6977341440e-08
6.2309197652e+00   8.8064247061e-08
6.2465753425e+00   8.9145522797e-08
6.2622309198e+00   9.0221094595e-08
6.2778864971e+00   9.1290893067e-08
6.2935420744e+00   9.2354853931e-08
6.3091976517e+00   9.3412918512e-08
6.3248532290e+00   9.4465034295e-08
6.3405088063e+00   9.5511155151e-08
6.3561643836e+00   9.6551242390e-08
6.3718199609e+00   9.7585265035e-08
6.3874755382e+00   9.8613200439e-08
6.4031311155e+00   9.9635035222e-08
6.4187866928e+00   1.0065076578e-07
6.4344422701e+00   1.0166039927e-07
6.4500978474e+00   1.0266395445e-07
6.4657534247e+00   1.0366146230e-07
6.4814090020e+00   1.0465296740e-07
6.4970645793e+00   1.0563852859e-07
6.5127201566e+00   1.0661822036e-07
6.5283757339e+00   1.0759213387e-07
6.5440313112e+00   1.0856037774e-07
6.5596868885e+00   1.0952308005e-07
6.5753424658e+00   1.1048038934e-07
6.5909980431e+00   1.1143247597e-07
6.6066536204e+00   1.1237953357e-07
6.6223091977e+00   1.1332178079e-07
6.6379647750e+00   1.1425946295e-07
6.6536203523e+00   1.1519285353e-07
6.6692759295e+00   1.1612225626e-07
6.6849315068e+00   1.1704800684e-07
6.7005870841e+00   1.1797047494e-07
6.7162426614e+00   1.1889006635e-07
6.7318982387e+00   1.1980722503e-07
6.7475538160e+00   1.2072243549e-07
6.7632093933e+00   1.2163622498e-07
6.7788649706e+00   1.2254916593e-07
6.7945205479e+00   1.2346187872e-07
6.8101761252e+00   1.2437503394e-07
6.8258317025e+00   1.2528935522e-07
6.8414872798e+00   1.2620562240e-07
6.8571428571e+00   1.2712467379e-07
6.8727984344e+00   1.2804740962e-07
6.8884540117e+00   1.2897479496e-07
6.9041095890e+00   1.2990786324e-07
6.9197651663e+00   1.3084771888e-07
6.9354207436e+00   1.3179554137e-07
6.9510763209e+00   1.3275258814e-07
6.9667318982e+00   1.3372019864e-07
6.9823874755e+00   1.3469979759e-07
6.9980430528e+00   1.3569289903e-07
7.0136986301e+00   1.3670110960e-07
7.0293542074e+00   1.3772613322e-07
7.0450097847e+00   1.3876977445e-07
7.0606653620e+00   1.3983394281e-07
7.0763209393e+00   1.4092065675e-07
7.0919765166e+00   1.4203204790e-07
7.1076320939e+00   1.4317036540e-07
7.1232876712e+00   1.4433798012e-07
7.1389432485e+00   1.4553738897e-07
7.1545988258e+00   1.4677121934e-07
7.1702544031e+00   1.4804223353e-07
7.1859099804e+00   1.4935333320e-07
7.2015655577e+00   1.5070756409e-07
7.2172211350e+00   1.5210811999e-07
7.2328767123e+00   1.5355834765e-07
7.2485322896e+00   1.5506175138e-07
7.2641878669e+00   1.5662199720e-07
7.2798434442e+00   1.5824291771e-07
7.2954990215e+00   1.5992851610e-07
7.3111545988e+00   1.6168297096e-07
7.3268101761e+00   1.6351064042e-07
7.3424657534e+00   1.6541606657e-07
7.3581213307e+00   1.6740397946e-07
7.3737769080e+00   1.6947930170e-07
7.3894324853e+00   1.7164715183e-07
7.4050880626e+00   1.7391284884e-07
7.4207436399e+00   1.7628191551e-07
7.4363992172e+00   1.7876008251e-07
7.4520547945e+00   1.8135329144e-07
7.4677103718e+00   1.8406769825e-07
7.4833659491e+00   1.8690967657e-07
7.4990215264e+00   1.8988582035e-07
7.5146771037e+00   1.9300294685e-07
7.5303326810e+00   1.4441537233e-07
7.5459882583e+00   1.4450702313e-07
7.5616438356e+00   1.4459165332e-07
7.5772994129e+00   1.4466928333e-07
7.5929549902e+00   1.4473993493e-07
7.6086105675e+00   1.4480363064e-07
7.6242661448e+00   1.4486039401e-07
7.6399217221e+00   1.4491024913e-07
7.6555772994e+00   1.4495322165e-07
7.6712328767e+00   1.4498933743e-07
7.6868884540e+00   1.4501862333e-07
7.7025440313e+00   1.4504110735e-07
7.7181996086e+00   1.4505681789e-07
7.7338551859e+00   1.4506578472e-07
7.7495107632e+00   1.4506803780e-07
7.7651663405e+00   1.4506360835e-07
7.7808219178e+00   1.4505252821e-07
7.7964774951e+00   1.4503483003e-07
7.8121330724e+00   1.4501054724e-07
7.8277886497e+00   1.4497971390e-07
7.8434442270e+00   1.4494236500e-07
7.8590998043e+00   1.4489853595e-07
7.8747553816e+00   1.4484826338e-07
7.8904109589e+00   1.4479158406e-07
7.9060665362e+00   1.4472853593e-07
7.9217221135e+00   1.4465915721e-07
7.9373776908e+00   1.4458348707e-07
7.9530332681e+00   1.4450156505e-07
7.9686888454e+00   1.4441343166e-07
7.9843444227e+00   1.4431912776e-07
8.0000000000e+00   3.3259450749e-08
8.0000000000e+00   3.3259450749e-08
