X    Y
0.0000000000e+00   0.0000000000e+00
3.9100684262e-02   1.2445676260e-11
7.8201368524e-02   2.2009245623e-11
1.1730205279e-01   3.0441878432e-11
1.5640273705e-01   3.9918741255e-11
1.9550342131e-01   4.8374688613e-11
2.3460410557e-01   5.5246193435e-11
2.7370478983e-01   8.3396925126e-11
3.1280547410e-01   1.8010086586e-10
3.5190615836e-01   3.6679185780e-10
3.9100684262e-01   7.6195560646e-10
4.3010752688e-01   1.6405326192e-09
4.6920821114e-01   1.6670228220e-09
5.0830889541e-01   1.6301286943e-09
5.4740957967e-01   1.2424983520e-09
5.8651026393e-01   1.9290920975e-10
6.2561094819e-01   1.3419689532e-09
6.6471163245e-01   2.0537498053e-09
7.0381231672e-01   1.0347571227e-09
7.4291300098e-01   1.2775072429e-08
7.8201368524e-01   3.9595602354e-08
8.2111436950e-01   8.8612854433e-08
8.6021505376e-01   1.6616413967e-07
8.9931573803e-01   2.7588077976e-07
9.3841642229e-01   4.1651772917e-07
9.7751710655e-01   5.7982911320e-07
1.0166177908e+00   7.4881740755e-07
1.0557184751e+00   8.9667840538e-07
1.0948191593e+00   9.8671091398e-07
1.1339198436e+00   9.7335995757e-07
1.1730205279e+00   8.0441871885e-07
1.2121212121e+00   4.2423033907e-07
1.2512218964e+00   2.2249874120e-07
1.2903225806e+00   1.1869626097e-06
1.3294232649e+00   1.3513216445e-06
1.3685239492e+00   1.5529507102e-06
1.4076246334e+00   1.8089217980e-06
1.4467253177e+00   2.1480490191e-06
1.4858260020e+00   2.6214290946e-06
1.5249266862e+00   3.3522264968e-06
1.5640273705e+00   4.6442005592e-06
1.6031280547e+00   7.6206482886e-06
1.6422287390e+00   2.2426846865e-05
1.6813294233e+00   2.1640047903e-05
1.7204301075e+00   6.9849720707e-06
1.7595307918e+00   4.0189380466e-06
1.7986314761e+00   2.7278796444e-06
1.8377321603e+00   1.9956012194e-06
1.8768328446e+00   1.5178160744e-06
1.9159335288e+00   1.1889872935e-06
1.9550342131e+00   9.4216800351e-07
1.9941348974e+00   7.4895595687e-07
2.0332355816e+00   5.9290570264e-07
2.0723362659e+00   4.6365511442e-07
2.1114369501e+00   1.6833235385e-05
2.1505376344e+00   1.6115169778e-05
2.1896383187e+00   1.5372728160e-05
2.2287390029e+00   1.4613296641e-05
2.2678396872e+00   1.3843221080e-05
2.3069403715e+00   1.3067010944e-05
2.3460410557e+00   1.2286529877e-05
2.3851417400e+00   1.1500373602e-05
2.4242424242e+00   1.0703602006e-05
2.4633431085e+00   9.8879494141e-06
2.5024437928e+00   9.0425897488e-06
2.5415444770e+00   8.1554851960e-06
2.5806451613e+00   7.2153007341e-06
2.6197458456e+00   6.2138249424e-06
2.6588465298e+00   5.1488016860e-06
2.6979472141e+00   4.0270488503e-06
2.7370478983e+00   2.8677195266e-06
2.7761485826e+00   1.7055473033e-06
2.8152492669e+00   8.6065379158e-07
2.8543499511e+00   8.9308432525e-07
2.8934506354e+00   1.1552621073e-06
2.9325513196e+00   1.5743127866e-06
2.9716520039e+00   2.0779399016e-06
3.0107526882e+00   2.5646289007e-06
3.0498533724e+00   3.0359503381e-06
3.0889540567e+00   3.4933021907e-06
3.1280547410e+00   3.9379121438e-06
3.1671554252e+00   4.3709084636e-06
3.2062561095e+00   4.7934429077e-06
3.2453567937e+00   5.2068570934e-06
3.2844574780e+00   5.6128891475e-06
3.3235581623e+00   6.0139212824e-06
3.3626588465e+00   6.4132719247e-06
3.4017595308e+00   6.8155386790e-06
3.4408602151e+00   7.2270010434e-06
3.4799608993e+00   7.6560946403e-06
3.5190615836e+00   8.1139719026e-06
3.5581622678e+00   8.6151677990e-06
3.5972629521e+00   9.1783934096e-06
3.6363636364e+00   9.8274851498e-06
3.6754643206e+00   1.0592543366e-05
3.7145650049e+00   1.1511301134e-05
3.7536656891e+00   1.2630772655e-05
3.7927663734e+00   1.4009241002e-05
3.8318670577e+00   1.5718657473e-05
3.8709677419e+00   1.7847539870e-05
3.9100684262e+00   2.0504475202e-05
3.9491691105e+00   2.3822354077e-05
3.9882697947e+00   2.7963490183e-05
4.0273704790e+00   3.3125809513e-05
4.0664711632e+00   3.9516039894e-05
4.1055718475e+00   4.1248030235e-05
4.1446725318e+00   4.3084873482e-05
4.1837732160e+00   4.5032535182e-05
4.2228739003e+00   4.7098806314e-05
4.2619745846e+00   4.9278335039e-05
4.3010752688e+00   5.1580298024e-05
4.3401759531e+00   5.4006993174e-05
4.3792766373e+00   5.6558587324e-05
4.4183773216e+00   6.1653357306e-05
4.4574780059e+00   7.0106420419e-05
4.4965786901e+00   7.9794821783e-05
4.5356793744e+00   9.0973436497e-05
4.5747800587e+00   1.0397107802e-04
4.6138807429e+00   1.1921970600e-04
4.6529814272e+00   1.3729875864e-04
4.6920821114e+00   1.5900458648e-04
4.7311827957e+00   1.8546326759e-04
4.7702834800e+00   2.1832206656e-04
4.8093841642e+00   2.6009186401e-04
4.8484848485e+00   3.1480040714e-04
4.8875855327e+00   3.8934414421e-04
4.9266862170e+00   4.9659917685e-04
4.9657869013e+00   6.6370146509e-04
5.0048875855e+00   9.5935517173e-04
5.0439882698e+00   1.6228518051e-03
5.0830889541e+00   4.4601738200e-03
5.1221896383e+00   7.2904167832e-03
5.1612903226e+00   2.1227296957e-03
5.2003910068e+00   1.2813871856e-03
5.2394916911e+00   9.3664326293e-04
5.2785923754e+00   7.4901867148e-04
5.3176930596e+00   6.3101113698e-04
5.3567937439e+00   5.4990154162e-04
5.3958944282e+00   4.9068376567e-04
5.4349951124e+00   4.4550776738e-04
5.4740957967e+00   4.0986899365e-04
5.5131964809e+00   3.8099854173e-04
5.5522971652e+00   3.5710143819e-04
5.5913978495e+00   3.3696383891e-04
5.6304985337e+00   3.1973627576e-04
5.6695992180e+00   3.0480730946e-04
5.7086999022e+00   2.9172646890e-04
5.7478005865e+00   2.8015542932e-04
5.7869012708e+00   2.6983606503e-04
5.8260019550e+00   2.6056895707e-04
5.8651026393e+00   2.5219858486e-04
5.9042033236e+00   2.4460291132e-04
5.9433040078e+00   2.3768592772e-04
5.9824046921e+00   2.3137223742e-04
6.0215053763e+00   2.2560307297e-04
6.0606060606e+00   2.2033334013e-04
6.0997067449e+00   2.1552941080e-04
6.1388074291e+00   2.1116747168e-04
6.1779081134e+00   2.0723199183e-04
6.2170087977e+00   2.0366466820e-04
6.2561094819e+00   2.0038821388e-04
6.2952101662e+00   1.9736778879e-04
6.3343108504e+00   1.9457268892e-04
6.3734115347e+00   1.9197568789e-04
6.4125122190e+00   1.8955249497e-04
6.4516129032e+00   1.8728130626e-04
6.4907135875e+00   1.8514243080e-04
6.5298142717e+00   1.8311797778e-04
6.5689149560e+00   1.8119159443e-04
6.6080156403e+00   1.7934824674e-04
6.6471163245e+00   1.7757403625e-04
6.6862170088e+00   1.7585583349e-04
6.7253176931e+00   1.7418122466e-04
6.7644183773e+00   1.7253861252e-04
6.8035190616e+00   1.7091691939e-04
6.8426197458e+00   1.6930547378e-04
6.8817204301e+00   1.6769393260e-04
6.9208211144e+00   1.6607225492e-04
6.9599217986e+00   1.6443074057e-04
6.9990224829e+00   1.6276014229e-04
7.0381231672e+00   1.6105185347e-04
7.0772238514e+00   1.5929816506e-04
7.1163245357e+00   1.5749257410e-04
7.1554252199e+00   1.5563011472e-04
7.1945259042e+00   1.5370766866e-04
7.2336265885e+00   1.5172419966e-04
7.2727272727e+00   1.4968084370e-04
7.3118279570e+00   1.4758077758e-04
7.3509286413e+00   1.4542878348e-04
7.3900293255e+00   1.4323042762e-04
7.4291300098e+00   1.4099078046e-04
7.4682306940e+00   1.3871262407e-04
7.5073313783e+00   1.3639412234e-04
7.5464320626e+00   1.3402597137e-04
7.5855327468e+00   1.3158810211e-04
7.6246334311e+00   1.2904590694e-04
7.6637341153e+00   1.2631851825e-04
7.7028347996e+00   1.2335390187e-04
7.7419354839e+00   1.2014815257e-04
7.7810361681e+00   1.1669793782e-04
7.8201368524e+00   1.1300065348e-04
7.8592375367e+00   1.0905458993e-04
7.8983382209e+00   1.0485910092e-04
7.9374389052e+00   1.0643274606e-04
7.9765395894e+00   1.3401392309e-04
8.0156402737e+00   1.6483218602e-04
8.0547409580e+00   1.9955009794e-04
8.0938416422e+00   2.3905928581e-04
8.1329423265e+00   2.8458843552e-04
8.1720430108e+00   3.3787687919e-04
8.2111436950e+00   4.0146657809e-04
8.2502443793e+00   4.7922030087e-04
8.2893450635e+00   5.7730228205e-04
8.3284457478e+00   7.0618794007e-04
8.3675464321e+00   8.8522611613e-04
8.4066471163e+00   1.1540351330e-03
8.4457478006e+00   1.6119280789e-03
8.4848484848e+00   2.5877120120e-03
8.5239491691e+00   6.2274786420e-03
8.5630498534e+00   1.6406142497e-02
8.6021505376e+00   3.5504770217e-03
8.6412512219e+00   1.9804883979e-03
8.6803519062e+00   1.3619908403e-03
8.7194525904e+00   1.0275906732e-03
8.7585532747e+00   8.1589232580e-04
8.7976539589e+00   6.6832809094e-04
8.8367546432e+00   5.5861158689e-04
8.8758553275e+00   4.7315026893e-04
8.9149560117e+00   4.0422222984e-04
8.9540566960e+00   3.4711817091e-04
8.9931573803e+00   2.9880416891e-04
9.0322580645e+00   2.5723810033e-04
9.0713587488e+00   2.2099509187e-04
9.1104594330e+00   1.8905047138e-04
9.1495601173e+00   1.6064802905e-04
9.1886608016e+00   1.3521686686e-04
9.2277614858e+00   1.1231710683e-04
9.2668621701e+00   1.1307896903e-04
9.3059628543e+00   1.1806915583e-04
9.3450635386e+00   1.2290524811e-04
9.3841642229e+00   1.2759394481e-04
9.4232649071e+00   1.3214295639e-04
9.4623655914e+00   1.3656081412e-04
9.5014662757e+00   1.4085665456e-04
9.5405669599e+00   1.4504037455e-04
9.5796676442e+00   1.4912313924e-04
9.6187683284e+00   1.5311683292e-04
9.6578690127e+00   1.5703401050e-04
9.6969696970e+00   1.6088786228e-04
9.7360703812e+00   1.6469220033e-04
9.7751710655e+00   1.6846147079e-04
9.8142717498e+00   1.7221079467e-04
9.8533724340e+00   1.7595603856e-04
9.8924731183e+00   1.7971391535e-04
9.9315738025e+00   1.8350211478e-04
9.9706744868e+00   1.8733946254e-04
1.0009775171e+01   1.9124610705e-04
1.0048875855e+01   1.9524373236e-04
1.0087976540e+01   1.9935579615e-04
1.0127077224e+01   2.0360779203e-04
1.0166177908e+01   2.0802753547e-04
1.0205278592e+01   2.1264547356e-04
1.0244379277e+01   2.1749501927e-04
1.0283479961e+01   2.2261291157e-04
1.0322580645e+01   2.2803960374e-04
1.0361681329e+01   2.3381968337e-04
1.0400782014e+01   2.4000232861e-04
1.0439882698e+01   2.4664180678e-04
1.0478983382e+01   2.5379783053e-04
1.0518084066e+01   2.6150101494e-04
1.0557184751e+01   2.6977906586e-04
1.0596285435e+01   2.7869659914e-04
1.0635386119e+01   2.8832535441e-04
1.0674486804e+01   2.9874516332e-04
1.0713587488e+01   3.1004504038e-04
1.0752688172e+01   3.2232441153e-04
1.0791788856e+01   3.3569449527e-04
1.0830889541e+01   3.5027984927e-04
1.0869990225e+01   3.6622009199e-04
1.0909090909e+01   3.8367180290e-04
1.0948191593e+01   4.0281076583e-04
1.0987292278e+01   4.2386570532e-04
1.1026392962e+01   4.4711399763e-04
1.1065493646e+01   4.7285323463e-04
1.1104594330e+01   5.0143278220e-04
1.1143695015e+01   5.3326560211e-04
1.1182795699e+01   5.6884347422e-04
1.1221896383e+01   6.0875681903e-04
1.1260997067e+01   6.5372083066e-04
1.1300097752e+01   7.0461039723e-04
1.1339198436e+01   7.6250746239e-04
1.1378299120e+01   8.2876632781e-04
1.1417399804e+01   9.0510536186e-04
1.1456500489e+01   9.9373847387e-04
1.1495601173e+01   1.0975680395e-03
1.1534701857e+01   1.2204756190e-03
1.1573802542e+01   1.3677736387e-03
1.1612903226e+01   1.5469325811e-03
1.1652003910e+01   1.7688019300e-03
1.1691104594e+01   2.0497659067e-03
1.1730205279e+01   2.4157911211e-03
1.1769305963e+01   2.9106351202e-03
1.1808406647e+01   3.6142377632e-03
1.1847507331e+01   4.6898738089e-03
1.1886608016e+01   6.5310393606e-03
1.1925708700e+01   1.0388175080e-02
1.1964809384e+01   2.3489611730e-02
1.2003910068e+01   1.2399826964e-01
1.2043010753e+01   1.7934567933e-02
1.2082111437e+01   9.9379028334e-03
1.2121212121e+01   7.0036094471e-03
1.2160312805e+01   5.4838049162e-03
1.2199413490e+01   4.5566108992e-03
1.2238514174e+01   3.9335447186e-03
1.2277614858e+01   3.4872074142e-03
1.2316715543e+01   3.1526200368e-03
1.2355816227e+01   2.8931635278e-03
1.2394916911e+01   2.6866262541e-03
1.2434017595e+01   2.5187505774e-03
1.2473118280e+01   2.3799627318e-03
1.2512218964e+01   2.2635931651e-03
1.2551319648e+01   2.1648506828e-03
1.2590420332e+01   2.0802023861e-03
1.2629521017e+01   2.0069836337e-03
1.2668621701e+01   1.9431441858e-03
1.2707722385e+01   1.8870780094e-03
1.2746823069e+01   1.8375061494e-03
1.2785923754e+01   1.7933941962e-03
1.2825024438e+01   1.7538928571e-03
1.2864125122e+01   1.7182942764e-03
1.2903225806e+01   1.6860004478e-03
1.2942326491e+01   1.6566920651e-03
1.2981427175e+01   1.6301393950e-03
1.3020527859e+01   1.6059892974e-03
1.3059628543e+01   1.5839384664e-03
1.3098729228e+01   1.5637246486e-03
1.3137829912e+01   1.5451194702e-03
1.3176930596e+01   1.5279224134e-03
1.3216031281e+01   1.5119562892e-03
1.3255131965e+01   1.4970634053e-03
1.3294232649e+01   1.4831024067e-03
1.3333333333e+01   1.4699456646e-03
1.3372434018e+01   1.4574771199e-03
1.3411534702e+01   1.4455905182e-03
1.3450635386e+01   1.4341879924e-03
1.3489736070e+01   1.4231789679e-03
1.3528836755e+01   1.4124793756e-03
1.3567937439e+01   1.4020111708e-03
1.3607038123e+01   1.3917021569e-03
1.3646138807e+01   1.3814861169e-03
1.3685239492e+01   1.3713032497e-03
1.3724340176e+01   1.3611008981e-03
1.3763440860e+01   1.3508345382e-03
1.3802541544e+01   1.3404689769e-03
1.3841642229e+01   1.3299796692e-03
1.3880742913e+01   1.3193540274e-03
1.3919843597e+01   1.3085925411e-03
1.3958944282e+01   1.2977094703e-03
1.3998044966e+01   1.2867328022e-03
1.4037145650e+01   1.2757030916e-03
1.4076246334e+01   1.2646707252e-03
1.4115347019e+01   1.2536910741e-03
1.4154447703e+01   1.2428169257e-03
1.4193548387e+01   1.2320875324e-03
1.4232649071e+01   1.2215089058e-03
1.4271749756e+01   1.2102456853e-03
1.4310850440e+01   1.1974530980e-03
1.4349951124e+01   1.1830860293e-03
1.4389051808e+01   1.1670971080e-03
1.4428152493e+01   1.1494374168e-03
1.4467253177e+01   1.1300572812e-03
1.4506353861e+01   1.1089071383e-03
1.4545454545e+01   1.0859384797e-03
1.4584555230e+01   1.0611048602e-03
1.4623655914e+01   1.0343629588e-03
1.4662756598e+01   1.0056736764e-03
1.4701857283e+01   9.7500325885e-04
1.4740957967e+01   9.4232443037e-04
1.4780058651e+01   9.0761752948e-04
1.4819159335e+01   8.7087163680e-04
1.4858260020e+01   1.0443117933e-03
1.4897360704e+01   1.2952416533e-03
1.4936461388e+01   1.5782389507e-03
1.4975562072e+01   1.9004366622e-03
1.5014662757e+01   2.2715543825e-03
1.5053763441e+01   2.7052059913e-03
1.5092864125e+01   3.2205498483e-03
1.5131964809e+01   3.8475698176e-03
1.5171065494e+01   4.6330061267e-03
1.5210166178e+01   5.6551323017e-03
1.5249266862e+01   7.0556384496e-03
1.5288367546e+01   9.1199698678e-03
1.5327468231e+01   1.2521024421e-02
1.5366568915e+01   1.9312924471e-02
1.5405669599e+01   4.0203867308e-02
1.5444770283e+01   7.6377047551e-01
1.5483870968e+01   3.6776529836e-02
1.5522971652e+01   1.8804944289e-02
1.5562072336e+01   1.2551516427e-02
1.5601173021e+01   9.3377551919e-03
1.5640273705e+01   7.3589319041e-03
1.5679374389e+01   6.0036589960e-03
1.5718475073e+01   5.0075948391e-03
1.5757575758e+01   4.2378545583e-03
1.5796676442e+01   3.6203956655e-03
1.5835777126e+01   3.1107232633e-03
1.5874877810e+01   2.6852000818e-03
1.5913978495e+01   1.7409787920e-03
1.5953079179e+01   1.4458312460e-03
1.5992179863e+01   1.1893511900e-03
1.6031280547e+01   9.6451008617e-04
1.6070381232e+01   9.0786652156e-04
1.6109481916e+01   9.4468720415e-04
1.6148582600e+01   9.8005348150e-04
1.6187683284e+01   1.0140362744e-03
1.6226783969e+01   1.0467130596e-03
1.6265884653e+01   1.0781669754e-03
1.6304985337e+01   1.1084860449e-03
1.6344086022e+01   1.1377625082e-03
1.6383186706e+01   1.1660922510e-03
1.6422287390e+01   1.1935743132e-03
1.6461388074e+01   1.2203104589e-03
1.6500488759e+01   1.2464047899e-03
1.6539589443e+01   1.2719633891e-03
1.6578690127e+01   1.2970939799e-03
1.6617790811e+01   1.3219055945e-03
1.6656891496e+01   1.3465082490e-03
1.6695992180e+01   1.3710126221e-03
1.6735092864e+01   1.3955313177e-03
1.6774193548e+01   1.4201830496e-03
1.6813294233e+01   1.4450921870e-03
1.6852394917e+01   1.4703878286e-03
1.6891495601e+01   1.4962045325e-03
1.6930596285e+01   1.5226831515e-03
1.6969696970e+01   1.5499717839e-03
1.7008797654e+01   1.5782268545e-03
1.7047898338e+01   1.6076143413e-03
1.7086999022e+01   1.6383111692e-03
1.7126099707e+01   1.6705067939e-03
1.7165200391e+01   1.7044050046e-03
1.7204301075e+01   1.7402259829e-03
1.7243401760e+01   1.7782086586e-03
1.7282502444e+01   1.8186134155e-03
1.7321603128e+01   1.8617252111e-03
1.7360703812e+01   1.9078571873e-03
1.7399804497e+01   1.9573548673e-03
1.7438905181e+01   2.0106010556e-03
1.7478005865e+01   2.0680215873e-03
1.7517106549e+01   2.1300921047e-03
1.7556207234e+01   2.1973460870e-03
1.7595307918e+01   2.2703844154e-03
1.7634408602e+01   2.3498868279e-03
1.7673509286e+01   2.4366257175e-03
1.7712609971e+01   2.5314828501e-03
1.7751710655e+01   2.6354697468e-03
1.7790811339e+01   2.7497526934e-03
1.7829912023e+01   2.8756836387e-03
1.7869012708e+01   3.0147605584e-03
1.7908113392e+01   3.1684919254e-03
1.7947214076e+01   3.3386489441e-03
1.7986314761e+01   3.5275140026e-03
1.8025415445e+01   3.7377809356e-03
1.8064516129e+01   3.9726522037e-03
1.8103616813e+01   4.2359653841e-03
1.8142717498e+01   4.5323596718e-03
1.8181818182e+01   4.8674971218e-03
1.8220918866e+01   5.2483618474e-03
1.8260019550e+01   5.6836709589e-03
1.8299120235e+01   6.1844491894e-03
1.8338220919e+01   6.7648486984e-03
1.8377321603e+01   7.4433454525e-03
1.8416422287e+01   8.2445307206e-03
1.8455522972e+01   9.2018742621e-03
1.8494623656e+01   1.0362135173e-02
1.8533724340e+01   1.1792693075e-02
1.8572825024e+01   1.3594335145e-02
1.8611925709e+01   1.5924906584e-02
1.8651026393e+01   1.9046367915e-02
1.8690127077e+01   2.3427624334e-02
1.8729227761e+01   2.9999227309e-02
1.8768328446e+01   4.0907088366e-02
1.8807429130e+01   6.2458846178e-02
1.8846529814e+01   1.2470900154e-01
1.8885630499e+01   2.1820992413e+00
1.8924731183e+01   1.4961898871e-01
1.8963831867e+01   7.4509423515e-02
1.9002932551e+01   5.0584251031e-02
1.9042033236e+01   3.8845937487e-02
1.9081133920e+01   3.1889655170e-02
1.9120234604e+01   2.7299029620e-02
1.9159335288e+01   2.4050873158e-02
1.9198435973e+01   2.1637590157e-02
1.9237536657e+01   1.9778734916e-02
1.9276637341e+01   1.8306722767e-02
1.9315738025e+01   1.7115236648e-02
1.9354838710e+01   1.6133565390e-02
1.9393939394e+01   1.5312843053e-02
1.9433040078e+01   1.4618212111e-02
1.9472140762e+01   1.4024134466e-02
1.9511241447e+01   1.3511467689e-02
1.9550342131e+01   1.3065576972e-02
1.9589442815e+01   1.2675078576e-02
1.9628543500e+01   1.2330981375e-02
1.9667644184e+01   1.2026086699e-02
1.9706744868e+01   1.1754560126e-02
1.9745845552e+01   1.1511620349e-02
1.9784946237e+01   1.1293309382e-02
1.9824046921e+01   1.1096320327e-02
1.9863147605e+01   1.0917866528e-02
1.9902248289e+01   1.0755580942e-02
1.9941348974e+01   1.0607437883e-02
1.9980449658e+01   1.0471676781e-02
2.0019550342e+01   1.0346723933e-02
2.0058651026e+01   1.0231192726e-02
2.0097751711e+01   1.0123885491e-02
2.0136852395e+01   1.0023737391e-02
2.0175953079e+01   9.9297950116e-03
2.0215053763e+01   9.8411986254e-03
2.0254154448e+01   9.7571673969e-03
2.0293255132e+01   9.6769869544e-03
2.0332355816e+01   9.5999988769e-03
2.0371456500e+01   9.5255917488e-03
2.0410557185e+01   9.4531935000e-03
2.0449657869e+01   9.3822647368e-03
2.0488758553e+01   9.3122928628e-03
2.0527859238e+01   9.2427872735e-03
2.0566959922e+01   9.1732751650e-03
2.0606060606e+01   9.1032975629e-03
2.0645161290e+01   9.0324059904e-03
2.0684261975e+01   8.9601595813e-03
2.0723362659e+01   8.8861226103e-03
2.0762463343e+01   8.8098624225e-03
2.0801564027e+01   8.7309477461e-03
2.0840664712e+01   8.6489473808e-03
2.0879765396e+01   8.5634292474e-03
2.0918866080e+01   8.4739597888e-03
2.0957966764e+01   8.3801037036e-03
2.0997067449e+01   8.2814239907e-03
2.1036168133e+01   8.1774822781e-03
2.1075268817e+01   8.0678394014e-03
2.1114369501e+01   7.9520561968e-03
2.1153470186e+01   7.8296944702e-03
2.1192570870e+01   7.7003181069e-03
2.1231671554e+01   7.5634942964e-03
2.1270772239e+01   7.4187948565e-03
2.1309872923e+01   7.2657976654e-03
2.1348973607e+01   7.1040882364e-03
2.1388074291e+01   6.9332506408e-03
2.1427174976e+01   6.7528595586e-03
2.1466275660e+01   6.5625417725e-03
2.1505376344e+01   6.3619945004e-03
2.1544477028e+01   6.1509560252e-03
2.1583577713e+01   5.9292122145e-03
2.1622678397e+01   5.6966032088e-03
2.1661779081e+01   5.4530301305e-03
2.1700879765e+01   6.3180621447e-03
2.1739980450e+01   7.6876198887e-03
2.1779081134e+01   9.2117349563e-03
2.1818181818e+01   1.0920355619e-02
2.1857282502e+01   1.2853266612e-02
2.1896383187e+01   1.5064562840e-02
2.1935483871e+01   1.7629765141e-02
2.1974584555e+01   2.0657592266e-02
2.2013685239e+01   2.4310374171e-02
2.2052785924e+01   2.8841534767e-02
2.2091886608e+01   3.4669490379e-02
2.2130987292e+01   4.2537214867e-02
2.2170087977e+01   5.3900876266e-02
2.2209188661e+01   7.2053210058e-02
2.2248289345e+01   1.0634722913e-01
2.2287390029e+01   1.9797165642e-01
2.2326490714e+01   1.3277216015e+00
2.2365591398e+01   2.8102990033e-01
2.2404692082e+01   1.2577036499e-01
2.2443792766e+01   8.0028112456e-02
2.2482893451e+01   5.7906963578e-02
2.2521994135e+01   4.4726798115e-02
2.2561094819e+01   3.5890042515e-02
2.2600195503e+01   2.9494686161e-02
2.2639296188e+01   2.4611748552e-02
2.2678396872e+01   2.0733810673e-02
2.2717497556e+01   1.7560393958e-02
2.2756598240e+01   1.4902288364e-02
2.2795698925e+01   1.2634427921e-02
2.2834799609e+01   1.0670816903e-02
2.2873900293e+01   8.9503426015e-03
2.2913000978e+01   7.4283350405e-03
2.2952101662e+01   6.0713320225e-03
2.2991202346e+01   5.4749939584e-03
2.3030303030e+01   5.7102724272e-03
2.3069403715e+01   5.9353504229e-03
2.3108504399e+01   6.1504380058e-03
2.3147605083e+01   6.3557979990e-03
2.3186705767e+01   6.5517396904e-03
2.3225806452e+01   6.7386127641e-03
2.3264907136e+01   6.9168015563e-03
2.3304007820e+01   7.0867197921e-03
2.3343108504e+01   7.2488060480e-03
2.3382209189e+01   7.4035196564e-03
2.3421309873e+01   7.5513367280e-03
2.3460410557e+01   7.6927470169e-03
2.3499511241e+01   7.8282513178e-03
2.3538611926e+01   7.9583594158e-03
2.3577712610e+01   8.0835885813e-03
2.3616813294e+01   8.2044625928e-03
2.3655913978e+01   8.3215112724e-03
2.3695014663e+01   8.4352705156e-03
2.3734115347e+01   8.5462827996e-03
2.3773216031e+01   8.6550981573e-03
2.3812316716e+01   8.7622756073e-03
2.3851417400e+01   8.8683850366e-03
2.3890518084e+01   8.9740095394e-03
2.3929618768e+01   9.0797482219e-03
2.3968719453e+01   9.1862194936e-03
2.4007820137e+01   9.2940648746e-03
2.4046920821e+01   9.4039533626e-03
2.4086021505e+01   9.5165864152e-03
2.4125122190e+01   9.6327036202e-03
2.4164222874e+01   9.7530891480e-03
2.4203323558e+01   9.8785791011e-03
2.4242424242e+01   1.0010069905e-02
2.4281524927e+01   1.0148522068e-02
2.4320625611e+01   1.0294958961e-02
2.4359726295e+01   1.0450497877e-02
2.4398826979e+01   1.0616378009e-02
2.4437927664e+01   1.0793963324e-02
2.4477028348e+01   1.0984762694e-02
2.4516129032e+01   1.1190453571e-02
2.4555229717e+01   1.1412910023e-02
2.4594330401e+01   1.1654236093e-02
2.4633431085e+01   1.1916805750e-02
2.4672531769e+01   1.2203311043e-02
2.4711632454e+01   1.2516820509e-02
2.4750733138e+01   1.2860857555e-02
2.4789833822e+01   1.3239506811e-02
2.4828934506e+01   1.3657512358e-02
2.4868035191e+01   1.4120401239e-02
2.4907135875e+01   1.4634676591e-02
2.4946236559e+01   1.5208047097e-02
2.4985337243e+01   1.5849724170e-02
2.5024437928e+01   1.6570811451e-02
2.5063538612e+01   1.7384821982e-02
2.5102639296e+01   1.8308374749e-02
2.5141739980e+01   1.9362147705e-02
2.5180840665e+01   2.0572204710e-02
2.5219941349e+01   2.1971879610e-02
2.5259042033e+01   2.3604510936e-02
2.5298142717e+01   2.5527511828e-02
2.5337243402e+01   2.7818603157e-02
2.5376344086e+01   3.0585681733e-02
2.5415444770e+01   3.3983063111e-02
2.5454545455e+01   3.8239482864e-02
2.5493646139e+01   4.3709149768e-02
2.5532746823e+01   5.0971512053e-02
2.5571847507e+01   6.1044217886e-02
2.5610948192e+01   7.5894045195e-02
2.5650048876e+01   9.9880117848e-02
2.5689149560e+01   1.4498138592e-01
2.5728250244e+01   2.6037121889e-01
2.5767350929e+01   1.1776200379e+00
2.5806451613e+01   4.8302300456e-01
2.5845552297e+01   2.0359513940e-01
2.5884652981e+01   1.3038079778e-01
2.5923753666e+01   9.6709297121e-02
2.5962854350e+01   7.7403139862e-02
2.6001955034e+01   6.4916767054e-02
2.6041055718e+01   5.6201453424e-02
2.6080156403e+01   4.9789738870e-02
2.6119257087e+01   4.4887882166e-02
2.6158357771e+01   4.1029003637e-02
2.6197458456e+01   3.7920513648e-02
2.6236559140e+01   3.5369704253e-02
2.6275659824e+01   3.3244461764e-02
2.6314760508e+01   3.1451170615e-02
2.6353861193e+01   2.9921628693e-02
2.6392961877e+01   2.8604959257e-02
2.6432062561e+01   2.7462426504e-02
2.6471163245e+01   2.6464007167e-02
2.6510263930e+01   2.5586061174e-02
2.6549364614e+01   2.4809711026e-02
2.6588465298e+01   2.4119690318e-02
2.6627565982e+01   2.3503510082e-02
2.6666666667e+01   2.2950844946e-02
2.6705767351e+01   2.2453121162e-02
2.6744868035e+01   2.2003247968e-02
2.6783968719e+01   2.1595197944e-02
2.6823069404e+01   2.1223721392e-02
2.6862170088e+01   2.0884298182e-02
2.6901270772e+01   2.0573009180e-02
2.6940371457e+01   2.0286433271e-02
2.6979472141e+01   2.0021564220e-02
2.7018572825e+01   1.9775743232e-02
2.7057673509e+01   1.9546603598e-02
2.7096774194e+01   1.9332024975e-02
2.7135874878e+01   1.9130095374e-02
2.7174975562e+01   1.8939079350e-02
2.7214076246e+01   1.8757391228e-02
2.7253176931e+01   1.8583572466e-02
2.7292277615e+01   1.8416272426e-02
2.7331378299e+01   1.8254232004e-02
2.7370478983e+01   1.8096269674e-02
2.7409579668e+01   1.7941269593e-02
2.7448680352e+01   1.7788171485e-02
2.7487781036e+01   1.7635962076e-02
2.7526881720e+01   1.7483667884e-02
2.7565982405e+01   1.7330349204e-02
2.7605083089e+01   1.7175095111e-02
2.7644183773e+01   1.7017019338e-02
2.7683284457e+01   1.6855256840e-02
2.7722385142e+01   1.6688960864e-02
2.7761485826e+01   1.6517300279e-02
2.7800586510e+01   1.6339456912e-02
2.7839687195e+01   1.6154622573e-02
2.7878787879e+01   1.5961995395e-02
2.7917888563e+01   1.5760775084e-02
2.7956989247e+01   1.5550156613e-02
2.7996089932e+01   1.5329158338e-02
2.8035190616e+01   1.5096348966e-02
2.8074291300e+01   1.4850438052e-02
2.8113391984e+01   1.4590562657e-02
2.8152492669e+01   1.4315872192e-02
2.8191593353e+01   1.4025534463e-02
2.8230694037e+01   1.3718742728e-02
2.8269794721e+01   1.3394723791e-02
2.8308895406e+01   1.3052747080e-02
2.8347996090e+01   1.2692134662e-02
2.8387096774e+01   1.2312272099e-02
2.8426197458e+01   1.1912620021e-02
2.8465298143e+01   1.1492726253e-02
2.8504398827e+01   1.1052238299e-02
2.8543499511e+01   1.0590915954e-02
2.8582600196e+01   1.1478797300e-02
2.8621700880e+01   1.4036538206e-02
2.8660801564e+01   1.6880185237e-02
2.8699902248e+01   2.0063925373e-02
2.8739002933e+01   2.3659354768e-02
2.8778103617e+01   2.7763241601e-02
2.8817204301e+01   3.2509603398e-02
2.8856304985e+01   3.8089747442e-02
2.8895405670e+01   4.4787656657e-02
2.8934506354e+01   5.3041309294e-02
2.8973607038e+01   6.3563848227e-02
2.9012707722e+01   7.7598618332e-02
2.9051808407e+01   9.7521881988e-02
2.9090909091e+01   1.2850874423e-01
2.9130009775e+01   1.8436170629e-01
2.9169110459e+01   3.1829892083e-01
2.9208211144e+01   1.1142722469e+00
2.9247311828e+01   7.4410457709e-01
2.9286412512e+01   2.7644153822e-01
2.9325513196e+01   1.6780315252e-01
2.9364613881e+01   1.1892272160e-01
2.9403714565e+01   9.0832229196e-02
2.9442815249e+01   7.2405995258e-02
2.9481915934e+01   5.9264196356e-02
2.9521016618e+01   4.9333927853e-02
2.9560117302e+01   4.1507616523e-02
2.9599217986e+01   3.5139999289e-02
2.9638318671e+01   2.9874766611e-02
2.9677419355e+01   2.5250616603e-02
2.9716520039e+01   2.1354409016e-02
2.9755620723e+01   1.7947935950e-02
2.9794721408e+01   1.4939435120e-02
2.9833822092e+01   1.2260539634e-02
2.9872922776e+01   1.0391404281e-02
2.9912023460e+01   1.0847943030e-02
2.9951124145e+01   1.1284672306e-02
2.9990224829e+01   1.1701953156e-02
3.0029325513e+01   1.2100251956e-02
3.0068426197e+01   1.2480128315e-02
3.0107526882e+01   1.2842223345e-02
3.0146627566e+01   1.3187248476e-02
3.0185728250e+01   1.3515974980e-02
3.0224828935e+01   1.3829224274e-02
3.0263929619e+01   1.4127859115e-02
3.0303030303e+01   1.4412775689e-02
3.0342130987e+01   1.4684896643e-02
3.0381231672e+01   1.4945165051e-02
3.0420332356e+01   1.5194539302e-02
3.0459433040e+01   1.5433989113e-02
3.0498533724e+01   1.5664495050e-02
3.0537634409e+01   1.5887051091e-02
3.0576735093e+01   1.6102662334e-02
3.0615835777e+01   1.6312343829e-02
3.0654936461e+01   1.6517121835e-02
3.0694037146e+01   1.6718035914e-02
3.0733137830e+01   1.6916141875e-02
3.0772238514e+01   1.7112515564e-02
3.0811339198e+01   1.7308257519e-02
3.0850439883e+01   1.7504498532e-02
3.0889540567e+01   1.7702406153e-02
3.0928641251e+01   1.7903192231e-02
3.0967741935e+01   1.8108121577e-02
3.1006842620e+01   1.8318521889e-02
3.1045943304e+01   1.8535795095e-02
3.1085043988e+01   1.8761430334e-02
3.1124144673e+01   1.8997018820e-02
3.1163245357e+01   1.9244270920e-02
3.1202346041e+01   1.9505035843e-02
3.1241446725e+01   1.9781324417e-02
3.1280547410e+01   2.0075335590e-02
3.1319648094e+01   2.0389487382e-02
3.1358748778e+01   2.0726453255e-02
3.1397849462e+01   2.1089205073e-02
3.1436950147e+01   2.1481064147e-02
3.1476050831e+01   2.1905762260e-02
3.1515151515e+01   2.2367515078e-02
3.1554252199e+01   2.2871111051e-02
3.1593352884e+01   2.3422019817e-02
3.1632453568e+01   2.4026428859e-02
3.1671554252e+01   2.4691241901e-02
3.1710654936e+01   2.5424492506e-02
3.1749755621e+01   2.6235749406e-02
3.1788856305e+01   2.7136251192e-02
3.1827956989e+01   2.8139294771e-02
3.1867057674e+01   2.9260737461e-02
3.1906158358e+01   3.0519653385e-02
3.1945259042e+01   3.1939201879e-02
3.1984359726e+01   3.3547793350e-02
3.2023460411e+01   3.5380678505e-02
3.2062561095e+01   3.7482152039e-02
3.2101661779e+01   3.9908667143e-02
3.2140762463e+01   4.2733332684e-02
3.2179863148e+01   4.6052566484e-02
3.2218963832e+01   4.9996215594e-02
3.2258064516e+01   5.4743451796e-02
3.2297165200e+01   6.0548691582e-02
3.2336265885e+01   6.7785782484e-02
3.2375366569e+01   7.7027472632e-02
3.2414467253e+01   8.9198079186e-02
3.2453567937e+01   1.0589228121e-01
3.2492668622e+01   1.3011765094e-01
3.2531769306e+01   1.6830502195e-01
3.2570869990e+01   2.3711685753e-01
3.2609970674e+01   3.9723712281e-01
3.2649071359e+01   1.1815893518e+00
3.2688172043e+01   1.2631747688e+00
3.2727272727e+01   4.1794266588e-01
3.2766373412e+01   2.5295530300e-01
3.2805474096e+01   1.8280214126e-01
3.2844574780e+01   1.4406223831e-01
3.2883675464e+01   1.1955656822e-01
3.2922776149e+01   1.0270049387e-01
3.2961876833e+01   9.0427625232e-02
3.3000977517e+01   8.1116846500e-02
3.3040078201e+01   7.3830522747e-02
3.3079178886e+01   6.7988598612e-02
3.3118279570e+01   6.3212939843e-02
3.3157380254e+01   5.9246474710e-02
3.3196480938e+01   5.5908309852e-02
3.3235581623e+01   5.3067436763e-02
3.3274682307e+01   5.0626625528e-02
3.3313782991e+01   4.8512180234e-02
3.3352883675e+01   4.6667209496e-02
3.3391984360e+01   4.5047080997e-02
3.3431085044e+01   4.3616275465e-02
3.3470185728e+01   4.2346161876e-02
3.3509286413e+01   4.1213393713e-02
3.3548387097e+01   4.0198732943e-02
3.3587487781e+01   3.9286174187e-02
3.3626588465e+01   3.8462283256e-02
3.3665689150e+01   3.7715691149e-02
3.3704789834e+01   3.7036702406e-02
3.3743890518e+01   3.6416970346e-02
3.3782991202e+01   3.5849228755e-02
3.3822091887e+01   3.5327141749e-02
3.3861192571e+01   3.4845177357e-02
3.3900293255e+01   3.4398451743e-02
3.3939393939e+01   3.3982625673e-02
3.3978494624e+01   3.3593819164e-02
3.4017595308e+01   3.3228540621e-02
3.4056695992e+01   3.2883627592e-02
3.4095796676e+01   3.2556196913e-02
3.4134897361e+01   3.2243602489e-02
3.4173998045e+01   3.1943399333e-02
3.4213098729e+01   3.1653312655e-02
3.4252199413e+01   3.1371211181e-02
3.4291300098e+01   3.1095084360e-02
3.4330400782e+01   3.0823022543e-02
3.4369501466e+01   3.0553199428e-02
3.4408602151e+01   3.0283856876e-02
3.4447702835e+01   3.0013291687e-02
3.4486803519e+01   2.9739844116e-02
3.4525904203e+01   2.9461887975e-02
3.4565004888e+01   2.9177822210e-02
3.4604105572e+01   2.8886063848e-02
3.4643206256e+01   2.8585042261e-02
3.4682306940e+01   2.8273194702e-02
3.4721407625e+01   2.7948963081e-02
3.4760508309e+01   2.7610791961e-02
3.4799608993e+01   2.7257127768e-02
3.4838709677e+01   2.6886419200e-02
3.4877810362e+01   2.6497118856e-02
3.4916911046e+01   2.6087686067e-02
3.4956011730e+01   2.5656590962e-02
3.4995112414e+01   2.5202319778e-02
3.5034213099e+01   2.4723381457e-02
3.5073313783e+01   2.4218315562e-02
3.5112414467e+01   2.3685701587e-02
3.5151515152e+01   2.3124156810e-02
3.5190615836e+01   2.2532344172e-02
3.5229716520e+01   2.1909043718e-02
3.5268817204e+01   2.1253178848e-02
3.5307917889e+01   2.0563802889e-02
3.5347018573e+01   1.9840119779e-02
3.5386119257e+01   1.9081505452e-02
3.5425219941e+01   1.8287529499e-02
3.5464320626e+01   1.9274877341e-02
3.5503421310e+01   2.3576230968e-02
3.5542521994e+01   2.8348985174e-02
3.5581622678e+01   3.3680291355e-02
3.5620723363e+01   3.9684817244e-02
3.5659824047e+01   4.6516801413e-02
3.5698924731e+01   5.4388932190e-02
3.5738025415e+01   6.3603008174e-02
3.5777126100e+01   7.4601933617e-02
3.5816226784e+01   8.8062621521e-02
3.5855327468e+01   1.0507300458e-01
3.5894428152e+01   1.2749777254e-01
3.5933528837e+01   1.5881812068e-01
3.5972629521e+01   2.0636120941e-01
3.6011730205e+01   2.8862261852e-01
3.6050830890e+01   4.6958814601e-01
3.6089931574e+01   1.2215614932e+00
3.6129032258e+01   2.0467028075e+00
3.6168132942e+01   5.5170405657e-01
3.6207233627e+01   3.1502044565e-01
3.6246334311e+01   2.1754709338e-01
3.6285434995e+01   1.6380956574e-01
3.6324535679e+01   1.2941356552e-01
3.6363636364e+01   1.0527886932e-01
3.6402737048e+01   8.7253924575e-02
3.6441837732e+01   7.3172300297e-02
3.6480938416e+01   6.1793437819e-02
3.6520039101e+01   5.2356075445e-02
3.6559139785e+01   4.4367272829e-02
3.6598240469e+01   3.7493751630e-02
3.6637341153e+01   3.1502000478e-02
3.6676441838e+01   2.6223398247e-02
3.6715542522e+01   2.1532966042e-02
3.6754643206e+01   1.7652609364e-02
3.6793743891e+01   1.8432901482e-02
3.6832844575e+01   1.9178901051e-02
3.6871945259e+01   1.9891199606e-02
3.6911045943e+01   2.0570568890e-02
3.6950146628e+01   2.1217939750e-02
3.6989247312e+01   2.1834381637e-02
3.7028347996e+01   2.2421083060e-02
3.7067448680e+01   2.2979333371e-02
3.7106549365e+01   2.3510506263e-02
3.7145650049e+01   2.4016044766e-02
3.7184750733e+01   2.4497447633e-02
3.7223851417e+01   2.4956257754e-02
3.7262952102e+01   2.5394052345e-02
3.7302052786e+01   2.5812434912e-02
3.7341153470e+01   2.6213028959e-02
3.7380254154e+01   2.6597473392e-02
3.7419354839e+01   2.6967419534e-02
3.7458455523e+01   2.7324529718e-02
3.7497556207e+01   2.7670477359e-02
3.7536656891e+01   2.8006948481e-02
3.7575757576e+01   2.8335644629e-02
3.7614858260e+01   2.8658287140e-02
3.7653958944e+01   2.8976622776e-02
3.7693059629e+01   2.9292430695e-02
3.7732160313e+01   2.9607530823e-02
3.7771260997e+01   2.9923793673e-02
3.7810361681e+01   3.0243151694e-02
3.7849462366e+01   3.0567612307e-02
3.7888563050e+01   3.0899272775e-02
3.7927663734e+01   3.1240337143e-02
3.7966764418e+01   3.1593135534e-02
3.8005865103e+01   3.1960146152e-02
3.8044965787e+01   3.2344013803e-02
3.8084066471e+01   3.2747568945e-02
3.8123167155e+01   3.3173878732e-02
3.8162267840e+01   3.3626295824e-02
3.8201368524e+01   3.4108490327e-02
3.8240469208e+01   3.4624501888e-02
3.8279569892e+01   3.5178800877e-02
3.8318670577e+01   3.5776360631e-02
3.8357771261e+01   3.6422743290e-02
3.8396871945e+01   3.7124202385e-02
3.8435972630e+01   3.7887806270e-02
3.8475073314e+01   3.8721587616e-02
3.8514173998e+01   3.9634733816e-02
3.8553274682e+01   4.0637827295e-02
3.8592375367e+01   4.1743111672e-02
3.8631476051e+01   4.2964828614e-02
3.8670576735e+01   4.4319674184e-02
3.8709677419e+01   4.5827364661e-02
3.8748778104e+01   4.7511365646e-02
3.8787878788e+01   4.9399842381e-02
3.8826979472e+01   5.1526913962e-02
3.8866080156e+01   5.3934331373e-02
3.8905180841e+01   5.6673756645e-02
3.8944281525e+01   5.9809910500e-02
3.8983382209e+01   6.3425000969e-02
3.9022482893e+01   6.7625085683e-02
3.9061583578e+01   7.2549430329e-02
3.9100684262e+01   7.8384649854e-02
3.9139784946e+01   8.5386749770e-02
3.9178885630e+01   9.3916745468e-02
3.9217986315e+01   1.0450073468e-01
3.9257086999e+01   1.1793653907e-01
3.9296187683e+01   1.3549528218e-01
3.9335288368e+01   1.5933368426e-01
3.9374389052e+01   1.9342827385e-01
3.9413489736e+01   2.4600842317e-01
3.9452590420e+01   3.3731762743e-01
3.9491691105e+01   5.3414120490e-01
3.9530791789e+01   1.2643716608e+00
3.9569892473e+01   3.6214834931e+00
3.9608993157e+01   7.5412853488e-01
3.9648093842e+01   4.2443193564e-01
3.9687194526e+01   2.9728210975e-01
3.9726295210e+01   2.3004681562e-01
3.9765395894e+01   1.8855456410e-01
3.9804496579e+01   1.6046767196e-01
3.9843597263e+01   1.4024566189e-01
3.9882697947e+01   1.2503084116e-01
3.9921798631e+01   1.1319974871e-01
3.9960899316e+01   1.0376169111e-01
4.0000000000e+01   9.5894468335e-02
4.0000000000e+01   9.5894468335e-02
