X    Y
0.0000000000e+00   5.0000000000e-01
1.0000000000e-04   5.0002500000e-01
1.1000000000e-03   5.0027499995e-01
1.1100000000e-02   5.0277494850e-01
8.9301368524e-02   5.2229772408e-01
1.6750273705e-01   5.4168811968e-01
2.4570410557e-01   5.6081724864e-01
3.2390547410e-01   5.7954338600e-01
4.0210684262e-01   5.9771249171e-01
4.8030821114e-01   6.1515919503e-01
5.5850957967e-01   6.3170831954e-01
6.3671094819e-01   6.4717702132e-01
7.1491231672e-01   6.6137759879e-01
7.9311368524e-01   6.7412100834e-01
8.7131505376e-01   6.8522108478e-01
9.4951642229e-01   6.9449941907e-01
1.0277177908e+00   7.0179078813e-01
1.1059191593e+00   7.0694896661e-01
1.1841205279e+00   7.0985268303e-01
1.2623218964e+00   7.1041142090e-01
1.3405232649e+00   7.0857071970e-01
1.4187246334e+00   7.0431661195e-01
1.4969260020e+00   6.9767885143e-01
1.5751273705e+00   6.8873264794e-01
1.6533287390e+00   6.7759872066e-01
1.7315301075e+00   6.6444159304e-01
1.8097314761e+00   6.4946613375e-01
1.8879328446e+00   6.3291233274e-01
1.9661342131e+00   6.1504810308e-01
2.0443355816e+00   5.9615942464e-01
2.0444355816e+00   5.9613452687e-01
2.0454355816e+00   5.9588547718e-01
2.0554355816e+00   5.9338789616e-01
2.1336369501e+00   5.7347168835e-01
2.2118383187e+00   5.5306691492e-01
2.2900396872e+00   5.3243727809e-01
2.3682410557e+00   5.1182901750e-01
2.4464424242e+00   4.9146566563e-01
2.5246437928e+00   4.7154438402e-01
2.6028451613e+00   4.5223387859e-01
2.6810465298e+00   4.3367377561e-01
2.7592478983e+00   4.1597525544e-01
2.8374492669e+00   3.9922269013e-01
2.9156506354e+00   3.8347601283e-01
2.9938520039e+00   3.6877355606e-01
3.0720533724e+00   3.5513512393e-01
3.1502547410e+00   3.4256510404e-01
3.2284561095e+00   3.3105546913e-01
3.3066574780e+00   3.2058856333e-01
3.3848588465e+00   3.1113960646e-01
3.4630602151e+00   3.0267888267e-01
3.5412615836e+00   2.9517360435e-01
3.6194629521e+00   2.8858946016e-01
3.6976643206e+00   2.8289186860e-01
3.7758656891e+00   2.7804696726e-01
3.8540670577e+00   2.7402237447e-01
3.9322684262e+00   2.7078776425e-01
4.0104697947e+00   2.6831529696e-01
4.0886711632e+00   2.6657994629e-01
4.1668725318e+00   2.6555975497e-01
4.2450739003e+00   2.6523603917e-01
4.3232752688e+00   2.6559354372e-01
4.4014766373e+00   2.6662053302e-01
4.4796780059e+00   2.6830878911e-01
4.5578793744e+00   2.7065348646e-01
4.6360807429e+00   2.7365292569e-01
4.7142821114e+00   2.7730813921e-01
4.7924834800e+00   2.8162242657e-01
4.8706848485e+00   2.8660093019e-01
4.9488862170e+00   2.9225041120e-01
5.0270875855e+00   2.9857941704e-01
5.1052889541e+00   3.0559903569e-01
5.1834903226e+00   3.1332439515e-01
5.2616916911e+00   3.2177699046e-01
5.3398930596e+00   3.3098780723e-01
5.4180944282e+00   3.4100107319e-01
5.4962957967e+00   3.5187832627e-01
5.5744971652e+00   3.6370235998e-01
5.6526985337e+00   3.7658051577e-01
5.7308999022e+00   3.9064675558e-01
5.8091012708e+00   4.0606197573e-01
5.8873026393e+00   4.2122332397e-01
5.9655040078e+00   4.3733189565e-01
6.0437053763e+00   4.5441763615e-01
6.1219067449e+00   4.7251034401e-01
6.1220067449e+00   4.7253413728e-01
6.1230067449e+00   4.7277216319e-01
6.1330067449e+00   4.7516175566e-01
6.2112081134e+00   4.9444002062e-01
6.2894094819e+00   5.1478641046e-01
6.3676108504e+00   5.3622699464e-01
6.4458122190e+00   5.5878530785e-01
6.5240135875e+00   5.8248151668e-01
6.6022149560e+00   6.0733145751e-01
6.6804163245e+00   6.3334552967e-01
6.7586176931e+00   6.6052742699e-01
6.8368190616e+00   6.8887269073e-01
6.9150204301e+00   7.1836706699e-01
6.9932217986e+00   7.4898465312e-01
7.0714231672e+00   7.8068582003e-01
7.1496245357e+00   8.1341490195e-01
7.2278259042e+00   8.4709765206e-01
7.3060272727e+00   8.8163847272e-01
7.3842286413e+00   9.1691744360e-01
7.4624300098e+00   9.5278719126e-01
7.5406313783e+00   9.8906967011e-01
7.6188327468e+00   1.0255529595e+00
7.6970341153e+00   1.0619882249e+00
7.7752354839e+00   1.0980870451e+00
7.8534368524e+00   1.1335193688e+00
7.9316382209e+00   1.1679124356e+00
8.0098395894e+00   1.2008510727e+00
8.0880409580e+00   1.2318798511e+00
8.1662423265e+00   1.2605076505e+00
8.2444436950e+00   1.2862152158e+00
8.3226450635e+00   1.3084662803e+00
8.4008464321e+00   1.3267227415e+00
8.4790478006e+00   1.3404641777e+00
8.5572491691e+00   1.3491885450e+00
8.5573491691e+00   1.3491963058e+00
8.5583491691e+00   1.3492734247e+00
8.5683491691e+00   1.3499955158e+00
8.6465505376e+00   1.3524877984e+00
8.7247519062e+00   1.3491762149e+00
8.8029532747e+00   1.3398619942e+00
8.8811546432e+00   1.3244895871e+00
8.9593560117e+00   1.3031640074e+00
9.0375573803e+00   1.2761595925e+00
9.1157587488e+00   1.2439180833e+00
9.1939601173e+00   1.2070349881e+00
9.2721614858e+00   1.1662346168e+00
9.3503628543e+00   1.1223357208e+00
9.4285642229e+00   1.0762110919e+00
9.5067655914e+00   1.0287455263e+00
9.5849669599e+00   9.8079718875e-01
9.6631683284e+00   9.3316766465e-01
9.7413696970e+00   8.8658593270e-01
9.8195710655e+00   8.4171097666e-01
9.8977724340e+00   7.9915616105e-01
9.9759738025e+00   7.5953482066e-01
1.0054175171e+01   7.2351980920e-01
1.0132376540e+01   6.9190011295e-01
1.0210577908e+01   6.6560728368e-01
1.0288779277e+01   6.4567824352e-01
1.0366980645e+01   6.3312551918e-01
1.0445182014e+01   6.2870653527e-01
1.0523383382e+01   6.3262016222e-01
1.0601584751e+01   6.4420214357e-01
1.0679786119e+01   6.6172312416e-01
1.0757987488e+01   6.8239252110e-01
1.0836188856e+01   7.0262586130e-01
1.0914390225e+01   7.1855113788e-01
1.0992591593e+01   7.2664565581e-01
1.1070792962e+01   7.2435654524e-01
1.1148994330e+01   7.1059595147e-01
1.1227195699e+01   6.8609239523e-01
1.1305397067e+01   6.5363205550e-01
1.1383598436e+01   6.1812101185e-01
1.1461799804e+01   5.8610815707e-01
1.1540001173e+01   5.6411813929e-01
1.1618202542e+01   5.5534036415e-01
1.1696403910e+01   5.5555968101e-01
1.1774605279e+01   5.5210682395e-01
1.1852806647e+01   5.3357762429e-01
1.1931008016e+01   5.2120765269e-01
1.2009209384e+01   6.3179173740e-01
1.2087410753e+01   1.1733630226e+00
1.2165612121e+01   1.2430084468e+00
1.2243813490e+01   1.3161319735e+00
1.2322014858e+01   1.3926497230e+00
1.2400216227e+01   1.4724029280e+00
1.2478417595e+01   1.5551377537e+00
1.2556618964e+01   1.6404808454e+00
1.2634820332e+01   1.7279100648e+00
1.2713021701e+01   1.8167200576e+00
1.2791223069e+01   1.9059827154e+00
1.2869424438e+01   1.9945033711e+00
1.2947625806e+01   2.0807749111e+00
1.3025827175e+01   2.1629341103e+00
1.3104028543e+01   2.2387276418e+00
1.3104128543e+01   2.2388193956e+00
1.3105128543e+01   2.2397361236e+00
1.3115128543e+01   2.2488212011e+00
1.3193329912e+01   2.3140746861e+00
1.3271531281e+01   2.3668162243e+00
1.3349732649e+01   2.4036909742e+00
1.3427934018e+01   2.4212535037e+00
1.3506135386e+01   2.4162556653e+00
1.3584336755e+01   2.3860397470e+00
1.3662538123e+01   2.3290037718e+00
1.3662638123e+01   2.3289134430e+00
1.3663638123e+01   2.3280077208e+00
1.3673638123e+01   2.3187074963e+00
1.3745811082e+01   2.2387190339e+00
1.3824012450e+01   2.1281079676e+00
1.3902213819e+01   1.9963424588e+00
1.3980415187e+01   1.8488642331e+00
1.3980515187e+01   1.8486682863e+00
1.3981515187e+01   1.8467079869e+00
1.3991515187e+01   1.8270248170e+00
1.4054966180e+01   1.6995571206e+00
1.4119651800e+01   1.5676864849e+00
1.4192636374e+01   1.4209302813e+00
1.4270837742e+01   1.2706905132e+00
1.4349039111e+01   1.1314402861e+00
1.4427240479e+01   1.0055244970e+00
1.4427340479e+01   1.0053725725e+00
1.4428340479e+01   1.0038546254e+00
1.4438340479e+01   9.8880504953e-01
1.4516541848e+01   8.7927775710e-01
1.4594743216e+01   7.8397339782e-01
1.4672944585e+01   7.0206021008e-01
1.4751145953e+01   6.3232745802e-01
1.4829347322e+01   5.7340635093e-01
1.4907548690e+01   5.2392060540e-01
1.4985750059e+01   4.8257766022e-01
1.5063951427e+01   4.4821584168e-01
1.5142152796e+01   4.1982195498e-01
1.5142252796e+01   4.1978908185e-01
1.5143252796e+01   4.1946080804e-01
1.5153252796e+01   4.1622348366e-01
1.5231454164e+01   3.9359405562e-01
1.5309655533e+01   3.7524580909e-01
1.5387856901e+01   3.6058893115e-01
1.5466058270e+01   3.4913731276e-01
1.5544259639e+01   3.4049301382e-01
1.5622461007e+01   3.3433229047e-01
1.5700662376e+01   3.3039347348e-01
1.5778863744e+01   3.2846669760e-01
1.5857065113e+01   3.2838533624e-01
1.5935266481e+01   3.3001893497e-01
1.6013467850e+01   3.3326742484e-01
1.6013567850e+01   3.3327257854e-01
1.6014567850e+01   3.3332425390e-01
1.6024567850e+01   3.3385481717e-01
1.6102769218e+01   3.3885786507e-01
1.6180970587e+01   3.4534309372e-01
1.6259171955e+01   3.5327920331e-01
1.6337373324e+01   3.6265083089e-01
1.6415574692e+01   3.7345657914e-01
1.6493776061e+01   3.8570741760e-01
1.6571977429e+01   3.9942538134e-01
1.6650178798e+01   4.1464250485e-01
1.6728380166e+01   4.3139993884e-01
1.6806581535e+01   4.4974720535e-01
1.6884782903e+01   4.6974155179e-01
1.6962984272e+01   4.9144736791e-01
1.7041185640e+01   5.1493563101e-01
1.7119387009e+01   5.4028334445e-01
1.7197588378e+01   5.6757293177e-01
1.7275789746e+01   5.9689154515e-01
1.7353991115e+01   6.2833024061e-01
1.7432192483e+01   6.6198296517e-01
1.7510393852e+01   6.9794529227e-01
1.7588595220e+01   7.3631283175e-01
1.7666796589e+01   7.7717922999e-01
1.7744997957e+01   8.2063366533e-01
1.7823199326e+01   8.6675773375e-01
1.7901400694e+01   9.1562161161e-01
1.7979602063e+01   9.6727937719e-01
1.8057803431e+01   1.0217633718e+00
1.8136004800e+01   1.0793324111e+00
1.8136104800e+01   1.0794079083e+00
1.8137104800e+01   1.0801631437e+00
1.8147104800e+01   1.0877419038e+00
1.8225306168e+01   1.1486595000e+00
1.8303507537e+01   1.2124708794e+00
1.8381708905e+01   1.2790901807e+00
1.8459910274e+01   1.3483712367e+00
1.8538111642e+01   1.4200928556e+00
1.8616313011e+01   1.4939414057e+00
1.8694514380e+01   1.5694904809e+00
1.8772715748e+01   1.6461775855e+00
1.8850917117e+01   1.7232780742e+00
1.8929118485e+01   1.7998770825e+00
1.9007319854e+01   1.8748409765e+00
1.9085521222e+01   1.9467910380e+00
1.9085621222e+01   1.9468804418e+00
1.9086621222e+01   1.9477740619e+00
1.9096621222e+01   1.9566677381e+00
1.9174822591e+01   2.0231502399e+00
1.9253023959e+01   2.0827666878e+00
1.9331225328e+01   2.1333119333e+00
1.9409426696e+01   2.1723827468e+00
1.9487628065e+01   2.1974786818e+00
1.9565829433e+01   2.2061601003e+00
1.9644030802e+01   2.1962664578e+00
1.9722232170e+01   2.1661843614e+00
1.9800433539e+01   2.1151352687e+00
1.9800533539e+01   2.1150565711e+00
1.9801533539e+01   2.1142677281e+00
1.9811533539e+01   2.1061930369e+00
1.9889734907e+01   2.0316541154e+00
1.9967936276e+01   1.9383446922e+00
2.0046137644e+01   1.8292341940e+00
2.0124339013e+01   1.7082958806e+00
2.0202540381e+01   1.5801123502e+00
2.0202640381e+01   1.5799458248e+00
2.0203640381e+01   1.5782803472e+00
2.0213640381e+01   1.5616051734e+00
2.0291485654e+01   1.4314783474e+00
2.0369687022e+01   1.3031136641e+00
2.0447888391e+01   1.1806136964e+00
2.0526089759e+01   1.0665433391e+00
2.0604291128e+01   9.6250580618e-01
2.0682492496e+01   8.6924839185e-01
2.0760693865e+01   7.8683777691e-01
2.0838895234e+01   7.1485482464e-01
2.0917096602e+01   6.5257389535e-01
2.0917196602e+01   6.5250009472e-01
2.0918196602e+01   6.5176288130e-01
2.0928196602e+01   6.4446962695e-01
2.1006397971e+01   5.9217909484e-01
2.1084599339e+01   5.4763213022e-01
2.1162800708e+01   5.0991529796e-01
2.1241002076e+01   4.7818183083e-01
2.1319203445e+01   4.5167173336e-01
2.1397404813e+01   4.2971849827e-01
2.1475606182e+01   4.1174751635e-01
2.1553807550e+01   3.9726981997e-01
2.1632008919e+01   3.8587360109e-01
2.1710210287e+01   3.7721503625e-01
2.1710310287e+01   3.7720558930e-01
2.1711310287e+01   3.7711133988e-01
2.1721310287e+01   3.7619074719e-01
2.1799511656e+01   3.7031310489e-01
2.1877713024e+01   3.6662478579e-01
2.1955914393e+01   3.6494088786e-01
2.2034115761e+01   3.6511277764e-01
2.2112317130e+01   3.6702278010e-01
2.2190518498e+01   3.7057970134e-01
2.2268719867e+01   3.7571508186e-01
2.2346921235e+01   3.8238007648e-01
2.2425122604e+01   3.9054286356e-01
2.2503323973e+01   4.0018649542e-01
2.2581525341e+01   4.1130711259e-01
2.2659726710e+01   4.2391245409e-01
2.2737928078e+01   4.3802060490e-01
2.2816129447e+01   4.5365892790e-01
2.2894330815e+01   4.7086313287e-01
2.2972532184e+01   4.8967643725e-01
2.3050733552e+01   5.1014877439e-01
2.3128934921e+01   5.3233600373e-01
2.3207136289e+01   5.5629907520e-01
2.3285337658e+01   5.8210309673e-01
2.3363539026e+01   6.0981625007e-01
2.3441740395e+01   6.3950849706e-01
2.3519941763e+01   6.7125001597e-01
2.3598143132e+01   7.0510930657e-01
2.3598243132e+01   7.0515405837e-01
2.3599243132e+01   7.0560177551e-01
2.3609243132e+01   7.1009889479e-01
2.3687444500e+01   7.4653369930e-01
2.3765645869e+01   7.8526594122e-01
2.3843847237e+01   8.2636397010e-01
2.3922048606e+01   8.6988902331e-01
2.4000249974e+01   9.1589217187e-01
2.4078451343e+01   9.6441063049e-01
2.4156652712e+01   1.0154633083e+00
2.4234854080e+01   1.0690454588e+00
2.4313055449e+01   1.1251222716e+00
2.4391256817e+01   1.1836212321e+00
2.4469458186e+01   1.2444230678e+00
2.4547659554e+01   1.3073511023e+00
2.4625860923e+01   1.3721588605e+00
2.4704062291e+01   1.4385158255e+00
2.4782263660e+01   1.5059913517e+00
2.4860465028e+01   1.5740369253e+00
2.4860565028e+01   1.5741240266e+00
2.4861565028e+01   1.5749950307e+00
2.4871565028e+01   1.5837037915e+00
2.4949766397e+01   1.6515534210e+00
2.5027967765e+01   1.7183134873e+00
2.5106169134e+01   1.7829431273e+00
2.5184370502e+01   1.8442122004e+00
2.5262571871e+01   1.9006959309e+00
2.5340773239e+01   1.9507824292e+00
2.5418974608e+01   1.9926992813e+00
2.5497175976e+01   2.0245661220e+00
2.5575377345e+01   2.0444796711e+00
2.5653578713e+01   2.0506352235e+00
2.5731780082e+01   2.0414831172e+00
2.5809981451e+01   2.0159098334e+00
2.5888182819e+01   1.9734300148e+00
2.5888282819e+01   1.9733649030e+00
2.5889282819e+01   1.9727122837e+00
2.5899282819e+01   1.9660363428e+00
2.5977484188e+01   1.9046560711e+00
2.6055685556e+01   1.8280642374e+00
2.6133886925e+01   1.7384110753e+00
2.6212088293e+01   1.6385639703e+00
2.6290289662e+01   1.5318630577e+00
2.6368491030e+01   1.4218133826e+00
2.6368591030e+01   1.4216719793e+00
2.6369591030e+01   1.4202579516e+00
2.6379591030e+01   1.4061195509e+00
2.6457792399e+01   1.2963268820e+00
2.6535993767e+01   1.1898540829e+00
2.6614195136e+01   1.0889618174e+00
2.6692396504e+01   9.9524622241e-01
2.6770597873e+01   9.0966724492e-01
2.6848799241e+01   8.3263692328e-01
2.6927000610e+01   7.6413741152e-01
2.7005201978e+01   7.0384358530e-01
2.7083403347e+01   6.5123351382e-01
2.7161604715e+01   6.0567842523e-01
2.7239806084e+01   5.6651012072e-01
2.7318007452e+01   5.3306763384e-01
2.7318107452e+01   5.3302826308e-01
2.7319107452e+01   5.3263501362e-01
2.7329107452e+01   5.2874807796e-01
2.7407308821e+01   5.0108372928e-01
2.7485510190e+01   4.7787426132e-01
2.7563711558e+01   4.5861907959e-01
2.7641912927e+01   4.4288008167e-01
2.7720114295e+01   4.3027903015e-01
2.7798315664e+01   4.2049301885e-01
2.7876517032e+01   4.1324908371e-01
2.7954718401e+01   4.0831862562e-01
2.8032919769e+01   4.0551204105e-01
2.8111121138e+01   4.0467377361e-01
2.8189322506e+01   4.0567788069e-01
2.8267523875e+01   4.0842413711e-01
2.8345725243e+01   4.1283465655e-01
2.8423926612e+01   4.1885099122e-01
2.8424026612e+01   4.1885969391e-01
2.8425026612e+01   4.1894686139e-01
2.8435026612e+01   4.1983258153e-01
2.8513227980e+01   4.2763357658e-01
2.8591429349e+01   4.3697013279e-01
2.8669630717e+01   4.4783063665e-01
2.8747832086e+01   4.6021484937e-01
2.8826033454e+01   4.7413261210e-01
2.8904234823e+01   4.8960271417e-01
2.8982436191e+01   5.0665188533e-01
2.9060637560e+01   5.2531387661e-01
2.9138838929e+01   5.4562859574e-01
2.9217040297e+01   5.6764126504e-01
2.9295241666e+01   5.9140156937e-01
2.9373443034e+01   6.1696276069e-01
2.9451644403e+01   6.4438068387e-01
2.9529845771e+01   6.7371268437e-01
2.9608047140e+01   7.0501635377e-01
2.9686248508e+01   7.3834806290e-01
2.9764449877e+01   7.7376122499e-01
2.9842651245e+01   8.1130422330e-01
2.9920852614e+01   8.5101792930e-01
2.9999053982e+01   8.9293273008e-01
3.0077255351e+01   9.3706497761e-01
3.0155456719e+01   9.8341276968e-01
3.0233658088e+01   1.0319509747e+00
3.0311859456e+01   1.0826254214e+00
3.0390060825e+01   1.1353461940e+00
3.0468262193e+01   1.1899800023e+00
3.0546463562e+01   1.2463416460e+00
3.0546563562e+01   1.2464149659e+00
3.0547563562e+01   1.2471483054e+00
3.0557563562e+01   1.2544956955e+00
3.0635764930e+01   1.3127703456e+00
3.0713966299e+01   1.3722644848e+00
3.0792167668e+01   1.4325881361e+00
3.0870369036e+01   1.4932553290e+00
3.0948570405e+01   1.5536707678e+00
3.1026771773e+01   1.6131169334e+00
3.1104973142e+01   1.6707428571e+00
3.1183174510e+01   1.7255563683e+00
3.1261375879e+01   1.7764222855e+00
3.1339577247e+01   1.8220697336e+00
3.1417778616e+01   1.8611124074e+00
3.1495979984e+01   1.8920859177e+00
3.1574181353e+01   1.9135060000e+00
3.1652382721e+01   1.9239498417e+00
3.1730584090e+01   1.9221595403e+00
3.1730684090e+01   1.9221489580e+00
3.1731684090e+01   1.9220419436e+00
3.1741684090e+01   1.9208523127e+00
3.1819885458e+01   1.9039164723e+00
3.1898086827e+01   1.8731695904e+00
3.1976288195e+01   1.8286594500e+00
3.2054489564e+01   1.7710497851e+00
3.2132690932e+01   1.7016375950e+00
3.2210892301e+01   1.6222990889e+00
3.2289093669e+01   1.5353638192e+00
3.2367295038e+01   1.4434329270e+00
3.2367395038e+01   1.4433133121e+00
3.2368395038e+01   1.4421169559e+00
3.2378395038e+01   1.4301337224e+00
3.2456596407e+01   1.3357412424e+00
3.2534797775e+01   1.2418611399e+00
3.2612999144e+01   1.1506426502e+00
3.2691200512e+01   1.0638042782e+00
3.2769401881e+01   9.8259639176e-01
3.2847603249e+01   9.0781784731e-01
3.2925804618e+01   8.3987077182e-01
3.3004005986e+01   7.7883595509e-01
3.3082207355e+01   7.2455370786e-01
3.3160408723e+01   6.7669946220e-01
3.3238610092e+01   6.3484805576e-01
3.3316811460e+01   5.9852443439e-01
3.3395012829e+01   5.6724100935e-01
3.3473214197e+01   5.4052324622e-01
3.3473314197e+01   5.4049180976e-01
3.3474314197e+01   5.4017781527e-01
3.3484314197e+01   5.3707469557e-01
3.3562515566e+01   5.1502806215e-01
3.3640716934e+01   4.9664025582e-01
3.3718918303e+01   4.8155297264e-01
3.3797119671e+01   4.6945109070e-01
3.3875321040e+01   4.6006102244e-01
3.3953522408e+01   4.5314791959e-01
3.4031723777e+01   4.4851232234e-01
3.4109925146e+01   4.4598664082e-01
3.4188126514e+01   4.4543170988e-01
3.4266327883e+01   4.4673355565e-01
3.4344529251e+01   4.4980044285e-01
3.4422730620e+01   4.5456022782e-01
3.4500931988e+01   4.6095801440e-01
3.4579133357e+01   4.6895409494e-01
3.4657334725e+01   4.7852215042e-01
3.4735536094e+01   4.8964768053e-01
3.4813737462e+01   5.0232663260e-01
3.4891938831e+01   5.1656419615e-01
3.4892038831e+01   5.1658340539e-01
3.4893038831e+01   5.1677563905e-01
3.4903038831e+01   5.1871211365e-01
3.4981240199e+01   5.3474620911e-01
3.5059441568e+01   5.5237546685e-01
3.5137642936e+01   5.7162677917e-01
3.5215844305e+01   5.9253195351e-01
3.5294045673e+01   6.1512674676e-01
3.5372247042e+01   6.3944986052e-01
3.5450448410e+01   6.6554186547e-01
3.5528649779e+01   6.9344402105e-01
3.5606851147e+01   7.2319695426e-01
3.5685052516e+01   7.5483915750e-01
3.5763253885e+01   7.8840526156e-01
3.5841455253e+01   8.2392403458e-01
3.5919656622e+01   8.6141605219e-01
3.5997857990e+01   9.0089097822e-01
3.6076059359e+01   9.4234438932e-01
3.6154260727e+01   9.8575407227e-01
3.6232462096e+01   1.0310757203e+00
3.6310663464e+01   1.0782379561e+00
3.6388864833e+01   1.1271366187e+00
3.6467066201e+01   1.1776282678e+00
3.6545267570e+01   1.2295228926e+00
3.6623468938e+01   1.2825758636e+00
3.6701670307e+01   1.3364792370e+00
3.6779871675e+01   1.3908526290e+00
3.6858073044e+01   1.4452340111e+00
3.6858173044e+01   1.4453033741e+00
3.6859173044e+01   1.4459969569e+00
3.6869173044e+01   1.4529277858e+00
3.6947374412e+01   1.5066787915e+00
3.7025575781e+01   1.5591456414e+00
3.7103777149e+01   1.6095567458e+00
3.7181978518e+01   1.6570324289e+00
3.7260179886e+01   1.7005887732e+00
3.7338381255e+01   1.7391495280e+00
3.7416582624e+01   1.7715686150e+00
3.7494783992e+01   1.7966656596e+00
3.7572985361e+01   1.8132763417e+00
3.7651186729e+01   1.8203179542e+00
3.7729388098e+01   1.8168682393e+00
3.7807589466e+01   1.8022523706e+00
3.7885790835e+01   1.7761293040e+00
3.7963992203e+01   1.7385655533e+00
3.8042193572e+01   1.6900832355e+00
3.8042293572e+01   1.6900146393e+00
3.8043293572e+01   1.6893277823e+00
3.8053293572e+01   1.6823702454e+00
3.8131494940e+01   1.6226739540e+00
3.8209696309e+01   1.5547098238e+00
3.8287897677e+01   1.4802840189e+00
3.8366099046e+01   1.4014068284e+00
3.8444300414e+01   1.3201481459e+00
3.8522501783e+01   1.2384955173e+00
3.8600703151e+01   1.1582342056e+00
3.8678904520e+01   1.0808628639e+00
3.8757105888e+01   1.0075503906e+00
3.8835307257e+01   9.3913168265e-01
3.8913508626e+01   8.7613389490e-01
3.8913608626e+01   8.7605687925e-01
3.8914608626e+01   8.7528723219e-01
3.8924608626e+01   8.6764174931e-01
3.9002809994e+01   8.1106254822e-01
3.9081011363e+01   7.6014777709e-01
3.9159212731e+01   7.1474590910e-01
3.9237414100e+01   6.7459974366e-01
3.9315615468e+01   6.3938757977e-01
3.9393816837e+01   6.0875567331e-01
3.9472018205e+01   5.8234237687e-01
3.9550219574e+01   5.5979505791e-01
3.9628420942e+01   5.4078116087e-01
3.9706622311e+01   5.2499477478e-01
3.9784823679e+01   5.1215991524e-01
3.9863025048e+01   5.0203151241e-01
3.9941226416e+01   4.9439486904e-01
4.0019427785e+01   4.8906414288e-01
4.0097629153e+01   4.8588023409e-01
4.0175830522e+01   4.8470727608e-01
4.0175930522e+01   4.8470701401e-01
4.0176930522e+01   4.8470456392e-01
4.0186930522e+01   4.8469708525e-01
4.0265131890e+01   4.8568550359e-01
4.0343333259e+01   4.8846969398e-01
4.0421534627e+01   4.9297763474e-01
4.0499735996e+01   4.9915296226e-01
4.0577937365e+01   5.0695320805e-01
4.0656138733e+01   5.1634820201e-01
4.0734340102e+01   5.2731862675e-01
4.0812541470e+01   5.3985470269e-01
4.0890742839e+01   5.5395498052e-01
4.0968944207e+01   5.6962521636e-01
4.1047145576e+01   5.8687730354e-01
4.1125346944e+01   6.0572823443e-01
4.1203548313e+01   6.2619906442e-01
4.1281749681e+01   6.4831384876e-01
4.1359951050e+01   6.7209852086e-01
4.1438152418e+01   6.9757967762e-01
4.1516353787e+01   7.2478323422e-01
4.1594555155e+01   7.5373290703e-01
4.1672756524e+01   7.8444847954e-01
4.1750957892e+01   8.1694380342e-01
4.1829159261e+01   8.5122448533e-01
4.1907360629e+01   8.8728521076e-01
4.1985561998e+01   9.2510666040e-01
4.2063763366e+01   9.6465198339e-01
4.2141964735e+01   1.0058628054e+00
4.2220166104e+01   1.0486547710e+00
4.2298367472e+01   1.0929126460e+00
4.2376568841e+01   1.1384850438e+00
4.2454770209e+01   1.1851788800e+00
4.2532971578e+01   1.2327537135e+00
4.2611172946e+01   1.2809161879e+00
4.2611272946e+01   1.2809784951e+00
4.2612272946e+01   1.2816016012e+00
4.2622272946e+01   1.2878358629e+00
4.2700474315e+01   1.3367070719e+00
4.2778675683e+01   1.3854894962e+00
4.2856877052e+01   1.4337040840e+00
4.2935078420e+01   1.4807936939e+00
4.3013279789e+01   1.5261197712e+00
4.3091481157e+01   1.5689619946e+00
4.3169682526e+01   1.6085221897e+00
4.3247883894e+01   1.6439340043e+00
4.3326085263e+01   1.6742799353e+00
4.3404286631e+01   1.6986171854e+00
4.3482488000e+01   1.7160133996e+00
4.3560689368e+01   1.7255924670e+00
4.3638890737e+01   1.7265891857e+00
4.3717092105e+01   1.7184096987e+00
4.3795293474e+01   1.7006924081e+00
4.3873494843e+01   1.6733620321e+00
4.3951696211e+01   1.6366683467e+00
4.4029897580e+01   1.5912019953e+00
4.4029997580e+01   1.5911386731e+00
4.4030997580e+01   1.5905047471e+00
4.4040997580e+01   1.5840955840e+00
4.4119198948e+01   1.5298476194e+00
4.4197400317e+01   1.4692216500e+00
4.4275601685e+01   1.4036972907e+00
4.4353803054e+01   1.3348703907e+00
4.4432004422e+01   1.2643519376e+00
4.4510205791e+01   1.1936726524e+00
4.4588407159e+01   1.1242043886e+00
4.4666608528e+01   1.0571055639e+00
4.4744809896e+01   9.9329311346e-01
4.4823011265e+01   9.3343907306e-01
4.4901212633e+01   8.7798669807e-01
4.4979414002e+01   8.2717935973e-01
4.5057615370e+01   7.8109534098e-01
4.5135816739e+01   7.3968292436e-01
4.5214018107e+01   7.0279243989e-01
4.5292219476e+01   6.7020448723e-01
4.5370420844e+01   6.4157489425e-01
4.5370520844e+01   6.4154075973e-01
4.5371520844e+01   6.4119975414e-01
4.5381520844e+01   6.3782354615e-01
4.5459722213e+01   6.1348590369e-01
4.5537923582e+01   5.9262107262e-01
4.5616124950e+01   5.7497168112e-01
4.5694326319e+01   5.6029611896e-01
4.5772527687e+01   5.4837241481e-01
4.5850729056e+01   5.3900017717e-01
4.5928930424e+01   5.3200116193e-01
4.6007131793e+01   5.2721890854e-01
4.6085333161e+01   5.2451777868e-01
4.6163534530e+01   5.2378164060e-01
4.6241735898e+01   5.2491237058e-01
4.6319937267e+01   5.2782828713e-01
4.6398138635e+01   5.3246259285e-01
4.6476340004e+01   5.3876186894e-01
4.6554541372e+01   5.4668464736e-01
4.6632742741e+01   5.5620007185e-01
4.6710944109e+01   5.6728665014e-01
4.6789145478e+01   5.7993109290e-01
4.6867346846e+01   5.9412722952e-01
4.6945548215e+01   6.0987498372e-01
4.7023749583e+01   6.2717938463e-01
4.7101950952e+01   6.4604957903e-01
4.7180152321e+01   6.6649779995e-01
4.7258353689e+01   6.8853823698e-01
4.7336555058e+01   7.1217625280e-01
4.7336655058e+01   7.1220751135e-01
4.7337655058e+01   7.1252024208e-01
4.7347655058e+01   7.1566208157e-01
4.7425856426e+01   7.4114527274e-01
4.7504057795e+01   7.6825497884e-01
4.7582259163e+01   7.9699699439e-01
4.7660460532e+01   8.2737127799e-01
4.7738661900e+01   8.5936995233e-01
4.7816863269e+01   8.9297504944e-01
4.7895064637e+01   9.2815596775e-01
4.7973266006e+01   9.6486660868e-01
4.8051467374e+01   1.0030421638e+00
4.8129668743e+01   1.0425955300e+00
4.8207870111e+01   1.0834133423e+00
4.8286071480e+01   1.1253516272e+00
4.8364272848e+01   1.1682311113e+00
4.8442474217e+01   1.2118322477e+00
4.8520675585e+01   1.2558900799e+00
4.8598876954e+01   1.3000891235e+00
4.8677078322e+01   1.3440585337e+00
4.8755279691e+01   1.3873679330e+00
4.8833481060e+01   1.4295243968e+00
4.8911682428e+01   1.4699712398e+00
4.8989883797e+01   1.5080893927e+00
4.9068085165e+01   1.5432022999e+00
4.9146286534e+01   1.5745853739e+00
4.9224487902e+01   1.6014810708e+00
4.9302689271e+01   1.6231208451e+00
4.9302789271e+01   1.6231448271e+00
4.9303789271e+01   1.6233841055e+00
4.9313789271e+01   1.6257224722e+00
4.9391990639e+01   1.6404431447e+00
4.9470192008e+01   1.6483634101e+00
4.9548393376e+01   1.6488934096e+00
4.9626594745e+01   1.6415870885e+00
4.9704796113e+01   1.6261860385e+00
4.9782997482e+01   1.6026577533e+00
4.9861198850e+01   1.5712228500e+00
4.9939400219e+01   1.5323661021e+00
5.0017601587e+01   1.4868275095e+00
5.0095802956e+01   1.4355720901e+00
5.0174004324e+01   1.3797402706e+00
5.0252205693e+01   1.3205841752e+00
5.0330407061e+01   1.2593983487e+00
5.0408608430e+01   1.1974565206e+00
5.0486809799e+01   1.1358786075e+00
5.0486909799e+01   1.1358005687e+00
5.0487909799e+01   1.1350203099e+00
5.0497909799e+01   1.1272310090e+00
5.0576111167e+01   1.0673408472e+00
5.0654312536e+01   1.0098242536e+00
5.0732513904e+01   9.5532453109e-01
5.0810715273e+01   9.0430489742e-01
5.0888916641e+01   8.5706402792e-01
5.0967118010e+01   8.1375863599e-01
5.1045319378e+01   7.7442932564e-01
5.1123520747e+01   7.3902670263e-01
5.1201722115e+01   7.0743563866e-01
5.1279923484e+01   6.7949644489e-01
5.1358124852e+01   6.5502241674e-01
5.1436326221e+01   6.3381372039e-01
5.1514527589e+01   6.1566791547e-01
5.1592728958e+01   6.0038758138e-01
5.1670930326e+01   5.8778557669e-01
5.1749131695e+01   5.7768844309e-01
5.1827333063e+01   5.6993839295e-01
5.1905534432e+01   5.6439421326e-01
5.1983735800e+01   5.6093130225e-01
5.2061937169e+01   5.5944095955e-01
5.2140138538e+01   5.5982900465e-01
5.2218339906e+01   5.6201382421e-01
5.2218439906e+01   5.6201771636e-01
5.2219439906e+01   5.6205679296e-01
5.2229439906e+01   5.6246303964e-01
5.2307641275e+01   5.6659827255e-01
5.2385842643e+01   5.7239610585e-01
5.2464044012e+01   5.7981279879e-01
5.2542245380e+01   5.8881400375e-01
5.2620446749e+01   5.9937366246e-01
5.2698648117e+01   6.1147293076e-01
5.2776849486e+01   6.2509912664e-01
5.2855050854e+01   6.4024469149e-01
5.2933252223e+01   6.5690615135e-01
5.3011453591e+01   6.7508306238e-01
5.3089654960e+01   6.9477692263e-01
5.3167856328e+01   7.1599003042e-01
5.3246057697e+01   7.3872426782e-01
5.3324259065e+01   7.6297978605e-01
5.3402460434e+01   7.8875356767e-01
5.3480661802e+01   8.1603783920e-01
5.3558863171e+01   8.4481830621e-01
5.3637064539e+01   8.7507218297e-01
5.3715265908e+01   9.0676598970e-01
5.3793467277e+01   9.3985309383e-01
5.3871668645e+01   9.7427097800e-01
5.3949870014e+01   1.0099382280e+00
5.4028071382e+01   1.0467512495e+00
5.4106272751e+01   1.0845807425e+00
5.4184474119e+01   1.1232679931e+00
5.4262675488e+01   1.1626210723e+00
5.4340876856e+01   1.2024110784e+00
5.4419078225e+01   1.2423686001e+00
5.4497279593e+01   1.2821806353e+00
5.4575480962e+01   1.3214882468e+00
5.4653682330e+01   1.3598852896e+00
5.4731883699e+01   1.3969185877e+00
5.4810085067e+01   1.4320899686e+00
5.4888286436e+01   1.4648605759e+00
5.4966487804e+01   1.4948129617e+00
5.4966587804e+01   1.4948491050e+00
5.4967587804e+01   1.4952102166e+00
5.4977587804e+01   1.4987888579e+00
5.5055789173e+01   1.5246032135e+00
5.5133990541e+01   1.5461210952e+00
5.5212191910e+01   1.5627228220e+00
5.5290393278e+01   1.5738225006e+00
5.5368594647e+01   1.5788970615e+00
5.5446796016e+01   1.5775181135e+00
5.5524997384e+01   1.5693845057e+00
5.5603198753e+01   1.5543527271e+00
5.5681400121e+01   1.5324617333e+00
5.5759601490e+01   1.5039486628e+00
5.5837802858e+01   1.4692523607e+00
5.5916004227e+01   1.4290027291e+00
5.5994205595e+01   1.3839955760e+00
5.6072406964e+01   1.3351545931e+00
5.6150608332e+01   1.2834840610e+00
5.6228809701e+01   1.2300177096e+00
5.6307011069e+01   1.1757711009e+00
5.6385212438e+01   1.1217076921e+00
5.6463413806e+01   1.0686331977e+00
5.6463513806e+01   1.0685662952e+00
5.6464513806e+01   1.0678974274e+00
5.6474513806e+01   1.0612246879e+00
5.6552715175e+01   1.0101724629e+00
5.6630916543e+01   9.6150037048e-01
5.6709117912e+01   9.1563333883e-01
5.6787319280e+01   8.7286768743e-01
5.6865520649e+01   8.3338555923e-01
5.6943722017e+01   7.9727252622e-01
5.7021923386e+01   7.6453622563e-01
5.7100124755e+01   7.3512440931e-01
5.7178326123e+01   7.0894133433e-01
5.7256527492e+01   6.8586190488e-01
5.7334728860e+01   6.6574335331e-01
5.7412930229e+01   6.4843451395e-01
5.7491131597e+01   6.3378290849e-01
5.7569332966e+01   6.2163994614e-01
5.7647534334e+01   6.1186456726e-01
5.7725735703e+01   6.0432564268e-01
5.7803937071e+01   5.9890339755e-01
5.7882138440e+01   5.9549007130e-01
5.7960339808e+01   5.9398996696e-01
5.8038541177e+01   5.9431899743e-01
5.8116742545e+01   5.9640381484e-01
5.8194943914e+01   6.0018061811e-01
5.8273145282e+01   6.0559377075e-01
5.8351346651e+01   6.1259441242e-01
5.8429548019e+01   6.2113929421e-01
5.8507749388e+01   6.3119008424e-01
5.8585950756e+01   6.4278637368e-01
5.8586050756e+01   6.4280215879e-01
5.8587050756e+01   6.4296014378e-01
5.8597050756e+01   6.4455337150e-01
5.8675252125e+01   6.5784839408e-01
5.8753453494e+01   6.7261654959e-01
5.8831654862e+01   6.8884753026e-01
5.8909856231e+01   7.0653300872e-01
5.8988057599e+01   7.2566556477e-01
5.9066258968e+01   7.4623755061e-01
5.9144460336e+01   7.6823987825e-01
5.9222661705e+01   7.9166071219e-01
5.9300863073e+01   8.1648404968e-01
5.9379064442e+01   8.4268817077e-01
5.9457265810e+01   8.7024394078e-01
5.9535467179e+01   8.9911294898e-01
5.9613668547e+01   9.2924546948e-01
5.9691869916e+01   9.6057823422e-01
5.9770071284e+01   9.9303201373e-01
5.9848272653e+01   1.0265090101e+00
5.9926474021e+01   1.0608900792e+00
6.0004675390e+01   1.0960318149e+00
6.0082876758e+01   1.1317635537e+00
6.0161078127e+01   1.1678843827e+00
6.0239279495e+01   1.2041602729e+00
6.0317480864e+01   1.2403215030e+00
6.0395682233e+01   1.2760605836e+00
6.0473883601e+01   1.3110309493e+00
6.0552084970e+01   1.3448467360e+00
6.0630286338e+01   1.3770840114e+00
6.0708487707e+01   1.4072838621e+00
6.0786689075e+01   1.4349577592e+00
6.0864890444e+01   1.4595956041e+00
6.0943091812e+01   1.4806768051e+00
6.1021293181e+01   1.4976846117e+00
6.1099494549e+01   1.5101237588e+00
6.1177695918e+01   1.5175412131e+00
6.1255897286e+01   1.5195494781e+00
6.1334098655e+01   1.5158515048e+00
6.1412300023e+01   1.5062657884e+00
6.1490501392e+01   1.4907497281e+00
6.1568702760e+01   1.4694188456e+00
6.1646904129e+01   1.4425590417e+00
6.1725105497e+01   1.4106288160e+00
6.1803306866e+01   1.3742483585e+00
6.1881508234e+01   1.3341727604e+00
6.1959709603e+01   1.2912473809e+00
6.2037910972e+01   1.2463447530e+00
6.2116112340e+01   1.2002843691e+00
6.2194313709e+01   1.1537393025e+00
6.2272515077e+01   1.1071368291e+00
6.2350716446e+01   1.0605638975e+00
6.2428917814e+01   1.0136921918e+00
6.2507119183e+01   9.6574126781e-01
6.2585320551e+01   9.1550127022e-01
6.2663521920e+01   8.6143839968e-01
6.2741723288e+01   8.0190576845e-01
6.2819924657e+01   7.3547868948e-01
6.2898126025e+01   6.6142587433e-01
6.2976327394e+01   5.8031566564e-01
6.3054528762e+01   4.9473871500e-01
6.3132730131e+01   4.1010525601e-01
6.3210931499e+01   3.3544672419e-01
6.3289132868e+01   2.8411915350e-01
6.3367334236e+01   2.7427174876e-01
6.3445535605e+01   3.2891168034e-01
6.3523736974e+01   4.7537012858e-01
6.3601938342e+01   7.4396083348e-01
6.3680139711e+01   1.1656278860e+00
6.3758341079e+01   1.2342912254e+00
6.3836542448e+01   1.3066546984e+00
6.3914743816e+01   1.3826934247e+00
6.3992945185e+01   1.4623220616e+00
6.3993045185e+01   1.4624261248e+00
6.3994045185e+01   1.4634670660e+00
6.4004045185e+01   1.4739072711e+00
6.4082246553e+01   1.5574303335e+00
6.4160447922e+01   1.6440709272e+00
6.4238649290e+01   1.7334212586e+00
6.4316850659e+01   1.8249122633e+00
6.4395052027e+01   1.9177759035e+00
6.4473253396e+01   2.0110018204e+00
6.4551454764e+01   2.1032893123e+00
6.4629656133e+01   2.1929971523e+00
6.4707857501e+01   2.2780962377e+00
6.4786058870e+01   2.3561337486e+00
6.4786158870e+01   2.3562278303e+00
6.4787158870e+01   2.3571677544e+00
6.4797158870e+01   2.3664763526e+00
6.4875360238e+01   2.4328941956e+00
6.4953561607e+01   2.4855798460e+00
6.5031762975e+01   2.5209179953e+00
6.5109964344e+01   2.5352319268e+00
6.5188165713e+01   2.5251168894e+00
6.5266367081e+01   2.4878879930e+00
6.5344568450e+01   2.4220979339e+00
6.5344668450e+01   2.4219954301e+00
6.5345668450e+01   2.4209678334e+00
6.5355668450e+01   2.4104365835e+00
6.5425391288e+01   2.3244057653e+00
6.5501364248e+01   2.2073464145e+00
6.5577670410e+01   2.0693210247e+00
6.5654480871e+01   1.9153879877e+00
6.5654580871e+01   1.9151806152e+00
6.5655580871e+01   1.9131061102e+00
6.5665580871e+01   1.8922861241e+00
6.5727554116e+01   1.7610436017e+00
6.5790664965e+01   1.6261024500e+00
6.5862574413e+01   1.4750986887e+00
6.5940775782e+01   1.3188830138e+00
6.6018977150e+01   1.1747689155e+00
6.6019077150e+01   1.1745935145e+00
6.6020077150e+01   1.1728408090e+00
6.6030077150e+01   1.1554448646e+00
6.6108278519e+01   1.0278549632e+00
6.6186479887e+01   9.1554828899e-01
6.6264681256e+01   8.1820411650e-01
6.6342882624e+01   7.3484079209e-01
6.6421083993e+01   6.6411923500e-01
6.6499285361e+01   6.0456857986e-01
6.6577486730e+01   5.5473561451e-01
6.6655688098e+01   5.1327215992e-01
6.6733889467e+01   4.7897764968e-01
6.6733989467e+01   4.7893792396e-01
6.6734989467e+01   4.7854121637e-01
6.6744989467e+01   4.7462869791e-01
6.6823190835e+01   4.4725853394e-01
6.6901392204e+01   4.2502181598e-01
6.6979593572e+01   4.0719873520e-01
6.7057794941e+01   3.9319380648e-01
6.7135996309e+01   3.8251830137e-01
6.7214197678e+01   3.7477384046e-01
6.7292399047e+01   3.6963783422e-01
6.7370600415e+01   3.6685097150e-01
6.7448801784e+01   3.6620669086e-01
6.7527003152e+01   3.6754244342e-01
6.7527103152e+01   3.6754536197e-01
6.7528103152e+01   3.6757471400e-01
6.7538103152e+01   3.6788483780e-01
6.7616304521e+01   3.7132988175e-01
6.7694505889e+01   3.7652338367e-01
6.7772707258e+01   3.8340026204e-01
6.7850908626e+01   3.9191730829e-01
6.7929109995e+01   4.0205014378e-01
6.8007311363e+01   4.1379074971e-01
6.8085512732e+01   4.2714545613e-01
6.8163714100e+01   4.4213329614e-01
6.8241915469e+01   4.5878464666e-01
6.8320116837e+01   4.7714008988e-01
6.8398318206e+01   4.9724943820e-01
6.8476519574e+01   5.1917087211e-01
6.8554720943e+01   5.4297014368e-01
6.8632922311e+01   5.6871979913e-01
6.8711123680e+01   5.9649837284e-01
6.8789325048e+01   6.2638950077e-01
6.8867526417e+01   6.5848089575e-01
6.8945727786e+01   6.9286311936e-01
6.9023929154e+01   7.2962807599e-01
6.9102130523e+01   7.6886714506e-01
6.9180331891e+01   8.1066885741e-01
6.9258533260e+01   8.5511601287e-01
6.9336734628e+01   9.0228212867e-01
6.9414935997e+01   9.5222710472e-01
6.9493137365e+01   1.0049919918e+00
6.9571338734e+01   1.0608275120e+00
6.9571438734e+01   1.0609007989e+00
6.9572438734e+01   1.0616339338e+00
6.9582438734e+01   1.0689918406e+00
6.9660640102e+01   1.1281961820e+00
6.9738841471e+01   1.1903354911e+00
6.9817042839e+01   1.2553527360e+00
6.9895244208e+01   1.3231386395e+00
6.9973445576e+01   1.3935185754e+00
7.0051646945e+01   1.4662369846e+00
7.0129848313e+01   1.5409390442e+00
7.0208049682e+01   1.6171494258e+00
7.0286251050e+01   1.6942481823e+00
7.0364452419e+01   1.7714441609e+00
7.0442653787e+01   1.8477469321e+00
7.0520855156e+01   1.9219391328e+00
7.0520955156e+01   1.9220320559e+00
7.0521955156e+01   1.9229609659e+00
7.0531955156e+01   1.9322173214e+00
7.0610156525e+01   2.0021883316e+00
7.0688357893e+01   2.0665776747e+00
7.0766559262e+01   2.1233482248e+00
7.0844760630e+01   2.1702289643e+00
7.0922961999e+01   2.2047838236e+00
7.1001163367e+01   2.2245307442e+00
7.1079364736e+01   2.2271190108e+00
7.1157566104e+01   2.2105638059e+00
7.1235767473e+01   2.1735213637e+00
7.1235867473e+01   2.1734605849e+00
7.1236867473e+01   2.1728509079e+00
7.1246867473e+01   2.1665652724e+00
7.1325068841e+01   2.1056740720e+00
7.1403270210e+01   2.0247968613e+00
7.1481471578e+01   1.9260832913e+00
7.1559672947e+01   1.8128425432e+00
7.1637874315e+01   1.6892606828e+00
7.1637974315e+01   1.6890979945e+00
7.1638974315e+01   1.6874706002e+00
7.1648974315e+01   1.6711475956e+00
7.1726602358e+01   1.5423857720e+00
7.1804803726e+01   1.4121644266e+00
7.1883005095e+01   1.2854442276e+00
7.1961206463e+01   1.1654231044e+00
7.2039407832e+01   1.0543483714e+00
7.2117609200e+01   9.5354163045e-01
7.2195810569e+01   8.6352904494e-01
7.2274011937e+01   7.8422343769e-01
7.2274111937e+01   7.8412869277e-01
7.2275111937e+01   7.8318216192e-01
7.2285111937e+01   7.7380839859e-01
7.2363313306e+01   7.0608395123e-01
7.2441514674e+01   6.4766249561e-01
7.2519716043e+01   5.9764087506e-01
7.2597917411e+01   5.5509655145e-01
7.2676118780e+01   5.1914556593e-01
7.2754320148e+01   4.8897582491e-01
7.2832521517e+01   4.6386282865e-01
7.2910722886e+01   4.4317381995e-01
7.2988924254e+01   4.2636489009e-01
7.3067125623e+01   4.1297423365e-01
7.3067225623e+01   4.1295912534e-01
7.3068225623e+01   4.1280831411e-01
7.3078225623e+01   4.1132723743e-01
7.3156426991e+01   4.0136877696e-01
7.3234628360e+01   3.9407543328e-01
7.3312829728e+01   3.8918704006e-01
7.3391031097e+01   3.8649068104e-01
7.3469232465e+01   3.8581389654e-01
7.3547433834e+01   3.8701881550e-01
7.3625635202e+01   3.8999715811e-01
7.3703836571e+01   3.9466602121e-01
7.3782037939e+01   4.0096434669e-01
7.3860239308e+01   4.0884997393e-01
7.3938440676e+01   4.1829718356e-01
7.4016642045e+01   4.2929464939e-01
7.4094843413e+01   4.4184372448e-01
7.4173044782e+01   4.5595699603e-01
7.4251246150e+01   4.7165705011e-01
7.4329447519e+01   4.8897539203e-01
7.4407648887e+01   5.0795146983e-01
7.4485850256e+01   5.2863174867e-01
7.4564051625e+01   5.5106878196e-01
7.4642252993e+01   5.7532022228e-01
7.4720454362e+01   6.0145319691e-01
7.4720554362e+01   6.0148784578e-01
7.4721554362e+01   6.0183450953e-01
7.4731554362e+01   6.0531868096e-01
7.4809755730e+01   6.3367974304e-01
7.4887957099e+01   6.6406698067e-01
7.4966158467e+01   6.9655211831e-01
7.5044359836e+01   7.3120709187e-01
7.5122561204e+01   7.6810247202e-01
7.5200762573e+01   8.0730558267e-01
7.5278963941e+01   8.4887824385e-01
7.5357165310e+01   8.9287405717e-01
7.5435366678e+01   9.3933513911e-01
7.5513568047e+01   9.8828819244e-01
7.5591769415e+01   1.0397397905e+00
7.5669970784e+01   1.0936707335e+00
7.5748172152e+01   1.1500293195e+00
7.5826373521e+01   1.2087233662e+00
7.5904574889e+01   1.2696108114e+00
7.5982776258e+01   1.3324887408e+00
7.6060977626e+01   1.3970807226e+00
7.6139178995e+01   1.4630224102e+00
7.6217380364e+01   1.5298455053e+00
7.6217480364e+01   1.5299312832e+00
7.6218480364e+01   1.5307890892e+00
7.6228480364e+01   1.5393695692e+00
7.6306681732e+01   1.6064714355e+00
7.6384883101e+01   1.6730202941e+00
7.6463084469e+01   1.7381058800e+00
7.6541285838e+01   1.8006431404e+00
7.6619487206e+01   1.8593625653e+00
7.6697688575e+01   1.9128098532e+00
7.6775889943e+01   1.9593600461e+00
7.6854091312e+01   1.9972522365e+00
7.6932292680e+01   2.0246512450e+00
7.7010494049e+01   2.0397415798e+00
7.7088695417e+01   2.0408556618e+00
7.7166896786e+01   2.0266319858e+00
7.7245098154e+01   1.9961895312e+00
7.7245198154e+01   1.9961400516e+00
7.7246198154e+01   1.9956437709e+00
7.7256198154e+01   1.9905325883e+00
7.7334399523e+01   1.9413458066e+00
7.7412600891e+01   1.8764243655e+00
7.7490802260e+01   1.7972880294e+00
7.7569003628e+01   1.7062419259e+00
7.7647204997e+01   1.6062103214e+00
7.7725406365e+01   1.5004828474e+00
7.7803607734e+01   1.3924158263e+00
7.7803707734e+01   1.3922775176e+00
7.7804707734e+01   1.3908945065e+00
7.7814707734e+01   1.3770733045e+00
7.7892909103e+01   1.2701480309e+00
7.7971110471e+01   1.1670467946e+00
7.8049311840e+01   1.0697839763e+00
7.8127513208e+01   9.7974297752e-01
7.8205714577e+01   8.9771928062e-01
7.8283915945e+01   8.2401232480e-01
7.8362117314e+01   7.5853901518e-01
7.8440318682e+01   7.0094735971e-01
7.8518520051e+01   6.5071662423e-01
7.8596721419e+01   6.0723768420e-01
7.8674922788e+01   5.6987255205e-01
7.8753124156e+01   5.3799517394e-01
7.8831325525e+01   5.1101712628e-01
7.8831425525e+01   5.1098552942e-01
7.8832425525e+01   5.1066995250e-01
7.8842425525e+01   5.0755313794e-01
7.8920626893e+01   4.8551701113e-01
7.8998828262e+01   4.6730222407e-01
7.9077029630e+01   4.5249772503e-01
7.9155230999e+01   4.4074870659e-01
7.9233432367e+01   4.3175229247e-01
7.9311633736e+01   4.2525249632e-01
7.9389835104e+01   4.2103503771e-01
7.9468036473e+01   4.1892236285e-01
7.9546237842e+01   4.1876905725e-01
7.9624439210e+01   4.2045773318e-01
7.9702640579e+01   4.2389541015e-01
7.9780841947e+01   4.2901036965e-01
7.9859043316e+01   4.3574944563e-01
7.9937244684e+01   4.4407570409e-01
8.0000000000e+01   4.5188953544e-01
