X    Y
0.0000000000e+00   5.0000000000e-01
1.0000000000e-04   5.0002500100e-01
1.1000000000e-03   5.0027512104e-01
1.1100000000e-02   5.0278735748e-01
8.9301368524e-02   5.2314183539e-01
1.6750273705e-01   5.4480686404e-01
2.4570410557e-01   5.6785816329e-01
3.2390547410e-01   5.9236898597e-01
4.0210684262e-01   6.1840809809e-01
4.8030821114e-01   6.4603733711e-01
5.5850957967e-01   6.7530872017e-01
6.3671094819e-01   7.0626109171e-01
7.1491231672e-01   7.3891632487e-01
7.9311368524e-01   7.7327512509e-01
8.7131505376e-01   8.0931252783e-01
9.4951642229e-01   8.4697323396e-01
1.0277177908e+00   8.8616698407e-01
1.1059191593e+00   9.2676423213e-01
1.1841205279e+00   9.6859243267e-01
1.2623218964e+00   1.0114332948e+00
1.3405232649e+00   1.0550213706e+00
1.4187246334e+00   1.0990443231e+00
1.4969260020e+00   1.1431451546e+00
1.5751273705e+00   1.1869265651e+00
1.6533287390e+00   1.2299574686e+00
1.7315301075e+00   1.2717963338e+00
1.8097314761e+00   1.3119704951e+00
1.8879328446e+00   1.3500146072e+00
1.9661342131e+00   1.3854766726e+00
2.0443355816e+00   1.4179314759e+00
2.0444355816e+00   1.4179708826e+00
2.0454355816e+00   1.4183646434e+00
2.0554355816e+00   1.4222715285e+00
2.1336369501e+00   1.4508233167e+00
2.2118383187e+00   1.4756043676e+00
2.2900396872e+00   1.4963489027e+00
2.3682410557e+00   1.5128585717e+00
2.4464424242e+00   1.5250059632e+00
2.5246437928e+00   1.5327353065e+00
2.6028451613e+00   1.5360605439e+00
2.6810465298e+00   1.5350611045e+00
2.7592478983e+00   1.5298758176e+00
2.8374492669e+00   1.5206954586e+00
2.9156506354e+00   1.5077544243e+00
2.9938520039e+00   1.4913220113e+00
3.0720533724e+00   1.4716937060e+00
3.1502547410e+00   1.4491828255e+00
3.2284561095e+00   1.4241127678e+00
3.3066574780e+00   1.3968100489e+00
3.3848588465e+00   1.3675982362e+00
3.4630602151e+00   1.3367928248e+00
3.5412615836e+00   1.3046970578e+00
3.6194629521e+00   1.2715986516e+00
3.6976643206e+00   1.2377673648e+00
3.7758656891e+00   1.2034533263e+00
3.8540670577e+00   1.1688860312e+00
3.9322684262e+00   1.1342739005e+00
4.0104697947e+00   1.0998043055e+00
4.0886711632e+00   1.0656439573e+00
4.1668725318e+00   1.0319395750e+00
4.2450739003e+00   9.9881876591e-01
4.3232752688e+00   9.6639106760e-01
4.4014766373e+00   9.3474912810e-01
4.4796780059e+00   9.0397001309e-01
4.5578793744e+00   8.7411663583e-01
4.6360807429e+00   8.4523929496e-01
4.7142821114e+00   8.1737727968e-01
4.7924834800e+00   7.9059283053e-01
4.8706848485e+00   7.6488270239e-01
4.9488862170e+00   7.4026126800e-01
5.0270875855e+00   7.1673644353e-01
5.1052889541e+00   6.9431070044e-01
5.1834903226e+00   6.7298200204e-01
5.2616916911e+00   6.5274466632e-01
5.3398930596e+00   6.3359015792e-01
5.4180944282e+00   6.1550781348e-01
5.4962957967e+00   5.9848550521e-01
5.5744971652e+00   5.8251024841e-01
5.6526985337e+00   5.6756875874e-01
5.7308999022e+00   5.5364796563e-01
5.8091012708e+00   5.4073548826e-01
5.8873026393e+00   5.2882008041e-01
5.9655040078e+00   5.1789205091e-01
6.0437053763e+00   5.0794366602e-01
6.1219067449e+00   4.9896954006e-01
6.1220067449e+00   4.9895868666e-01
6.1230067449e+00   4.9885024003e-01
6.1330067449e+00   4.9777450913e-01
6.2112081134e+00   4.8990986179e-01
6.2894094819e+00   4.8301763050e-01
6.3676108504e+00   4.7710232673e-01
6.4458122190e+00   4.7217243971e-01
6.5240135875e+00   4.6824086367e-01
6.6022149560e+00   4.6532534941e-01
6.6804163245e+00   4.6344898448e-01
6.7586176931e+00   4.6264070568e-01
6.8368190616e+00   4.6293584605e-01
6.9150204301e+00   4.6437671681e-01
6.9932217986e+00   4.6701322195e-01
7.0714231672e+00   4.7090349954e-01
7.1496245357e+00   4.7611457883e-01
7.2278259042e+00   4.8272303545e-01
7.3060272727e+00   4.9081561792e-01
7.3842286413e+00   5.0048980694e-01
7.4624300098e+00   5.1185425389e-01
7.5406313783e+00   5.2502902552e-01
7.6188327468e+00   5.4014555889e-01
7.6970341153e+00   5.5734620194e-01
7.7752354839e+00   5.7678318296e-01
7.8534368524e+00   5.9861681607e-01
7.9316382209e+00   6.2301271248e-01
8.0098395894e+00   6.5013773237e-01
8.0880409580e+00   6.8015438488e-01
8.1662423265e+00   7.1321330524e-01
8.2444436950e+00   7.4944397740e-01
8.3226450635e+00   7.8894281770e-01
8.4008464321e+00   8.3175922532e-01
8.4790478006e+00   8.7787957777e-01
8.5572491691e+00   9.2720979502e-01
8.5573491691e+00   9.2727486041e-01
8.5583491691e+00   9.2792578638e-01
8.5683491691e+00   9.3446215259e-01
8.6465505376e+00   9.8721607306e-01
8.7247519062e+00   1.0426260871e+00
8.8029532747e+00   1.1002365498e+00
8.8811546432e+00   1.1594536318e+00
8.9593560117e+00   1.2195456191e+00
9.0375573803e+00   1.2796531436e+00
9.1157587488e+00   1.3388105466e+00
9.1939601173e+00   1.3959783583e+00
9.2721614858e+00   1.4500853713e+00
9.3503628543e+00   1.5000773722e+00
9.4285642229e+00   1.5449680188e+00
9.5067655914e+00   1.5838874392e+00
9.5849669599e+00   1.6161235298e+00
9.5850669599e+00   1.6161602278e+00
9.5860669599e+00   1.6165265585e+00
9.5960669599e+00   1.6201246941e+00
9.6742683284e+00   1.6440997779e+00
9.7524696970e+00   1.6605205776e+00
9.8306710655e+00   1.6693059633e+00
9.9088724340e+00   1.6705715132e+00
9.9870738025e+00   1.6646082274e+00
1.0065275171e+01   1.6518542249e+00
1.0143476540e+01   1.6328626418e+00
1.0221677908e+01   1.6082686561e+00
1.0299879277e+01   1.5787580057e+00
1.0378080645e+01   1.5450386859e+00
1.0456282014e+01   1.5078168473e+00
1.0534483382e+01   1.4677773311e+00
1.0612684751e+01   1.4255688330e+00
1.0690886119e+01   1.3817933715e+00
1.0769087488e+01   1.3369995478e+00
1.0847288856e+01   1.2916789297e+00
1.0925490225e+01   1.2462651928e+00
1.1003691593e+01   1.2011350253e+00
1.1081892962e+01   1.1566106212e+00
1.1160094330e+01   1.1129631593e+00
1.1238295699e+01   1.0704169289e+00
1.1238395699e+01   1.0703633098e+00
1.1239395699e+01   1.0698272347e+00
1.1249395699e+01   1.0644781269e+00
1.1327597067e+01   1.0234096222e+00
1.1405798436e+01   9.8378592642e-01
1.1483999804e+01   9.4571346322e-01
1.1562201173e+01   9.0927036883e-01
1.1640402542e+01   8.7451058036e-01
1.1718603910e+01   8.4146761832e-01
1.1796805279e+01   8.1015803972e-01
1.1875006647e+01   7.8058455639e-01
1.1953208016e+01   7.5273882515e-01
1.2031409384e+01   7.2660392606e-01
1.2109610753e+01   7.0215655016e-01
1.2187812121e+01   6.7936892228e-01
1.2266013490e+01   6.5821048628e-01
1.2344214858e+01   6.3864938057e-01
1.2422416227e+01   6.2065373225e-01
1.2500617595e+01   6.0419279695e-01
1.2578818964e+01   5.8923797117e-01
1.2657020332e+01   5.7576370236e-01
1.2735221701e+01   5.6374832084e-01
1.2813423069e+01   5.5317481614e-01
1.2891624438e+01   5.4403157835e-01
1.2969825806e+01   5.3631312262e-01
1.3048027175e+01   5.3001536421e-01
1.3126228543e+01   5.2514950992e-01
1.3204429912e+01   5.2173125068e-01
1.3282631281e+01   5.1978480308e-01
1.3360832649e+01   5.1934357109e-01
1.3439034018e+01   5.2045081292e-01
1.3517235386e+01   5.2316030202e-01
1.3595436755e+01   5.2753696238e-01
1.3673638123e+01   5.3365744640e-01
1.3673738123e+01   5.3366642597e-01
1.3674738123e+01   5.3375638642e-01
1.3684738123e+01   5.3467250897e-01
1.3762939492e+01   5.4289372293e-01
1.3841140860e+01   5.5306438908e-01
1.3919342229e+01   5.6530019747e-01
1.3997543597e+01   5.7972898770e-01
1.4075744966e+01   5.9648981239e-01
1.4153946334e+01   6.1573125955e-01
1.4232147703e+01   6.3760880070e-01
1.4310349071e+01   6.6228089404e-01
1.4388550440e+01   6.8990354351e-01
1.4466751808e+01   7.2062300639e-01
1.4544953177e+01   7.5456636749e-01
1.4623154545e+01   7.9182977630e-01
1.4701355914e+01   8.3246429528e-01
1.4779557283e+01   8.7645955304e-01
1.4857758651e+01   9.2372588743e-01
1.4935960020e+01   9.7407535709e-01
1.5014161388e+01   1.0272041555e+00
1.5092362757e+01   1.0826775295e+00
1.5170564125e+01   1.1399200074e+00
1.5248765494e+01   1.1982134150e+00
1.5248865494e+01   1.1982882797e+00
1.5249865494e+01   1.1990369444e+00
1.5259865494e+01   1.2065250271e+00
1.5338066862e+01   1.2649686309e+00
1.5416268231e+01   1.3224978631e+00
1.5494469599e+01   1.3780535436e+00
1.5572670968e+01   1.4305427576e+00
1.5650872336e+01   1.4788899941e+00
1.5729073705e+01   1.5220910105e+00
1.5807275073e+01   1.5592641511e+00
1.5885476442e+01   1.5896939678e+00
1.5963677810e+01   1.6128629551e+00
1.6041879179e+01   1.6284696617e+00
1.6120080547e+01   1.6364298622e+00
1.6198281916e+01   1.6368662268e+00
1.6276483284e+01   1.6300855426e+00
1.6354684653e+01   1.6165483977e+00
1.6432886022e+01   1.5968346370e+00
1.6432986022e+01   1.5968057505e+00
1.6433986022e+01   1.5965163898e+00
1.6443986022e+01   1.5935734924e+00
1.6522187390e+01   1.5676212708e+00
1.6600388759e+01   1.5369731450e+00
1.6678590127e+01   1.5023630633e+00
1.6756791496e+01   1.4645160188e+00
1.6834992864e+01   1.4241284458e+00
1.6913194233e+01   1.3818536896e+00
1.6991395601e+01   1.3382921135e+00
1.7069596970e+01   1.2939852144e+00
1.7147798338e+01   1.2494130478e+00
1.7225999707e+01   1.2049942569e+00
1.7304201075e+01   1.1610880610e+00
1.7382402444e+01   1.1179976325e+00
1.7460603812e+01   1.0759743896e+00
1.7538805181e+01   1.0352228881e+00
1.7617006549e+01   9.9590570848e-01
1.7695207918e+01   9.5814865806e-01
1.7773409286e+01   9.2204563656e-01
1.7851610655e+01   8.8766328008e-01
1.7929812023e+01   8.5504527432e-01
1.7929912023e+01   8.5500470590e-01
1.7930912023e+01   8.5459918273e-01
1.7940912023e+01   8.5056005970e-01
1.8019113392e+01   8.1998608885e-01
1.8097314761e+01   7.9121064177e-01
1.8175516129e+01   7.6422921067e-01
1.8253717498e+01   7.3902824384e-01
1.8331918866e+01   7.1558759656e-01
1.8410120235e+01   6.9388268083e-01
1.8488321603e+01   6.7388634583e-01
1.8566522972e+01   6.5557052161e-01
1.8644724340e+01   6.3890765775e-01
1.8722925709e+01   6.2387198745e-01
1.8801127077e+01   6.1044064565e-01
1.8879328446e+01   5.9859466742e-01
1.8957529814e+01   5.8831989030e-01
1.9035731183e+01   5.7960778177e-01
1.9113932551e+01   5.7245620976e-01
1.9192133920e+01   5.6687017086e-01
1.9270335288e+01   5.6286248661e-01
1.9348536657e+01   5.6045447326e-01
1.9426738025e+01   5.5967658364e-01
1.9504939394e+01   5.6056901155e-01
1.9583140762e+01   5.6318223828e-01
1.9661342131e+01   5.6757748777e-01
1.9739543500e+01   5.7382704052e-01
1.9817744868e+01   5.8200148137e-01
1.9895946237e+01   5.9220340993e-01
1.9974147605e+01   6.0453670017e-01
2.0052348974e+01   6.1911468333e-01
2.0130550342e+01   6.3605854109e-01
2.0208751711e+01   6.5549487422e-01
2.0286953079e+01   6.7755223424e-01
2.0287053079e+01   6.7758217242e-01
2.0288053079e+01   6.7788180140e-01
2.0298053079e+01   6.8090285927e-01
2.0376254448e+01   7.0610665508e-01
2.0454455816e+01   7.3418938692e-01
2.0532657185e+01   7.6524766133e-01
2.0610858553e+01   7.9934975422e-01
2.0689059922e+01   8.3652365429e-01
2.0767261290e+01   8.7674341872e-01
2.0845462659e+01   9.1991430320e-01
2.0923664027e+01   9.6585747099e-01
2.1001865396e+01   1.0142954734e+00
2.1080066764e+01   1.0648400754e+00
2.1158268133e+01   1.1169842950e+00
2.1236469501e+01   1.1701006376e+00
2.1314670870e+01   1.2234473271e+00
2.1392872239e+01   1.2761838187e+00
2.1471073607e+01   1.3273960895e+00
2.1549274976e+01   1.3761306113e+00
2.1627476344e+01   1.4214352281e+00
2.1705677713e+01   1.4624035363e+00
2.1705777713e+01   1.4624527875e+00
2.1706777713e+01   1.4629448339e+00
2.1716777713e+01   1.4678185001e+00
2.1794979081e+01   1.5028431687e+00
2.1873180450e+01   1.5319417453e+00
2.1951381818e+01   1.5546109806e+00
2.2029583187e+01   1.5705295042e+00
2.2107784555e+01   1.5795640300e+00
2.2185985924e+01   1.5817638329e+00
2.2264187292e+01   1.5773451642e+00
2.2342388661e+01   1.5666680881e+00
2.2420590029e+01   1.5502085720e+00
2.2498791398e+01   1.5285285972e+00
2.2576992766e+01   1.5022466778e+00
2.2655194135e+01   1.4720106214e+00
2.2733395503e+01   1.4384737521e+00
2.2811596872e+01   1.4022752543e+00
2.2889798240e+01   1.3640248213e+00
2.2967999609e+01   1.3242914388e+00
2.3046200978e+01   1.2835959945e+00
2.3124402346e+01   1.2424069890e+00
2.3202603715e+01   1.2011389508e+00
2.3280805083e+01   1.1601529125e+00
2.3359006452e+01   1.1197584390e+00
2.3437207820e+01   1.0802167515e+00
2.3515409189e+01   1.0417445664e+00
2.3515509189e+01   1.0416961341e+00
2.3516509189e+01   1.0412119240e+00
2.3526509189e+01   1.0363811293e+00
2.3604710557e+01   9.9934392827e-01
2.3682911926e+01   9.6371060632e-01
2.3761113294e+01   9.2958621119e-01
2.3839314663e+01   8.9704918541e-01
2.3917516031e+01   8.6615535425e-01
2.3995717400e+01   8.3694162354e-01
2.4073918768e+01   8.0942936157e-01
2.4152120137e+01   7.8362745801e-01
2.4230321505e+01   7.5953506603e-01
2.4308522874e+01   7.3714404325e-01
2.4386724242e+01   7.1644111303e-01
2.4464925611e+01   6.9740977164e-01
2.4543126979e+01   6.8003196813e-01
2.4621328348e+01   6.6428958469e-01
2.4699529717e+01   6.5016574443e-01
2.4777731085e+01   6.3764597245e-01
2.4855932454e+01   6.2671923419e-01
2.4934133822e+01   6.1737887263e-01
2.5012335191e+01   6.0962346264e-01
2.5090536559e+01   6.0345759701e-01
2.5168737928e+01   5.9889261303e-01
2.5246939296e+01   5.9594726200e-01
2.5325140665e+01   5.9464831559e-01
2.5403342033e+01   5.9503109221e-01
2.5481543402e+01   5.9712319402e-01
2.5559744770e+01   6.0098775929e-01
2.5637946139e+01   6.0668544964e-01
2.5716147507e+01   6.1428581636e-01
2.5794348876e+01   6.2386691565e-01
2.5872550244e+01   6.3551455696e-01
2.5950751613e+01   6.4932107694e-01
2.6028952981e+01   6.6538351184e-01
2.6107154350e+01   6.8380102209e-01
2.6107254350e+01   6.8382612336e-01
2.6108254350e+01   6.8407735674e-01
2.6118254350e+01   6.8661180031e-01
2.6196455718e+01   7.0783799908e-01
2.6274657087e+01   7.3162120958e-01
2.6352858456e+01   7.5803942601e-01
2.6431059824e+01   7.8715071054e-01
2.6509261193e+01   8.1898449026e-01
2.6587462561e+01   8.5353154574e-01
2.6665663930e+01   8.9073293592e-01
2.6743865298e+01   9.3046831727e-01
2.6822066667e+01   9.7254436769e-01
2.6900268035e+01   1.0166842925e+00
2.6978469404e+01   1.0625196319e+00
2.7056670772e+01   1.1095857487e+00
2.7134872141e+01   1.1573223877e+00
2.7213073509e+01   1.2050805024e+00
2.7291274878e+01   1.2521360998e+00
2.7369476246e+01   1.2977112999e+00
2.7447677615e+01   1.3410018444e+00
2.7525878983e+01   1.3812091521e+00
2.7604080352e+01   1.4175749467e+00
2.7682281720e+01   1.4494153211e+00
2.7682381720e+01   1.4494528797e+00
2.7683381720e+01   1.4498280051e+00
2.7693381720e+01   1.4535330115e+00
2.7771583089e+01   1.4795047853e+00
2.7849784457e+01   1.4998702538e+00
2.7927985826e+01   1.5143469338e+00
2.8006187195e+01   1.5228055413e+00
2.8084388563e+01   1.5252669890e+00
2.8162589932e+01   1.5218915066e+00
2.8240791300e+01   1.5129615797e+00
2.8318992669e+01   1.4988607309e+00
2.8397194037e+01   1.4800501964e+00
2.8475395406e+01   1.4570453469e+00
2.8553596774e+01   1.4303933506e+00
2.8631798143e+01   1.4006531543e+00
2.8709999511e+01   1.3683784401e+00
2.8788200880e+01   1.3341038513e+00
2.8866402248e+01   1.2983344864e+00
2.8944603617e+01   1.2615384536e+00
2.9022804985e+01   1.2241421407e+00
2.9101006354e+01   1.1865277253e+00
2.9179207722e+01   1.1490327162e+00
2.9257409091e+01   1.1119507831e+00
2.9335610459e+01   1.0755337639e+00
2.9413811828e+01   1.0399944131e+00
2.9492013196e+01   1.0055096386e+00
2.9570214565e+01   9.7222400674e-01
2.9648415934e+01   9.4025334555e-01
2.9726617302e+01   9.0968831623e-01
2.9726717302e+01   9.0965016262e-01
2.9727717302e+01   9.0926875929e-01
2.9737717302e+01   9.0546802908e-01
2.9815918671e+01   8.7659135727e-01
2.9894120039e+01   8.4924559342e-01
2.9972321408e+01   8.2346384396e-01
3.0050522776e+01   7.9926695920e-01
3.0128724145e+01   7.7666603502e-01
3.0206925513e+01   7.5566466719e-01
3.0285126882e+01   7.3626097012e-01
3.0363328250e+01   7.1844937622e-01
3.0441529619e+01   7.0222223472e-01
3.0519730987e+01   6.8757122969e-01
3.0597932356e+01   6.7448863715e-01
3.0676133724e+01   6.6296843998e-01
3.0754335093e+01   6.5300731795e-01
3.0832536461e+01   6.4460552765e-01
3.0910737830e+01   6.3776768444e-01
3.0988939198e+01   6.3250345483e-01
3.1067140567e+01   6.2882816344e-01
3.1145341935e+01   6.2676331316e-01
3.1223543304e+01   6.2633701084e-01
3.1301744673e+01   6.2758428252e-01
3.1379946041e+01   6.3054725298e-01
3.1458147410e+01   6.3527515314e-01
3.1536348778e+01   6.4182410665e-01
3.1614550147e+01   6.5025663373e-01
3.1692751515e+01   6.6064079726e-01
3.1770952884e+01   6.7303491814e-01
3.1849154252e+01   6.8752439867e-01
3.1927355621e+01   7.0418402523e-01
3.2005556989e+01   7.2308579765e-01
3.2083758358e+01   7.4429503664e-01
3.2161959726e+01   7.6786556368e-01
3.2240161095e+01   7.9383389138e-01
3.2318362463e+01   8.2221241762e-01
3.2396563832e+01   8.5298170014e-01
3.2474765200e+01   8.8608200281e-01
3.2552966569e+01   9.2140445009e-01
3.2631167937e+01   9.5878229494e-01
3.2631267937e+01   9.5883131586e-01
3.2632267937e+01   9.5932168941e-01
3.2642267937e+01   9.6424174588e-01
3.2720469306e+01   1.0036782116e+00
3.2798670674e+01   1.0445835205e+00
3.2876872043e+01   1.0865663417e+00
3.2955073412e+01   1.1291597283e+00
3.3033274780e+01   1.1718261108e+00
3.3111476149e+01   1.2139673985e+00
3.3189677517e+01   1.2549403143e+00
3.3267878886e+01   1.2940765413e+00
3.3346080254e+01   1.3307066613e+00
3.3424281623e+01   1.3641863362e+00
3.3502482991e+01   1.3939227267e+00
3.3580684360e+01   1.4193991138e+00
3.3658885728e+01   1.4401956689e+00
3.3658985728e+01   1.4402191225e+00
3.3659985728e+01   1.4404532084e+00
3.3669985728e+01   1.4427490068e+00
3.3748187097e+01   1.4578322374e+00
3.3826388465e+01   1.4677251441e+00
3.3904589834e+01   1.4723818277e+00
3.3982791202e+01   1.4718742761e+00
3.4060992571e+01   1.4663818522e+00
3.4139193939e+01   1.4561767333e+00
3.4217395308e+01   1.4416067648e+00
3.4295596676e+01   1.4230771652e+00
3.4373798045e+01   1.4010323431e+00
3.4451999413e+01   1.3759388346e+00
3.4530200782e+01   1.3482700782e+00
3.4608402151e+01   1.3184934615e+00
3.4686603519e+01   1.2870598317e+00
3.4764804888e+01   1.2543954463e+00
3.4843006256e+01   1.2208962257e+00
3.4921207625e+01   1.1869240523e+00
3.4999408993e+01   1.1528048231e+00
3.5077610362e+01   1.1188279452e+00
3.5155811730e+01   1.0852469711e+00
3.5234013099e+01   1.0522810982e+00
3.5312214467e+01   1.0201172846e+00
3.5390415836e+01   9.8891277856e-01
3.5468617204e+01   9.5879788699e-01
3.5546818573e+01   9.2987885194e-01
3.5625019941e+01   9.0224072896e-01
3.5703221310e+01   8.7595019192e-01
3.5781422678e+01   8.5105821042e-01
3.5859624047e+01   8.2760256438e-01
3.5937825415e+01   8.0561017556e-01
3.6016026784e+01   7.8509924661e-01
3.6094228152e+01   7.6608120710e-01
3.6172429521e+01   7.4856247187e-01
3.6172529521e+01   7.4854103118e-01
3.6173529521e+01   7.4832675937e-01
3.6183529521e+01   7.4619755444e-01
3.6261730890e+01   7.3039444819e-01
3.6339932258e+01   7.1609463241e-01
3.6418133627e+01   7.0329829121e-01
3.6496334995e+01   6.9200611617e-01
3.6574536364e+01   6.8222028105e-01
3.6652737732e+01   6.7394530036e-01
3.6730939101e+01   6.6718878010e-01
3.6809140469e+01   6.6196206529e-01
3.6887341838e+01   6.5828078605e-01
3.6965543206e+01   6.5616529887e-01
3.7043744575e+01   6.5564101510e-01
3.7121945943e+01   6.5673860265e-01
3.7200147312e+01   6.5949403978e-01
3.7278348680e+01   6.6394849284e-01
3.7356550049e+01   6.7014798049e-01
3.7434751417e+01   6.7814277872e-01
3.7512952786e+01   6.8798646488e-01
3.7591154154e+01   6.9973474738e-01
3.7669355523e+01   7.1344362817e-01
3.7747556891e+01   7.2916717201e-01
3.7825758260e+01   7.4695464770e-01
3.7903959629e+01   7.6684700472e-01
3.7982160997e+01   7.8887263889e-01
3.8060362366e+01   8.1304243349e-01
3.8060462366e+01   8.1307471091e-01
3.8061462366e+01   8.1339767700e-01
3.8071462366e+01   8.1664652079e-01
3.8149663734e+01   8.4324818582e-01
3.8227865103e+01   8.7193138891e-01
3.8306066471e+01   9.0261279542e-01
3.8384267840e+01   9.3516542271e-01
3.8462469208e+01   9.6941235909e-01
3.8540670577e+01   1.0051214352e+00
3.8618871945e+01   1.0420014874e+00
3.8697073314e+01   1.0797008962e+00
3.8775274682e+01   1.1178090566e+00
3.8853476051e+01   1.1558613175e+00
3.8931677419e+01   1.1933477116e+00
3.9009878788e+01   1.2297254823e+00
3.9088080156e+01   1.2644350318e+00
3.9166281525e+01   1.2969185194e+00
3.9244482893e+01   1.3266399804e+00
3.9322684262e+01   1.3531055754e+00
3.9400885630e+01   1.3758824854e+00
3.9479086999e+01   1.3946150421e+00
3.9557288368e+01   1.4090369393e+00
3.9635489736e+01   1.4189787572e+00
3.9713691105e+01   1.4243704889e+00
3.9791892473e+01   1.4252392234e+00
3.9870093842e+01   1.4217025382e+00
3.9948295210e+01   1.4139584463e+00
4.0026496579e+01   1.4022729080e+00
4.0104697947e+01   1.3869659542e+00
4.0182899316e+01   1.3683973976e+00
4.0261100684e+01   1.3469529631e+00
4.0339302053e+01   1.3230314807e+00
4.0417503421e+01   1.2970335864e+00
4.0495704790e+01   1.2693521846e+00
4.0573906158e+01   1.2403647676e+00
4.0652107527e+01   1.2104275578e+00
4.0730308895e+01   1.1798713467e+00
4.0808510264e+01   1.1489988463e+00
4.0886711632e+01   1.1180833373e+00
4.0964913001e+01   1.0873683874e+00
4.1043114370e+01   1.0570684228e+00
4.1121315738e+01   1.0273699499e+00
4.1199517107e+01   9.9843324952e-01
4.1277718475e+01   9.7039439009e-01
4.1355919844e+01   9.4336743399e-01
4.1434121212e+01   9.1744673486e-01
4.1512322581e+01   8.9270924694e-01
4.1590523949e+01   8.6921678671e-01
4.1668725318e+01   8.4701820406e-01
4.1746926686e+01   8.2615143384e-01
4.1825128055e+01   8.0664540988e-01
4.1903329423e+01   7.8852183184e-01
4.1981530792e+01   7.7179678228e-01
4.2059732160e+01   7.5648219554e-01
4.2137933529e+01   7.4258718336e-01
4.2216134897e+01   7.3011922407e-01
4.2294336266e+01   7.1908522292e-01
4.2372537634e+01   7.0949245087e-01
4.2450739003e+01   7.0134936838e-01
4.2528940371e+01   6.9466633887e-01
4.2607141740e+01   6.8945623445e-01
4.2685343109e+01   6.8573493336e-01
4.2763544477e+01   6.8352170524e-01
4.2841745846e+01   6.8283947594e-01
4.2919947214e+01   6.8371495898e-01
4.2998148583e+01   6.8617863551e-01
4.3076349951e+01   6.9026455842e-01
4.3154551320e+01   6.9600995048e-01
4.3232752688e+01   7.0345455986e-01
4.3310954057e+01   7.1263973033e-01
4.3389155425e+01   7.2360713889e-01
4.3467356794e+01   7.3639714985e-01
4.3545558162e+01   7.5104673490e-01
4.3623759531e+01   7.6758691281e-01
4.3701960899e+01   7.8603967371e-01
4.3780162268e+01   8.0641437184e-01
4.3858363636e+01   8.2870360109e-01
4.3936565005e+01   8.5287860827e-01
4.4014766373e+01   8.7888435673e-01
4.4092967742e+01   9.0663441566e-01
4.4171169110e+01   9.3600593045e-01
4.4249370479e+01   9.6683500637e-01
4.4327571848e+01   9.9891291217e-01
4.4405773216e+01   1.0319835640e+00
4.4483974585e+01   1.0657427714e+00
4.4562175953e+01   1.0998396993e+00
4.4640377322e+01   1.1338809129e+00
4.4718578690e+01   1.1674372199e+00
4.4796780059e+01   1.2000533085e+00
4.4874981427e+01   1.2312599222e+00
4.4953182796e+01   1.2605880466e+00
4.5031384164e+01   1.2875843280e+00
4.5109585533e+01   1.3118267608e+00
4.5187786901e+01   1.3329395923e+00
4.5265988270e+01   1.3506064192e+00
4.5344189638e+01   1.3645805930e+00
4.5422391007e+01   1.3746922916e+00
4.5500592375e+01   1.3808519175e+00
4.5578793744e+01   1.3830498021e+00
4.5656995112e+01   1.3813524956e+00
4.5735196481e+01   1.3758961568e+00
4.5813397849e+01   1.3668777180e+00
4.5891599218e+01   1.3545445707e+00
4.5969800587e+01   1.3391835124e+00
4.6048001955e+01   1.3211096232e+00
4.6126203324e+01   1.3006556298e+00
4.6204404692e+01   1.2781621803e+00
4.6282606061e+01   1.2539693150e+00
4.6360807429e+01   1.2284092912e+00
4.6439008798e+01   1.2018008142e+00
4.6517210166e+01   1.1744446371e+00
4.6595411535e+01   1.1466204344e+00
4.6673612903e+01   1.1185848121e+00
4.6751814272e+01   1.0905702967e+00
4.6830015640e+01   1.0627851394e+00
4.6908217009e+01   1.0354137737e+00
4.6986418377e+01   1.0086177788e+00
4.7064619746e+01   9.8253721658e-01
4.7142821114e+01   9.5729222472e-01
4.7221022483e+01   9.3298477293e-01
4.7299223851e+01   9.0970050128e-01
4.7377425220e+01   8.8751057960e-01
4.7455626588e+01   8.6647353991e-01
4.7533827957e+01   8.4663704669e-01
4.7612029326e+01   8.2803957988e-01
4.7690230694e+01   8.1071201433e-01
4.7768432063e+01   7.9467908569e-01
4.7846633431e+01   7.7996073803e-01
4.7924834800e+01   7.6657335203e-01
4.8003036168e+01   7.5453085499e-01
4.8081237537e+01   7.4384571530e-01
4.8159438905e+01   7.3452982466e-01
4.8237640274e+01   7.2659527076e-01
4.8315841642e+01   7.2005500240e-01
4.8394043011e+01   7.1492338715e-01
4.8472244379e+01   7.1121665972e-01
4.8550445748e+01   7.0895325618e-01
4.8628647116e+01   7.0815402625e-01
4.8706848485e+01   7.0884231195e-01
4.8785049853e+01   7.1104387703e-01
4.8863251222e+01   7.1478666730e-01
4.8941452590e+01   7.2010037754e-01
4.9019653959e+01   7.2701579672e-01
4.9097855327e+01   7.3556389971e-01
4.9176056696e+01   7.4577465116e-01
4.9254258065e+01   7.5767548723e-01
4.9332459433e+01   7.7128944296e-01
4.9410660802e+01   7.8663289955e-01
4.9488862170e+01   8.0371293768e-01
4.9567063539e+01   8.2252430067e-01
4.9645264907e+01   8.4304599728e-01
4.9723466276e+01   8.6523760798e-01
4.9801667644e+01   8.8903540071e-01
4.9879869013e+01   9.1434841115e-01
4.9879969013e+01   9.1438170164e-01
4.9880969013e+01   9.1471473207e-01
4.9890969013e+01   9.1805752694e-01
4.9969170381e+01   9.4494974499e-01
5.0047371750e+01   9.7305389175e-01
5.0125573118e+01   1.0021714973e+00
5.0203774487e+01   1.0320656422e+00
5.0281975855e+01   1.0624611168e+00
5.0360177224e+01   1.0930463509e+00
5.0438378592e+01   1.1234773367e+00
5.0516579961e+01   1.1533836523e+00
5.0594781329e+01   1.1823765297e+00
5.0672982698e+01   1.2100587343e+00
5.0751184066e+01   1.2360358338e+00
5.0829385435e+01   1.2599282735e+00
5.0907586804e+01   1.2813835488e+00
5.0985788172e+01   1.3000877529e+00
5.1063989541e+01   1.3157756563e+00
5.1142190909e+01   1.3282388567e+00
5.1220392278e+01   1.3373313881e+00
5.1298593646e+01   1.3429725935e+00
5.1376795015e+01   1.3451472113e+00
5.1454996383e+01   1.3439028488e+00
5.1533197752e+01   1.3393451879e+00
5.1611399120e+01   1.3316313923e+00
5.1689600489e+01   1.3209622485e+00
5.1767801857e+01   1.3075735846e+00
5.1846003226e+01   1.2917274741e+00
5.1924204594e+01   1.2737036636e+00
5.2002405963e+01   1.2537915724e+00
5.2080607331e+01   1.2322831176e+00
5.2158808700e+01   1.2094665229e+00
5.2237010068e+01   1.1856211881e+00
5.2315211437e+01   1.1610136240e+00
5.2393412805e+01   1.1358944093e+00
5.2471614174e+01   1.1104960828e+00
5.2549815543e+01   1.0850318655e+00
5.2628016911e+01   1.0596950937e+00
5.2706218280e+01   1.0346592416e+00
5.2784419648e+01   1.0100784162e+00
5.2862621017e+01   9.8608821849e-01
5.2940822385e+01   9.6280687268e-01
5.3019023754e+01   9.4033654142e-01
5.3097225122e+01   9.1876475691e-01
5.3175426491e+01   8.9816591004e-01
5.3253627859e+01   8.7860275197e-01
5.3331829228e+01   8.6012787236e-01
5.3410030596e+01   8.4278512756e-01
5.3488231965e+01   8.2661099930e-01
5.3566433333e+01   8.1163587042e-01
5.3644634702e+01   7.9788520910e-01
5.3722836070e+01   7.8538065630e-01
5.3801037439e+01   7.7414101389e-01
5.3879238807e+01   7.6418313222e-01
5.3957440176e+01   7.5552269712e-01
5.4035641544e+01   7.4817491568e-01
5.4113842913e+01   7.4215510034e-01
5.4192044282e+01   7.3747914905e-01
5.4270245650e+01   7.3416391793e-01
5.4348447019e+01   7.3222748077e-01
5.4426648387e+01   7.3168926707e-01
5.4504849756e+01   7.3257006784e-01
5.4583051124e+01   7.3489189522e-01
5.4661252493e+01   7.3867767918e-01
5.4739453861e+01   7.4395078179e-01
5.4817655230e+01   7.5073430715e-01
5.4895856598e+01   7.5905018382e-01
5.4974057967e+01   7.6891799640e-01
5.5052259335e+01   7.8035354469e-01
5.5130460704e+01   7.9336711380e-01
5.5208662072e+01   8.0796144611e-01
5.5286863441e+01   8.2412941873e-01
5.5365064809e+01   8.4185144721e-01
5.5443266178e+01   8.6109265905e-01
5.5521467546e+01   8.8179990911e-01
5.5599668915e+01   9.0389874183e-01
5.5677870283e+01   9.2729044198e-01
5.5756071652e+01   9.5184935266e-01
5.5834273021e+01   9.7742067206e-01
5.5912474389e+01   1.0038189661e+00
5.5990675758e+01   1.0308276442e+00
5.6068877126e+01   1.0581996343e+00
5.6147078495e+01   1.0856594578e+00
5.6225279863e+01   1.1129068394e+00
5.6303481232e+01   1.1396218959e+00
5.6381682600e+01   1.1654718298e+00
5.6459883969e+01   1.1901189295e+00
5.6538085337e+01   1.2132295450e+00
5.6616286706e+01   1.2344836014e+00
5.6694488074e+01   1.2535841325e+00
5.6772689443e+01   1.2702662835e+00
5.6850890811e+01   1.2843052523e+00
5.6929092180e+01   1.2955227068e+00
5.7007293548e+01   1.3037913330e+00
5.7085494917e+01   1.3090373109e+00
5.7163696285e+01   1.3112406699e+00
5.7241897654e+01   1.3104336283e+00
5.7320099022e+01   1.3066971451e+00
5.7398300391e+01   1.3001560111e+00
5.7476501760e+01   1.2909728597e+00
5.7554703128e+01   1.2793414984e+00
5.7632904497e+01   1.2654799454e+00
5.7711105865e+01   1.2496235167e+00
5.7789307234e+01   1.2320182467e+00
5.7867508602e+01   1.2129148636e+00
5.7945709971e+01   1.1925634680e+00
5.8023911339e+01   1.1712090038e+00
5.8102112708e+01   1.1490875514e+00
5.8180314076e+01   1.1264234328e+00
5.8258515445e+01   1.1034270814e+00
5.8336716813e+01   1.0802936080e+00
5.8414918182e+01   1.0572019790e+00
5.8493119550e+01   1.0343147181e+00
5.8571320919e+01   1.0117780421e+00
5.8649522287e+01   9.8972234235e-01
5.8727723656e+01   9.6826293602e-01
5.8805925024e+01   9.4750101375e-01
5.8884126393e+01   9.2752472386e-01
5.8962327761e+01   9.0841034069e-01
5.9040529130e+01   8.9022347422e-01
5.9118730499e+01   8.7302028641e-01
5.9196931867e+01   8.5684868695e-01
5.9275133236e+01   8.4174948741e-01
5.9353334604e+01   8.2775749821e-01
5.9431535973e+01   8.1490255694e-01
5.9509737341e+01   8.0321048005e-01
5.9587938710e+01   7.9270393227e-01
5.9666140078e+01   7.8340320984e-01
5.9744341447e+01   7.7532693468e-01
5.9822542815e+01   7.6849265677e-01
5.9900744184e+01   7.6291736205e-01
5.9978945552e+01   7.5861788215e-01
6.0057146921e+01   7.5561120145e-01
6.0135348289e+01   7.5391465537e-01
6.0213549658e+01   7.5354601190e-01
6.0291751026e+01   7.5452342687e-01
6.0369952395e+01   7.5686526119e-01
6.0448153763e+01   7.6058974663e-01
6.0526355132e+01   7.6571448524e-01
6.0604556500e+01   7.7225576658e-01
6.0682757869e+01   7.8022768699e-01
6.0760959238e+01   7.8964105652e-01
6.0839160606e+01   8.0050208239e-01
6.0917361975e+01   8.1281082325e-01
6.0995563343e+01   8.2655941686e-01
6.1073764712e+01   8.4173009575e-01
6.1151966080e+01   8.5829302034e-01
6.1230167449e+01   8.7620397834e-01
6.1308368817e+01   8.9540202177e-01
6.1386570186e+01   9.1580713749e-01
6.1464771554e+01   9.3731807357e-01
6.1542972923e+01   9.5981046839e-01
6.1621174291e+01   9.8313544816e-01
6.1699375660e+01   1.0071188727e+00
6.1777577028e+01   1.0315614064e+00
6.1855778397e+01   1.0562395768e+00
6.1933979765e+01   1.0809079476e+00
6.2012181134e+01   1.1053024787e+00
6.2090382502e+01   1.1291450739e+00
6.2168583871e+01   1.1521492319e+00
6.2246785239e+01   1.1740266230e+00
6.2324986608e+01   1.1944943297e+00
6.2403187977e+01   1.2132824103e+00
6.2481389345e+01   1.2301414012e+00
6.2559590714e+01   1.2448493519e+00
6.2637792082e+01   1.2572180064e+00
6.2715993451e+01   1.2670977981e+00
6.2794194819e+01   1.2743814069e+00
6.2872396188e+01   1.2790057305e+00
6.2950597556e+01   1.2809522314e+00
6.3028798925e+01   1.2802457275e+00
6.3107000293e+01   1.2769517901e+00
6.3185201662e+01   1.2711729784e+00
6.3263403030e+01   1.2630441914e+00
6.3341604399e+01   1.2527274301e+00
6.3419805767e+01   1.2404062620e+00
6.3498007136e+01   1.2262802535e+00
6.3576208504e+01   1.2105595966e+00
6.3654409873e+01   1.1934601101e+00
6.3732611241e+01   1.1751987480e+00
6.3810812610e+01   1.1559896980e+00
6.3889013978e+01   1.1360411120e+00
6.3967215347e+01   1.1155524756e+00
6.4045416716e+01   1.0947125917e+00
6.4123618084e+01   1.0736981379e+00
6.4201819453e+01   1.0526727383e+00
6.4280020821e+01   1.0317864859e+00
6.4358222190e+01   1.0111758470e+00
6.4436423558e+01   9.9096388089e-01
6.4514624927e+01   9.7126071141e-01
6.4592826295e+01   9.5216419106e-01
6.4671027664e+01   9.3376070676e-01
6.4749229032e+01   9.1612608155e-01
6.4827430401e+01   8.9932653388e-01
6.4905631769e+01   8.8341966268e-01
6.4983833138e+01   8.6845543198e-01
6.5062034506e+01   8.5447713433e-01
6.5140235875e+01   8.4152231661e-01
6.5218437243e+01   8.2962365548e-01
6.5296638612e+01   8.1880977279e-01
6.5374839980e+01   8.0910598355e-01
6.5453041349e+01   8.0053497051e-01
6.5531242717e+01   7.9311738075e-01
6.5609444086e+01   7.8687233983e-01
6.5687645455e+01   7.8181787939e-01
6.5765846823e+01   7.7797127360e-01
6.5844048192e+01   7.7534927913e-01
6.5922249560e+01   7.7396827265e-01
6.6000450929e+01   7.7384427837e-01
6.6078652297e+01   7.7499287730e-01
6.6156853666e+01   7.7742898878e-01
6.6235055034e+01   7.8116651365e-01
6.6313256403e+01   7.8621782850e-01
6.6391457771e+01   7.9259312020e-01
6.6469659140e+01   8.0029955124e-01
6.6547860508e+01   8.0934024884e-01
6.6626061877e+01   8.1971311458e-01
6.6704263245e+01   8.3140945750e-01
6.6782464614e+01   8.4441246150e-01
6.6860665982e+01   8.5869550869e-01
6.6938867351e+01   8.7422039353e-01
6.7017068719e+01   8.9093547791e-01
6.7095270088e+01   9.0877385512e-01
6.7173471457e+01   9.2765160837e-01
6.7251672825e+01   9.4746626810e-01
6.7329874194e+01   9.6809558609e-01
6.7408075562e+01   9.8939675717e-01
6.7486276931e+01   1.0112062200e+00
6.7564478299e+01   1.0333401634e+00
6.7642679668e+01   1.0555958442e+00
6.7720881036e+01   1.0777537928e+00
6.7799082405e+01   1.0995809340e+00
6.7877283773e+01   1.1208345983e+00
6.7955485142e+01   1.1412673327e+00
6.8033686510e+01   1.1606323556e+00
6.8111887879e+01   1.1786894411e+00
6.8190089247e+01   1.1952109698e+00
6.8268290616e+01   1.2099878513e+00
6.8346491984e+01   1.2228350218e+00
6.8424693353e+01   1.2335962328e+00
6.8502894721e+01   1.2421478928e+00
6.8581096090e+01   1.2484017829e+00
6.8659297458e+01   1.2523065423e+00
6.8737498827e+01   1.2538478990e+00
6.8815700196e+01   1.2530476975e+00
6.8893901564e+01   1.2499618425e+00
6.8972102933e+01   1.2446773296e+00
6.9050304301e+01   1.2373085676e+00
6.9128505670e+01   1.2279932137e+00
6.9206707038e+01   1.2168877413e+00
6.9284908407e+01   1.2041629425e+00
6.9363109775e+01   1.1899995450e+00
6.9441311144e+01   1.1745840882e+00
6.9519512512e+01   1.1581051666e+00
6.9597713881e+01   1.1407501184e+00
6.9675915249e+01   1.1227021986e+00
6.9754116618e+01   1.1041382536e+00
6.9832317986e+01   1.0852268868e+00
6.9910519355e+01   1.0661270904e+00
6.9988720723e+01   1.0469873030e+00
7.0066922092e+01   1.0279448486e+00
7.0145123460e+01   1.0091257034e+00
7.0223324829e+01   9.9064454056e-01
7.0301526197e+01   9.7260500257e-01
7.0379727566e+01   9.5510015217e-01
7.0457928935e+01   9.3821306075e-01
7.0536130303e+01   9.2201749469e-01
7.0614331672e+01   9.0657866653e-01
7.0692533040e+01   8.9195402252e-01
7.0770734409e+01   8.7819404258e-01
7.0848935777e+01   8.6534303289e-01
7.0927137146e+01   8.5343989506e-01
7.1005338514e+01   8.4251885888e-01
7.1083539883e+01   8.3261016815e-01
7.1161741251e+01   8.2374071128e-01
7.1239942620e+01   8.1593458952e-01
7.1318143988e+01   8.0921361715e-01
7.1396345357e+01   8.0359774814e-01
7.1474546725e+01   7.9910542427e-01
7.1552748094e+01   7.9575383958e-01
7.1630949462e+01   7.9355911565e-01
7.1709150831e+01   7.9253638185e-01
7.1787352199e+01   7.9269975384e-01
7.1865553568e+01   7.9406220358e-01
7.1943754936e+01   7.9663531313e-01
7.2021956305e+01   8.0042890476e-01
7.2100157674e+01   8.0545054028e-01
7.2178359042e+01   8.1170488321e-01
7.2256560411e+01   8.1919291967e-01
7.2334761779e+01   8.2791103652e-01
7.2412963148e+01   8.3784996002e-01
7.2491164516e+01   8.4899356372e-01
7.2569365885e+01   8.6131756233e-01
7.2647567253e+01   8.7478811735e-01
7.2725768622e+01   8.8936039141e-01
7.2803969990e+01   9.0497710039e-01
7.2882171359e+01   9.2156712559e-01
7.2960372727e+01   9.3904426079e-01
7.3038574096e+01   9.5730618091e-01
7.3116775464e+01   9.7623372652e-01
7.3194976833e+01   9.9569060384e-01
7.3273178201e+01   1.0155235957e+00
7.3351379570e+01   1.0355633702e+00
7.3429580938e+01   1.0556259523e+00
7.3507782307e+01   1.0755148981e+00
7.3585983675e+01   1.0950241717e+00
7.3664185044e+01   1.1139416814e+00
7.3742386413e+01   1.1320533875e+00
7.3820587781e+01   1.1491478453e+00
7.3898789150e+01   1.1650210066e+00
7.3976990518e+01   1.1794810749e+00
7.4055191887e+01   1.1923531893e+00
7.4133393255e+01   1.2034837172e+00
7.4211594624e+01   1.2127439479e+00
7.4289795992e+01   1.2200330180e+00
7.4367997361e+01   1.2252799419e+00
7.4446198729e+01   1.2284446788e+00
7.4524400098e+01   1.2295182221e+00
7.4602601466e+01   1.2285217552e+00
7.4680802835e+01   1.2255049647e+00
7.4759004203e+01   1.2205436398e+00
7.4837205572e+01   1.2137367120e+00
7.4915406940e+01   1.2052029021e+00
7.4993608309e+01   1.1950771403e+00
7.5071809677e+01   1.1835069164e+00
7.5150011046e+01   1.1706486974e+00
7.5228212414e+01   1.1566645295e+00
7.5306413783e+01   1.1417189119e+00
7.5384615152e+01   1.1259760077e+00
7.5462816520e+01   1.1095972296e+00
7.5541017889e+01   1.0927392192e+00
7.5619219257e+01   1.0755522182e+00
7.5697420626e+01   1.0581788157e+00
7.5775621994e+01   1.0407530465e+00
7.5853823363e+01   1.0233998060e+00
7.5932024731e+01   1.0062345440e+00
7.6010226100e+01   9.8936319806e-01
7.6088427468e+01   9.7288232618e-01
7.6166628837e+01   9.5687940186e-01
7.6244830205e+01   9.4143323514e-01
7.6323031574e+01   9.2661448823e-01
7.6401232942e+01   9.1248625701e-01
7.6479434311e+01   8.9910469348e-01
7.6557635679e+01   8.8651964797e-01
7.6635837048e+01   8.7477531275e-01
7.6714038416e+01   8.6391085208e-01
7.6792239785e+01   8.5396100600e-01
7.6870441153e+01   8.4495665730e-01
7.6948642522e+01   8.3692535295e-01
7.7026843891e+01   8.2989177264e-01
7.7105045259e+01   8.2387813770e-01
7.7183246628e+01   8.1890455493e-01
7.7261447996e+01   8.1498928966e-01
7.7339649365e+01   8.1214896275e-01
7.7417850733e+01   8.1039866635e-01
7.7496052102e+01   8.0975199280e-01
7.7574253470e+01   8.1022097126e-01
7.7652454839e+01   8.1181590635e-01
7.7730656207e+01   8.1454511345e-01
7.7808857576e+01   8.1841454557e-01
7.7887058944e+01   8.2342730792e-01
7.7965260313e+01   8.2958305766e-01
7.8043461681e+01   8.3687728867e-01
7.8121663050e+01   8.4530050476e-01
7.8199864418e+01   8.5483728861e-01
7.8278065787e+01   8.6546527990e-01
7.8356267155e+01   8.7715408237e-01
7.8434468524e+01   8.8986412765e-01
7.8512669892e+01   9.0354553263e-01
7.8590871261e+01   9.1813699624e-01
7.8669072630e+01   9.3356479111e-01
7.8747273998e+01   9.4974191393e-01
7.8825475367e+01   9.6656746438e-01
7.8903676735e+01   9.8392632758e-01
7.8981878104e+01   1.0016892327e+00
7.9060079472e+01   1.0197132560e+00
7.9138280841e+01   1.0378428237e+00
7.9216482209e+01   1.0559112524e+00
7.9294683578e+01   1.0737428400e+00
7.9372884946e+01   1.0911554899e+00
7.9451086315e+01   1.1079638174e+00
7.9529287683e+01   1.1239826557e+00
7.9607489052e+01   1.1390308415e+00
7.9685690420e+01   1.1529351400e+00
7.9763891789e+01   1.1655341441e+00
7.9842093157e+01   1.1766819801e+00
7.9920294526e+01   1.1862516533e+00
7.9998495894e+01   1.1941378838e+00
8.0000000000e+01   1.1942724876e+00
