X    Y
0.0000000000e+00   4.0000000000e-01
2.7397260274e-03   4.0171625302e-01
5.4794520548e-03   4.0344588588e-01
8.2191780822e-03   4.0518897633e-01
1.0958904110e-02   4.0694560200e-01
1.3698630137e-02   4.0871584044e-01
1.6438356164e-02   4.1049976904e-01
1.9178082192e-02   4.1229746504e-01
2.1917808219e-02   4.1410900553e-01
2.4657534247e-02   4.1593446744e-01
2.7397260274e-02   4.1777392746e-01
3.0136986301e-02   4.1962746210e-01
3.2876712329e-02   4.2149514764e-01
3.5616438356e-02   4.2337706012e-01
3.8356164384e-02   4.2527327530e-01
4.1095890411e-02   4.2718386867e-01
4.3835616438e-02   4.2910891543e-01
4.6575342466e-02   4.3104849045e-01
4.9315068493e-02   4.3300266826e-01
5.2054794521e-02   4.3497152306e-01
5.4794520548e-02   4.3695512865e-01
5.7534246575e-02   4.3895355846e-01
6.0273972603e-02   4.4096688547e-01
6.3013698630e-02   4.4299518226e-01
6.5753424658e-02   4.4503852094e-01
6.8493150685e-02   4.4709697313e-01
7.1232876712e-02   4.4917060997e-01
7.3972602740e-02   4.5125950207e-01
7.6712328767e-02   4.5336371948e-01
7.9452054795e-02   4.5548333172e-01
8.2191780822e-02   4.5761840768e-01
8.4931506849e-02   4.5976901565e-01
8.7671232877e-02   4.6193522329e-01
9.0410958904e-02   4.6411709758e-01
9.3150684932e-02   4.6631470482e-01
9.5890410959e-02   4.6852811060e-01
9.8630136986e-02   4.7075737977e-01
1.0136986301e-01   4.7300257640e-01
1.0410958904e-01   4.7526376378e-01
1.0684931507e-01   4.7754100439e-01
1.0958904110e-01   4.7983435983e-01
1.1232876712e-01   4.8214389087e-01
1.1506849315e-01   4.8446965735e-01
1.1780821918e-01   4.8681171818e-01
1.2054794521e-01   4.8917013132e-01
1.2328767123e-01   4.9154495374e-01
1.2602739726e-01   4.9393624137e-01
1.2876712329e-01   4.9634404913e-01
1.3150684932e-01   4.9876843083e-01
1.3424657534e-01   5.0120943919e-01
1.3698630137e-01   5.0366712576e-01
1.3972602740e-01   5.0614154095e-01
1.4246575342e-01   5.0863273396e-01
1.4520547945e-01   5.1114075272e-01
1.4794520548e-01   5.1366564393e-01
1.5068493151e-01   5.1620745298e-01
1.5342465753e-01   5.1876622390e-01
1.5616438356e-01   5.2134199937e-01
1.5890410959e-01   5.2393482067e-01
1.6164383562e-01   5.2654472763e-01
1.6438356164e-01   5.2917175861e-01
1.6712328767e-01   5.3181595046e-01
1.6986301370e-01   5.3447733848e-01
1.7260273973e-01   5.3715595642e-01
1.7534246575e-01   5.3985183638e-01
1.7808219178e-01   5.4256500882e-01
1.8082191781e-01   5.4529550251e-01
1.8356164384e-01   5.4804334451e-01
1.8630136986e-01   5.5080856010e-01
1.8904109589e-01   5.5359117277e-01
1.9178082192e-01   5.5639120416e-01
1.9452054795e-01   5.5920867404e-01
1.9726027397e-01   5.6204360028e-01
2.0000000000e-01   5.6489599878e-01
2.0273972603e-01   5.6776588346e-01
2.0547945205e-01   5.7065326622e-01
2.0821917808e-01   5.7355815686e-01
2.1095890411e-01   5.7648056310e-01
2.1369863014e-01   5.7942049052e-01
2.1643835616e-01   5.8237794249e-01
2.1917808219e-01   5.8535292018e-01
2.2191780822e-01   5.8834542248e-01
2.2465753425e-01   5.9135544599e-01
2.2739726027e-01   5.9438298495e-01
2.3013698630e-01   5.9742803123e-01
2.3287671233e-01   6.0049057428e-01
2.3561643836e-01   6.0357060108e-01
2.3835616438e-01   6.0666809612e-01
2.4109589041e-01   6.0978304134e-01
2.4383561644e-01   6.1291541611e-01
2.4657534247e-01   6.1606519717e-01
2.4931506849e-01   6.1923235861e-01
2.5205479452e-01   6.2241687182e-01
2.5479452055e-01   6.2561870547e-01
2.5753424658e-01   6.2883782543e-01
2.6027397260e-01   6.3207419477e-01
2.6301369863e-01   6.3532777372e-01
2.6575342466e-01   6.3859851960e-01
2.6849315068e-01   6.4188638682e-01
2.7123287671e-01   6.4519132683e-01
2.7397260274e-01   6.4851328806e-01
2.7671232877e-01   6.5185221593e-01
2.7945205479e-01   6.5520805277e-01
2.8219178082e-01   6.5858073781e-01
2.8493150685e-01   6.6197020714e-01
2.8767123288e-01   6.6537639366e-01
2.9041095890e-01   6.6879922708e-01
2.9315068493e-01   6.7223863386e-01
2.9589041096e-01   6.7569453716e-01
2.9863013699e-01   6.7916685686e-01
3.0136986301e-01   6.8265550950e-01
3.0410958904e-01   6.8616040823e-01
3.0684931507e-01   6.8968146281e-01
3.0958904110e-01   6.9321857957e-01
3.1232876712e-01   6.9677166139e-01
3.1506849315e-01   7.0034060766e-01
3.1780821918e-01   7.0392531425e-01
3.2054794521e-01   7.0752567351e-01
3.2328767123e-01   7.1114157422e-01
3.2602739726e-01   7.1477290158e-01
3.2876712329e-01   7.1841953717e-01
3.3150684932e-01   7.2208135896e-01
3.3424657534e-01   7.2575824127e-01
3.3698630137e-01   7.2945005474e-01
3.3972602740e-01   7.3315666634e-01
3.4246575342e-01   7.3687793934e-01
3.4520547945e-01   7.4061373328e-01
3.4794520548e-01   7.4436390397e-01
3.5068493151e-01   7.4812830351e-01
3.5342465753e-01   7.5190678021e-01
3.5616438356e-01   7.5569917862e-01
3.5890410959e-01   7.5950533955e-01
3.6164383562e-01   7.6332510000e-01
3.6438356164e-01   7.6715829320e-01
3.6712328767e-01   7.7100474861e-01
3.6986301370e-01   7.7486429186e-01
3.7260273973e-01   7.7873674485e-01
3.7534246575e-01   7.8262192564e-01
3.7808219178e-01   7.8651964854e-01
3.8082191781e-01   7.9042972407e-01
3.8356164384e-01   7.9435195898e-01
3.8630136986e-01   7.9828615626e-01
3.8904109589e-01   8.0223211516e-01
3.9178082192e-01   8.0618963116e-01
3.9452054795e-01   8.1015849604e-01
3.9726027397e-01   8.1413849788e-01
4.0000000000e-01   8.1812942103e-01
4.0273972603e-01   8.2213104622e-01
4.0547945205e-01   8.2614315048e-01
4.0821917808e-01   8.3016550727e-01
4.1095890411e-01   8.3419788641e-01
4.1369863014e-01   8.3824005417e-01
4.1643835616e-01   8.4229177328e-01
4.1917808219e-01   8.4635280296e-01
4.2191780822e-01   8.5042289898e-01
4.2465753425e-01   8.5450181364e-01
4.2739726027e-01   8.5858929588e-01
4.3013698630e-01   8.6268509126e-01
4.3287671233e-01   8.6678894205e-01
4.3561643836e-01   8.7090058724e-01
4.3835616438e-01   8.7501976261e-01
4.4109589041e-01   8.7914620078e-01
4.4383561644e-01   8.8327963125e-01
4.4657534247e-01   8.8741978046e-01
4.4931506849e-01   8.9156637184e-01
4.5205479452e-01   8.9571912588e-01
4.5479452055e-01   8.9987776019e-01
4.5753424658e-01   9.0404198956e-01
4.6027397260e-01   9.0821152601e-01
4.6301369863e-01   9.1238607888e-01
4.6575342466e-01   9.1656535490e-01
4.6849315068e-01   9.2074905823e-01
4.7123287671e-01   9.2493689058e-01
4.7397260274e-01   9.2912855124e-01
4.7671232877e-01   9.3332373720e-01
4.7945205479e-01   9.3752214318e-01
4.8219178082e-01   9.4172346175e-01
4.8493150685e-01   9.4592738343e-01
4.8767123288e-01   9.5013359670e-01
4.9041095890e-01   9.5434178817e-01
4.9315068493e-01   9.5855164262e-01
4.9589041096e-01   9.6276284311e-01
4.9863013699e-01   9.6697507107e-01
5.0136986301e-01   9.7118800636e-01
5.0410958904e-01   9.7540132744e-01
5.0684931507e-01   9.7961471139e-01
5.0958904110e-01   9.8382783405e-01
5.1232876712e-01   9.8804037013e-01
5.1506849315e-01   9.9225199327e-01
5.1780821918e-01   9.9646237617e-01
5.2054794521e-01   1.0006711907e+00
5.2328767123e-01   1.0048781080e+00
5.2602739726e-01   1.0090827985e+00
5.2876712329e-01   1.0132849322e+00
5.3150684932e-01   1.0174841787e+00
5.3424657534e-01   1.0216802072e+00
5.3698630137e-01   1.0258726868e+00
5.3972602740e-01   1.0300612865e+00
5.4246575342e-01   1.0342456752e+00
5.4520547945e-01   1.0384255221e+00
5.4794520548e-01   1.0426004966e+00
5.5068493151e-01   1.0467702684e+00
5.5342465753e-01   1.0509345078e+00
5.5616438356e-01   1.0550928856e+00
5.5890410959e-01   1.0592450732e+00
5.6164383562e-01   1.0633907431e+00
5.6438356164e-01   1.0675295686e+00
5.6712328767e-01   1.0716612238e+00
5.6986301370e-01   1.0757853843e+00
5.7260273973e-01   1.0799017268e+00
5.7534246575e-01   1.0840099295e+00
5.7808219178e-01   1.0881096719e+00
5.8082191781e-01   1.0922006353e+00
5.8356164384e-01   1.0962825027e+00
5.8630136986e-01   1.1003549587e+00
5.8904109589e-01   1.1044176902e+00
5.9178082192e-01   1.1084703858e+00
5.9452054795e-01   1.1125127365e+00
5.9726027397e-01   1.1165444355e+00
6.0000000000e-01   1.1205651782e+00
6.0273972603e-01   1.1245746628e+00
6.0547945205e-01   1.1285725897e+00
6.0821917808e-01   1.1325586622e+00
6.1095890411e-01   1.1365325864e+00
6.1369863014e-01   1.1404940712e+00
6.1643835616e-01   1.1444428285e+00
6.1917808219e-01   1.1483785731e+00
6.2191780822e-01   1.1523010233e+00
6.2465753425e-01   1.1562099004e+00
6.2739726027e-01   1.1601049291e+00
6.3013698630e-01   1.1639858375e+00
6.3287671233e-01   1.1678523572e+00
6.3561643836e-01   1.1717042237e+00
6.3835616438e-01   1.1755411756e+00
6.4109589041e-01   1.1793629559e+00
6.4383561644e-01   1.1831693109e+00
6.4657534247e-01   1.1869599912e+00
6.4931506849e-01   1.1907347512e+00
6.5205479452e-01   1.1944933493e+00
6.5479452055e-01   1.1982355483e+00
6.5753424658e-01   1.2019611148e+00
6.6027397260e-01   1.2056698200e+00
6.6301369863e-01   1.2093614391e+00
6.6575342466e-01   1.2130357520e+00
6.6849315068e-01   1.2166925429e+00
6.7123287671e-01   1.2203316002e+00
6.7397260274e-01   1.2239527173e+00
6.7671232877e-01   1.2275556918e+00
6.7945205479e-01   1.2311403260e+00
6.8219178082e-01   1.2347064271e+00
6.8493150685e-01   1.2382538066e+00
6.8767123288e-01   1.2417822810e+00
6.9041095890e-01   1.2452916715e+00
6.9315068493e-01   1.2487818041e+00
6.9589041096e-01   1.2522525096e+00
6.9863013699e-01   1.2557036237e+00
7.0136986301e-01   1.2591349868e+00
7.0410958904e-01   1.2625464444e+00
7.0684931507e-01   1.2659378468e+00
7.0958904110e-01   1.2693090493e+00
7.1232876712e-01   1.2726599119e+00
7.1506849315e-01   1.2759902999e+00
7.1780821918e-01   1.2793000831e+00
7.2054794521e-01   1.2825891367e+00
7.2328767123e-01   1.2858573405e+00
7.2602739726e-01   1.2891045793e+00
7.2876712329e-01   1.2923307431e+00
7.3150684932e-01   1.2955357264e+00
7.3424657534e-01   1.2987194290e+00
7.3698630137e-01   1.3018817555e+00
7.3972602740e-01   1.3050226152e+00
7.4246575342e-01   1.3081419225e+00
7.4520547945e-01   1.3112395965e+00
7.4794520548e-01   1.3143155613e+00
7.5068493151e-01   1.3173697457e+00
7.5342465753e-01   1.3204020832e+00
7.5616438356e-01   1.3234125123e+00
7.5890410959e-01   1.3264009759e+00
7.6164383562e-01   1.3293674219e+00
7.6438356164e-01   1.3323118026e+00
7.6712328767e-01   1.3352340751e+00
7.6986301370e-01   1.3381342010e+00
7.7260273973e-01   1.3410121464e+00
7.7534246575e-01   1.3438678820e+00
7.7808219178e-01   1.3467013828e+00
7.8082191781e-01   1.3495126284e+00
7.8356164384e-01   1.3523016027e+00
7.8630136986e-01   1.3550682937e+00
7.8904109589e-01   1.3578126940e+00
7.9178082192e-01   1.3605348001e+00
7.9452054795e-01   1.3632346129e+00
7.9726027397e-01   1.3659121373e+00
8.0000000000e-01   1.3685673821e+00
8.0273972603e-01   1.3712003603e+00
8.0547945205e-01   1.3738110889e+00
8.0821917808e-01   1.3763995885e+00
8.1095890411e-01   1.3789658836e+00
8.1369863014e-01   1.3815100026e+00
8.1643835616e-01   1.3840319774e+00
8.1917808219e-01   1.3865318437e+00
8.2191780822e-01   1.3890096406e+00
8.2465753425e-01   1.3914654109e+00
8.2739726027e-01   1.3938992006e+00
8.3013698630e-01   1.3963110592e+00
8.3287671233e-01   1.3987010395e+00
8.3561643836e-01   1.4010691976e+00
8.3835616438e-01   1.4034155926e+00
8.4109589041e-01   1.4057402868e+00
8.4383561644e-01   1.4080433456e+00
8.4657534247e-01   1.4103248374e+00
8.4931506849e-01   1.4125848333e+00
8.5205479452e-01   1.4148234074e+00
8.5479452055e-01   1.4170406364e+00
8.5753424658e-01   1.4192366001e+00
8.6027397260e-01   1.4214113804e+00
8.6301369863e-01   1.4235650621e+00
8.6575342466e-01   1.4256977324e+00
8.6849315068e-01   1.4278094810e+00
8.7123287671e-01   1.4299003999e+00
8.7397260274e-01   1.4319705834e+00
8.7671232877e-01   1.4340201279e+00
8.7945205479e-01   1.4360491322e+00
8.8219178082e-01   1.4380576971e+00
8.8493150685e-01   1.4400459253e+00
8.8767123288e-01   1.4420139217e+00
8.9041095890e-01   1.4439617929e+00
8.9315068493e-01   1.4458896473e+00
8.9589041096e-01   1.4477975954e+00
8.9863013699e-01   1.4496857489e+00
9.0136986301e-01   1.4515542216e+00
9.0410958904e-01   1.4534031286e+00
9.0684931507e-01   1.4552325866e+00
9.0958904110e-01   1.4570427138e+00
9.1232876712e-01   1.4588336298e+00
9.1506849315e-01   1.4606054554e+00
9.1780821918e-01   1.4623583127e+00
9.2054794521e-01   1.4640923253e+00
9.2328767123e-01   1.4658076175e+00
9.2602739726e-01   1.4675043150e+00
9.2876712329e-01   1.4691825446e+00
9.3150684932e-01   1.4708424339e+00
9.3424657534e-01   1.4724841115e+00
9.3698630137e-01   1.4741077068e+00
9.3972602740e-01   1.4757133503e+00
9.4246575342e-01   1.4773011729e+00
9.4520547945e-01   1.4788713065e+00
9.4794520548e-01   1.4804238837e+00
9.5068493151e-01   1.4819590374e+00
9.5342465753e-01   1.4834769014e+00
9.5616438356e-01   1.4849776099e+00
9.5890410959e-01   1.4864612976e+00
9.6164383562e-01   1.4879280996e+00
9.6438356164e-01   1.4893781514e+00
9.6712328767e-01   1.4908115889e+00
9.6986301370e-01   1.4922285483e+00
9.7260273973e-01   1.4936291659e+00
9.7534246575e-01   1.4950135784e+00
9.7808219178e-01   1.4963819225e+00
9.8082191781e-01   1.4977343354e+00
9.8356164384e-01   1.4990709538e+00
9.8630136986e-01   1.5003919151e+00
9.8904109589e-01   1.5016973562e+00
9.9178082192e-01   1.5029874143e+00
9.9452054795e-01   1.5042622265e+00
9.9726027397e-01   1.5055219296e+00
1.0000000000e+00   1.5067666606e+00
1.0027397260e+00   1.5079965561e+00
1.0054794521e+00   1.5092117526e+00
1.0082191781e+00   1.5104123865e+00
1.0109589041e+00   1.5115985938e+00
1.0136986301e+00   1.5127705102e+00
1.0164383562e+00   1.5139282712e+00
1.0191780822e+00   1.5150720120e+00
1.0219178082e+00   1.5162018673e+00
1.0246575342e+00   1.5173179715e+00
1.0273972603e+00   1.5184204586e+00
1.0301369863e+00   1.5195094621e+00
1.0328767123e+00   1.5205851152e+00
1.0356164384e+00   1.5216475505e+00
1.0383561644e+00   1.5226969000e+00
1.0410958904e+00   1.5237332953e+00
1.0438356164e+00   1.5247568674e+00
1.0465753425e+00   1.5257677469e+00
1.0493150685e+00   1.5267660636e+00
1.0520547945e+00   1.5277519467e+00
1.0547945205e+00   1.5287255250e+00
1.0575342466e+00   1.5296869264e+00
1.0602739726e+00   1.5306362783e+00
1.0630136986e+00   1.5315737073e+00
1.0657534247e+00   1.5324993396e+00
1.0684931507e+00   1.5334133003e+00
1.0712328767e+00   1.5343157140e+00
1.0739726027e+00   1.5352067046e+00
1.0767123288e+00   1.5360863952e+00
1.0794520548e+00   1.5369549081e+00
1.0821917808e+00   1.5378123650e+00
1.0849315068e+00   1.5386588866e+00
1.0876712329e+00   1.5394945930e+00
1.0904109589e+00   1.5403196033e+00
1.0931506849e+00   1.5411340360e+00
1.0958904110e+00   1.5419380087e+00
1.0986301370e+00   1.5427316382e+00
1.1013698630e+00   1.5435150404e+00
1.1041095890e+00   1.5442883303e+00
1.1068493151e+00   1.5450516224e+00
1.1095890411e+00   1.5458050299e+00
1.1123287671e+00   1.5465486654e+00
1.1150684932e+00   1.5472826405e+00
1.1178082192e+00   1.5480070662e+00
1.1205479452e+00   1.5487220523e+00
1.1232876712e+00   1.5494277078e+00
1.1260273973e+00   1.5501241410e+00
1.1287671233e+00   1.5508114591e+00
1.1315068493e+00   1.5514897686e+00
1.1342465753e+00   1.5521591748e+00
1.1369863014e+00   1.5528197825e+00
1.1397260274e+00   1.5534716954e+00
1.1424657534e+00   1.5541150162e+00
1.1452054795e+00   1.5547498469e+00
1.1479452055e+00   1.5553762885e+00
1.1506849315e+00   1.5559944410e+00
1.1534246575e+00   1.5566044038e+00
1.1561643836e+00   1.5572062751e+00
1.1589041096e+00   1.5578001524e+00
1.1616438356e+00   1.5583861320e+00
1.1643835616e+00   1.5589643097e+00
1.1671232877e+00   1.5595347801e+00
1.1698630137e+00   1.5600976371e+00
1.1726027397e+00   1.5606529735e+00
1.1753424658e+00   1.5612008814e+00
1.1780821918e+00   1.5617414519e+00
1.1808219178e+00   1.5622747752e+00
1.1835616438e+00   1.5628009406e+00
1.1863013699e+00   1.5633200367e+00
1.1890410959e+00   1.5638321509e+00
1.1917808219e+00   1.5643373700e+00
1.1945205479e+00   1.5648357797e+00
1.1972602740e+00   1.5653274651e+00
1.2000000000e+00   1.5658125101e+00
1.2027397260e+00   1.5662909980e+00
1.2054794521e+00   1.5667630111e+00
1.2082191781e+00   1.5672286309e+00
1.2109589041e+00   1.5676879380e+00
1.2136986301e+00   1.5681410121e+00
1.2164383562e+00   1.5685879322e+00
1.2191780822e+00   1.5690287764e+00
1.2219178082e+00   1.5694636219e+00
1.2246575342e+00   1.5698925451e+00
1.2273972603e+00   1.5703156216e+00
1.2301369863e+00   1.5707329261e+00
1.2328767123e+00   1.5711445325e+00
1.2356164384e+00   1.5715505141e+00
1.2383561644e+00   1.5719509431e+00
1.2410958904e+00   1.5723458910e+00
1.2438356164e+00   1.5727354285e+00
1.2465753425e+00   1.5731196256e+00
1.2493150685e+00   1.5734985513e+00
1.2520547945e+00   1.5738722741e+00
1.2547945205e+00   1.5742408615e+00
1.2575342466e+00   1.5746043803e+00
1.2602739726e+00   1.5749628965e+00
1.2630136986e+00   1.5753164755e+00
1.2657534247e+00   1.5756651817e+00
1.2684931507e+00   1.5760090790e+00
1.2712328767e+00   1.5763482304e+00
1.2739726027e+00   1.5766826982e+00
1.2767123288e+00   1.5770125440e+00
1.2794520548e+00   1.5773378286e+00
1.2821917808e+00   1.5776586122e+00
1.2849315068e+00   1.5779749541e+00
1.2876712329e+00   1.5782869132e+00
1.2904109589e+00   1.5785945475e+00
1.2931506849e+00   1.5788979142e+00
1.2958904110e+00   1.5791970700e+00
1.2986301370e+00   1.5794920710e+00
1.3013698630e+00   1.5797829723e+00
1.3041095890e+00   1.5800698286e+00
1.3068493151e+00   1.5803526939e+00
1.3095890411e+00   1.5806316214e+00
1.3123287671e+00   1.5809066639e+00
1.3150684932e+00   1.5811778733e+00
1.3178082192e+00   1.5814453010e+00
1.3205479452e+00   1.5817089978e+00
1.3232876712e+00   1.5819690137e+00
1.3260273973e+00   1.5822253983e+00
1.3287671233e+00   1.5824782004e+00
1.3315068493e+00   1.5827274684e+00
1.3342465753e+00   1.5829732499e+00
1.3369863014e+00   1.5832155920e+00
1.3397260274e+00   1.5834545412e+00
1.3424657534e+00   1.5836901435e+00
1.3452054795e+00   1.5839224440e+00
1.3479452055e+00   1.5841514877e+00
1.3506849315e+00   1.5843773187e+00
1.3534246575e+00   1.5845999806e+00
1.3561643836e+00   1.5848195166e+00
1.3589041096e+00   1.5850359692e+00
1.3616438356e+00   1.5852493804e+00
1.3643835616e+00   1.5854597916e+00
1.3671232877e+00   1.5856672439e+00
1.3698630137e+00   1.5858717775e+00
1.3726027397e+00   1.5860734325e+00
1.3753424658e+00   1.5862722481e+00
1.3780821918e+00   1.5864682633e+00
1.3808219178e+00   1.5866615165e+00
1.3835616438e+00   1.5868520455e+00
1.3863013699e+00   1.5870398876e+00
1.3890410959e+00   1.5872250799e+00
1.3917808219e+00   1.5874076587e+00
1.3945205479e+00   1.5875876601e+00
1.3972602740e+00   1.5877651193e+00
1.4000000000e+00   1.5879400716e+00
