X    Y    Z
0.0000000000e+00   4.0000000000e-01   0.0000000000e+00
-1.1002412317e-02   4.0204699736e-01   1.0511739199e-03
-2.2083375078e-02   4.0380187179e-01   1.9349820116e-03
-3.3230514835e-02   4.0526103103e-01   2.6705733928e-03
-4.4431870945e-02   4.0642119731e-01   3.2757920448e-03
-5.5675867598e-02   4.0727939804e-01   3.7671301195e-03
-6.6951284678e-02   4.0783295742e-01   4.1597066846e-03
-7.8247228149e-02   4.0807948861e-01   4.4672702534e-03
-8.9553100611e-02   4.0801688682e-01   4.7022227602e-03
-1.0085857259e-01   4.0764332308e-01   4.8756621642e-03
-1.1215355505e-01   4.0695723881e-01   4.9974405720e-03
-1.2342817357e-01   4.0595734100e-01   5.0762346513e-03
-1.3467274438e-01   4.0464259817e-01   5.1196251462e-03
-1.4587775267e-01   4.0301223684e-01   5.1341824588e-03
-1.5703383310e-01   4.0106573855e-01   5.1255555157e-03
-1.6813175277e-01   3.9880283748e-01   5.0985614585e-03
-1.7916239653e-01   3.9622351830e-01   5.0572740569e-03
-1.9011675463e-01   3.9332801458e-01   5.0051091211e-03
-2.0098591259e-01   3.9011680735e-01   4.9449055661e-03
-2.1176104327e-01   3.8659062396e-01   4.8790011367e-03
-2.2243340078e-01   3.8275043714e-01   4.8093021302e-03
-2.3299431629e-01   3.7859746419e-01   4.7373467425e-03
-2.4343519541e-01   3.7413316620e-01   4.6643619085e-03
-2.5374751706e-01   3.6935924740e-01   4.5913137119e-03
-2.6392283355e-01   3.6427765447e-01   4.5189515984e-03
-2.7395277189e-01   3.5889057585e-01   4.4478467431e-03
-2.8382903591e-01   3.5320044099e-01   4.3784250062e-03
-2.9354340930e-01   3.4720991949e-01   4.3109949618e-03
-3.0308775929e-01   3.4092192023e-01   4.2457715063e-03
-3.1245404091e-01   3.3433959028e-01   4.1828955557e-03
-3.2163430169e-01   3.2746631380e-01   4.1224503262e-03
-3.3062068676e-01   3.2030571064e-01   4.0644746649e-03
-3.3940544422e-01   3.1286163496e-01   4.0089738640e-03
-3.4798093074e-01   3.0513817358e-01   3.9559283484e-03
-3.5633961732e-01   2.9713964421e-01   3.9053005875e-03
-3.6447409519e-01   2.8887059346e-01   3.8570405372e-03
-3.7237708178e-01   2.8033579476e-01   3.8110898791e-03
-3.8004142667e-01   2.7154024604e-01   3.7673852823e-03
-3.8746011767e-01   2.6248916724e-01   3.7258608812e-03
-3.9462628680e-01   2.5318799766e-01   3.6864501292e-03
-4.0153321623e-01   2.4364239311e-01   3.6490871612e-03
-4.0817434426e-01   2.3385822292e-01   3.6137077717e-03
-4.1454327114e-01   2.2384156672e-01   3.5802500987e-03
-4.2063376488e-01   2.1359871106e-01   3.5486550812e-03
-4.2643976692e-01   2.0313614588e-01   3.5188667485e-03
-4.3195539778e-01   1.9246056079e-01   3.4908323829e-03
-4.3717496256e-01   1.8157884114e-01   3.4645025919e-03
-4.4209295629e-01   1.7049806398e-01   3.4398313152e-03
-4.4670406930e-01   1.5922549380e-01   3.4167757869e-03
-4.5100319229e-01   1.4776857816e-01   3.3952964682e-03
-4.5498542146e-01   1.3613494308e-01   3.3753569619e-03
-4.5864606336e-01   1.2433238832e-01   3.3569239172e-03
-4.6198063966e-01   1.1236888251e-01   3.3399669303e-03
-4.6498489186e-01   1.0025255807e-01   3.3244584461e-03
-4.6765478569e-01   8.7991706051e-02   3.3103736633e-03
-4.6998651553e-01   7.5594770740e-02   3.2976904447e-03
-4.7197650855e-01   6.3070344199e-02   3.2863892356e-03
-4.7362142880e-01   5.0427160605e-02   3.2764529893e-03
-4.7491818107e-01   3.7674090481e-02   3.2678671012e-03
-4.7586391459e-01   2.4820134772e-02   3.2606193516e-03
-4.7645602663e-01   1.1874418802e-02   3.2546998577e-03
-4.7669216584e-01   -1.1538139041e-03   3.2501010337e-03
-4.7657023552e-01   -1.4255207925e-02   3.2468175601e-03
-4.7608839659e-01   -2.7420302361e-02   3.2448463612e-03
-4.7524507051e-01   -4.0639537378e-02   3.2441865921e-03
-4.7403894194e-01   -5.3903260853e-02   3.2448396329e-03
-4.7246896124e-01   -6.7201735134e-02   3.2468090925e-03
-4.7053434677e-01   -8.0525143905e-02   3.2501008200e-03
-4.6823458703e-01   -9.3863599141e-02   3.2547229255e-03
-4.6556944255e-01   -1.0720714816e-01   3.2606858086e-03
-4.6253894770e-01   -1.2054578079e-01   3.2680021962e-03
-4.5914341216e-01   -1.3386943655e-01   3.2766871893e-03
-4.5538342230e-01   -1.4716801200e-01   3.2867583187e-03
-4.5125984232e-01   -1.6043136810e-01   3.2982356103e-03
-4.4677381518e-01   -1.7364933768e-01   3.3111416605e-03
-4.4192676334e-01   -1.8681173292e-01   3.3255017216e-03
-4.3672038933e-01   -1.9990835296e-01   3.3413437984e-03
-4.3115667603e-01   -2.1292899150e-01   3.3586987560e-03
-4.2523788683e-01   -2.2586344450e-01   3.3776004398e-03
-4.1896656552e-01   -2.3870151787e-01   3.3980858086e-03
-4.1234553604e-01   -2.5143303524e-01   3.4201950809e-03
-4.0537790191e-01   -2.6404784575e-01   3.4439718962e-03
-3.9806704560e-01   -2.7653583185e-01   3.4694634924e-03
-3.9041662755e-01   -2.8888691717e-01   3.4967208993e-03
-3.8243058508e-01   -3.0109107429e-01   3.5257991509e-03
-3.7411313102e-01   -3.1313833268e-01   3.5567575172e-03
-3.6546875220e-01   -3.2501878652e-01   3.5896597577e-03
-3.5650220766e-01   -3.3672260258e-01   3.6245743971e-03
-3.4721852672e-01   -3.4824002803e-01   3.6615750270e-03
-3.3762300680e-01   -3.5956139833e-01   3.7007406344e-03
-3.2772121102e-01   -3.7067714501e-01   3.7421559599e-03
-3.1751896568e-01   -3.8157780348e-01   3.7859118884e-03
-3.0702235744e-01   -3.9225402079e-01   3.8321058754e-03
-2.9623773036e-01   -4.0269656335e-01   3.8808424113e-03
-2.8517168269e-01   -4.1289632464e-01   3.9322335290e-03
-2.7383106356e-01   -4.2284433280e-01   3.9863993567e-03
-2.6222296936e-01   -4.3253175825e-01   4.0434687231e-03
-2.5035474001e-01   -4.4194992119e-01   4.1035798172e-03
-2.3823395504e-01   -4.5109029910e-01   4.1668809100e-03
-2.2586842940e-01   -4.5994453408e-01   4.2335311445e-03
-2.1326620925e-01   -4.6850444018e-01   4.3037013989e-03
-2.0043556741e-01   -4.7676201067e-01   4.3775752333e-03
-1.8738499875e-01   -4.8470942512e-01   4.4553499261e-03
-1.7412321537e-01   -4.9233905654e-01   4.5372376112e-03
-1.6065914162e-01   -4.9964347827e-01   4.6234665251e-03
-1.4700190899e-01   -5.0661547088e-01   4.7142823773e-03
-1.3316085086e-01   -5.1324802894e-01   4.8099498557e-03
-1.1914549702e-01   -5.1953436762e-01   4.9107542827e-03
-1.0496556820e-01   -5.2546792926e-01   5.0170034378e-03
-9.0630970351e-02   -5.3104238979e-01   5.1290295648e-03
-7.6151788899e-02   -5.3625166499e-01   5.2471915853e-03
-6.1538282811e-02   -5.4108991668e-01   5.3718775399e-03
-4.6800878633e-02   -5.4555155877e-01   5.5035072843e-03
-3.1950164406e-02   -5.4963126314e-01   5.6425354668e-03
-1.6996883517e-02   -5.5332396542e-01   5.7894548229e-03
-1.9519284855e-03   -5.5662487063e-01   5.9447998192e-03
1.3173665289e-02   -5.5952945864e-01   6.1091506899e-03
2.8368725822e-02   -5.6203348957e-01   6.2831379100e-03
4.3621950848e-02   -5.6413300896e-01   6.4674471567e-03
5.8921914126e-02   -5.6582435283e-01   6.6628248148e-03
7.4257071715e-02   -5.6710415261e-01   6.8700840917e-03
8.9615768215e-02   -5.6796933991e-01   7.0901118130e-03
1.0498624294e-01   -5.6841715114e-01   7.3238759781e-03
1.2035663597e-01   -5.6844513200e-01   7.5724341675e-03
1.3571499416e-01   -5.6805114181e-01   7.8369429019e-03
1.5104927685e-01   -5.6723335773e-01   8.1186680650e-03
1.6634736158e-01   -5.6599027882e-01   8.4189965179e-03
1.8159704940e-01   -5.6432073000e-01   8.7394490446e-03
1.9678607000e-01   -5.6222386585e-01   9.0816947862e-03
2.1190208654e-01   -5.5969917432e-01   9.4475673396e-03
2.2693270007e-01   -5.5674648035e-01   9.8390827131e-03
2.4186545351e-01   -5.5336594934e-01   1.0258459358e-02
2.5668783526e-01   -5.4955809058e-01   1.0708140510e-02
2.7138728209e-01   -5.4532376061e-01   1.1190819111e-02
2.8595118152e-01   -5.4066416648e-01   1.1709465593e-02
3.0036687346e-01   -5.3558086904e-01   1.2267358841e-02
3.1462165100e-01   -5.3007578616e-01   1.2868120688e-02
3.2870276036e-01   -5.2415119598e-01   1.3515754303e-02
3.4259739976e-01   -5.1780974019e-01   1.4214686874e-02
3.5629271717e-01   -5.1105442736e-01   1.4969817011e-02
3.6977580680e-01   -5.0388863642e-01   1.5786567319e-02
3.8303370414e-01   -4.9631612020e-01   1.6670942585e-02
3.9605337945e-01   -4.8834100918e-01   1.7629594058e-02
4.0882172950e-01   -4.7996781552e-01   1.8669890275e-02
4.2132556735e-01   -4.7120143723e-01   1.9799994863e-02
4.3355161009e-01   -4.6204716282e-01   2.1028951709e-02
4.4548646423e-01   -4.5251067626e-01   2.2366777785e-02
4.5711660854e-01   -4.4259806239e-01   2.3824563833e-02
4.6842837429e-01   -4.3231581294e-01   2.5414582903e-02
4.7940792250e-01   -4.2167083310e-01   2.7150406517e-02
4.9004121808e-01   -4.1067044880e-01   2.9047027906e-02
5.0031400081e-01   -3.9932241485e-01   3.1120991342e-02
5.1021175286e-01   -3.8763492386e-01   3.3390526033e-02
5.1971966290e-01   -3.7561661627e-01   3.5875682344e-02
5.2882258675e-01   -3.6327659134e-01   3.8598467231e-02
5.3750500475e-01   -3.5062441945e-01   4.1582974672e-02
5.4575097592e-01   -3.3767015558e-01   4.4855505540e-02
5.5354408961e-01   -3.2442435425e-01   4.8444669747e-02
5.6086741497e-01   -3.1089808581e-01   5.2381461562e-02
5.6770344943e-01   -2.9710295431e-01   5.6699296761e-02
5.7403406731e-01   -2.8305111684e-01   6.1433997680e-02
5.7984047027e-01   -2.6875530434e-01   6.6623709351e-02
5.8510314182e-01   -2.5422884393e-01   7.2308726740e-02
5.8980180875e-01   -2.3948568239e-01   7.8531209769e-02
5.9391541274e-01   -2.2454041083e-01   8.5334759445e-02
5.9742209662e-01   -2.0940829002e-01   9.2763825353e-02
6.0029921017e-01   -1.9410527594e-01   1.0086291217e-01
6.0252334150e-01   -1.7864804509e-01   1.0967555140e-01
6.0407038094e-01   -1.6305401852e-01   1.1924300477e-01
6.0491562503e-01   -1.4734138381e-01   1.2960266804e-01
6.0503392931e-01   -1.3152911359e-01   1.4078615034e-01
6.0439991867e-01   -1.1563697923e-01   1.5281701380e-01
6.0298826475e-01   -9.9685557942e-02   1.6570817429e-01
6.0077403887e-01   -8.3696231233e-02   1.7945898569e-01
5.9773314862e-01   -6.7691172573e-02   1.9405205923e-01
5.9384286360e-01   -5.1693321757e-02   2.0944990551e-01
5.8908243333e-01   -3.5726343431e-02   2.2559152964e-01
5.8343379573e-01   -1.9814567159e-02   2.4238915796e-01
5.7688236893e-01   -3.9829065320e-03   2.5972532375e-01
5.6941791246e-01   1.1743244914e-02   2.7745058641e-01
5.6103543555e-01   2.7338142721e-02   2.9538219428e-01
5.5173612144e-01   4.2775846492e-02   3.1330402065e-01
5.4152822778e-01   5.8030400895e-02   3.3096809361e-01
5.3042791463e-01   7.3076041519e-02   3.4809799718e-01
5.1845994551e-01   8.7887423001e-02   3.6439433586e-01
5.0565820290e-01   1.0243986525e-01   3.7954232522e-01
4.9206596087e-01   1.1670961200e-01   3.9322140229e-01
4.7773586275e-01   1.3067409429e-01   4.0511655088e-01
4.6272956341e-01   1.4431219028e-01   4.1493082971e-01
4.4711701280e-01   1.5760447181e-01   4.2239839925e-01
4.3097537882e-01   1.7053342759e-01   4.2729719701e-01
4.1438763264e-01   1.8308365332e-01   4.2946033731e-01
3.9744084484e-01   1.9524199994e-01   4.2878533173e-01
3.8022426463e-01   2.0699767268e-01   4.2524034854e-01
3.6282727284e-01   2.1834227590e-01   4.1886694744e-01
3.4533731130e-01   2.2926980143e-01   4.0977901587e-01
3.2783789429e-01   2.3977656081e-01   3.9815796125e-01
3.1040680158e-01   2.4986106483e-01   3.8424453545e-01
2.9311453842e-01   2.5952385621e-01   3.6832794397e-01
2.7602312666e-01   2.6876730357e-01   3.5073308783e-01
2.5918526633e-01   2.7759536596e-01   3.3180688251e-01
2.4264388069e-01   2.8601333842e-01   3.1190459165e-01
2.2643203274e-01   2.9402758878e-01   2.9137701540e-01
2.1057318046e-01   3.0164529540e-01   2.7055920751e-01
1.9508172162e-01   3.0887419466e-01   2.4976118983e-01
1.7996376918e-01   3.1572234531e-01   2.2926091776e-01
1.6521809400e-01   3.2219791522e-01   2.0929955030e-01
1.5083717215e-01   3.2830899455e-01   1.9007891051e-01
1.3680827908e-01   3.3406343729e-01   1.7176089858e-01
1.2311458076e-01   3.3946873217e-01   1.5446854054e-01
1.0973618067e-01   3.4453190221e-01   1.3828831895e-01
9.6651092003e-02   3.4925943165e-01   1.2327343043e-01
8.3836113224e-02   3.5365721773e-01   1.0944763904e-01
7.1267594399e-02   3.5773054494e-01   9.6809436138e-02
5.8922088513e-02   3.6148407848e-01   8.5336267378e-02
4.6776888210e-02   3.6492187413e-01   7.4988640366e-02
3.4810452790e-02   3.6804740124e-01   6.5713976556e-02
2.3002733482e-02   3.7086357631e-01   5.7450116062e-02
1.1335407066e-02   3.7337280430e-01   5.0128421883e-02
-2.0797098865e-04   3.7557702554e-01   4.3676460643e-02
-1.1641882341e-02   3.7747776604e-01   3.8020260282e-02
-2.2978819256e-02   3.7907618966e-01   3.3086162099e-02
-3.4229305014e-02   3.8037315058e-01   2.8802296041e-02
-4.5401951420e-02   3.8136924497e-01   2.5099715208e-02
-5.6503544564e-02   3.8206486095e-01   2.1913229150e-02
-6.7539151091e-02   3.8246022623e-01   1.9181976566e-02
-7.8512238311e-02   3.8255545280e-01   1.6849777172e-02
-8.9424802544e-02   3.8235057848e-01   1.4865300415e-02
-1.0027750106e-01   3.8184560516e-01   1.3182085771e-02
-1.1106978394e-01   3.8104053354e-01   1.1758446012e-02
-1.2180002283e-01   3.7993539452e-01   1.0557281194e-02
-1.3246563458e-01   3.7853027727e-01   9.5458275338e-03
-1.4306319799e-01   3.7682535421e-01   8.6953618068e-03
-1.5358856271e-01   3.7482090292e-01   7.9808785618e-03
-1.6403694970e-01   3.7251732536e-01   7.3807543809e-03
-1.7440304287e-01   3.6991516459e-01   6.8764105930e-03
-1.8468107203e-01   3.6701511909e-01   6.4519833465e-03
-1.9486488734e-01   3.6381805508e-01   6.0940077410e-03
-2.0494802566e-01   3.6032501694e-01   5.7911208105e-03
-2.1492376931e-01   3.5653723594e-01   5.5337865363e-03
-2.2478519787e-01   3.5245613760e-01   5.3140447187e-03
-2.3452523358e-01   3.4808334760e-01   5.1252844498e-03
-2.4413668106e-01   3.4342069675e-01   4.9620420640e-03
-2.5361226189e-01   3.3847022476e-01   4.8198227854e-03
-2.6294464477e-01   3.3323418333e-01   4.6949448148e-03
-2.7212647172e-01   3.2771503832e-01   4.5844042668e-03
-2.8115038090e-01   3.2191547144e-01   4.4857591761e-03
-2.9000902657e-01   3.1583838114e-01   4.3970306904e-03
-2.9869509654e-01   3.0948688324e-01   4.3166195577e-03
-3.0720132752e-01   3.0286431087e-01   4.2432360653e-03
-3.1552051875e-01   2.9597421423e-01   4.1758416804e-03
-3.2364554413e-01   2.8882035983e-01   4.1136007686e-03
-3.3156936311e-01   2.8140672948e-01   4.0558409113e-03
-3.3928503062e-01   2.7373751904e-01   4.0020204921e-03
-3.4678570610e-01   2.6581713678e-01   3.9517023795e-03
-3.5406466187e-01   2.5765020159e-01   3.9045326803e-03
-3.6111529087e-01   2.4924154094e-01   3.8602236780e-03
-3.6793111404e-01   2.4059618857e-01   3.8185402026e-03
-3.7450578715e-01   2.3171938208e-01   3.7792887925e-03
-3.8083310741e-01   2.2261656016e-01   3.7423091139e-03
-3.8690701973e-01   2.1329335983e-01   3.7074671961e-03
-3.9272162279e-01   2.0375561329e-01   3.6746501164e-03
-3.9827117481e-01   1.9400934476e-01   3.6437618368e-03
-4.0355009923e-01   1.8406076704e-01   3.6147199522e-03
-4.0855299014e-01   1.7391627792e-01   3.5874531551e-03
-4.1327461759e-01   1.6358245648e-01   3.5618992614e-03
-4.1770993271e-01   1.5306605915e-01   3.5380036749e-03
-4.2185407270e-01   1.4237401562e-01   3.5157181917e-03
-4.2570236574e-01   1.3151342468e-01   3.4950000702e-03
-4.2925033561e-01   1.2049154975e-01   3.4758113040e-03
-4.3249370634e-01   1.0931581444e-01   3.4581180549e-03
-4.3542840661e-01   9.7993797783e-02   3.4418902067e-03
-4.3805057401e-01   8.6533229473e-02   3.4271010150e-03
-4.4035655927e-01   7.4941984856e-02   3.4137268293e-03
-4.4234293017e-01   6.3228079838e-02   3.4017468739e-03
-4.4400647546e-01   5.1399665634e-02   3.3911430723e-03
-4.4534420853e-01   3.9465023393e-02   3.3818999083e-03
-4.4635337099e-01   2.7432558692e-02   3.3740043150e-03
-4.4703143605e-01   1.5310795899e-02   3.3674455874e-03
-4.4737611175e-01   3.1083724201e-03   3.3622153137e-03
-4.4738534408e-01   -9.1659671708e-03   3.3583073228e-03
-4.4705731984e-01   -2.1503377124e-02   3.3557176460e-03
-4.4639046944e-01   -3.3894916611e-02   3.3544444898e-03
-4.4538346944e-01   -4.6331555930e-02   3.3544882206e-03
-4.4403524499e-01   -5.8804182812e-02   3.3558513590e-03
-4.4234497203e-01   -7.1303608831e-02   3.3585385831e-03
-4.4031207939e-01   -8.3820575901e-02   3.3625567410e-03
-4.3793625060e-01   -9.6345762868e-02   3.3679148721e-03
-4.3521742568e-01   -1.0886979219e-01   3.3746242363e-03
-4.3215580257e-01   -1.2138323667e-01   3.3826983522e-03
-4.2875183850e-01   -1.3387662633e-01   3.3921530439e-03
-4.2500625114e-01   -1.4634045529e-01   3.4030064959e-03
-4.2092001952e-01   -1.5876518872e-01   3.4152793175e-03
-4.1649438482e-01   -1.7114126991e-01   3.4289946160e-03
-4.1173085093e-01   -1.8345912735e-01   3.4441780804e-03
-4.0663118485e-01   -1.9570918185e-01   3.4608580737e-03
-4.0119741685e-01   -2.0788185374e-01   3.4790657373e-03
-3.9543184047e-01   -2.1996757013e-01   3.4988351058e-03
-3.8933701232e-01   -2.3195677213e-01   3.5202032333e-03
-3.8291575168e-01   -2.4383992217e-01   3.5432103334e-03
-3.7617113993e-01   -2.5560751135e-01   3.5678999319e-03
-3.6910651968e-01   -2.6725006673e-01   3.5943190338e-03
-3.6172549389e-01   -2.7875815875e-01   3.6225183061e-03
-3.5403192458e-01   -2.9012240858e-01   3.6525522772e-03
-3.4602993152e-01   -3.0133349549e-01   3.6844795540e-03
-3.3772389062e-01   -3.1238216423e-01   3.7183630579e-03
-3.2911843215e-01   -3.2325923242e-01   3.7542702826e-03
-3.2021843882e-01   -3.3395559791e-01   3.7922735734e-03
-3.1102904355e-01   -3.4446224609e-01   3.8324504315e-03
-3.0155562716e-01   -3.5477025726e-01   3.8748838448e-03
-2.9180381581e-01   -3.6487081391e-01   3.9196626470e-03
-2.8177947829e-01   -3.7475520798e-01   3.9668819088e-03
-2.7148872306e-01   -3.8441484809e-01   4.0166433625e-03
-2.6093789517e-01   -3.9384126671e-01   4.0690558643e-03
-2.5013357297e-01   -4.0302612732e-01   4.1242358968e-03
-2.3908256462e-01   -4.1196123150e-01   4.1823081164e-03
-2.2779190447e-01   -4.2063852589e-01   4.2434059484e-03
-2.1626884923e-01   -4.2905010924e-01   4.3076722359e-03
-2.0452087395e-01   -4.3718823920e-01   4.3752599464e-03
-1.9255566790e-01   -4.4504533924e-01   4.4463329420e-03
-1.8038113023e-01   -4.5261400531e-01   4.5210668199e-03
-1.6800536546e-01   -4.5988701249e-01   4.5996498294e-03
-1.5543667889e-01   -4.6685732164e-01   4.6822838726e-03
-1.4268357178e-01   -4.7351808576e-01   4.7691855986e-03
-1.2975473642e-01   -4.7986265643e-01   4.8605875988e-03
-1.1665905106e-01   -4.8588459006e-01   4.9567397151e-03
-1.0340557471e-01   -4.9157765407e-01   5.0579104704e-03
-9.0003541812e-02   -4.9693583291e-01   5.1643886369e-03
-7.6462356782e-02   -5.0195333403e-01   5.2764849526e-03
-6.2791588448e-02   -5.0662459367e-01   5.3945340048e-03
-4.9000964389e-02   -5.1094428258e-01   5.5188962953e-03
-3.5100365171e-02   -5.1490731159e-01   5.6499605084e-03
-2.1099818504e-02   -5.1850883702e-01   5.7881460010e-03
-7.0094933142e-03   -5.2174426603e-01   5.9339055392e-03
7.1603062371e-03   -5.2460926178e-01   6.0877283077e-03
2.1399146798e-02   -5.2709974848e-01   6.2501432199e-03
3.5696471906e-02   -5.2921191624e-01   6.4217225618e-03
5.0041608099e-02   -5.3094222592e-01   6.6030860033e-03
6.4423771035e-02   -5.3228741365e-01   6.7949050193e-03
7.8832071613e-02   -5.3324449538e-01   6.9979077597e-03
9.3255522072e-02   -5.3381077117e-01   7.2128844206e-03
1.0768304206e-01   -5.3398382940e-01   7.4406931669e-03
1.2210346462e-01   -5.3376155079e-01   7.6822666661e-03
1.3650554214e-01   -5.3314211234e-01   7.9386192973e-03
1.5087795216e-01   -5.3212399105e-01   8.2108551073e-03
1.6520930306e-01   -5.3070596760e-01   8.5001765907e-03
1.7948813964e-01   -5.2888712978e-01   8.8078943807e-03
1.9370294840e-01   -5.2666687590e-01   9.1354379425e-03
2.0784216276e-01   -5.2404491800e-01   9.4843673735e-03
2.2189416788e-01   -5.2102128499e-01   9.8563864183e-03
2.3584730530e-01   -5.1759632561e-01   1.0253356820e-02
2.4968987717e-01   -5.1377071138e-01   1.0677314137e-02
2.6341015013e-01   -5.0954543936e-01   1.1130485157e-02
2.7699635880e-01   -5.0492183486e-01   1.1615307066e-02
2.9043670874e-01   -4.9990155415e-01   1.2134448515e-02
3.0371937891e-01   -4.9448658694e-01   1.2690832745e-02
3.1683252351e-01   -4.8867925900e-01   1.3287662946e-02
3.2976427319e-01   -4.8248223463e-01   1.3928450000e-02
3.4250273549e-01   -4.7589851917e-01   1.4617042782e-02
3.5503599458e-01   -4.6893146149e-01   1.5357661167e-02
3.6735210997e-01   -4.6158475658e-01   1.6154931894e-02
3.7943911444e-01   -4.5386244811e-01   1.7013927386e-02
3.9128501077e-01   -4.4576893114e-01   1.7940207627e-02
4.0287776751e-01   -4.3730895493e-01   1.8939865112e-02
4.1420531346e-01   -4.2848762591e-01   2.0019572849e-02
4.2525553088e-01   -4.1931041080e-01   2.1186635272e-02
4.3601624740e-01   -4.0978314000e-01   2.2449041843e-02
4.4647522650e-01   -3.9991201121e-01   2.3815522937e-02
4.5662015656e-01   -3.8970359334e-01   2.5295607444e-02
4.6643863836e-01   -3.7916483080e-01   2.6899681274e-02
4.7591817122e-01   -3.6830304818e-01   2.8639045664e-02
4.8504613756e-01   -3.5712595526e-01   3.0525973846e-02
4.9380978619e-01   -3.4564165264e-01   3.2573764196e-02
5.0219621436e-01   -3.3385863778e-01   3.4796787506e-02
5.1019234875e-01   -3.2178581156e-01   3.7210525409e-02
5.1778492585e-01   -3.0943248553e-01   3.9831596326e-02
5.2496047196e-01   -2.9680838959e-01   4.2677764504e-02
5.3170528352e-01   -2.8392368038e-01   4.5767926853e-02
5.3800540837e-01   -2.7078895019e-01   4.9122071329e-02
5.4384662892e-01   -2.5741523641e-01   5.2761199542e-02
5.4921444820e-01   -2.4381403147e-01   5.6707205233e-02
5.5409408039e-01   -2.2999729318e-01   6.0982699144e-02
5.5847044708e-01   -2.1597745524e-01   6.5610769819e-02
5.6232818158e-01   -2.0176743790e-01   7.0614668993e-02
5.6565164314e-01   -1.8738065839e-01   7.6017409652e-02
5.6842494394e-01   -1.7283104077e-01   8.1841264681e-02
5.7063199143e-01   -1.5813302506e-01   8.8107154452e-02
5.7225654946e-01   -1.4330157482e-01   9.4833912966e-02
5.7328232136e-01   -1.2835218295e-01   1.0203742453e-01
5.7369305866e-01   -1.1330087478e-01   1.0972962660e-01
5.7347269900e-01   -9.8164207889e-02   1.1791737975e-01
5.7260553667e-01   -8.2959267641e-02   1.2660121284e-01
5.7107642889e-01   -6.7703657532e-02   1.3577396066e-01
5.6887104017e-01   -5.2415483319e-02   1.4541932268e-01
5.6597612631e-01   -3.7113329790e-02   1.5551038453e-01
5.6237985797e-01   -2.1816229065e-02   1.6600815899e-01
5.5807218225e-01   -6.5436193096e-03   1.7686021886e-01
5.5304521803e-01   8.6847071979e-03   1.8799950955e-01
5.4729367885e-01   2.3848667531e-02   1.9934344351e-01
5.4081531342e-01   3.8927963819e-02   2.1079338867e-01
5.3361135119e-01   5.3902171570e-02   2.2223466813e-01
5.2568693710e-01   6.8750840611e-02   2.3353718504e-01
5.1705153642e-01   8.3453608164e-02   2.4455677297e-01
5.0771928860e-01   9.7990323012e-02   2.5513734724e-01
4.9770928716e-01   1.1234117911e-01   2.6511389429e-01
4.8704576251e-01   1.2648685635e-01   2.7431628651e-01
4.7575814577e-01   1.4040866551e-01   2.8257384968e-01
4.6388099473e-01   1.5408869391e-01   2.8972054457e-01
4.5145376762e-01   1.6750994781e-01   2.9560055812e-01
4.3852043736e-01   1.8065648712e-01   3.0007404054e-01
4.2512894650e-01   1.9351354812e-01   3.0302268044e-01
4.1133051225e-01   2.0606764976e-01   3.0435478677e-01
3.9717880022e-01   2.1830667963e-01   3.0400955072e-01
3.8272899391e-01   2.3021995611e-01   3.0196019419e-01
3.6803679466e-01   2.4179826439e-01   2.9821577348e-01
3.5315739171e-01   2.5303386461e-01   2.9282149295e-01
3.3814444490e-01   2.6392047187e-01   2.8585748519e-01
3.2304912207e-01   2.7445320880e-01   2.7743612153e-01
3.0791923019e-01   2.8462853269e-01   2.6769801802e-01
2.9279847330e-01   2.9444413995e-01   2.5680698751e-01
2.7772586258e-01   3.0389885177e-01   2.4494424925e-01
2.6273529465e-01   3.1299248514e-01   2.3230223934e-01
2.4785530466e-01   3.2172571409e-01   2.1907836710e-01
2.3310899136e-01   3.3009992563e-01   2.0546903637e-01
2.1851410312e-01   3.3811707519e-01   1.9166420308e-01
2.0408326724e-01   3.4577954557e-01   1.7784267737e-01
1.8982433980e-01   3.5309001317e-01   1.6416830840e-01
1.7574085068e-01   3.6005132446e-01   1.5078712059e-01
1.6183251708e-01   3.6666638493e-01   1.3782540568e-01
1.4809579958e-01   3.7293806230e-01   1.2538872225e-01
1.3452447659e-01   3.7886910467e-01   1.1356171319e-01
1.2111021596e-01   3.8446207405e-01   1.0240862475e-01
1.0784312586e-01   3.8971929500e-01   9.1974395652e-02
9.4712270749e-02   3.9464281765e-01   8.2286181197e-02
8.1706141978e-02   3.9923439408e-01   7.3355182040e-02
6.8813075950e-02   4.0349546679e-01   6.5178658299e-02
5.6021615945e-02   4.0742716788e-01   5.7742024882e-02
4.3320816337e-02   4.1103032730e-01   5.1020941010e-02
3.0700490116e-02   4.1430548874e-01   4.4983324548e-02
1.8151402344e-02   4.1725293173e-01   3.9591238688e-02
5.6654134462e-03   4.1987269839e-01   3.4802614040e-02
-6.7644229402e-03   4.2216462362e-01   3.0572782730e-02
-1.9143802274e-02   4.2412836769e-01   2.6855812613e-02
-3.1477146115e-02   4.2576345000e-01   2.3605639026e-02
-4.3767608335e-02   4.2706928325e-01   2.0776998893e-02
-5.6017105270e-02   4.2804520738e-01   1.8326177525e-02
-6.8226364835e-02   4.2869052247e-01   1.6211582403e-02
-8.0394990071e-02   4.2900452037e-01   1.4394160870e-02
-9.2521533042e-02   4.2898651455e-01   1.2837680073e-02
-1.0460357553e-01   4.2863586796e-01   1.1508888118e-02
-1.1663781345e-01   4.2795201888e-01   1.0377575162e-02
-1.2862014250e-01   4.2693450443e-01   9.4165524687e-03
-1.4054574284e-01   4.2558298194e-01   8.6015662621e-03
-1.5240916134e-01   4.2389724818e-01   7.9111617708e-03
-1.6420439002e-01   4.2187725637e-01   7.3265111976e-03
-1.7592493985e-01   4.1952313132e-01   6.8312176030e-03
-1.8756390943e-01   4.1683518259e-01   6.4111049226e-03
-1.9911404806e-01   4.1381391597e-01   6.0540026054e-03
-2.1056781331e-01   4.1046004335e-01   5.7495317192e-03
-2.2191742297e-01   4.0677449116e-01   5.4888978485e-03
-2.3315490175e-01   4.0275840746e-01   5.2646947459e-03
-2.4427212291e-01   3.9841316787e-01   5.0707214962e-03
-2.5526084528e-01   3.9374038051e-01   4.9018149260e-03
-2.6611274597e-01   3.8874188990e-01   4.7536981371e-03
-2.7681944933e-01   3.8341978017e-01   4.6228453501e-03
-2.8737255240e-01   3.7777637739e-01   4.5063627134e-03
-2.9776364749e-01   3.7181425141e-01   4.4018843280e-03
-3.0798434201e-01   3.6553621698e-01   4.3074824668e-03
-3.1802627616e-01   3.5894533450e-01   4.2215907874e-03
-3.2788113866e-01   3.5204491021e-01   4.1429392489e-03
-3.3754068076e-01   3.4483849600e-01   4.0704994175e-03
-3.4699672903e-01   3.3732988890e-01   4.0034388740e-03
-3.5624119681e-01   3.2952313019e-01   3.9410834979e-03
-3.6526609488e-01   3.2142250418e-01   3.8828864950e-03
-3.7406354116e-01   3.1303253678e-01   3.8284031359e-03
-3.8262576981e-01   3.0435799370e-01   3.7772702855e-03
-3.9094513983e-01   2.9540387852e-01   3.7291899163e-03
-3.9901414309e-01   2.8617543040e-01   3.6839159036e-03
-4.0682541206e-01   2.7667812166e-01   3.6412435044e-03
-4.1437172715e-01   2.6691765506e-01   3.6010010145e-03
-4.2164602380e-01   2.5689996093e-01   3.5630431793e-03
-4.2864139934e-01   2.4663119406e-01   3.5272460084e-03
-4.3535111960e-01   2.3611773040e-01   3.4935027073e-03
-4.4176862536e-01   2.2536616353e-01   3.4617204919e-03
-4.4788753860e-01   2.1438330101e-01   3.4318180973e-03
-4.5370166862e-01   2.0317616045e-01   3.4037238313e-03
-4.5920501795e-01   1.9175196545e-01   3.3773740522e-03
-4.6439178815e-01   1.8011814136e-01   3.3527119760e-03
-4.6925638547e-01   1.6828231082e-01   3.3296867411e-03
-4.7379342632e-01   1.5625228916e-01   3.3082526694e-03
-4.7799774261e-01   1.4403607961e-01   3.2883686830e-03
-4.8186438700e-01   1.3164186832e-01   3.2699978384e-03
-4.8538863789e-01   1.1907801926e-01   3.2531069547e-03
-4.8856600436e-01   1.0635306893e-01   3.2376663127e-03
-4.9139223088e-01   9.3475720851e-02   3.2236494121e-03
-4.9386330193e-01   8.0454840029e-02   3.2110327729e-03
-4.9597544640e-01   6.7299447133e-02   3.1997957730e-03
-4.9772514186e-01   5.4018712598e-02   3.1899205151e-03
-4.9910911866e-01   4.0621950556e-02   3.1813917182e-03
-5.0012436384e-01   2.7118612625e-02   3.1741966282e-03
-5.0076812489e-01   1.3518281565e-02   3.1683249472e-03
-5.0103791329e-01   -1.6933520893e-04   3.1637687764e-03
-5.0093150797e-01   -1.3934412243e-02   3.1605225737e-03
-5.0044695842e-01   -2.7767012785e-02   3.1585831226e-03
-4.9958258780e-01   -4.1657095647e-02   3.1579495123e-03
-4.9833699572e-01   -5.5594522193e-02   3.1586231293e-03
-4.9670906086e-01   -6.9569063430e-02   3.1606076577e-03
-4.9469794345e-01   -8.3570407218e-02   3.1639090904e-03
-4.9230308752e-01   -9.7588165574e-02   3.1685357494e-03
-4.8952422287e-01   -1.1161188208e-01   3.1744983159e-03
-4.8636136700e-01   -1.2563103939e-01   3.1818098699e-03
-4.8281482667e-01   -1.3963506683e-01   3.1904859396e-03
-4.8281482667e-01   -1.3963506683e-01   3.1904859396e-03
