X    Y
0.0000000000e+00   0.0000000000e+00
4.8851978505e-03   -7.3192461032e-06
9.7703957010e-03   -2.4882912388e-05
1.4655593552e-02   -4.7383622299e-05
1.9540791402e-02   -7.0815430434e-05
2.4425989253e-02   -9.2069534732e-05
2.9311187103e-02   -1.0862836190e-04
3.4196384954e-02   -1.1832935492e-04
3.9081582804e-02   -1.1917698840e-04
4.3966780655e-02   -1.0918670450e-04
4.8851978505e-02   -8.6248118747e-05
5.3737176356e-02   -4.7997367524e-05
5.8622374206e-02   8.3098713156e-06
6.3507572057e-02   8.5932165193e-05
6.8392769907e-02   1.8878995155e-04
7.3277967758e-02   3.2163403289e-04
7.8163165608e-02   4.9024237461e-04
8.3048363459e-02   7.0165341113e-04
8.7933561309e-02   9.6444521003e-04
9.2818759160e-02   1.2890713733e-03
9.7703957010e-02   1.6882665030e-03
1.0258915486e-01   2.1775364704e-03
1.0747435271e-01   2.7757516610e-03
1.1235955056e-01   3.5058648925e-03
1.1724474841e-01   4.3957798845e-03
1.2212994626e-01   5.4794010817e-03
1.2701514411e-01   6.7979013426e-03
1.3190034196e-01   8.4012505528e-03
1.3678553981e-01   1.0350055572e-02
1.4167073766e-01   1.2717769979e-02
1.4655593552e-01   1.5593340579e-02
1.5144113337e-01   1.9084366048e-02
1.5632633122e-01   2.3320850651e-02
1.6121152907e-01   2.8459641072e-02
1.6609672692e-01   3.4689635089e-02
1.7098192477e-01   4.2237843434e-02
1.7586712262e-01   5.1376365927e-02
1.8075232047e-01   6.2430302387e-02
1.8563751832e-01   7.5786547765e-02
1.9052271617e-01   9.1903305204e-02
1.9540791402e-01   1.1131997171e-01
2.0029311187e-01   1.3466678522e-01
2.0517830972e-01   1.6267324119e-01
2.1006350757e-01   1.9617376254e-01
2.1494870542e-01   2.3610841470e-01
2.1983390327e-01   2.8351559294e-01
2.2471910112e-01   3.3951260835e-01
2.2960429897e-01   4.0525907556e-01
2.3448949682e-01   4.8189719943e-01
2.3937469468e-01   5.7046289137e-01
2.4425989253e-01   6.7176276299e-01
2.4914509038e-01   7.8621529741e-01
2.5403028823e-01   9.1366079001e-01
2.5891548608e-01   1.0531545683e+00
2.6380068393e-01   1.2027711610e+00
2.6868588178e-01   1.3594613037e+00
2.7357107963e-01   1.5190143234e+00
2.7845627748e-01   1.6761787636e+00
2.8334147533e-01   1.8249772100e+00
2.8822667318e-01   1.9592140824e+00
2.9311187103e-01   2.0731229337e+00
2.9799706888e-01   2.1620479629e+00
3.0288226673e-01   2.2230245222e+00
3.0776746458e-01   2.2551328490e+00
3.1265266243e-01   2.2595503747e+00
3.1753786028e-01   2.2393038678e+00
3.2242305813e-01   2.1987947291e+00
3.2730825598e-01   2.1432133621e+00
3.3219345383e-01   2.0779614613e+00
3.3707865169e-01   2.0081716629e+00
3.4196384954e-01   1.9383699286e+00
3.4684904739e-01   1.8722847997e+00
3.5173424524e-01   1.8127797820e+00
3.5661944309e-01   1.7618728781e+00
3.6150464094e-01   1.7208074110e+00
3.6638983879e-01   1.6901455142e+00
3.7127503664e-01   1.6698653634e+00
3.7616023449e-01   1.6594523132e+00
3.8104543234e-01   1.6579811317e+00
3.8593063019e-01   1.6641910801e+00
3.9081582804e-01   1.6765578448e+00
3.9570102589e-01   1.6933666583e+00
4.0058622374e-01   1.7127897925e+00
4.0547142159e-01   1.7329694292e+00
4.1035661944e-01   1.7521042367e+00
4.1524181729e-01   1.7685353791e+00
4.2012701514e-01   1.7808257549e+00
4.2501221299e-01   1.7878254808e+00
4.2989741085e-01   1.7887172771e+00
4.3478260870e-01   1.7830373970e+00
4.3966780655e-01   1.7706706739e+00
4.4455300440e-01   1.7518214995e+00
4.4943820225e-01   1.7269654018e+00
4.5432340010e-01   1.6967878091e+00
4.5920859795e-01   1.6621172864e+00
4.6409379580e-01   1.6238600613e+00
4.6897899365e-01   1.5829412858e+00
4.7386419150e-01   1.5402566466e+00
4.7874938935e-01   1.4966360342e+00
4.8363458720e-01   1.4528193396e+00
4.8851978505e-01   1.4094432385e+00
4.9340498290e-01   1.3670370975e+00
4.9829018075e-01   1.3260258427e+00
5.0317537860e-01   1.2867376640e+00
5.0806057645e-01   1.2494146732e+00
5.1294577430e-01   1.2142249867e+00
5.1783097215e-01   1.1812750782e+00
5.2271617000e-01   1.1506216014e+00
5.2760136786e-01   1.1222821782e+00
5.3248656571e-01   1.0962448811e+00
5.3737176356e-01   1.0724763115e+00
5.4225696141e-01   1.0509282903e+00
5.4714215926e-01   1.0315432498e+00
5.5202735711e-01   1.0142584577e+00
5.5691255496e-01   9.9900921607e-01
5.6179775281e-01   9.8573118310e-01
5.6668295066e-01   9.7436195196e-01
5.7156814851e-01   9.6484200918e-01
5.7645334636e-01   9.5711517727e-01
5.8133854421e-01   9.5112863001e-01
5.8622374206e-01   9.4683255360e-01
5.9110893991e-01   9.4417951366e-01
5.9599413776e-01   9.4312357763e-01
6.0087933561e-01   9.4361923425e-01
6.0576453346e-01   9.4562014694e-01
6.1064973131e-01   9.4907777525e-01
6.1553492916e-01   9.5393989915e-01
6.2042012702e-01   9.6014908311e-01
6.2530532487e-01   9.6764112162e-01
6.3019052272e-01   9.7634351353e-01
6.3507572057e-01   9.8617401954e-01
6.3996091842e-01   9.9703936412e-01
6.4484611627e-01   1.0088341495e+00
6.4973131412e-01   1.0214400535e+00
6.5461651197e-01   1.0347253850e+00
6.5950170982e-01   1.0485450687e+00
6.6438690767e-01   1.0627411214e+00
6.6927210552e-01   1.0771436722e+00
6.7415730337e-01   1.0915725569e+00
6.7904250122e-01   1.1058394917e+00
6.8392769907e-01   1.1197508036e+00
6.8881289692e-01   1.1331106572e+00
6.9369809477e-01   1.1457246865e+00
6.9858329262e-01   1.1574039051e+00
7.0346849047e-01   1.1679687414e+00
7.0835368832e-01   1.1772530253e+00
7.1323888617e-01   1.1851077438e+00
7.1812408403e-01   1.1914043876e+00
7.2300928188e-01   1.1960377273e+00
7.2789447973e-01   1.1989278850e+00
7.3277967758e-01   1.2000216107e+00
7.3766487543e-01   1.1992927149e+00
7.4255007328e-01   1.1967416587e+00
7.4743527113e-01   1.1923943529e+00
7.5232046898e-01   1.1863002545e+00
7.5720566683e-01   1.1785298855e+00
7.6209086468e-01   1.1691719202e+00
7.6697606253e-01   1.1583299961e+00
7.7186126038e-01   1.1461194033e+00
7.7674645823e-01   1.1326637975e+00
7.8163165608e-01   1.1180920597e+00
7.8651685393e-01   1.1025354047e+00
7.9140205178e-01   1.0861248134e+00
7.9628724963e-01   1.0689888348e+00
8.0117244748e-01   1.0512517829e+00
8.0605764533e-01   1.0330323290e+00
8.1094284319e-01   1.0144424726e+00
8.1582804104e-01   9.9558686319e-01
8.2071323889e-01   9.7656243450e-01
8.2559843674e-01   9.5745830747e-01
8.3048363459e-01   9.3835591919e-01
8.3536883244e-01   9.1932933378e-01
8.4025403029e-01   9.0044569540e-01
8.4513922814e-01   8.8176578765e-01
8.5002442599e-01   8.6334466890e-01
8.5490962384e-01   8.4523235828e-01
8.5979482169e-01   8.2747455247e-01
8.6468001954e-01   8.1011335850e-01
8.6956521739e-01   7.9318803220e-01
8.7445041524e-01   7.7673571595e-01
8.7933561309e-01   7.6079217286e-01
8.8422081094e-01   7.4539251718e-01
8.8910600879e-01   7.3057194314e-01
8.9399120664e-01   7.1636645590e-01
8.9887640449e-01   7.0281360985e-01
9.0376160234e-01   6.8995325987e-01
9.0864680020e-01   6.7782833169e-01
9.1353199805e-01   6.6648561723e-01
9.1841719590e-01   6.5597659980e-01
9.2330239375e-01   6.4635831302e-01
9.2818759160e-01   6.3769423467e-01
9.3307278945e-01   6.3005521384e-01
9.3795798730e-01   6.2352042526e-01
9.4284318515e-01   6.1817833870e-01
9.4772838300e-01   6.1412768357e-01
9.5261358085e-01   6.1147837893e-01
9.5749877870e-01   6.1035238578e-01
9.6238397655e-01   6.1088442287e-01
9.6726917440e-01   6.1322246694e-01
9.7215437225e-01   6.1752793454e-01
9.7703957010e-01   6.2397541490e-01
9.8192476795e-01   6.3275179121e-01
9.8680996580e-01   6.4405455416e-01
9.9169516365e-01   6.5808907706e-01
9.9658036150e-01   6.7506459145e-01
1.0014655594e+00   6.9518858093e-01
1.0063507572e+00   7.1865930755e-01
1.0112359551e+00   7.4565621052e-01
1.0161211529e+00   7.7632798460e-01
1.0210063508e+00   8.1077827079e-01
1.0258915486e+00   8.4904909022e-01
1.0307767465e+00   8.9110243405e-01
1.0356619443e+00   9.3680079121e-01
1.0405471422e+00   9.8588783760e-01
1.0454323400e+00   1.0379709896e+00
1.0503175379e+00   1.0925079752e+00
1.0552027357e+00   1.1487999010e+00
1.0600879336e+00   1.2059933792e+00
1.0649731314e+00   1.2630939903e+00
1.0698583293e+00   1.3189926175e+00
1.0747435271e+00   1.3725049550e+00
1.0796287250e+00   1.4224228581e+00
1.0845139228e+00   1.4675743705e+00
1.0893991207e+00   1.5068875655e+00
1.0942843185e+00   1.5394521356e+00
1.0991695164e+00   1.5645723076e+00
1.1040547142e+00   1.5818053224e+00
1.1089399121e+00   1.5909813721e+00
1.1138251099e+00   1.5922032377e+00
1.1187103078e+00   1.5858264856e+00
1.1235955056e+00   1.5724234306e+00
1.1284807035e+00   1.5527357529e+00
1.1333659013e+00   1.5276214162e+00
1.1382510992e+00   1.4980013778e+00
1.1431362970e+00   1.4648106795e+00
1.1480214949e+00   1.4289571672e+00
1.1529066927e+00   1.3912896103e+00
1.1577918906e+00   1.3525756544e+00
1.1626770884e+00   1.3134889881e+00
1.1675622863e+00   1.2746044177e+00
1.1724474841e+00   1.2363992001e+00
1.1773326820e+00   1.1992589187e+00
1.1822178798e+00   1.1634863192e+00
1.1871030777e+00   1.1293117665e+00
1.1919882755e+00   1.0969042718e+00
1.1968734734e+00   1.0663823249e+00
1.2017586712e+00   1.0378240226e+00
1.2066438691e+00   1.0112761873e+00
1.2115290669e+00   9.8676233333e-01
1.2164142648e+00   9.6428944768e-01
1.2212994626e+00   9.4385362837e-01
1.2261846605e+00   9.2544466650e-01
1.2310698583e+00   9.0904967962e-01
1.2359550562e+00   8.9465590888e-01
1.2408402540e+00   8.8225278617e-01
1.2457254519e+00   8.7183336553e-01
1.2506106497e+00   8.6339519660e-01
1.2554958476e+00   8.5694070092e-01
1.2603810454e+00   8.5247709439e-01
1.2652662433e+00   8.5001588346e-01
1.2701514411e+00   8.4957194877e-01
1.2750366390e+00   8.5116221897e-01
1.2799218368e+00   8.5480392997e-01
1.2848070347e+00   8.6051246201e-01
1.2896922325e+00   8.6829874836e-01
1.2945774304e+00   8.7816625810e-01
1.2994626282e+00   8.9010756964e-01
1.3043478261e+00   9.0410057450e-01
1.3092330239e+00   9.2010438109e-01
1.3141182218e+00   9.3805502658e-01
1.3190034196e+00   9.5786114977e-01
1.3238886175e+00   9.7939982751e-01
1.3287738153e+00   1.0025128271e+00
1.3336590132e+00   1.0270035721e+00
1.3385442110e+00   1.0526351530e+00
1.3434294089e+00   1.0791297265e+00
1.3483146067e+00   1.1061696328e+00
1.3531998046e+00   1.1334005095e+00
1.3580850024e+00   1.1604365867e+00
1.3629702003e+00   1.1868682177e+00
1.3678553981e+00   1.2122715298e+00
1.3727405960e+00   1.2362198884e+00
1.3776257938e+00   1.2582966752e+00
1.3825109917e+00   1.2781087073e+00
1.3873961895e+00   1.2952994975e+00
1.3922813874e+00   1.3095615001e+00
1.3971665852e+00   1.3206465120e+00
1.4020517831e+00   1.3283735161e+00
1.4069369809e+00   1.3326334455e+00
1.4118221788e+00   1.3333905970e+00
1.4167073766e+00   1.3306806996e+00
1.4215925745e+00   1.3246059064e+00
1.4264777723e+00   1.3153272068e+00
1.4313629702e+00   1.3030549141e+00
1.4362481681e+00   1.2880379669e+00
1.4411333659e+00   1.2705527853e+00
1.4460185638e+00   1.2508923604e+00
1.4509037616e+00   1.2293561379e+00
1.4557889595e+00   1.2062411126e+00
1.4606741573e+00   1.1818343964e+00
1.4655593552e+00   1.1564073767e+00
1.4704445530e+00   1.1302114566e+00
1.4753297509e+00   1.1034752724e+00
1.4802149487e+00   1.0764032177e+00
1.4851001466e+00   1.0491750646e+00
1.4899853444e+00   1.0219464599e+00
1.4948705423e+00   9.9485007762e-01
1.4997557401e+00   9.6799723173e-01
1.5046409380e+00   9.4147977346e-01
1.5095261358e+00   9.1537213302e-01
1.5144113337e+00   8.8973339241e-01
1.5192965315e+00   8.6460930584e-01
1.5241817294e+00   8.4003420882e-01
1.5290669272e+00   8.1603277812e-01
1.5339521251e+00   7.9262162180e-01
1.5388373229e+00   7.6981069143e-01
1.5437225208e+00   7.4760451831e-01
1.5486077186e+00   7.2600328223e-01
1.5534929165e+00   7.0500372548e-01
1.5583781143e+00   6.8459992722e-01
1.5632633122e+00   6.6478395478e-01
1.5681485100e+00   6.4554640785e-01
1.5730337079e+00   6.2687687156e-01
1.5779189057e+00   6.0876429307e-01
1.5828041036e+00   5.9119729510e-01
1.5876893014e+00   5.7416443865e-01
1.5925744993e+00   5.5765444566e-01
1.5974596971e+00   5.4165639144e-01
1.6023448950e+00   5.2615987531e-01
1.6072300928e+00   5.1115517741e-01
1.6121152907e+00   4.9663340844e-01
1.6170004885e+00   4.8258665919e-01
1.6218856864e+00   4.6900815577e-01
1.6267708842e+00   4.5589242683e-01
1.6316560821e+00   4.4323548876e-01
1.6365412799e+00   4.3103505546e-01
1.6414264778e+00   4.1929077931e-01
1.6463116756e+00   4.0800453109e-01
1.6511968735e+00   3.9718072697e-01
1.6560820713e+00   3.8682671233e-01
1.6609672692e+00   3.7695321284e-01
1.6658524670e+00   3.6757486524e-01
1.6707376649e+00   3.5871084192e-01
1.6756228627e+00   3.5038558508e-01
1.6805080606e+00   3.4262966878e-01
1.6853932584e+00   3.3548080934e-01
1.6902784563e+00   3.2898504669e-01
1.6951636541e+00   3.2319812193e-01
1.7000488520e+00   3.1818707752e-01
1.7049340498e+00   3.1403210849e-01
1.7098192477e+00   3.1082869193e-01
1.7147044455e+00   3.0869002050e-01
1.7195896434e+00   3.0774975988e-01
1.7244748412e+00   3.0816513995e-01
1.7293600391e+00   3.1012037254e-01
1.7342452369e+00   3.1383036207e-01
1.7391304348e+00   3.1954463557e-01
1.7440156326e+00   3.2755136110e-01
1.7489008305e+00   3.3818124319e-01
1.7537860283e+00   3.5181097388e-01
1.7586712262e+00   3.6886577266e-01
1.7635564240e+00   3.8982036229e-01
1.7684416219e+00   4.1519749822e-01
1.7733268197e+00   4.4556290185e-01
1.7782120176e+00   4.8151515808e-01
1.7830972154e+00   5.2366886217e-01
1.7879824133e+00   5.7262910325e-01
1.7928676111e+00   6.2895535377e-01
1.7977528090e+00   6.9311314104e-01
1.8026380068e+00   7.6541269372e-01
1.8075232047e+00   8.4593528163e-01
1.8124084025e+00   9.3445036310e-01
1.8172936004e+00   1.0303299397e+00
1.8221787982e+00   1.1324704450e+00
1.8270639961e+00   1.2392363981e+00
1.8319491939e+00   1.3484427859e+00
1.8368343918e+00   1.4573931774e+00
1.8417195896e+00   1.5629863880e+00
1.8466047875e+00   1.6618952840e+00
1.8514899853e+00   1.7508076863e+00
1.8563751832e+00   1.8267039409e+00
1.8612603810e+00   1.8871329191e+00
1.8661455789e+00   1.9304426949e+00
1.8710307767e+00   1.9559270406e+00
1.8759159746e+00   1.9638639106e+00
1.8808011724e+00   1.9554432952e+00
1.8856863703e+00   1.9326029301e+00
1.8905715681e+00   1.8978053442e+00
1.8954567660e+00   1.8537952141e+00
1.9003419638e+00   1.8033721208e+00
1.9052271617e+00   1.7492035515e+00
1.9101123596e+00   1.6936904574e+00
1.9149975574e+00   1.6388864222e+00
1.9198827553e+00   1.5864635711e+00
1.9247679531e+00   1.5377142662e+00
1.9296531510e+00   1.4935767708e+00
1.9345383488e+00   1.4546743458e+00
1.9394235467e+00   1.4213595744e+00
1.9443087445e+00   1.3937582704e+00
1.9491939424e+00   1.3718096203e+00
1.9540791402e+00   1.3553010116e+00
1.9589643381e+00   1.3438972761e+00
1.9638495359e+00   1.3371648837e+00
1.9687347338e+00   1.3345920639e+00
1.9736199316e+00   1.3356059969e+00
1.9785051295e+00   1.3395881875e+00
1.9833903273e+00   1.3458889797e+00
1.9882755252e+00   1.3538419219e+00
1.9931607230e+00   1.3627784000e+00
1.9980459209e+00   1.3720426401e+00
2.0029311187e+00   1.3810068820e+00
2.0078163166e+00   1.3890862622e+00
2.0127015144e+00   1.3957527588e+00
2.0175867123e+00   1.4005474481e+00
2.0224719101e+00   1.4030903349e+00
2.0273571080e+00   1.4030871285e+00
2.0322423058e+00   1.4003325337e+00
2.0371275037e+00   1.3947098924e+00
2.0420127015e+00   1.3861872894e+00
2.0468978994e+00   1.3748105101e+00
2.0517830972e+00   1.3606934522e+00
2.0566682951e+00   1.3440067441e+00
2.0615534929e+00   1.3249653784e+00
2.0664386908e+00   1.3038161516e+00
2.0713238886e+00   1.2808256065e+00
2.0762090865e+00   1.2562690375e+00
2.0810942843e+00   1.2304209542e+00
2.0859794822e+00   1.2035472307e+00
2.0908646800e+00   1.1758990177e+00
2.0957498779e+00   1.1477083657e+00
2.1006350757e+00   1.1191854157e+00
2.1055202736e+00   1.0905169513e+00
2.1104054714e+00   1.0618660767e+00
2.1152906693e+00   1.0333727760e+00
2.1201758671e+00   1.0051551234e+00
2.1250610650e+00   9.7731093694e-01
2.1299462628e+00   9.4991969993e-01
2.1348314607e+00   9.2304460575e-01
2.1397166585e+00   8.9673461688e-01
2.1446018564e+00   8.7102645654e-01
2.1494870542e+00   8.4594647788e-01
2.1543722521e+00   8.2151237686e-01
2.1592574499e+00   7.9773473147e-01
2.1641426478e+00   7.7461836278e-01
2.1690278456e+00   7.5216352254e-01
2.1739130435e+00   7.3036691798e-01
2.1787982413e+00   7.0922258883e-01
2.1836834392e+00   6.8872265309e-01
2.1885686370e+00   6.6885793942e-01
2.1934538349e+00   6.4961852351e-01
2.1983390327e+00   6.3099418538e-01
2.2032242306e+00   6.1297480341e-01
2.2081094284e+00   5.9555069965e-01
2.2129946263e+00   5.7871295014e-01
2.2178798241e+00   5.6245367251e-01
2.2227650220e+00   5.4676630254e-01
2.2276502198e+00   5.3164587043e-01
2.2325354177e+00   5.1708928742e-01
2.2374206155e+00   5.0309565269e-01
2.2423058134e+00   4.8966659113e-01
2.2471910112e+00   4.7680663221e-01
2.2520762091e+00   4.6452364145e-01
2.2569614069e+00   4.5282931602e-01
2.2618466048e+00   4.4173975776e-01
2.2667318026e+00   4.3127613750e-01
2.2716170005e+00   4.2146546637e-01
2.2765021983e+00   4.1234149094e-01
2.2813873962e+00   4.0394573058e-01
2.2862725940e+00   3.9632867674e-01
2.2911577919e+00   3.8955117443e-01
2.2960429897e+00   3.8368600657e-01
2.3009281876e+00   3.7881970053e-01
2.3058133854e+00   3.7505457335e-01
2.3106985833e+00   3.7251102625e-01
2.3155837811e+00   3.7133008940e-01
2.3204689790e+00   3.7167620247e-01
2.3253541768e+00   3.7374019356e-01
2.3302393747e+00   3.7774238554e-01
2.3351245725e+00   3.8393571196e-01
2.3400097704e+00   3.9260866015e-01
2.3448949682e+00   4.0408777317e-01
2.3497801661e+00   4.1873933082e-01
2.3546653639e+00   4.3696968985e-01
2.3595505618e+00   4.5922359434e-01
2.3644357596e+00   4.8597957411e-01
2.3693209575e+00   5.1774134418e-01
2.3742061553e+00   5.5502392910e-01
2.3790913532e+00   5.9833310696e-01
2.3839765511e+00   6.4813676941e-01
2.3888617489e+00   7.0482702370e-01
2.3937469468e+00   7.6867244224e-01
2.3986321446e+00   8.3976092675e-01
2.4035173425e+00   9.1793530394e-01
2.4084025403e+00   1.0027260304e+00
2.4132877382e+00   1.0932881138e+00
2.4181729360e+00   1.1883521613e+00
2.4230581339e+00   1.2862016385e+00
2.4279433317e+00   1.3846890032e+00
2.4328285296e+00   1.4813013185e+00
2.4377137274e+00   1.5732805356e+00
2.4425989253e+00   1.6577949384e+00
2.4474841231e+00   1.7321475414e+00
2.4523693210e+00   1.7939970385e+00
2.4572545188e+00   1.8415603589e+00
2.4621397167e+00   1.8737656903e+00
2.4670249145e+00   1.8903319665e+00
2.4719101124e+00   1.8917638762e+00
2.4767953102e+00   1.8792669444e+00
2.4816805081e+00   1.8546008928e+00
2.4865657059e+00   1.8198978479e+00
2.4914509038e+00   1.7774736306e+00
2.4963361016e+00   1.7296561003e+00
2.5012212995e+00   1.6786466460e+00
2.5061064973e+00   1.6264221088e+00
2.5109916952e+00   1.5746768335e+00
2.5158768930e+00   1.5247993507e+00
2.5207620909e+00   1.4778755722e+00
2.5256472887e+00   1.4347098922e+00
2.5305324866e+00   1.3958565083e+00
2.5354176844e+00   1.3616548956e+00
2.5403028823e+00   1.3322651510e+00
2.5451880801e+00   1.3077005440e+00
2.5500732780e+00   1.2878559026e+00
2.5549584758e+00   1.2725314091e+00
2.5598436737e+00   1.2614520005e+00
2.5647288715e+00   1.2542829401e+00
2.5696140694e+00   1.2506423062e+00
2.5744992672e+00   1.2501111956e+00
2.5793844651e+00   1.2522424012e+00
2.5842696629e+00   1.2565682312e+00
2.5891548608e+00   1.2626080038e+00
2.5940400586e+00   1.2698756040e+00
2.5989252565e+00   1.2778873232e+00
2.6038104543e+00   1.2861700413e+00
2.6086956522e+00   1.2942696557e+00
2.6135808500e+00   1.3017595316e+00
2.6184660479e+00   1.3082486430e+00
2.6233512457e+00   1.3133890159e+00
2.6282364436e+00   1.3168820688e+00
2.6331216414e+00   1.3184834794e+00
2.6380068393e+00   1.3180062847e+00
2.6428920371e+00   1.3153220317e+00
2.6477772350e+00   1.3103599299e+00
2.6526624328e+00   1.3031040948e+00
2.6575476307e+00   1.2935890949e+00
2.6624328285e+00   1.2818941223e+00
2.6673180264e+00   1.2681361696e+00
2.6722032242e+00   1.2524626292e+00
2.6770884221e+00   1.2350437232e+00
2.6819736199e+00   1.2160651336e+00
2.6868588178e+00   1.1957211406e+00
2.6917440156e+00   1.1742085004e+00
2.6966292135e+00   1.1517212133e+00
2.7015144113e+00   1.1284462587e+00
2.7063996092e+00   1.1045603023e+00
2.7112848070e+00   1.0802273308e+00
2.7161700049e+00   1.0555971274e+00
2.7210552027e+00   1.0308044781e+00
2.7259404006e+00   1.0059689855e+00
2.7308255984e+00   9.8119536668e-01
2.7357107963e+00   9.5657411551e-01
2.7405959941e+00   9.3218242354e-01
2.7454811920e+00   9.0808526719e-01
2.7503663898e+00   8.8433658452e-01
2.7552515877e+00   8.6098048119e-01
2.7601367855e+00   8.3805241925e-01
2.7650219834e+00   8.1558035584e-01
2.7699071812e+00   7.9358580952e-01
2.7747923791e+00   7.7208484111e-01
2.7796775769e+00   7.5108894316e-01
2.7845627748e+00   7.3060583732e-01
2.7894479726e+00   7.1064018306e-01
2.7943331705e+00   6.9119420396e-01
2.7992183683e+00   6.7226823919e-01
2.8041035662e+00   6.5386122945e-01
2.8089887640e+00   6.3597114651e-01
2.8138739619e+00   6.1859537609e-01
2.8187591597e+00   6.0173106346e-01
2.8236443576e+00   5.8537543092e-01
2.8285295554e+00   5.6952607618e-01
2.8334147533e+00   5.5418126029e-01
2.8382999511e+00   5.3934019359e-01
2.8431851490e+00   5.2500332818e-01
2.8480703468e+00   5.1117266542e-01
2.8529555447e+00   4.9785208729e-01
2.8578407426e+00   4.8504772064e-01
2.8627259404e+00   4.7276834440e-01
2.8676111383e+00   4.6102585012e-01
2.8724963361e+00   4.4983576745e-01
2.8773815340e+00   4.3921786746e-01
2.8822667318e+00   4.2919685759e-01
2.8871519297e+00   4.1980318397e-01
2.8920371275e+00   4.1107395777e-01
2.8969223254e+00   4.0305402421e-01
2.9018075232e+00   3.9579719341e-01
2.9066927211e+00   3.8936765369e-01
2.9115779189e+00   3.8384158710e-01
2.9164631168e+00   3.7930900618e-01
2.9213483146e+00   3.7587582714e-01
2.9262335125e+00   3.7366618867e-01
2.9311187103e+00   3.7282501499e-01
2.9360039082e+00   3.7352080536e-01
2.9408891060e+00   3.7594860835e-01
2.9457743039e+00   3.8033310382e-01
2.9506595017e+00   3.8693166696e-01
2.9555446996e+00   3.9603722201e-01
2.9604298974e+00   4.0798060480e-01
2.9653150953e+00   4.2313203934e-01
2.9702002931e+00   4.4190119110e-01
2.9750854910e+00   4.6473508987e-01
2.9799706888e+00   4.9211302170e-01
2.9848558867e+00   5.2453728978e-01
2.9897410845e+00   5.6251856388e-01
2.9946262824e+00   6.0655442720e-01
2.9995114802e+00   6.5709975927e-01
3.0043966781e+00   7.1452786444e-01
3.0092818759e+00   7.7908188866e-01
3.0141670738e+00   8.5081719147e-01
3.0190522716e+00   9.2953705004e-01
3.0239374695e+00   1.0147263722e+00
3.0288226673e+00   1.1054908136e+00
3.0337078652e+00   1.2005114048e+00
3.0385930630e+00   1.2980267627e+00
3.0434782609e+00   1.3958552255e+00
3.0483634587e+00   1.4914667995e+00
3.0532486566e+00   1.5821090289e+00
3.0581338544e+00   1.6649819979e+00
3.0630190523e+00   1.7374470838e+00
3.0679042501e+00   1.7972443729e+00
3.0727894480e+00   1.8426879183e+00
3.0776746458e+00   1.8728087350e+00
3.0825598437e+00   1.8874232846e+00
3.0874450415e+00   1.8871185177e+00
3.0923302394e+00   1.8731597458e+00
3.0972154372e+00   1.8473405240e+00
3.1021006351e+00   1.8118011880e+00
3.1069858329e+00   1.7688435661e+00
3.1118710308e+00   1.7207646764e+00
3.1167562286e+00   1.6697242636e+00
3.1216414265e+00   1.6176524302e+00
3.1265266243e+00   1.5661964038e+00
3.1314118222e+00   1.5167006487e+00
3.1362970200e+00   1.4702122140e+00
3.1411822179e+00   1.4275029025e+00
3.1460674157e+00   1.3891008414e+00
3.1509526136e+00   1.3553256634e+00
3.1558378114e+00   1.3263232470e+00
3.1607230093e+00   1.3020975275e+00
3.1656082071e+00   1.2825381260e+00
3.1704934050e+00   1.2674434371e+00
3.1753786028e+00   1.2565394062e+00
3.1802638007e+00   1.2494945645e+00
3.1851489985e+00   1.2459320646e+00
3.1900341964e+00   1.2454394931e+00
3.1949193942e+00   1.2475772044e+00
3.1998045921e+00   1.2518858207e+00
3.2046897899e+00   1.2578934232e+00
3.2095749878e+00   1.2651228074e+00
3.2144601856e+00   1.2730990213e+00
3.2193453835e+00   1.2813572502e+00
3.2242305813e+00   1.2894509592e+00
3.2291157792e+00   1.2969600792e+00
3.2340009770e+00   1.3034989228e+00
3.2388861749e+00   1.3087234539e+00
3.2437713727e+00   1.3123375200e+00
3.2486565706e+00   1.3140976843e+00
3.2535417684e+00   1.3138163679e+00
3.2584269663e+00   1.3113631160e+00
3.2633121641e+00   1.3066639310e+00
3.2681973620e+00   1.2996987443e+00
3.2730825598e+00   1.2904972259e+00
3.2779677577e+00   1.2791332277e+00
3.2828529555e+00   1.2657182284e+00
3.2877381534e+00   1.2503941778e+00
3.2926233512e+00   1.2333261363e+00
3.2975085491e+00   1.2146950727e+00
3.3023937469e+00   1.1946911224e+00
3.3072789448e+00   1.1735075391e+00
3.3121641426e+00   1.1513354961e+00
3.3170493405e+00   1.1283598165e+00
3.3219345383e+00   1.1047556473e+00
3.3268197362e+00   1.0806860408e+00
3.3317049340e+00   1.0563003625e+00
3.3365901319e+00   1.0317334226e+00
3.3414753298e+00   1.0071052146e+00
3.3463605276e+00   9.8252113948e-01
3.3512457255e+00   9.5807260048e-01
3.3561309233e+00   9.3383786470e-01
3.3610161212e+00   9.0988309889e-01
3.3659013190e+00   8.8626350424e-01
3.3707865169e+00   8.6302448886e-01
3.3756717147e+00   8.4020283142e-01
3.3805569126e+00   8.1782780192e-01
3.3854421104e+00   7.9592221654e-01
3.3903273083e+00   7.7450341270e-01
3.3952125061e+00   7.5358413732e-01
3.4000977040e+00   7.3317334710e-01
3.4049829018e+00   7.1327692354e-01
3.4098680997e+00   6.9389830833e-01
3.4147532975e+00   6.7503906669e-01
3.4196384954e+00   6.5669938735e-01
3.4245236932e+00   6.3887852839e-01
3.4294088911e+00   6.2157521880e-01
3.4342940889e+00   6.0478802503e-01
3.4391792868e+00   5.8851569208e-01
3.4440644846e+00   5.7275746852e-01
3.4489496825e+00   5.5751342431e-01
3.4538348803e+00   5.4278477066e-01
3.4587200782e+00   5.2857419094e-01
3.4636052760e+00   5.1488619177e-01
3.4684904739e+00   5.0172748417e-01
3.4733756717e+00   4.8910740454e-01
3.4782608696e+00   4.7703838660e-01
3.4831460674e+00   4.6553649570e-01
3.4880312653e+00   4.5462203847e-01
3.4929164631e+00   4.4432026150e-01
3.4978016610e+00   4.3466215438e-01
3.5026868588e+00   4.2568537349e-01
3.5075720567e+00   4.1743530424e-01
3.5124572545e+00   4.0996628031e-01
3.5173424524e+00   4.0334297902e-01
3.5222276502e+00   3.9764201130e-01
3.5271128481e+00   3.9295372324e-01
3.5319980459e+00   3.8938422209e-01
3.5368832438e+00   3.8705763301e-01
3.5417684416e+00   3.8611858187e-01
3.5466536395e+00   3.8673488243e-01
3.5515388373e+00   3.8910038186e-01
3.5564240352e+00   3.9343788295e-01
3.5613092330e+00   4.0000201298e-01
3.5661944309e+00   4.0908184305e-01
3.5710796287e+00   4.2100297496e-01
3.5759648266e+00   4.3612870208e-01
3.5808500244e+00   4.5485971336e-01
3.5857352223e+00   4.7763164780e-01
3.5906204201e+00   5.0490962594e-01
3.5955056180e+00   5.3717870097e-01
3.6003908158e+00   5.7492901334e-01
3.6052760137e+00   6.1863434706e-01
3.6101612115e+00   6.6872284213e-01
3.6150464094e+00   7.2553891118e-01
3.6199316072e+00   7.8929605172e-01
3.6248168051e+00   8.6002135353e-01
3.6297020029e+00   9.3749415243e-01
3.6345872008e+00   1.0211834654e+00
3.6394723986e+00   1.1101913766e+00
3.6443575965e+00   1.2032120129e+00
3.6492427943e+00   1.2985174570e+00
3.6541279922e+00   1.3939820036e+00
3.6590131900e+00   1.4871536717e+00
3.6638983879e+00   1.5753763177e+00
3.6687835857e+00   1.6559573226e+00
3.6736687836e+00   1.7263660160e+00
3.6785539814e+00   1.7844391411e+00
3.6834391793e+00   1.8285645760e+00
3.6883243771e+00   1.8578153980e+00
3.6932095750e+00   1.8720137889e+00
3.6980947728e+00   1.8717166369e+00
3.7029799707e+00   1.8581287309e+00
3.7078651685e+00   1.8329613699e+00
3.7127503664e+00   1.7982611409e+00
3.7176355642e+00   1.7562345253e+00
3.7225207621e+00   1.7090897420e+00
3.7274059599e+00   1.6589099441e+00
3.7322911578e+00   1.6075639326e+00
3.7371763556e+00   1.5566537941e+00
3.7420615535e+00   1.5074942815e+00
3.7469467513e+00   1.4611164697e+00
3.7518319492e+00   1.4182878235e+00
3.7567171470e+00   1.3795416596e+00
3.7616023449e+00   1.3452104529e+00
3.7664875427e+00   1.3154590456e+00
3.7713727406e+00   1.2903152836e+00
3.7762579384e+00   1.2696967795e+00
3.7811431363e+00   1.2534333639e+00
3.7860283341e+00   1.2412853580e+00
3.7909135320e+00   1.2329581511e+00
3.7957987298e+00   1.2281137378e+00
3.8006839277e+00   1.2263799321e+00
3.8055691255e+00   1.2273579531e+00
3.8104543234e+00   1.2306290090e+00
3.8153395213e+00   1.2357604045e+00
3.8202247191e+00   1.2423115750e+00
3.8251099170e+00   1.2498403220e+00
3.8299951148e+00   1.2579093860e+00
3.8348803127e+00   1.2660933628e+00
3.8397655105e+00   1.2739858470e+00
3.8446507084e+00   1.2812065835e+00
3.8495359062e+00   1.2874083333e+00
3.8544211041e+00   1.2922831169e+00
3.8593063019e+00   1.2955674944e+00
3.8641914998e+00   1.2970465761e+00
3.8690766976e+00   1.2965565240e+00
3.8739618955e+00   1.2939853996e+00
3.8788470933e+00   1.2892723232e+00
3.8837322912e+00   1.2824050217e+00
3.8886174890e+00   1.2734159460e+00
3.8935026869e+00   1.2623772211e+00
3.8983878847e+00   1.2493947479e+00
3.9032730826e+00   1.2346018024e+00
3.9081582804e+00   1.2181524708e+00
3.9130434783e+00   1.2002152320e+00
3.9179286761e+00   1.1809669484e+00
3.9228138740e+00   1.1605874631e+00
3.9276990718e+00   1.1392549407e+00
3.9325842697e+00   1.1171420208e+00
3.9374694675e+00   1.0944128005e+00
3.9423546654e+00   1.0712206151e+00
3.9472398632e+00   1.0477065515e+00
3.9521250611e+00   1.0239986064e+00
3.9570102589e+00   1.0002113894e+00
3.9618954568e+00   9.7644626754e-01
3.9667806546e+00   9.5279185089e-01
3.9716658525e+00   9.2932472763e-01
3.9765510503e+00   9.0611036821e-01
3.9814362482e+00   8.8320413070e-01
3.9863214460e+00   8.6065231242e-01
3.9912066439e+00   8.3849320547e-01
3.9960918417e+00   8.1675812473e-01
4.0009770396e+00   7.9547238668e-01
4.0058622374e+00   7.7465622551e-01
4.0107474353e+00   7.5432563963e-01
4.0156326331e+00   7.3449316671e-01
4.0205178310e+00   7.1516858939e-01
4.0254030288e+00   6.9635957671e-01
4.0302882267e+00   6.7807226827e-01
4.0351734245e+00   6.6031180937e-01
4.0400586224e+00   6.4308284660e-01
4.0449438202e+00   6.2638999348e-01
4.0498290181e+00   6.1023827648e-01
4.0547142159e+00   5.9463357156e-01
4.0595994138e+00   5.7958304196e-01
4.0644846116e+00   5.6509558777e-01
4.0693698095e+00   5.5118231851e-01
4.0742550073e+00   5.3785705990e-01
4.0791402052e+00   5.2513690680e-01
4.0840254030e+00   5.1304283484e-01
4.0889106009e+00   5.0160038369e-01
4.0937957987e+00   4.9084042600e-01
4.0986809966e+00   4.8080003652e-01
4.1035661944e+00   4.7152347639e-01
4.1084513923e+00   4.6306330808e-01
4.1133365901e+00   4.5548165597e-01
4.1182217880e+00   4.4885162636e-01
4.1231069858e+00   4.4325889868e-01
4.1279921837e+00   4.3880349468e-01
4.1328773815e+00   4.3560172614e-01
4.1377625794e+00   4.3378831025e-01
4.1426477772e+00   4.3351862654e-01
4.1475329751e+00   4.3497106662e-01
4.1524181729e+00   4.3834939681e-01
4.1573033708e+00   4.4388501159e-01
4.1621885686e+00   4.5183890012e-01
4.1670737665e+00   4.6250307587e-01
4.1719589643e+00   4.7620112970e-01
4.1768441622e+00   4.9328745755e-01
4.1817293600e+00   5.1414458807e-01
4.1866145579e+00   5.3917789914e-01
4.1914997557e+00   5.6880687829e-01
4.1963849536e+00   6.0345197392e-01
4.2012701514e+00   6.4351603948e-01
4.2061553493e+00   6.8935944245e-01
4.2110405471e+00   7.4126816499e-01
4.2159257450e+00   7.9941474242e-01
4.2208109428e+00   8.6381274875e-01
4.2256961407e+00   9.3426679603e-01
4.2305813385e+00   1.0103216515e+00
4.2354665364e+00   1.0912159615e+00
4.2403517342e+00   1.1758479082e+00
4.2452369321e+00   1.2627614355e+00
4.2501221299e+00   1.3501618379e+00
4.2550073278e+00   1.4359678798e+00
4.2598925256e+00   1.5179037851e+00
4.2647777235e+00   1.5936285169e+00
4.2696629213e+00   1.6608925605e+00
4.2745481192e+00   1.7177055112e+00
4.2794333170e+00   1.7624930909e+00
4.2843185149e+00   1.7942215143e+00
4.2892037128e+00   1.8124711669e+00
4.2940889106e+00   1.8174497106e+00
4.2989741085e+00   1.8099450247e+00
4.3038593063e+00   1.7912281880e+00
4.3087445042e+00   1.7629236250e+00
4.3136297020e+00   1.7268662645e+00
4.3185148999e+00   1.6849641164e+00
4.3234000977e+00   1.6390802102e+00
4.3282852956e+00   1.5909420083e+00
4.3331704934e+00   1.5420807470e+00
4.3380556913e+00   1.4937987356e+00
4.3429408891e+00   1.4471598690e+00
4.3478260870e+00   1.4029974216e+00
4.3527112848e+00   1.3619332221e+00
4.3575964827e+00   1.3244030916e+00
4.3624816805e+00   1.2906845616e+00
4.3673668784e+00   1.2609240652e+00
4.3722520762e+00   1.2351618371e+00
4.3771372741e+00   1.2133535931e+00
4.3820224719e+00   1.1953886615e+00
4.3869076698e+00   1.1811046492e+00
4.3917928676e+00   1.1702989715e+00
4.3966780655e+00   1.1627377050e+00
4.4015632633e+00   1.1581622747e+00
4.4064484612e+00   1.1562944859e+00
4.4113336590e+00   1.1568403788e+00
4.4162188569e+00   1.1594933346e+00
4.4211040547e+00   1.1639367998e+00
4.4259892526e+00   1.1698469327e+00
4.4308744504e+00   1.1768954007e+00
4.4357596483e+00   1.1847524901e+00
4.4406448461e+00   1.1930906132e+00
4.4455300440e+00   1.2015882267e+00
4.4504152418e+00   1.2099341045e+00
4.4553004397e+00   1.2178318503e+00
4.4601856375e+00   1.2250044791e+00
4.4650708354e+00   1.2311988655e+00
4.4699560332e+00   1.2361898370e+00
4.4748412311e+00   1.2397836916e+00
4.4797264289e+00   1.2418209446e+00
4.4846116268e+00   1.2421781463e+00
4.4894968246e+00   1.2407686689e+00
4.4943820225e+00   1.2375424242e+00
4.4992672203e+00   1.2324845401e+00
4.5041524182e+00   1.2256130829e+00
4.5090376160e+00   1.2169759694e+00
4.5139228139e+00   1.2066472475e+00
4.5188080117e+00   1.1947229474e+00
4.5236932096e+00   1.1813167133e+00
4.5285784074e+00   1.1665554121e+00
4.5334636053e+00   1.1505748976e+00
4.5383488031e+00   1.1335160748e+00
4.5432340010e+00   1.1155213754e+00
4.5481191988e+00   1.0967317169e+00
4.5530043967e+00   1.0772839824e+00
4.5578895945e+00   1.0573090286e+00
4.5627747924e+00   1.0369302016e+00
4.5676599902e+00   1.0162623234e+00
4.5725451881e+00   9.9541109612e-01
4.5774303859e+00   9.7447286630e-01
4.5823155838e+00   9.5353468721e-01
4.5872007816e+00   9.3267461982e-01
4.5920859795e+00   9.1196221633e-01
4.5969711773e+00   8.9145913698e-01
4.6018563752e+00   8.7121985755e-01
4.6067415730e+00   8.5129243245e-01
4.6116267709e+00   8.3171928606e-01
4.6165119687e+00   8.1253801110e-01
4.6213971666e+00   7.9378215987e-01
4.6262823644e+00   7.7548201866e-01
4.6311675623e+00   7.5766536091e-01
4.6360527601e+00   7.4035817809e-01
4.6409379580e+00   7.2358539021e-01
4.6458231558e+00   7.0737154068e-01
4.6507083537e+00   6.9174148167e-01
4.6555935515e+00   6.7672105773e-01
4.6604787494e+00   6.6233779658e-01
4.6653639472e+00   6.4862161627e-01
4.6702491451e+00   6.3560555888e-01
4.6751343429e+00   6.2332656047e-01
4.6800195408e+00   6.1182626724e-01
4.6849047386e+00   6.0115190696e-01
4.6897899365e+00   5.9135722376e-01
4.6946751343e+00   5.8250348251e-01
4.6995603322e+00   5.7466054636e-01
4.7044455300e+00   5.6790802701e-01
4.7093307279e+00   5.6233650180e-01
4.7142159257e+00   5.5804878396e-01
4.7191011236e+00   5.5516122189e-01
4.7239863214e+00   5.5380498961e-01
4.7288715193e+00   5.5412731198e-01
4.7337567171e+00   5.5629254533e-01
4.7386419150e+00   5.6048300435e-01
4.7435271128e+00   5.6689938999e-01
4.7484123107e+00   5.7576063002e-01
4.7532975085e+00   5.8730289361e-01
4.7581827064e+00   6.0177748634e-01
4.7630679043e+00   6.1944727551e-01
4.7679531021e+00   6.4058124328e-01
4.7728383000e+00   6.6544672781e-01
4.7777234978e+00   6.9429890370e-01
4.7826086957e+00   7.2736709309e-01
4.7874938935e+00   7.6483761181e-01
4.7923790914e+00   8.0683306916e-01
4.7972642892e+00   8.5338838293e-01
4.8021494871e+00   9.0442426117e-01
4.8070346849e+00   9.5971954054e-01
4.8119198828e+00   1.0188845242e+00
4.8168050806e+00   1.0813382495e+00
4.8216902785e+00   1.1462932995e+00
4.8265754763e+00   1.2127521585e+00
4.8314606742e+00   1.2795189778e+00
4.8363458720e+00   1.3452297488e+00
4.8412310699e+00   1.4084021786e+00
4.8461162677e+00   1.4675040723e+00
4.8510014656e+00   1.5210360630e+00
4.8558866634e+00   1.5676216177e+00
4.8607718613e+00   1.6060950574e+00
4.8656570591e+00   1.6355775113e+00
4.8705422570e+00   1.6555316542e+00
4.8754274548e+00   1.6657887302e+00
4.8803126527e+00   1.6665452594e+00
4.8851978505e+00   1.6583311200e+00
4.8900830484e+00   1.6419544891e+00
4.8949682462e+00   1.6184316576e+00
4.8998534441e+00   1.5889106553e+00
4.9047386419e+00   1.5545969907e+00
4.9096238398e+00   1.5166880305e+00
4.9145090376e+00   1.4763201895e+00
4.9193942355e+00   1.4345307125e+00
4.9242794333e+00   1.3922338190e+00
4.9291646312e+00   1.3502095618e+00
4.9340498290e+00   1.3091029512e+00
4.9389350269e+00   1.2694306386e+00
4.9438202247e+00   1.2315925843e+00
4.9487054226e+00   1.1958865016e+00
4.9535906204e+00   1.1625233393e+00
4.9584758183e+00   1.1316425407e+00
4.9633610161e+00   1.1033262441e+00
4.9682462140e+00   1.0776119357e+00
4.9731314118e+00   1.0545033294e+00
4.9780166097e+00   1.0339794298e+00
4.9829018075e+00   1.0160018538e+00
4.9877870054e+00   1.0005205576e+00
4.9926722032e+00   9.8747814211e-01
4.9975574011e+00   9.7681292424e-01
5.0024425989e+00   9.6846094879e-01
5.0073277968e+00   9.6235710393e-01
5.0122129946e+00   9.5843548307e-01
5.0170981925e+00   9.5662911852e-01
5.0219833903e+00   9.5686919639e-01
5.0268685882e+00   9.5908385038e-01
5.0317537860e+00   9.6319662460e-01
5.0366389839e+00   9.6912469208e-01
5.0415241817e+00   9.7677691712e-01
5.0464093796e+00   9.8605185399e-01
5.0512945774e+00   9.9683578217e-01
5.0561797753e+00   1.0090008865e+00
5.0610649731e+00   1.0224036997e+00
5.0659501710e+00   1.0368839299e+00
5.0708353688e+00   1.0522637986e+00
5.0757205667e+00   1.0683480092e+00
5.0806057645e+00   1.0849244517e+00
5.0854909624e+00   1.1017657281e+00
5.0903761602e+00   1.1186315470e+00
5.0952613581e+00   1.1352719904e+00
5.1001465559e+00   1.1514316055e+00
5.1050317538e+00   1.1668542131e+00
5.1099169516e+00   1.1812882671e+00
5.1148021495e+00   1.1944925453e+00
5.1196873473e+00   1.2062419090e+00
5.1245725452e+00   1.2163328455e+00
5.1294577430e+00   1.2245884992e+00
5.1343429409e+00   1.2308629211e+00
5.1392281387e+00   1.2350443046e+00
5.1441133366e+00   1.2370570382e+00
5.1489985344e+00   1.2368624838e+00
5.1538837323e+00   1.2344584677e+00
5.1587689301e+00   1.2298775576e+00
5.1636541280e+00   1.2231842655e+00
5.1685393258e+00   1.2144713779e+00
5.1734245237e+00   1.2038556483e+00
5.1783097215e+00   1.1914731040e+00
5.1831949194e+00   1.1774742156e+00
5.1880801172e+00   1.1620191543e+00
5.1929653151e+00   1.1452733293e+00
5.1978505129e+00   1.1274033521e+00
5.2027357108e+00   1.1085735334e+00
5.2076209086e+00   1.0889429678e+00
5.2125061065e+00   1.0686632266e+00
5.2173913043e+00   1.0478766418e+00
5.2222765022e+00   1.0267151418e+00
5.2271617000e+00   1.0052995780e+00
5.2320468979e+00   9.8373947559e-01
5.2369320957e+00   9.6213313307e-01
5.2418172936e+00   9.4056799955e-01
5.2467024915e+00   9.1912126212e-01
5.2515876893e+00   8.9786058288e-01
5.2564728872e+00   8.7684493412e-01
5.2613580850e+00   8.5612548890e-01
5.2662432829e+00   8.3574653347e-01
5.2711284807e+00   8.1574637616e-01
5.2760136786e+00   7.9615823490e-01
5.2808988764e+00   7.7701109189e-01
5.2857840743e+00   7.5833050949e-01
5.2906692721e+00   7.4013940552e-01
5.2955544700e+00   7.2245879015e-01
5.3004396678e+00   7.0530846875e-01
5.3053248657e+00   6.8870771766e-01
5.3102100635e+00   6.7267594108e-01
5.3150952614e+00   6.5723331859e-01
5.3199804592e+00   6.4240145369e-01
5.3248656571e+00   6.2820403430e-01
5.3297508549e+00   6.1466751657e-01
5.3346360528e+00   6.0182184377e-01
5.3395212506e+00   5.8970121193e-01
5.3444064485e+00   5.7834489388e-01
5.3492916463e+00   5.6779813296e-01
5.3541768442e+00   5.5811311683e-01
5.3590620420e+00   5.4935004022e-01
5.3639472399e+00   5.4157826346e-01
5.3688324377e+00   5.3487756989e-01
5.3737176356e+00   5.2933952024e-01
5.3786028334e+00   5.2506889462e-01
5.3834880313e+00   5.2218520263e-01
5.3883732291e+00   5.2082422786e-01
5.3932584270e+00   5.2113955429e-01
5.3981436248e+00   5.2330399709e-01
5.4030288227e+00   5.2751082849e-01
5.4079140205e+00   5.3397464870e-01
5.4127992184e+00   5.4293170251e-01
5.4176844162e+00   5.5463938276e-01
5.4225696141e+00   5.6937459459e-01
5.4274548119e+00   5.8743058109e-01
5.4323400098e+00   6.0911173846e-01
5.4372252076e+00   6.3472588693e-01
5.4421104055e+00   6.6457342906e-01
5.4469956033e+00   6.9893284174e-01
5.4518808012e+00   7.3804204390e-01
5.4567659990e+00   7.8207539354e-01
5.4616511969e+00   8.3111643579e-01
5.4665363947e+00   8.8512707934e-01
5.4714215926e+00   9.4391463625e-01
5.4763067904e+00   1.0070990941e+00
5.4811919883e+00   1.0740840147e+00
5.4860771861e+00   1.1440354089e+00
5.4909623840e+00   1.2158735765e+00
5.4958475818e+00   1.2882829240e+00
5.5007327797e+00   1.3597438824e+00
5.5056179775e+00   1.4285890456e+00
5.5105031754e+00   1.4930825749e+00
5.5153883732e+00   1.5515181077e+00
5.5202735711e+00   1.6023265703e+00
5.5251587689e+00   1.6441823230e+00
5.5300439668e+00   1.6760948613e+00
5.5349291646e+00   1.6974744186e+00
5.5398143625e+00   1.7081632487e+00
5.5446995603e+00   1.7084294442e+00
5.5495847582e+00   1.6989257430e+00
5.5544699560e+00   1.6806206155e+00
5.5593551539e+00   1.6547120342e+00
5.5642403517e+00   1.6225352608e+00
5.5691255496e+00   1.5854748944e+00
5.5740107474e+00   1.5448889169e+00
5.5788959453e+00   1.5020493411e+00
5.5837811431e+00   1.4581010281e+00
5.5886663410e+00   1.4140378054e+00
5.5935515388e+00   1.3706934025e+00
5.5984367367e+00   1.3287439177e+00
5.6033219345e+00   1.2887183939e+00
5.6082071324e+00   1.2510143867e+00
5.6130923302e+00   1.2159159602e+00
5.6179775281e+00   1.1836121759e+00
5.6228627259e+00   1.1542147360e+00
5.6277479238e+00   1.1277739561e+00
5.6326331216e+00   1.1042926344e+00
5.6375183195e+00   1.0837376728e+00
5.6424035173e+00   1.0660494986e+00
5.6472887152e+00   1.0511494470e+00
5.6521739130e+00   1.0389453301e+00
5.6570591109e+00   1.0293354383e+00
5.6619443087e+00   1.0222112218e+00
5.6668295066e+00   1.0174588836e+00
5.6717147044e+00   1.0149600995e+00
5.6765999023e+00   1.0145920569e+00
5.6814851001e+00   1.0162269857e+00
5.6863702980e+00   1.0197313397e+00
5.6912554958e+00   1.0249647740e+00
5.6961406937e+00   1.0317790517e+00
5.7010258915e+00   1.0400170095e+00
5.7059110894e+00   1.0495117012e+00
5.7107962872e+00   1.0600858324e+00
5.7156814851e+00   1.0715515884e+00
5.7205666830e+00   1.0837109441e+00
5.7254518808e+00   1.0963565257e+00
5.7303370787e+00   1.1092730689e+00
5.7352222765e+00   1.1222394891e+00
5.7401074744e+00   1.1350315446e+00
5.7449926722e+00   1.1474250333e+00
5.7498778701e+00   1.1591994291e+00
5.7547630679e+00   1.1701418222e+00
5.7596482658e+00   1.1800510011e+00
5.7645334636e+00   1.1887414903e+00
5.7694186615e+00   1.1960473490e+00
5.7743038593e+00   1.2018255389e+00
5.7791890572e+00   1.2059586888e+00
5.7840742550e+00   1.2083571161e+00
5.7889594529e+00   1.2089600062e+00
5.7938446507e+00   1.2077357028e+00
5.7987298486e+00   1.2046811141e+00
5.8036150464e+00   1.1998202909e+00
5.8085002443e+00   1.1932022761e+00
5.8133854421e+00   1.1848983613e+00
5.8182706400e+00   1.1749989084e+00
5.8231558378e+00   1.1636099017e+00
5.8280410357e+00   1.1508493971e+00
5.8329262335e+00   1.1368440188e+00
5.8378114314e+00   1.1217256343e+00
5.8426966292e+00   1.1056283115e+00
5.8475818271e+00   1.0886856333e+00
5.8524670249e+00   1.0710284158e+00
5.8573522228e+00   1.0527828509e+00
5.8622374206e+00   1.0340690693e+00
5.8671226185e+00   1.0150001063e+00
5.8720078163e+00   9.9568123261e-01
5.8768930142e+00   9.7620961157e-01
5.8817782120e+00   9.5667423305e-01
5.8866634099e+00   9.3715607778e-01
5.8915486077e+00   9.1772846539e-01
5.8964338056e+00   8.9845754388e-01
5.9013190034e+00   8.7940288313e-01
5.9062042013e+00   8.6061814067e-01
5.9110893991e+00   8.4215177368e-01
5.9159745970e+00   8.2404777715e-01
5.9208597948e+00   8.0634643316e-01
5.9257449927e+00   7.8908506104e-01
5.9306301905e+00   7.7229876262e-01
5.9355153884e+00   7.5602115983e-01
5.9404005862e+00   7.4028512518e-01
5.9452857841e+00   7.2512350780e-01
5.9501709819e+00   7.1056985948e-01
5.9550561798e+00   6.9665916662e-01
5.9599413776e+00   6.8342859458e-01
5.9648265755e+00   6.7091825156e-01
5.9697117733e+00   6.5917197904e-01
5.9745969712e+00   6.4823817505e-01
5.9794821690e+00   6.3817065587e-01
5.9843673669e+00   6.2902955946e-01
5.9892525647e+00   6.2088229159e-01
5.9941377626e+00   6.1380451179e-01
5.9990229604e+00   6.0788115073e-01
6.0039081583e+00   6.0320744428e-01
6.0087933561e+00   5.9988995951e-01
6.0136785540e+00   5.9804757675e-01
6.0185637518e+00   5.9781237589e-01
6.0234489497e+00   5.9933035671e-01
6.0283341475e+00   6.0276189904e-01
6.0332193454e+00   6.0828184111e-01
6.0381045432e+00   6.1607902160e-01
6.0429897411e+00   6.2635509445e-01
6.0478749389e+00   6.3932238730e-01
6.0527601368e+00   6.5520053601e-01
6.0576453346e+00   6.7421159662e-01
6.0625305325e+00   6.9657331678e-01
6.0674157303e+00   7.2249025492e-01
6.0723009282e+00   7.5214247792e-01
6.0771861260e+00   7.8567166541e-01
6.0820713239e+00   8.2316461812e-01
6.0869565217e+00   8.6463442516e-01
6.0918417196e+00   9.0999990088e-01
6.0967269174e+00   9.5906435311e-01
6.1016121153e+00   1.0114952654e+00
6.1064973131e+00   1.0668070110e+00
6.1113825110e+00   1.1243491770e+00
6.1162677088e+00   1.1833033351e+00
6.1211529067e+00   1.2426910162e+00
6.1260381045e+00   1.3013950858e+00
6.1309233024e+00   1.3581956136e+00
6.1358085002e+00   1.4118196970e+00
6.1406936981e+00   1.4610027087e+00
6.1455788959e+00   1.5045564090e+00
6.1504640938e+00   1.5414376969e+00
6.1553492916e+00   1.5708109113e+00
6.1602344895e+00   1.5920968183e+00
6.1651196873e+00   1.6050028293e+00
6.1700048852e+00   1.6095313634e+00
6.1748900830e+00   1.6059661556e+00
6.1797752809e+00   1.5948391371e+00
6.1846604787e+00   1.5768827308e+00
6.1895456766e+00   1.5529736580e+00
6.1944308745e+00   1.5240745255e+00
6.1993160723e+00   1.4911787063e+00
6.2042012702e+00   1.4552626393e+00
6.2090864680e+00   1.4172480307e+00
6.2139716659e+00   1.3779748542e+00
6.2188568637e+00   1.3381847635e+00
6.2237420616e+00   1.2985136332e+00
6.2286272594e+00   1.2594914621e+00
6.2335124573e+00   1.2215477253e+00
6.2383976551e+00   1.1850203632e+00
6.2432828530e+00   1.1501668499e+00
6.2481680508e+00   1.1171761002e+00
6.2530532487e+00   1.0861803018e+00
6.2579384465e+00   1.0572660519e+00
6.2628236444e+00   1.0304844222e+00
6.2677088422e+00   1.0058597640e+00
6.2725940401e+00   9.8339719858e-01
6.2774792379e+00   9.6308883060e-01
6.2823644358e+00   9.4491877291e-01
6.2872496336e+00   9.2886710102e-01
6.2921348315e+00   9.1491286129e-01
6.2970200293e+00   9.0303625313e-01
6.3019052272e+00   8.9322009288e-01
6.3067904250e+00   8.8545065050e-01
6.3116756229e+00   8.7971793265e-01
6.3165608207e+00   8.7601546837e-01
6.3214460186e+00   8.7433963805e-01
6.3263312164e+00   8.7468857365e-01
6.3312164143e+00   8.7706064920e-01
6.3361016121e+00   8.8145257495e-01
6.3409868100e+00   8.8785710918e-01
6.3458720078e+00   8.9626040596e-01
6.3507572057e+00   9.0663902913e-01
6.3556424035e+00   9.1895667926e-01
6.3605276014e+00   9.3316070488e-01
6.3654127992e+00   9.4917849792e-01
6.3702979971e+00   9.6691390813e-01
6.3751831949e+00   9.8624384775e-01
6.3800683928e+00   1.0070152939e+00
6.3849535906e+00   1.0290429281e+00
6.3898387885e+00   1.0521076730e+00
6.3947239863e+00   1.0759563925e+00
6.3996091842e+00   1.1003030055e+00
6.4044943820e+00   1.1248312175e+00
6.4093795799e+00   1.1491990042e+00
6.4142647777e+00   1.1730448753e+00
6.4191499756e+00   1.1959958203e+00
6.4240351734e+00   1.2176766925e+00
6.4289203713e+00   1.2377206452e+00
6.4338055691e+00   1.2557801001e+00
6.4386907670e+00   1.2715376346e+00
6.4435759648e+00   1.2847161282e+00
6.4484611627e+00   1.2950875202e+00
6.4533463605e+00   1.3024796131e+00
6.4582315584e+00   1.3067804899e+00
6.4631167562e+00   1.3079402971e+00
6.4680019541e+00   1.3059703487e+00
6.4728871519e+00   1.3009397098e+00
6.4777723498e+00   1.2929695984e+00
6.4826575476e+00   1.2822260776e+00
6.4875427455e+00   1.2689115945e+00
6.4924279433e+00   1.2532559415e+00
6.4973131412e+00   1.2355071877e+00
6.5021983390e+00   1.2159230556e+00
6.5070835369e+00   1.1947631158e+00
6.5119687347e+00   1.1722820595e+00
6.5168539326e+00   1.1487241945e+00
6.5217391304e+00   1.1243192087e+00
6.5266243283e+00   1.0992791602e+00
6.5315095261e+00   1.0737965893e+00
6.5363947240e+00   1.0480436094e+00
6.5412799218e+00   1.0221718092e+00
6.5461651197e+00   9.9631279618e-01
6.5510503175e+00   9.7057921681e-01
6.5559355154e+00   9.4506610657e-01
6.5608207132e+00   9.1985244140e-01
6.5657059111e+00   8.9500278668e-01
6.5705911089e+00   8.7056896105e-01
6.5754763068e+00   8.4659165373e-01
6.5803615046e+00   8.2310195202e-01
6.5852467025e+00   8.0012275122e-01
6.5901319003e+00   7.7767003130e-01
6.5950170982e+00   7.5575399445e-01
6.5999022960e+00   7.3438006472e-01
6.6047874939e+00   7.1354975568e-01
6.6096726917e+00   6.9326141551e-01
6.6145578896e+00   6.7351086065e-01
6.6194430874e+00   6.5429191003e-01
6.6243282853e+00   6.3559683196e-01
6.6292134831e+00   6.1741671528e-01
6.6340986810e+00   5.9974177572e-01
6.6389838788e+00   5.8256160732e-01
6.6438690767e+00   5.6586538788e-01
6.6487542745e+00   5.4964204623e-01
6.6536394724e+00   5.3388039812e-01
6.6585246702e+00   5.1856925675e-01
6.6634098681e+00   5.0369752285e-01
6.6682950660e+00   4.8925425879e-01
6.6731802638e+00   4.7522875034e-01
6.6780654617e+00   4.6161055929e-01
6.6829506595e+00   4.4838956963e-01
6.6878358574e+00   4.3555602985e-01
6.6927210552e+00   4.2310059328e-01
6.6976062531e+00   4.1101435875e-01
6.7024914509e+00   3.9928891315e-01
6.7073766488e+00   3.8791637807e-01
6.7122618466e+00   3.7688946217e-01
6.7171470445e+00   3.6620152143e-01
6.7220322423e+00   3.5584662947e-01
6.7269174402e+00   3.4581966041e-01
6.7318026380e+00   3.3611638701e-01
6.7366878359e+00   3.2673359746e-01
6.7415730337e+00   3.1766923444e-01
6.7464582316e+00   3.0892256106e-01
6.7513434294e+00   3.0049435875e-01
6.7562286273e+00   2.9238716333e-01
6.7611138251e+00   2.8460554656e-01
6.7659990230e+00   2.7715645168e-01
6.7708842208e+00   2.7004959321e-01
6.7757694187e+00   2.6329793281e-01
6.7806546165e+00   2.5691824529e-01
6.7855398144e+00   2.5093179133e-01
6.7904250122e+00   2.4536511572e-01
6.7953102101e+00   2.4025099368e-01
6.8001954079e+00   2.3562955046e-01
6.8050806058e+00   2.3154958346e-01
6.8099658036e+00   2.2807011948e-01
6.8148510015e+00   2.2526224331e-01
6.8197361993e+00   2.2321123684e-01
6.8246213972e+00   2.2201906965e-01
6.8295065950e+00   2.2180728198e-01
6.8343917929e+00   2.2272029759e-01
6.8392769907e+00   2.2492919524e-01
6.8441621886e+00   2.2863595167e-01
6.8490473864e+00   2.3407814083e-01
6.8539325843e+00   2.4153403093e-01
6.8588177821e+00   2.5132795447e-01
6.8637029800e+00   2.6383573034e-01
6.8685881778e+00   2.7948978102e-01
6.8734733757e+00   2.9878340196e-01
6.8783585735e+00   3.2227339363e-01
6.8832437714e+00   3.5057995303e-01
6.8881289692e+00   3.8438234017e-01
6.8930141671e+00   4.2440840353e-01
6.8978993649e+00   4.7141560811e-01
6.9027845628e+00   5.2616084716e-01
6.9076697606e+00   5.8935617667e-01
6.9125549585e+00   6.6160790852e-01
6.9174401563e+00   7.4333752421e-01
6.9223253542e+00   8.3468495912e-01
6.9272105520e+00   9.3539824647e-01
6.9320957499e+00   1.0447183854e+00
6.9369809477e+00   1.1612742529e+00
6.9418661456e+00   1.2830083641e+00
6.9467513434e+00   1.4071584135e+00
6.9516365413e+00   1.5303192509e+00
6.9565217391e+00   1.6486027830e+00
6.9614069370e+00   1.7578980594e+00
6.9662921348e+00   1.8542120636e+00
6.9711773327e+00   1.9340484902e+00
6.9760625305e+00   1.9947646606e+00
6.9809477284e+00   2.0348431155e+00
6.9858329262e+00   2.0540279170e+00
6.9907181241e+00   2.0533035249e+00
6.9956033219e+00   2.0347277090e+00
7.0004885198e+00   2.0011585583e+00
7.0053737176e+00   1.9559310296e+00
7.0102589155e+00   1.9025381636e+00
7.0151441133e+00   1.8443593318e+00
7.0200293112e+00   1.7844591524e+00
7.0249145090e+00   1.7254624798e+00
7.0297997069e+00   1.6694973685e+00
7.0346849047e+00   1.6181905622e+00
7.0395701026e+00   1.5726981387e+00
7.0444553004e+00   1.5337556976e+00
7.0493404983e+00   1.5017360586e+00
7.0542256961e+00   1.4767064349e+00
7.0591108940e+00   1.4584805920e+00
7.0639960918e+00   1.4466642442e+00
7.0688812897e+00   1.4406938078e+00
7.0737664875e+00   1.4398697330e+00
7.0786516854e+00   1.4433861341e+00
7.0835368832e+00   1.4503584690e+00
7.0884220811e+00   1.4598507358e+00
7.0933072789e+00   1.4709031420e+00
7.0981924768e+00   1.4825605709e+00
7.1030776746e+00   1.4939015099e+00
7.1079628725e+00   1.5040664976e+00
7.1128480703e+00   1.5122847008e+00
7.1177332682e+00   1.5178969949e+00
7.1226184660e+00   1.5203739529e+00
7.1275036639e+00   1.5193274390e+00
7.1323888617e+00   1.5145150126e+00
7.1372740596e+00   1.5058369888e+00
7.1421592574e+00   1.4933266728e+00
7.1470444553e+00   1.4771348759e+00
7.1519296532e+00   1.4575102505e+00
7.1568148510e+00   1.4347771956e+00
7.1617000489e+00   1.4093130849e+00
7.1665852467e+00   1.3815263775e+00
7.1714704446e+00   1.3518368482e+00
7.1763556424e+00   1.3206587846e+00
7.1812408403e+00   1.2883876019e+00
7.1861260381e+00   1.2553899724e+00
7.1910112360e+00   1.2219972863e+00
7.1958964338e+00   1.1885020678e+00
7.2007816317e+00   1.1551568531e+00
7.2056668295e+00   1.1221750041e+00
7.2105520274e+00   1.0897329379e+00
7.2154372252e+00   1.0579733087e+00
7.2203224231e+00   1.0270087470e+00
7.2252076209e+00   9.9692584152e-01
7.2300928188e+00   9.6778912506e-01
7.2349780166e+00   9.3964489838e-01
7.2398632145e+00   9.1252478309e-01
7.2447484123e+00   8.8644894392e-01
7.2496336102e+00   8.6142895714e-01
7.2545188080e+00   8.3747032832e-01
7.2594040059e+00   8.1457468123e-01
7.2642892037e+00   7.9274165083e-01
7.2691744016e+00   7.7197051973e-01
7.2740595994e+00   7.5226163990e-01
7.2789447973e+00   7.3361768129e-01
7.2838299951e+00   7.1604474691e-01
7.2887151930e+00   6.9955339087e-01
7.2936003908e+00   6.8415957201e-01
7.2984855887e+00   6.6988557152e-01
7.3033707865e+00   6.5676089822e-01
7.3082559844e+00   6.4482320044e-01
7.3131411822e+00   6.3411919778e-01
7.3180263801e+00   6.2470564002e-01
7.3229115779e+00   6.1665029319e-01
7.3277967758e+00   6.1003294424e-01
7.3326819736e+00   6.0494640480e-01
7.3375671715e+00   6.0149748165e-01
7.3424523693e+00   5.9980786471e-01
7.3473375672e+00   6.0001486312e-01
7.3522227650e+00   6.0227189500e-01
7.3571079629e+00   6.0674860675e-01
7.3619931607e+00   6.1363046264e-01
7.3668783586e+00   6.2311760641e-01
7.3717635564e+00   6.3542275386e-01
7.3766487543e+00   6.5076783366e-01
7.3815339521e+00   6.6937905612e-01
7.3864191500e+00   6.9148006587e-01
7.3913043478e+00   7.1728283437e-01
7.3961895457e+00   7.4697598681e-01
7.4010747435e+00   7.8071035383e-01
7.4059599414e+00   8.1858171075e-01
7.4108451392e+00   8.6061093538e-01
7.4157303371e+00   9.0672219168e-01
7.4206155349e+00   9.5672023074e-01
7.4255007328e+00   1.0102684665e+00
7.4303859306e+00   1.0668700756e+00
7.4352711285e+00   1.1258548901e+00
7.4401563263e+00   1.1863751631e+00
7.4450415242e+00   1.2474132320e+00
7.4499267220e+00   1.3078035316e+00
7.4548119199e+00   1.3662702274e+00
7.4596971177e+00   1.4214799692e+00
7.4645823156e+00   1.4721070876e+00
7.4694675134e+00   1.5169063133e+00
7.4743527113e+00   1.5547862601e+00
7.4792379091e+00   1.5848759442e+00
7.4841231070e+00   1.6065768657e+00
7.4890083048e+00   1.6195947360e+00
7.4938935027e+00   1.6239475574e+00
7.4987787005e+00   1.6199499490e+00
7.5036638984e+00   1.6081767037e+00
7.5085490962e+00   1.5894109577e+00
7.5134342941e+00   1.5645836662e+00
7.5183194919e+00   1.5347111903e+00
7.5232046898e+00   1.5008369021e+00
7.5280898876e+00   1.4639811470e+00
7.5329750855e+00   1.4251020823e+00
7.5378602833e+00   1.3850681979e+00
7.5427454812e+00   1.3446419483e+00
7.5476306790e+00   1.3044730060e+00
7.5525158769e+00   1.2650991633e+00
7.5574010747e+00   1.2269527987e+00
7.5622862726e+00   1.1903709670e+00
7.5671714704e+00   1.1556074708e+00
7.5720566683e+00   1.1228456237e+00
7.5769418661e+00   1.0922107737e+00
7.5818270640e+00   1.0637819671e+00
7.5867122618e+00   1.0376023896e+00
7.5915974597e+00   1.0136884144e+00
7.5964826575e+00   9.9203722520e-01
7.6013678554e+00   9.7263306910e-01
7.6062530532e+00   9.5545224763e-01
7.6111382511e+00   9.4046697649e-01
7.6160234489e+00   9.2764825126e-01
7.6209086468e+00   9.1696784809e-01
7.6257938447e+00   9.0839957481e-01
7.6306790425e+00   9.0191987037e-01
7.6355642404e+00   8.9750783268e-01
7.6404494382e+00   8.9514473812e-01
7.6453346361e+00   8.9481310224e-01
7.6502198339e+00   8.9649532027e-01
7.6551050318e+00   9.0017191997e-01
7.6599902296e+00   9.0581945768e-01
7.6648754275e+00   9.1340809174e-01
7.6697606253e+00   9.2289887648e-01
7.6746458232e+00   9.3424083434e-01
7.6795310210e+00   9.4736788294e-01
7.6844162189e+00   9.6219571817e-01
7.6893014167e+00   9.7861878111e-01
7.6941866146e+00   9.9650746521e-01
7.6990718124e+00   1.0157057461e+00
7.7039570103e+00   1.0360294381e+00
7.7088422081e+00   1.0572652916e+00
7.7137274060e+00   1.0791711444e+00
7.7186126038e+00   1.1014773167e+00
7.7234978017e+00   1.1238893969e+00
7.7283829995e+00   1.1460924992e+00
7.7332681974e+00   1.1677569837e+00
7.7381533952e+00   1.1885455271e+00
7.7430385931e+00   1.2081213122e+00
7.7479237909e+00   1.2261569976e+00
7.7528089888e+00   1.2423440266e+00
7.7576941866e+00   1.2564017696e+00
7.7625793845e+00   1.2680859635e+00
7.7674645823e+00   1.2771959355e+00
7.7723497802e+00   1.2835801624e+00
7.7772349780e+00   1.2871398345e+00
7.7821201759e+00   1.2878302353e+00
7.7870053737e+00   1.2856599108e+00
7.7918905716e+00   1.2806877623e+00
7.7967757694e+00   1.2730183348e+00
7.8016609673e+00   1.2627956827e+00
7.8065461651e+00   1.2501962578e+00
7.8114313630e+00   1.2354212831e+00
7.8163165608e+00   1.2186890592e+00
7.8212017587e+00   1.2002275910e+00
7.8260869565e+00   1.1802678494e+00
7.8309721544e+00   1.1590378897e+00
7.8358573522e+00   1.1367579625e+00
7.8407425501e+00   1.1136366666e+00
7.8456277479e+00   1.0898681272e+00
7.8505129458e+00   1.0656301260e+00
7.8553981436e+00   1.0410830745e+00
7.8602833415e+00   1.0163697030e+00
7.8651685393e+00   9.9161532460e-01
7.8700537372e+00   9.6692854360e-01
7.8749389350e+00   9.4240228110e-01
7.8798241329e+00   9.1811501086e-01
7.8847093307e+00   8.9413211296e-01
7.8895945286e+00   8.7050727145e-01
7.8944797264e+00   8.4728385937e-01
7.8993649243e+00   8.2449626950e-01
7.9042501221e+00   8.0217116266e-01
7.9091353200e+00   7.8032861617e-01
7.9140205178e+00   7.5898316400e-01
7.9189057157e+00   7.3814472643e-01
7.9237909135e+00   7.1781943247e-01
7.9286761114e+00   6.9801034116e-01
7.9335613092e+00   6.7871807046e-01
7.9384465071e+00   6.5994134345e-01
7.9433317049e+00   6.4167746233e-01
7.9482169028e+00   6.2392272067e-01
7.9531021006e+00   6.0667276417e-01
7.9579872985e+00   5.8992290976e-01
7.9628724963e+00   5.7366843233e-01
7.9677576942e+00   5.5790482799e-01
7.9726428920e+00   5.4262806208e-01
7.9775280899e+00   5.2783480994e-01
7.9824132877e+00   5.1352269818e-01
7.9872984856e+00   4.9969055403e-01
7.9921836834e+00   4.8633867049e-01
7.9970688813e+00   4.7346909523e-01
8.0019540791e+00   4.6108595156e-01
8.0068392770e+00   4.4919580051e-01
8.0117244748e+00   4.3780805388e-01
8.0166096727e+00   4.2693544908e-01
8.0214948705e+00   4.1659459789e-01
8.0263800684e+00   4.0680662267e-01
8.0312652662e+00   3.9759789521e-01
8.0361504641e+00   3.8900089492e-01
8.0410356619e+00   3.8105520517e-01
8.0459208598e+00   3.7380866789e-01
8.0508060576e+00   3.6731871842e-01
8.0556912555e+00   3.6165392307e-01
8.0605764533e+00   3.5689574239e-01
8.0654616512e+00   3.5314054120e-01
8.0703468490e+00   3.5050186317e-01
8.0752320469e+00   3.4911298040e-01
8.0801172447e+00   3.4912971683e-01
8.0850024426e+00   3.5073352552e-01
8.0898876404e+00   3.5413477219e-01
8.0947728383e+00   3.5957613680e-01
8.0996580362e+00   3.6733598859e-01
8.1045432340e+00   3.7773151203e-01
8.1094284319e+00   3.9112125846e-01
8.1143136297e+00   4.0790666437e-01
8.1191988276e+00   4.2853191142e-01
8.1240840254e+00   4.5348130435e-01
8.1289692233e+00   4.8327311973e-01
8.1338544211e+00   5.1844864909e-01
8.1387396190e+00   5.5955496105e-01
8.1436248168e+00   6.0711979873e-01
8.1485100147e+00   6.6161710239e-01
8.1533952125e+00   7.2342202430e-01
8.1582804104e+00   7.9275513315e-01
8.1631656082e+00   8.6961693383e-01
8.1680508061e+00   9.5371595351e-01
8.1729360039e+00   1.0443964309e+00
8.1778212018e+00   1.1405748253e+00
8.1827063996e+00   1.2406973374e+00
8.1875915975e+00   1.3427324567e+00
8.1924767953e+00   1.4442120234e+00
8.1973619932e+00   1.5423303209e+00
8.2022471910e+00   1.6341028097e+00
8.2071323889e+00   1.7165749719e+00
8.2120175867e+00   1.7870595455e+00
8.2169027846e+00   1.8433705733e+00
8.2217879824e+00   1.8840187083e+00
8.2266731803e+00   1.9083363683e+00
8.2315583781e+00   1.9165133233e+00
8.2364435760e+00   1.9095401001e+00
8.2413287738e+00   1.8890734430e+00
8.2462139717e+00   1.8572503762e+00
8.2510991695e+00   1.8164824328e+00
8.2559843674e+00   1.7692592600e+00
8.2608695652e+00   1.7179831527e+00
8.2657547631e+00   1.6648462056e+00
8.2706399609e+00   1.6117525072e+00
8.2755251588e+00   1.5602809178e+00
8.2804103566e+00   1.5116800663e+00
8.2852955545e+00   1.4668859479e+00
8.2901807523e+00   1.4265531381e+00
8.2950659502e+00   1.3910923044e+00
8.2999511480e+00   1.3607087109e+00
8.3048363459e+00   1.3354383157e+00
8.3097215437e+00   1.3151796333e+00
8.3146067416e+00   1.2997206956e+00
8.3194919394e+00   1.2887612326e+00
8.3243771373e+00   1.2819306654e+00
8.3292623351e+00   1.2788027432e+00
8.3341475330e+00   1.2789077287e+00
8.3390327308e+00   1.2817429940e+00
8.3439179287e+00   1.2867827747e+00
8.3488031265e+00   1.2934876659e+00
8.3536883244e+00   1.3013142515e+00
8.3585735222e+00   1.3097250530e+00
8.3634587201e+00   1.3181987831e+00
8.3683439179e+00   1.3262407041e+00
8.3732291158e+00   1.3333927427e+00
8.3781143136e+00   1.3392429067e+00
8.3829995115e+00   1.3434335080e+00
8.3878847093e+00   1.3456677121e+00
8.3927699072e+00   1.3457140134e+00
8.3976551050e+00   1.3434083665e+00
8.4025403029e+00   1.3386538627e+00
8.4074255007e+00   1.3314180226e+00
8.4123106986e+00   1.3217279370e+00
8.4171958964e+00   1.3096636313e+00
8.4220810943e+00   1.2953501241e+00
8.4269662921e+00   1.2789486974e+00
8.4318514900e+00   1.2606478951e+00
8.4367366878e+00   1.2406547201e+00
8.4416218857e+00   1.2191864247e+00
8.4465070835e+00   1.1964631915e+00
8.4513922814e+00   1.1727018973e+00
8.4562774792e+00   1.1481110587e+00
8.4611626771e+00   1.1228869637e+00
8.4660478749e+00   1.0972109330e+00
8.4709330728e+00   1.0712475988e+00
8.4758182706e+00   1.0451440612e+00
8.4807034685e+00   1.0190297671e+00
8.4855886663e+00   9.9301695637e-01
8.4904738642e+00   9.6720152734e-01
8.4953590620e+00   9.4166419214e-01
8.5002442599e+00   9.1647180914e-01
8.5051294577e+00   8.9167880123e-01
8.5100146556e+00   8.6732858865e-01
8.5148998534e+00   8.4345498286e-01
8.5197850513e+00   8.2008350420e-01
8.5246702491e+00   7.9723259921e-01
8.5295554470e+00   7.7491474413e-01
8.5344406448e+00   7.5313742959e-01
8.5393258427e+00   7.3190402719e-01
8.5442110405e+00   7.1121454333e-01
8.5490962384e+00   6.9106626812e-01
8.5539814362e+00   6.7145432907e-01
8.5588666341e+00   6.5237215983e-01
8.5637518319e+00   6.3381189439e-01
8.5686370298e+00   6.1576469690e-01
8.5735222277e+00   5.9822103652e-01
8.5784074255e+00   5.8117091607e-01
8.5832926234e+00   5.6460406223e-01
8.5881778212e+00   5.4851008442e-01
8.5930630191e+00   5.3287860848e-01
8.5979482169e+00   5.1769939061e-01
8.6028334148e+00   5.0296241643e-01
8.6077186126e+00   4.8865798947e-01
8.6126038105e+00   4.7477681282e-01
8.6174890083e+00   4.6131006748e-01
8.6223742062e+00   4.4824949083e-01
8.6272594040e+00   4.3558745809e-01
8.6321446019e+00   4.2331707013e-01
8.6370297997e+00   4.1143225074e-01
8.6419149976e+00   3.9992785669e-01
8.6468001954e+00   3.8879980441e-01
8.6516853933e+00   3.7804521722e-01
8.6565705911e+00   3.6766259791e-01
8.6614557890e+00   3.5765203180e-01
8.6663409868e+00   3.4801542661e-01
8.6712261847e+00   3.3875679616e-01
8.6761113825e+00   3.2988259627e-01
8.6809965804e+00   3.2140212261e-01
8.6858817782e+00   3.1332798185e-01
8.6907669761e+00   3.0567664935e-01
8.6956521739e+00   2.9846912878e-01
8.7005373718e+00   2.9173173152e-01
8.7054225696e+00   2.8549699623e-01
8.7103077675e+00   2.7980477194e-01
8.7151929653e+00   2.7470349107e-01
8.7200781632e+00   2.7025166157e-01
8.7249633610e+00   2.6651961026e-01
8.7298485589e+00   2.6359151136e-01
8.7347337567e+00   2.6156773503e-01
8.7396189546e+00   2.6056754943e-01
8.7445041524e+00   2.6073220514e-01
8.7493893503e+00   2.6222842097e-01
8.7542745481e+00   2.6525227306e-01
8.7591597460e+00   2.7003346112e-01
8.7640449438e+00   2.7683988252e-01
8.7689301417e+00   2.8598238143e-01
8.7738153395e+00   2.9781944918e-01
8.7787005374e+00   3.1276152570e-01
8.7835857352e+00   3.3127438192e-01
8.7884709331e+00   3.5388084174e-01
8.7933561309e+00   3.8115982469e-01
8.7982413288e+00   4.1374136111e-01
8.8031265266e+00   4.5229586666e-01
8.8080117245e+00   4.9751560527e-01
8.8128969223e+00   5.5008599548e-01
8.8177821202e+00   6.1064435293e-01
8.8226673180e+00   6.7972399600e-01
8.8275525159e+00   7.5768261407e-01
8.8324377137e+00   8.4461567569e-01
8.8373229116e+00   9.4025865400e-01
8.8422081094e+00   1.0438860076e+00
8.8470933073e+00   1.1542198443e+00
8.8519785051e+00   1.2693661214e+00
8.8568637030e+00   1.3867995451e+00
8.8617489008e+00   1.5034179771e+00
8.8666340987e+00   1.6156811490e+00
8.8715192965e+00   1.7198359085e+00
8.8764044944e+00   1.8122122745e+00
8.8812896922e+00   1.8895552046e+00
8.8861748901e+00   1.9493422062e+00
8.8910600879e+00   1.9900328013e+00
8.8959452858e+00   2.0112056071e+00
8.9008304836e+00   2.0135607742e+00
8.9057156815e+00   1.9987932895e+00
8.9106008793e+00   1.9693676060e+00
8.9154860772e+00   1.9282390695e+00
8.9203712750e+00   1.8785698132e+00
8.9252564729e+00   1.8234780061e+00
8.9301416707e+00   1.7658444399e+00
8.9350268686e+00   1.7081847883e+00
8.9399120664e+00   1.6525834003e+00
8.9447972643e+00   1.6006769078e+00
8.9496824621e+00   1.5536730659e+00
8.9545676600e+00   1.5123908579e+00
8.9594528578e+00   1.4773104778e+00
8.9643380557e+00   1.4486250676e+00
8.9692232535e+00   1.4262892052e+00
8.9741084514e+00   1.4100616820e+00
8.9789936492e+00   1.3995419523e+00
8.9838788471e+00   1.3942008215e+00
8.9887640449e+00   1.3934065951e+00
8.9936492428e+00   1.3964481492e+00
8.9985344406e+00   1.4025563315e+00
9.0034196385e+00   1.4109248424e+00
9.0083048363e+00   1.4207313556e+00
9.0131900342e+00   1.4311591692e+00
9.0180752320e+00   1.4414192040e+00
9.0229604299e+00   1.4507717296e+00
9.0278456277e+00   1.4585468652e+00
9.0327308256e+00   1.4641627125e+00
9.0376160234e+00   1.4671399644e+00
9.0425012213e+00   1.4671119948e+00
9.0473864191e+00   1.4638297529e+00
9.0522716170e+00   1.4571612102e+00
9.0571568149e+00   1.4470855694e+00
9.0620420127e+00   1.4336828803e+00
9.0669272106e+00   1.4171200517e+00
9.0718124084e+00   1.3976344605e+00
9.0766976063e+00   1.3755164275e+00
9.0815828041e+00   1.3510917586e+00
9.0864680020e+00   1.3247053698e+00
9.0913531998e+00   1.2967067696e+00
9.0962383977e+00   1.2674378940e+00
9.1011235955e+00   1.2372235275e+00
9.1060087934e+00   1.2063643121e+00
9.1108939912e+00   1.1751321717e+00
9.1157791891e+00   1.1437678572e+00
9.1206643869e+00   1.1124802557e+00
9.1255495848e+00   1.0814470811e+00
9.1304347826e+00   1.0508165841e+00
9.1353199805e+00   1.0207099491e+00
9.1402051783e+00   9.9122410150e-01
9.1450903762e+00   9.6243469938e-01
9.1499755740e+00   9.3439913828e-01
9.1548607719e+00   9.0715944706e-01
9.1597459697e+00   8.8074499310e-01
9.1646311676e+00   8.5517494993e-01
9.1695163654e+00   8.3046050659e-01
9.1744015633e+00   8.0660681747e-01
9.1792867611e+00   7.8361470545e-01
9.1841719590e+00   7.6148214001e-01
9.1890571568e+00   7.4020551756e-01
9.1939423547e+00   7.1978077380e-01
9.1988275525e+00   7.0020435878e-01
9.2037127504e+00   6.8147410479e-01
9.2085979482e+00   6.6359001585e-01
9.2134831461e+00   6.4655500579e-01
9.2183683439e+00   6.3037561041e-01
9.2232535418e+00   6.1506269671e-01
9.2281387396e+00   6.0063219095e-01
9.2330239375e+00   5.8710584538e-01
9.2379091353e+00   5.7451206163e-01
9.2427943332e+00   5.6288678747e-01
9.2476795310e+00   5.5227450113e-01
9.2525647289e+00   5.4272929536e-01
9.2574499267e+00   5.3431606984e-01
9.2623351246e+00   5.2711183594e-01
9.2672203224e+00   5.2120713186e-01
9.2721055203e+00   5.1670753673e-01
9.2769907181e+00   5.1373526054e-01
9.2818759160e+00   5.1243077000e-01
9.2867611138e+00   5.1295438799e-01
9.2916463117e+00   5.1548777545e-01
9.2965315095e+00   5.2023516677e-01
9.3014167074e+00   5.2742418259e-01
9.3063019052e+00   5.3730598590e-01
9.3111871031e+00   5.5015447916e-01
9.3160723009e+00   5.6626416210e-01
9.3209574988e+00   5.8594618736e-01
9.3258426966e+00   6.0952207126e-01
9.3307278945e+00   6.3731445301e-01
9.3356130923e+00   6.6963426900e-01
9.3404982902e+00   7.0676374630e-01
9.3453834880e+00   7.4893476069e-01
9.3502686859e+00   7.9630239025e-01
9.3551538837e+00   8.4891397218e-01
9.3600390816e+00   9.0667466804e-01
9.3649242794e+00   9.6931146669e-01
9.3698094773e+00   1.0363386541e+00
9.3746946751e+00   1.1070289281e+00
9.3795798730e+00   1.1803953137e+00
9.3844650708e+00   1.2551895289e+00
9.3893502687e+00   1.3299221051e+00
9.3942354665e+00   1.4029080734e+00
9.3991206644e+00   1.4723392473e+00
9.4040058622e+00   1.5363802523e+00
9.4088910601e+00   1.5932810460e+00
9.4137762579e+00   1.6414946702e+00
9.4186614558e+00   1.6797864586e+00
9.4235466536e+00   1.7073207789e+00
9.4284318515e+00   1.7237139714e+00
9.4333170493e+00   1.7290470678e+00
9.4382022472e+00   1.7238380590e+00
9.4430874450e+00   1.7089794813e+00
9.4479726429e+00   1.6856515943e+00
9.4528578407e+00   1.6552235800e+00
9.4577430386e+00   1.6191549069e+00
9.4626282364e+00   1.5789067583e+00
9.4675134343e+00   1.5358700844e+00
9.4723986321e+00   1.4913132972e+00
9.4772838300e+00   1.4463495789e+00
9.4821690278e+00   1.4019215971e+00
9.4870542257e+00   1.3588002009e+00
9.4919394235e+00   1.3175932767e+00
9.4968246214e+00   1.2787611468e+00
9.5017098192e+00   1.2426354464e+00
9.5065950171e+00   1.2094391118e+00
9.5114802149e+00   1.1793058044e+00
9.5163654128e+00   1.1522977036e+00
9.5212506106e+00   1.1284210853e+00
9.5261358085e+00   1.1076394533e+00
9.5310210064e+00   1.0898842383e+00
9.5359062042e+00   1.0750632247e+00
9.5407914021e+00   1.0630669494e+00
9.5456765999e+00   1.0537733534e+00
9.5505617978e+00   1.0470509695e+00
9.5554469956e+00   1.0427609214e+00
9.5603321935e+00   1.0407579850e+00
9.5652173913e+00   1.0408909422e+00
9.5701025892e+00   1.0430024354e+00
9.5749877870e+00   1.0469285067e+00
9.5798729849e+00   1.0524979939e+00
9.5847581827e+00   1.0595319326e+00
9.5896433806e+00   1.0678431042e+00
9.5945285784e+00   1.0772358516e+00
9.5994137763e+00   1.0875062662e+00
9.6042989741e+00   1.0984428301e+00
9.6091841720e+00   1.1098275747e+00
9.6140693698e+00   1.1214377843e+00
9.6189545677e+00   1.1330482438e+00
9.6238397655e+00   1.1444339937e+00
9.6287249634e+00   1.1553735169e+00
9.6336101612e+00   1.1656522492e+00
9.6384953591e+00   1.1750662750e+00
9.6433805569e+00   1.1834260439e+00
9.6482657548e+00   1.1905599343e+00
9.6531509526e+00   1.1963174862e+00
9.6580361505e+00   1.2005721394e+00
9.6629213483e+00   1.2032233356e+00
9.6678065462e+00   1.2041978807e+00
9.6726917440e+00   1.2034505035e+00
9.6775769419e+00   1.2009635978e+00
9.6824621397e+00   1.1967461771e+00
9.6873473376e+00   1.1908321196e+00
9.6922325354e+00   1.1832778118e+00
9.6971177333e+00   1.1741593273e+00
9.7020029311e+00   1.1635692893e+00
9.7068881290e+00   1.1516135702e+00
9.7117733268e+00   1.1384079718e+00
9.7166585247e+00   1.1240750163e+00
9.7215437225e+00   1.1087409534e+00
9.7264289204e+00   1.0925330667e+00
9.7313141182e+00   1.0755773341e+00
9.7361993161e+00   1.0579964741e+00
9.7410845139e+00   1.0399083844e+00
9.7459697118e+00   1.0214249651e+00
9.7508549096e+00   1.0026512994e+00
9.7557401075e+00   9.8368515978e-01
9.7606253053e+00   9.6461679638e-01
9.7655105032e+00   9.4552896671e-01
9.7703957010e+00   9.2649716190e-01
9.7752808989e+00   9.0758998970e-01
9.7801660967e+00   8.8886967706e-01
9.7850512946e+00   8.7039266043e-01
9.7899364924e+00   8.5221023690e-01
9.7948216903e+00   8.3436925455e-01
9.7997068881e+00   8.1691282558e-01
9.8045920860e+00   7.9988105043e-01
9.8094772838e+00   7.8331174491e-01
9.8143624817e+00   7.6724116643e-01
9.8192476795e+00   7.5170473790e-01
9.8241328774e+00   7.3673777058e-01
9.8290180752e+00   7.2237618898e-01
9.8339032731e+00   7.0865726222e-01
9.8387884709e+00   6.9562034709e-01
9.8436736688e+00   6.8330764877e-01
9.8485588666e+00   6.7176500462e-01
9.8534440645e+00   6.6104269621e-01
9.8583292623e+00   6.5119629343e-01
9.8632144602e+00   6.4228753232e-01
9.8680996580e+00   6.3438522574e-01
9.8729848559e+00   6.2756620159e-01
9.8778700537e+00   6.2191625797e-01
9.8827552516e+00   6.1753111762e-01
9.8876404494e+00   6.1451735398e-01
9.8925256473e+00   6.1299324983e-01
9.8974108451e+00   6.1308953383e-01
9.9022960430e+00   6.1494992171e-01
9.9071812408e+00   6.1873136630e-01
9.9120664387e+00   6.2460389403e-01
9.9169516365e+00   6.3274987533e-01
9.9218368344e+00   6.4336254334e-01
9.9267220322e+00   6.5664354193e-01
9.9316072301e+00   6.7279925273e-01
9.9364924279e+00   6.9203562825e-01
9.9413776258e+00   7.1455124990e-01
9.9462628236e+00   7.4052834790e-01
9.9511480215e+00   7.7012157607e-01
9.9560332193e+00   8.0344444342e-01
9.9609184172e+00   8.4055348131e-01
9.9658036150e+00   8.8143048202e-01
9.9706888129e+00   9.2596348621e-01
9.9755740107e+00   9.7392761513e-01
9.9804592086e+00   1.0249673070e+00
9.9853444064e+00   1.0785819715e+00
9.9902296043e+00   1.1341174319e+00
9.9951148021e+00   1.1907656733e+00
1.0000000000e+01   1.2475752317e+00
1.0000000000e+01   1.2475752317e+00
