X    Y
0.0000000000e+00   2.0000000000e-01
1.5655577299e-02   2.0075134742e-01
3.1311154599e-02   2.0150244370e-01
4.6966731898e-02   2.0225327297e-01
6.2622309198e-02   2.0300381934e-01
7.8277886497e-02   2.0375406691e-01
9.3933463796e-02   2.0450399977e-01
1.0958904110e-01   2.0525360199e-01
1.2524461840e-01   2.0600285763e-01
1.4090019569e-01   2.0675175074e-01
1.5655577299e-01   2.0750026537e-01
1.7221135029e-01   2.0824838555e-01
1.8786692759e-01   2.0899609532e-01
2.0352250489e-01   2.0974337869e-01
2.1917808219e-01   2.1049021969e-01
2.3483365949e-01   2.1123660235e-01
2.5048923679e-01   2.1198251070e-01
2.6614481409e-01   2.1272792875e-01
2.8180039139e-01   2.1347284054e-01
2.9745596869e-01   2.1421723011e-01
3.1311154599e-01   2.1496108149e-01
3.2876712329e-01   2.1570437873e-01
3.4442270059e-01   2.1644710591e-01
3.6007827789e-01   2.1718924708e-01
3.7573385519e-01   2.1793078633e-01
3.9138943249e-01   2.1867170777e-01
4.0704500978e-01   2.1941199550e-01
4.2270058708e-01   2.2015163366e-01
4.3835616438e-01   2.2089060641e-01
4.5401174168e-01   2.2162889791e-01
4.6966731898e-01   2.2236649236e-01
4.8532289628e-01   2.2310337397e-01
5.0097847358e-01   2.2383952700e-01
5.1663405088e-01   2.2457493570e-01
5.3228962818e-01   2.2530958439e-01
5.4794520548e-01   2.2604345739e-01
5.6360078278e-01   2.2677653906e-01
5.7925636008e-01   2.2750881380e-01
5.9491193738e-01   2.2824026603e-01
6.1056751468e-01   2.2897088021e-01
6.2622309198e-01   2.2970064086e-01
6.4187866928e-01   2.3042953251e-01
6.5753424658e-01   2.3115753975e-01
6.7318982387e-01   2.3188464719e-01
6.8884540117e-01   2.3261083952e-01
7.0450097847e-01   2.3333610144e-01
7.2015655577e-01   2.3406041772e-01
7.3581213307e-01   2.3478377316e-01
7.5146771037e-01   2.3550615262e-01
7.6712328767e-01   2.3622754103e-01
7.8277886497e-01   2.3694792333e-01
7.9843444227e-01   2.3766728455e-01
8.1409001957e-01   2.3838560976e-01
8.2974559687e-01   2.3910288411e-01
8.4540117417e-01   2.3981909276e-01
8.6105675147e-01   2.4053422099e-01
8.7671232877e-01   2.4124825410e-01
8.9236790607e-01   2.4196117747e-01
9.0802348337e-01   2.4267297653e-01
9.2367906067e-01   2.4338363680e-01
9.3933463796e-01   2.4409314386e-01
9.5499021526e-01   2.4480148334e-01
9.7064579256e-01   2.4550864096e-01
9.8630136986e-01   2.4621460251e-01
1.0019569472e+00   2.4691935384e-01
1.0176125245e+00   2.4762288089e-01
1.0332681018e+00   2.4832516967e-01
1.0489236791e+00   2.4902620627e-01
1.0645792564e+00   2.4972597685e-01
1.0802348337e+00   2.5042446765e-01
1.0958904110e+00   2.5112166501e-01
1.1115459883e+00   2.5181755533e-01
1.1272015656e+00   2.5251212510e-01
1.1428571429e+00   2.5320536091e-01
1.1585127202e+00   2.5389724941e-01
1.1741682975e+00   2.5458777736e-01
1.1898238748e+00   2.5527693160e-01
1.2054794521e+00   2.5596469906e-01
1.2211350294e+00   2.5665106675e-01
1.2367906067e+00   2.5733602180e-01
1.2524461840e+00   2.5801955141e-01
1.2681017613e+00   2.5870164289e-01
1.2837573386e+00   2.5938228362e-01
1.2994129159e+00   2.6006146111e-01
1.3150684932e+00   2.6073916295e-01
1.3307240705e+00   2.6141537683e-01
1.3463796477e+00   2.6209009054e-01
1.3620352250e+00   2.6276329198e-01
1.3776908023e+00   2.6343496913e-01
1.3933463796e+00   2.6410511011e-01
1.4090019569e+00   2.6477370311e-01
1.4246575342e+00   2.6544073645e-01
1.4403131115e+00   2.6610619852e-01
1.4559686888e+00   2.6677007787e-01
1.4716242661e+00   2.6743236312e-01
1.4872798434e+00   2.6809304301e-01
1.5029354207e+00   2.6875210638e-01
1.5185909980e+00   2.6940954220e-01
1.5342465753e+00   2.7006533954e-01
1.5499021526e+00   2.7071948758e-01
1.5655577299e+00   2.7137197563e-01
1.5812133072e+00   2.7202279308e-01
1.5968688845e+00   2.7267192948e-01
1.6125244618e+00   2.7331937446e-01
1.6281800391e+00   2.7396511778e-01
1.6438356164e+00   2.7460914931e-01
1.6594911937e+00   2.7525145906e-01
1.6751467710e+00   2.7589203713e-01
1.6908023483e+00   2.7653087376e-01
1.7064579256e+00   2.7716795929e-01
1.7221135029e+00   2.7780328420e-01
1.7377690802e+00   2.7843683908e-01
1.7534246575e+00   2.7906861465e-01
1.7690802348e+00   2.7969860173e-01
1.7847358121e+00   2.8032679131e-01
1.8003913894e+00   2.8095317444e-01
1.8160469667e+00   2.8157774235e-01
1.8317025440e+00   2.8220048635e-01
1.8473581213e+00   2.8282139792e-01
1.8630136986e+00   2.8344046863e-01
1.8786692759e+00   2.8405769017e-01
1.8943248532e+00   2.8467305440e-01
1.9099804305e+00   2.8528655326e-01
1.9256360078e+00   2.8589817884e-01
1.9412915851e+00   2.8650792335e-01
1.9569471624e+00   2.8711577913e-01
1.9726027397e+00   2.8772173866e-01
1.9882583170e+00   2.8832579451e-01
2.0039138943e+00   2.8892793942e-01
2.0195694716e+00   2.8952816624e-01
2.0352250489e+00   2.9012646795e-01
2.0508806262e+00   2.9072283766e-01
2.0665362035e+00   2.9131726860e-01
2.0821917808e+00   2.9190975414e-01
2.0978473581e+00   2.9250028778e-01
2.1135029354e+00   2.9308886314e-01
2.1291585127e+00   2.9367547397e-01
2.1448140900e+00   2.9426011417e-01
2.1604696673e+00   2.9484277775e-01
2.1761252446e+00   2.9542345884e-01
2.1917808219e+00   2.9600215172e-01
2.2074363992e+00   2.9657885080e-01
2.2230919765e+00   2.9715355060e-01
2.2387475538e+00   2.9772624579e-01
2.2544031311e+00   2.9829693116e-01
2.2700587084e+00   2.9886560162e-01
2.2857142857e+00   2.9943225224e-01
2.3013698630e+00   2.9999687817e-01
2.3170254403e+00   3.0055947474e-01
2.3326810176e+00   3.0112003738e-01
2.3483365949e+00   3.0167856165e-01
2.3639921722e+00   3.0223504324e-01
2.3796477495e+00   3.0278947799e-01
2.3953033268e+00   3.0334186183e-01
2.4109589041e+00   3.0389219084e-01
2.4266144814e+00   3.0444046123e-01
2.4422700587e+00   3.0498666933e-01
2.4579256360e+00   3.0553081159e-01
2.4735812133e+00   3.0607288461e-01
2.4892367906e+00   3.0661288509e-01
2.5048923679e+00   3.0715080987e-01
2.5205479452e+00   3.0768665591e-01
2.5362035225e+00   3.0822042030e-01
2.5518590998e+00   3.0875210024e-01
2.5675146771e+00   3.0928169309e-01
2.5831702544e+00   3.0980919628e-01
2.5988258317e+00   3.1033460742e-01
2.6144814090e+00   3.1085792420e-01
2.6301369863e+00   3.1137914445e-01
2.6457925636e+00   3.1189826613e-01
2.6614481409e+00   3.1241528729e-01
2.6771037182e+00   3.1293020615e-01
2.6927592955e+00   3.1344302100e-01
2.7084148728e+00   3.1395373028e-01
2.7240704501e+00   3.1446233254e-01
2.7397260274e+00   3.1496882646e-01
2.7553816047e+00   3.1547321081e-01
2.7710371820e+00   3.1597548451e-01
2.7866927593e+00   3.1647564658e-01
2.8023483366e+00   3.1697369615e-01
2.8180039139e+00   3.1746963248e-01
2.8336594912e+00   3.1796345493e-01
2.8493150685e+00   3.1845516300e-01
2.8649706458e+00   3.1894475627e-01
2.8806262231e+00   3.1943223446e-01
2.8962818004e+00   3.1991759738e-01
2.9119373777e+00   3.2040084496e-01
2.9275929550e+00   3.2088197726e-01
2.9432485323e+00   3.2136099442e-01
2.9589041096e+00   3.2183789671e-01
2.9745596869e+00   3.2231268449e-01
2.9902152642e+00   3.2278535824e-01
3.0058708415e+00   3.2325591855e-01
3.0215264188e+00   3.2372436610e-01
3.0371819961e+00   3.2419070170e-01
3.0528375734e+00   3.2465492625e-01
3.0684931507e+00   3.2511704074e-01
3.0841487280e+00   3.2557704628e-01
3.0998043053e+00   3.2603494409e-01
3.1154598826e+00   3.2649073547e-01
3.1311154599e+00   3.2694442183e-01
3.1467710372e+00   3.2739600468e-01
3.1624266145e+00   3.2784548564e-01
3.1780821918e+00   3.2829286640e-01
3.1937377691e+00   3.2873814877e-01
3.2093933464e+00   3.2918133465e-01
3.2250489237e+00   3.2962242603e-01
3.2407045010e+00   3.3006142501e-01
3.2563600783e+00   3.3049833375e-01
3.2720156556e+00   3.3093315454e-01
3.2876712329e+00   3.3136588974e-01
3.3033268102e+00   3.3179654180e-01
3.3189823875e+00   3.3222511328e-01
3.3346379648e+00   3.3265160681e-01
3.3502935421e+00   3.3307602510e-01
3.3659491194e+00   3.3349837097e-01
3.3816046967e+00   3.3391864732e-01
3.3972602740e+00   3.3433685711e-01
3.4129158513e+00   3.3475300343e-01
3.4285714286e+00   3.3516708941e-01
3.4442270059e+00   3.3557911829e-01
3.4598825832e+00   3.3598909337e-01
3.4755381605e+00   3.3639701805e-01
3.4911937378e+00   3.3680289580e-01
3.5068493151e+00   3.3720673016e-01
3.5225048924e+00   3.3760852477e-01
3.5381604697e+00   3.3800828333e-01
3.5538160470e+00   3.3840600961e-01
3.5694716243e+00   3.3880170747e-01
3.5851272016e+00   3.3919538084e-01
3.6007827789e+00   3.3958703372e-01
3.6164383562e+00   3.3997667017e-01
3.6320939335e+00   3.4036429434e-01
3.6477495108e+00   3.4074991045e-01
3.6634050881e+00   3.4113352277e-01
3.6790606654e+00   3.4151513565e-01
3.6947162427e+00   3.4189475351e-01
3.7103718200e+00   3.4227238083e-01
3.7260273973e+00   3.4264802215e-01
3.7416829746e+00   3.4302168210e-01
3.7573385519e+00   3.4339336533e-01
3.7729941292e+00   3.4376307659e-01
3.7886497065e+00   3.4413082068e-01
3.8043052838e+00   3.4449660245e-01
3.8199608611e+00   3.4486042681e-01
3.8356164384e+00   3.4522229876e-01
3.8512720157e+00   3.4558222331e-01
3.8669275930e+00   3.4594020555e-01
3.8825831703e+00   3.4629625064e-01
3.8982387476e+00   3.4665036376e-01
3.9138943249e+00   3.4700255018e-01
3.9295499022e+00   3.4735281520e-01
3.9452054795e+00   3.4770116417e-01
3.9608610568e+00   3.4804760250e-01
3.9765166341e+00   3.4839213565e-01
3.9921722114e+00   3.4873476914e-01
4.0078277886e+00   3.4907550850e-01
4.0234833659e+00   3.4941435935e-01
4.0391389432e+00   3.4975132734e-01
4.0547945205e+00   3.5008641815e-01
4.0704500978e+00   3.5041963753e-01
4.0861056751e+00   3.5075099126e-01
4.1017612524e+00   3.5108048516e-01
4.1174168297e+00   3.5140812510e-01
4.1330724070e+00   3.5173391698e-01
4.1487279843e+00   3.5205786675e-01
4.1643835616e+00   3.5237998041e-01
4.1800391389e+00   3.5270026397e-01
4.1956947162e+00   3.5301872349e-01
4.2113502935e+00   3.5333536508e-01
4.2270058708e+00   3.5365019487e-01
4.2426614481e+00   3.5396321903e-01
4.2583170254e+00   3.5427444375e-01
4.2739726027e+00   3.5458387528e-01
4.2896281800e+00   3.5489151989e-01
4.3052837573e+00   3.5519738387e-01
4.3209393346e+00   3.5550147355e-01
4.3365949119e+00   3.5580379530e-01
4.3522504892e+00   3.5610435550e-01
4.3679060665e+00   3.5640316058e-01
4.3835616438e+00   3.5670021697e-01
4.3992172211e+00   3.5699553116e-01
4.4148727984e+00   3.5728910962e-01
4.4305283757e+00   3.5758095890e-01
4.4461839530e+00   3.5787108553e-01
4.4618395303e+00   3.5815949609e-01
4.4774951076e+00   3.5844619716e-01
4.4931506849e+00   3.5873119537e-01
4.5088062622e+00   3.5901449735e-01
4.5244618395e+00   3.5929610975e-01
4.5401174168e+00   3.5957603926e-01
4.5557729941e+00   3.5985429256e-01
4.5714285714e+00   3.6013087638e-01
4.5870841487e+00   3.6040579744e-01
4.6027397260e+00   3.6067906249e-01
4.6183953033e+00   3.6095067829e-01
4.6340508806e+00   3.6122065163e-01
4.6497064579e+00   3.6148898929e-01
4.6653620352e+00   3.6175569809e-01
4.6810176125e+00   3.6202078486e-01
4.6966731898e+00   3.6228425641e-01
4.7123287671e+00   3.6254611961e-01
4.7279843444e+00   3.6280638130e-01
4.7436399217e+00   3.6306504836e-01
4.7592954990e+00   3.6332212766e-01
4.7749510763e+00   3.6357762610e-01
4.7906066536e+00   3.6383155056e-01
4.8062622309e+00   3.6408390796e-01
4.8219178082e+00   3.6433470521e-01
4.8375733855e+00   3.6458394923e-01
4.8532289628e+00   3.6483164694e-01
4.8688845401e+00   3.6507780528e-01
4.8845401174e+00   3.6532243117e-01
4.9001956947e+00   3.6556553157e-01
4.9158512720e+00   3.6580711342e-01
4.9315068493e+00   3.6604718367e-01
4.9471624266e+00   3.6628574926e-01
4.9628180039e+00   3.6652281716e-01
4.9784735812e+00   3.6675839432e-01
4.9941291585e+00   3.6699248769e-01
5.0097847358e+00   3.6722510423e-01
5.0254403131e+00   3.6745625091e-01
5.0410958904e+00   3.6768593467e-01
5.0567514677e+00   3.6791416248e-01
5.0724070450e+00   3.6814094129e-01
5.0880626223e+00   3.6836627805e-01
5.1037181996e+00   3.6859017971e-01
5.1193737769e+00   3.6881265322e-01
5.1350293542e+00   3.6903370552e-01
5.1506849315e+00   3.6925334356e-01
5.1663405088e+00   3.6947157428e-01
5.1819960861e+00   3.6968840459e-01
5.1976516634e+00   3.6990384143e-01
5.2133072407e+00   3.7011789172e-01
5.2289628180e+00   3.7033056237e-01
5.2446183953e+00   3.7054186029e-01
5.2602739726e+00   3.7075179239e-01
5.2759295499e+00   3.7096036554e-01
5.2915851272e+00   3.7116758664e-01
5.3072407045e+00   3.7137346257e-01
5.3228962818e+00   3.7157800019e-01
5.3385518591e+00   3.7178120636e-01
5.3542074364e+00   3.7198308793e-01
5.3698630137e+00   3.7218365175e-01
5.3855185910e+00   3.7238290463e-01
5.4011741683e+00   3.7258085341e-01
5.4168297456e+00   3.7277750488e-01
5.4324853229e+00   3.7297286584e-01
5.4481409002e+00   3.7316694308e-01
5.4637964775e+00   3.7335974337e-01
5.4794520548e+00   3.7355127348e-01
5.4951076321e+00   3.7374154014e-01
5.5107632094e+00   3.7393055009e-01
5.5264187867e+00   3.7411831006e-01
5.5420743640e+00   3.7430482674e-01
5.5577299413e+00   3.7449010685e-01
5.5733855186e+00   3.7467415704e-01
5.5890410959e+00   3.7485698399e-01
5.6046966732e+00   3.7503859435e-01
5.6203522505e+00   3.7521899474e-01
5.6360078278e+00   3.7539819180e-01
5.6516634051e+00   3.7557619212e-01
5.6673189824e+00   3.7575300228e-01
5.6829745597e+00   3.7592862886e-01
5.6986301370e+00   3.7610307842e-01
5.7142857143e+00   3.7627635748e-01
5.7299412916e+00   3.7644847257e-01
5.7455968689e+00   3.7661943019e-01
5.7612524462e+00   3.7678923682e-01
5.7769080235e+00   3.7695789893e-01
5.7925636008e+00   3.7712542298e-01
5.8082191781e+00   3.7729181538e-01
5.8238747554e+00   3.7745708255e-01
5.8395303327e+00   3.7762123089e-01
5.8551859100e+00   3.7778426677e-01
5.8708414873e+00   3.7794619654e-01
5.8864970646e+00   3.7810702653e-01
5.9021526419e+00   3.7826676307e-01
5.9178082192e+00   3.7842541245e-01
5.9334637965e+00   3.7858298095e-01
5.9491193738e+00   3.7873947482e-01
5.9647749511e+00   3.7889490029e-01
5.9804305284e+00   3.7904926358e-01
5.9960861057e+00   3.7920257090e-01
6.0117416830e+00   3.7935482840e-01
6.0273972603e+00   3.7950604224e-01
6.0430528376e+00   3.7965621855e-01
6.0587084149e+00   3.7980536345e-01
6.0743639922e+00   3.7995348301e-01
6.0900195695e+00   3.8010058332e-01
6.1056751468e+00   3.8024667041e-01
6.1213307241e+00   3.8039175030e-01
6.1369863014e+00   3.8053582900e-01
6.1526418787e+00   3.8067891248e-01
6.1682974560e+00   3.8082100670e-01
6.1839530333e+00   3.8096211761e-01
6.1996086106e+00   3.8110225109e-01
6.2152641879e+00   3.8124141306e-01
6.2309197652e+00   3.8137960936e-01
6.2465753425e+00   3.8151684586e-01
6.2622309198e+00   3.8165312836e-01
6.2778864971e+00   3.8178846266e-01
6.2935420744e+00   3.8192285454e-01
6.3091976517e+00   3.8205630974e-01
6.3248532290e+00   3.8218883401e-01
6.3405088063e+00   3.8232043303e-01
6.3561643836e+00   3.8245111250e-01
6.3718199609e+00   3.8258087806e-01
6.3874755382e+00   3.8270973536e-01
6.4031311155e+00   3.8283768999e-01
6.4187866928e+00   3.8296474755e-01
6.4344422701e+00   3.8309091361e-01
6.4500978474e+00   3.8321619369e-01
6.4657534247e+00   3.8334059331e-01
6.4814090020e+00   3.8346411796e-01
6.4970645793e+00   3.8358677311e-01
6.5127201566e+00   3.8370856420e-01
6.5283757339e+00   3.8382949665e-01
6.5440313112e+00   3.8394957585e-01
6.5596868885e+00   3.8406880717e-01
6.5753424658e+00   3.8418719596e-01
6.5909980431e+00   3.8430474753e-01
6.6066536204e+00   3.8442146719e-01
6.6223091977e+00   3.8453736020e-01
6.6379647750e+00   3.8465243182e-01
6.6536203523e+00   3.8476668726e-01
6.6692759295e+00   3.8488013173e-01
6.6849315068e+00   3.8499277039e-01
6.7005870841e+00   3.8510460841e-01
6.7162426614e+00   3.8521565090e-01
6.7318982387e+00   3.8532590296e-01
6.7475538160e+00   3.8543536967e-01
6.7632093933e+00   3.8554405609e-01
6.7788649706e+00   3.8565196724e-01
6.7945205479e+00   3.8575910812e-01
6.8101761252e+00   3.8586548372e-01
6.8258317025e+00   3.8597109897e-01
6.8414872798e+00   3.8607595882e-01
6.8571428571e+00   3.8618006817e-01
6.8727984344e+00   3.8628343190e-01
6.8884540117e+00   3.8638605487e-01
6.9041095890e+00   3.8648794189e-01
6.9197651663e+00   3.8658909779e-01
6.9354207436e+00   3.8668952735e-01
6.9510763209e+00   3.8678923531e-01
6.9667318982e+00   3.8688822642e-01
6.9823874755e+00   3.8698650539e-01
6.9980430528e+00   3.8708407689e-01
7.0136986301e+00   3.8718094559e-01
7.0293542074e+00   3.8727711613e-01
7.0450097847e+00   3.8737259311e-01
7.0606653620e+00   3.8746738113e-01
7.0763209393e+00   3.8756148475e-01
7.0919765166e+00   3.8765490850e-01
7.1076320939e+00   3.8774765690e-01
7.1232876712e+00   3.8783973445e-01
7.1389432485e+00   3.8793114560e-01
7.1545988258e+00   3.8802189480e-01
7.1702544031e+00   3.8811198648e-01
7.1859099804e+00   3.8820142502e-01
7.2015655577e+00   3.8829021479e-01
7.2172211350e+00   3.8837836015e-01
7.2328767123e+00   3.8846586541e-01
7.2485322896e+00   3.8855273488e-01
7.2641878669e+00   3.8863897283e-01
7.2798434442e+00   3.8872458351e-01
7.2954990215e+00   3.8880957116e-01
7.3111545988e+00   3.8889393997e-01
7.3268101761e+00   3.8897769413e-01
7.3424657534e+00   3.8906083780e-01
7.3581213307e+00   3.8914337511e-01
7.3737769080e+00   3.8922531017e-01
7.3894324853e+00   3.8930664707e-01
7.4050880626e+00   3.8938738988e-01
7.4207436399e+00   3.8946754263e-01
7.4363992172e+00   3.8954710935e-01
7.4520547945e+00   3.8962609403e-01
7.4677103718e+00   3.8970450065e-01
7.4833659491e+00   3.8978233316e-01
7.4990215264e+00   3.8985959547e-01
7.5146771037e+00   3.8993629150e-01
7.5303326810e+00   3.9001242513e-01
7.5459882583e+00   3.9008800022e-01
7.5616438356e+00   3.9016302060e-01
7.5772994129e+00   3.9023749009e-01
7.5929549902e+00   3.9031141249e-01
7.6086105675e+00   3.9038479155e-01
7.6242661448e+00   3.9045763103e-01
7.6399217221e+00   3.9052993465e-01
7.6555772994e+00   3.9060170611e-01
7.6712328767e+00   3.9067294910e-01
7.6868884540e+00   3.9074366728e-01
7.7025440313e+00   3.9081386428e-01
7.7181996086e+00   3.9088354372e-01
7.7338551859e+00   3.9095270919e-01
7.7495107632e+00   3.9102136427e-01
7.7651663405e+00   3.9108951250e-01
7.7808219178e+00   3.9115715741e-01
7.7964774951e+00   3.9122430251e-01
7.8121330724e+00   3.9129095130e-01
7.8277886497e+00   3.9135710722e-01
7.8434442270e+00   3.9142277374e-01
7.8590998043e+00   3.9148795426e-01
7.8747553816e+00   3.9155265220e-01
7.8904109589e+00   3.9161687093e-01
7.9060665362e+00   3.9168061381e-01
7.9217221135e+00   3.9174388419e-01
7.9373776908e+00   3.9180668538e-01
7.9530332681e+00   3.9186902068e-01
7.9686888454e+00   3.9193089337e-01
7.9843444227e+00   3.9199230671e-01
8.0000000000e+00   3.9205326393e-01
8.0000000000e+00   3.9205326393e-01
