X    Y
2.0000000000e-01   0.0000000000e+00
1.9999388596e-01   -1.5650082301e-03
1.9999372846e-01   -1.5850529718e-03
1.9999204317e-01   -1.7855312385e-03
1.9997195752e-01   -3.3544465576e-03
1.9993959566e-01   -4.9266925982e-03
1.9989493190e-01   -6.5021808463e-03
1.9983794124e-01   -8.0808224449e-03
1.9976859938e-01   -9.6625281991e-03
1.9968688273e-01   -1.1247208581e-02
1.9959276838e-01   -1.2834773735e-02
1.9948623414e-01   -1.4425133482e-02
1.9936725852e-01   -1.6018197325e-02
1.9923582073e-01   -1.7613874453e-02
1.9909190071e-01   -1.9212073749e-02
1.9893547910e-01   -2.0812703791e-02
1.9876653725e-01   -2.2415672858e-02
1.9858505725e-01   -2.4020888937e-02
1.9839102189e-01   -2.5628259726e-02
1.9818441470e-01   -2.7237692640e-02
1.9796521991e-01   -2.8849094813e-02
1.9773342249e-01   -3.0462373108e-02
1.9748900816e-01   -3.2077434118e-02
1.9723196333e-01   -3.3694184171e-02
1.9696227518e-01   -3.5312529337e-02
1.9667993161e-01   -3.6932375433e-02
1.9638492124e-01   -3.8553628023e-02
1.9607723347e-01   -4.0176192429e-02
1.9575685840e-01   -4.1799973733e-02
1.9542378689e-01   -4.3424876782e-02
1.9507801056e-01   -4.5050806193e-02
1.9471952174e-01   -4.6677666356e-02
1.9434831355e-01   -4.8305361443e-02
1.9396437982e-01   -4.9933795409e-02
1.9356771517e-01   -5.1562871998e-02
1.9315831494e-01   -5.3192494747e-02
1.9273617524e-01   -5.4822566995e-02
1.9230129294e-01   -5.6452991880e-02
1.9185366567e-01   -5.8083672350e-02
1.9139329179e-01   -5.9714511165e-02
1.9092017046e-01   -6.1345410905e-02
1.9043430158e-01   -6.2976273968e-02
1.8993568583e-01   -6.4607002581e-02
1.8942432462e-01   -6.6237498803e-02
1.8890022017e-01   -6.7867664528e-02
1.8836337544e-01   -6.9497401491e-02
1.8781379416e-01   -7.1126611271e-02
1.8725148085e-01   -7.2755195299e-02
1.8667644077e-01   -7.4383054860e-02
1.8608867999e-01   -7.6010091097e-02
1.8548820531e-01   -7.7636205017e-02
1.8487502434e-01   -7.9261297496e-02
1.8424914544e-01   -8.0885269282e-02
1.8361057778e-01   -8.2508021001e-02
1.8295933126e-01   -8.4129453159e-02
1.8229541660e-01   -8.5749466150e-02
1.8161884527e-01   -8.7367960258e-02
1.8092962955e-01   -8.8984835663e-02
1.8022778246e-01   -9.0599992443e-02
1.7951331784e-01   -9.2213330583e-02
1.7878625030e-01   -9.3824749973e-02
1.7804659521e-01   -9.5434150419e-02
1.7729436876e-01   -9.7041431644e-02
1.7652958789e-01   -9.8646493290e-02
1.7575227036e-01   -1.0024923493e-01
1.7574224441e-01   -1.0026972454e-01
1.7564187225e-01   -1.0047459879e-01
1.7485027641e-01   -1.0207457121e-01
1.7404618453e-01   -1.0367200840e-01
1.7322961681e-01   -1.0526680974e-01
1.7240059425e-01   -1.0685887453e-01
1.7155913862e-01   -1.0844810203e-01
1.7070527251e-01   -1.1003439146e-01
1.6983901927e-01   -1.1161764199e-01
1.6896040304e-01   -1.1319775276e-01
1.6806944877e-01   -1.1477462285e-01
1.6716618218e-01   -1.1634815135e-01
1.6625062978e-01   -1.1791823729e-01
1.6532281887e-01   -1.1948477971e-01
1.6438277755e-01   -1.2104767760e-01
1.6343053469e-01   -1.2260682997e-01
1.6246611998e-01   -1.2416213581e-01
1.6148956386e-01   -1.2571349408e-01
1.6050089759e-01   -1.2726080380e-01
1.5950015322e-01   -1.2880396393e-01
1.5848736356e-01   -1.3034287349e-01
1.5746256223e-01   -1.3187743148e-01
1.5642578365e-01   -1.3340753694e-01
1.5537706302e-01   -1.3493308892e-01
1.5431643630e-01   -1.3645398650e-01
1.5324394030e-01   -1.3797012880e-01
1.5215961255e-01   -1.3948141495e-01
1.5106349142e-01   -1.4098774416e-01
1.4995561605e-01   -1.4248901565e-01
1.4883602636e-01   -1.4398512869e-01
1.4770476306e-01   -1.4547598263e-01
1.4656186766e-01   -1.4696147686e-01
1.4540738244e-01   -1.4844151082e-01
1.4424135047e-01   -1.4991598403e-01
1.4306381561e-01   -1.5138479608e-01
1.4187482250e-01   -1.5284784664e-01
1.4067441657e-01   -1.5430503544e-01
1.3946264403e-01   -1.5575626232e-01
1.3823955186e-01   -1.5720142719e-01
1.3700518784e-01   -1.5864043006e-01
1.3575960053e-01   -1.6007317103e-01
1.3450283926e-01   -1.6149955031e-01
1.3323495415e-01   -1.6291946821e-01
1.3195599608e-01   -1.6433282516e-01
1.3066601674e-01   -1.6573952169e-01
1.2936506856e-01   -1.6713945847e-01
1.2805320477e-01   -1.6853253629e-01
1.2673047938e-01   -1.6991865604e-01
1.2539694715e-01   -1.7129771879e-01
1.2405266363e-01   -1.7266962572e-01
1.2269768514e-01   -1.7403427815e-01
1.2133206877e-01   -1.7539157758e-01
1.1995587237e-01   -1.7674142562e-01
1.1856915457e-01   -1.7808372407e-01
1.1717197477e-01   -1.7941837488e-01
1.1576439312e-01   -1.8074528017e-01
1.1574631775e-01   -1.8076220566e-01
1.1556547094e-01   -1.8093138990e-01
1.1414609801e-01   -1.8224934034e-01
1.1271645459e-01   -1.8355933630e-01
1.1127660323e-01   -1.8486128048e-01
1.0982660725e-01   -1.8615507572e-01
1.0836653071e-01   -1.8744062509e-01
1.0689643846e-01   -1.8871783184e-01
1.0541639607e-01   -1.8998659944e-01
1.0392646989e-01   -1.9124683154e-01
1.0242672701e-01   -1.9249843204e-01
1.0091723527e-01   -1.9374130502e-01
9.9398063255e-02   -1.9497535482e-01
9.7869280313e-02   -1.9620048597e-01
9.6330956524e-02   -1.9741660328e-01
9.4783162715e-02   -1.9862361176e-01
9.3225970452e-02   -1.9982141669e-01
9.1659452043e-02   -2.0100992358e-01
9.0083680534e-02   -2.0218903822e-01
8.8498729703e-02   -2.0335866664e-01
8.6904674066e-02   -2.0451871516e-01
8.5301588866e-02   -2.0566909034e-01
8.3689550078e-02   -2.0680969906e-01
8.2068634402e-02   -2.0794044844e-01
8.0438919265e-02   -2.0906124592e-01
7.8800482815e-02   -2.1017199923e-01
7.7153403918e-02   -2.1127261639e-01
7.5497762162e-02   -2.1236300574e-01
7.3833637847e-02   -2.1344307594e-01
7.2161111987e-02   -2.1451273594e-01
7.0480266305e-02   -2.1557189504e-01
6.8791183235e-02   -2.1662046287e-01
6.7093945912e-02   -2.1765834939e-01
6.5388638176e-02   -2.1868546491e-01
6.3675344566e-02   -2.1970172007e-01
6.1954150318e-02   -2.2070702590e-01
6.0225141362e-02   -2.2170129376e-01
5.8488404319e-02   -2.2268443540e-01
5.6744026499e-02   -2.2365636293e-01
5.4992095898e-02   -2.2461698886e-01
5.3232701192e-02   -2.2556622607e-01
5.1465931739e-02   -2.2650398785e-01
4.9691877573e-02   -2.2743018788e-01
4.7910629399e-02   -2.2834474024e-01
4.6122278593e-02   -2.2924755946e-01
4.4326917199e-02   -2.3013856044e-01
4.2524637923e-02   -2.3101765856e-01
4.0715534130e-02   -2.3188476960e-01
3.8899699843e-02   -2.3273980979e-01
3.7077229738e-02   -2.3358269581e-01
3.5248219139e-02   -2.3441334480e-01
3.3412764017e-02   -2.3523167437e-01
3.1570960986e-02   -2.3603760258e-01
3.1547356714e-02   -2.3604783273e-01
3.1311257770e-02   -2.3615002176e-01
2.9462332260e-02   -2.3694170393e-01
2.7607267805e-02   -2.3772081096e-01
2.5746163010e-02   -2.3848726246e-01
2.3879117108e-02   -2.3924097851e-01
2.2006229954e-02   -2.3998187972e-01
2.0127602021e-02   -2.4070988719e-01
1.8243334397e-02   -2.4142492258e-01
1.6353528780e-02   -2.4212690804e-01
1.4458287477e-02   -2.4281576627e-01
1.2557713392e-02   -2.4349142054e-01
1.0651910032e-02   -2.4415379463e-01
8.7409814935e-03   -2.4480281291e-01
6.8250324640e-03   -2.4543840031e-01
4.9041682150e-03   -2.4606048232e-01
2.9784945981e-03   -2.4666898505e-01
1.0481180403e-03   -2.4726383516e-01
-8.8685446056e-04   -2.4784495993e-01
-2.8263153407e-03   -2.4841228723e-01
-4.7701564750e-03   -2.4896574558e-01
-6.7182691818e-03   -2.4950526409e-01
-8.6705442279e-03   -2.5003077250e-01
-1.0626871833e-02   -2.5054220120e-01
-1.2587141677e-02   -2.5103948123e-01
-1.4551242901e-02   -2.5152254427e-01
-1.6519064116e-02   -2.5199132268e-01
-1.8490493406e-02   -2.5244574947e-01
-2.0465418335e-02   -2.5288575835e-01
-2.2443725952e-02   -2.5331128370e-01
-2.4425302794e-02   -2.5372226059e-01
-2.6410034894e-02   -2.5411862483e-01
-2.8397807787e-02   -2.5450031289e-01
-3.0388506513e-02   -2.5486726199e-01
-3.2382015625e-02   -2.5521941008e-01
-3.4378219194e-02   -2.5555669583e-01
-3.6377000812e-02   -2.5587905867e-01
-3.8378243605e-02   -2.5618643878e-01
-4.0381830230e-02   -2.5647877708e-01
-4.2387642888e-02   -2.5675601528e-01
-4.4395563326e-02   -2.5701809586e-01
-4.6405472846e-02   -2.5726496210e-01
-4.8417252308e-02   -2.5749655805e-01
-5.0430782138e-02   -2.5771282857e-01
-5.2445942337e-02   -2.5791371935e-01
-5.4462612480e-02   -2.5809917688e-01
-5.6480671730e-02   -2.5826914846e-01
-5.8499998841e-02   -2.5842358227e-01
-6.0520472166e-02   -2.5856242730e-01
-6.2541969660e-02   -2.5868563339e-01
-6.4564368892e-02   -2.5879315127e-01
-6.6587547047e-02   -2.5888493250e-01
-6.6613435594e-02   -2.5888600457e-01
-6.6872326909e-02   -2.5889658310e-01
-6.8896243173e-02   -2.5897035506e-01
-7.0920674196e-02   -2.5902828968e-01
-7.2945496011e-02   -2.5907034131e-01
-7.4970584296e-02   -2.5909646522e-01
-7.6995814382e-02   -2.5910661759e-01
-7.9021061263e-02   -2.5910075549e-01
-8.1046199600e-02   -2.5907883695e-01
-8.3071103730e-02   -2.5904082090e-01
-8.5095647671e-02   -2.5898666725e-01
-8.7119705135e-02   -2.5891633684e-01
-8.9143149527e-02   -2.5882979146e-01
-9.1165853961e-02   -2.5872699387e-01
-9.3187691262e-02   -2.5860790782e-01
-9.5208533976e-02   -2.5847249801e-01
-9.7228254376e-02   -2.5832073017e-01
-9.9246724471e-02   -2.5815257098e-01
-1.0126381602e-01   -2.5796798816e-01
-1.0327940052e-01   -2.5776695043e-01
-1.0529334923e-01   -2.5754942751e-01
-1.0730553320e-01   -2.5731539018e-01
-1.0931582322e-01   -2.5706481022e-01
-1.1132408989e-01   -2.5679766048e-01
-1.1333020360e-01   -2.5651391483e-01
-1.1533403451e-01   -2.5621354822e-01
-1.1733545263e-01   -2.5589653664e-01
-1.1933432776e-01   -2.5556285715e-01
-1.2133052953e-01   -2.5521248791e-01
-1.2332392741e-01   -2.5484540813e-01
-1.2531439071e-01   -2.5446159813e-01
-1.2730178858e-01   -2.5406103932e-01
-1.2928599004e-01   -2.5364371421e-01
-1.3126686398e-01   -2.5320960640e-01
-1.3324427916e-01   -2.5275870064e-01
-1.3521810421e-01   -2.5229098278e-01
-1.3718820769e-01   -2.5180643979e-01
-1.3915445804e-01   -2.5130505978e-01
-1.4111672360e-01   -2.5078683200e-01
-1.4307487265e-01   -2.5025174684e-01
-1.4502877340e-01   -2.4969979584e-01
-1.4697829399e-01   -2.4913097170e-01
-1.4892330250e-01   -2.4854526827e-01
-1.5086366699e-01   -2.4794268057e-01
-1.5279925546e-01   -2.4732320480e-01
-1.5472993591e-01   -2.4668683831e-01
-1.5665557629e-01   -2.4603357967e-01
-1.5857604458e-01   -2.4536342858e-01
-1.6049120874e-01   -2.4467638599e-01
-1.6240093675e-01   -2.4397245400e-01
-1.6430509661e-01   -2.4325163593e-01
-1.6620355635e-01   -2.4251393628e-01
-1.6622780726e-01   -2.4250438899e-01
-1.6647026386e-01   -2.4240876415e-01
-1.6836206021e-01   -2.4165181423e-01
-1.7024787407e-01   -2.4087799648e-01
-1.7212757363e-01   -2.4008731920e-01
-1.7400102715e-01   -2.3927979194e-01
-1.7586810296e-01   -2.3845542545e-01
-1.7772866949e-01   -2.3761423172e-01
-1.7958259526e-01   -2.3675622396e-01
-1.8142974890e-01   -2.3588141661e-01
-1.8326999917e-01   -2.3498982534e-01
-1.8510321495e-01   -2.3408146707e-01
-1.8692926523e-01   -2.3315635996e-01
-1.8874801919e-01   -2.3221452339e-01
-1.9055934615e-01   -2.3125597800e-01
-1.9236311558e-01   -2.3028074568e-01
-1.9415919714e-01   -2.2928884955e-01
-1.9594746069e-01   -2.2828031399e-01
-1.9772777625e-01   -2.2725516464e-01
-1.9950001409e-01   -2.2621342838e-01
-2.0126404464e-01   -2.2515513333e-01
-2.0301973861e-01   -2.2408030890e-01
-2.0476696692e-01   -2.2298898571e-01
-2.0650560072e-01   -2.2188119568e-01
-2.0823551143e-01   -2.2075697196e-01
-2.0995657074e-01   -2.1961634896e-01
-2.1166865060e-01   -2.1845936235e-01
-2.1337162326e-01   -2.1728604906e-01
-2.1506536125e-01   -2.1609644726e-01
-2.1674973741e-01   -2.1489059639e-01
-2.1842462488e-01   -2.1366853715e-01
-2.2008989714e-01   -2.1243031149e-01
-2.2174542799e-01   -2.1117596260e-01
-2.2339109159e-01   -2.0990553494e-01
-2.2502676244e-01   -2.0861907420e-01
-2.2665231539e-01   -2.0731662736e-01
-2.2826762569e-01   -2.0599824260e-01
-2.2987256894e-01   -2.0466396937e-01
-2.3146702117e-01   -2.0331385838e-01
-2.3305085877e-01   -2.0194796154e-01
-2.3462395857e-01   -2.0056633204e-01
-2.3618619781e-01   -1.9916902429e-01
-2.3773745415e-01   -1.9775609393e-01
-2.3927760572e-01   -1.9632759783e-01
-2.4080653106e-01   -1.9488359410e-01
-2.4232410920e-01   -1.9342414208e-01
-2.4383021962e-01   -1.9194930230e-01
-2.4532474229e-01   -1.9045913655e-01
-2.4680755766e-01   -1.8895370779e-01
-2.4827854668e-01   -1.8743308023e-01
-2.4973759080e-01   -1.8589731927e-01
-2.4975617955e-01   -1.8587757337e-01
-2.4994195835e-01   -1.8567997877e-01
-2.5138723248e-01   -1.8412703604e-01
-2.5282030969e-01   -1.8255910394e-01
-2.5424107310e-01   -1.8097625162e-01
-2.5564940635e-01   -1.7937854943e-01
-2.5704519365e-01   -1.7776606889e-01
-2.5842831977e-01   -1.7613888271e-01
-2.5979867006e-01   -1.7449706476e-01
-2.6115613044e-01   -1.7284069007e-01
-2.6250058743e-01   -1.7116983486e-01
-2.6383192814e-01   -1.6948457646e-01
-2.6515004031e-01   -1.6778499339e-01
-2.6645481227e-01   -1.6607116529e-01
-2.6774613300e-01   -1.6434317293e-01
-2.6902389211e-01   -1.6260109823e-01
-2.7028797984e-01   -1.6084502421e-01
-2.7153828711e-01   -1.5907503503e-01
-2.7277470547e-01   -1.5729121594e-01
-2.7399712717e-01   -1.5549365330e-01
-2.7520544512e-01   -1.5368243456e-01
-2.7639955294e-01   -1.5185764827e-01
-2.7757934491e-01   -1.5001938403e-01
-2.7874471605e-01   -1.4816773255e-01
-2.7989556207e-01   -1.4630278559e-01
-2.8103177942e-01   -1.4442463595e-01
-2.8215326527e-01   -1.4253337749e-01
-2.8325991751e-01   -1.4062910513e-01
-2.8435163482e-01   -1.3871191479e-01
-2.8542831658e-01   -1.3678190344e-01
-2.8648986298e-01   -1.3483916905e-01
-2.8753617495e-01   -1.3288381059e-01
-2.8856715421e-01   -1.3091592806e-01
-2.8958270326e-01   -1.2893562242e-01
-2.9058272539e-01   -1.2694299561e-01
-2.9156712470e-01   -1.2493815056e-01
-2.9253580610e-01   -1.2292119115e-01
-2.9348867529e-01   -1.2089222222e-01
-2.9442563884e-01   -1.1885134954e-01
-2.9534660410e-01   -1.1679867983e-01
-2.9625147929e-01   -1.1473432074e-01
-2.9714017347e-01   -1.1265838080e-01
-2.9801259654e-01   -1.1057096948e-01
-2.9886865927e-01   -1.0847219715e-01
-2.9970827329e-01   -1.0636217503e-01
-3.0053135111e-01   -1.0424101525e-01
-3.0133780612e-01   -1.0210883079e-01
-3.0212755257e-01   -9.9965735491e-02
-3.0213754777e-01   -9.9938247075e-02
-3.0223734854e-01   -9.9663265776e-02
-3.0300793151e-01   -9.7507864225e-02
-3.0376162543e-01   -9.5341798370e-02
-3.0449834739e-01   -9.3165184677e-02
-3.0521801540e-01   -9.0978140424e-02
-3.0592054841e-01   -8.8780783694e-02
-3.0660586626e-01   -8.6573233365e-02
-3.0727388976e-01   -8.4355609097e-02
-3.0792454062e-01   -8.2128031324e-02
-3.0855774152e-01   -7.9890621242e-02
-3.0917341609e-01   -7.7643500801e-02
-3.0977148890e-01   -7.5386792690e-02
-3.1035188550e-01   -7.3120620333e-02
-3.1091453240e-01   -7.0845107872e-02
-3.1145935707e-01   -6.8560380161e-02
-3.1198628799e-01   -6.6266562753e-02
-3.1249525458e-01   -6.3963781891e-02
-3.1298618730e-01   -6.1652164496e-02
-3.1345901756e-01   -5.9331838158e-02
-3.1391367780e-01   -5.7002931126e-02
-3.1435010145e-01   -5.4665572293e-02
-3.1476822295e-01   -5.2319891192e-02
-3.1516797777e-01   -4.9966017980e-02
-3.1554930238e-01   -4.7604083433e-02
-3.1591213428e-01   -4.5234218928e-02
-3.1625641201e-01   -4.2856556441e-02
-3.1658207513e-01   -4.0471228531e-02
-3.1688906425e-01   -3.8078368329e-02
-3.1717732102e-01   -3.5678109534e-02
-3.1744678812e-01   -3.3270586395e-02
-3.1769740931e-01   -3.0855933706e-02
-3.1792912939e-01   -2.8434286794e-02
-3.1814189422e-01   -2.6005781509e-02
-3.1833565072e-01   -2.3570554213e-02
-3.1851034689e-01   -2.1128741772e-02
-3.1866593179e-01   -1.8680481542e-02
-3.1880235556e-01   -1.6225911365e-02
-3.1891956943e-01   -1.3765169553e-02
-3.1901752569e-01   -1.1298394883e-02
-3.1909617773e-01   -8.8257265848e-03
-3.1915548004e-01   -6.3473043306e-03
-3.1919538819e-01   -3.8632682275e-03
-3.1921585884e-01   -1.3737588063e-03
-3.1921599462e-01   -1.3418737973e-03
-3.1921717705e-01   -1.0229757679e-03
-3.1921542324e-01   1.4726051201e-03
-3.1919414288e-01   3.9733571047e-03
-3.1915329611e-01   6.4791383836e-03
-3.1909284416e-01   8.9898067693e-03
-3.1901274939e-01   1.1505219698e-02
-3.1891297529e-01   1.4025234238e-02
-3.1879348644e-01   1.6549707099e-02
-3.1865424855e-01   1.9078494644e-02
-3.1849522846e-01   2.1611452892e-02
-3.1831639414e-01   2.4148437531e-02
-3.1811771468e-01   2.6689303928e-02
-3.1789916031e-01   2.9233907132e-02
-3.1766070238e-01   3.1782101887e-02
-3.1740231339e-01   3.4333742639e-02
-3.1712396698e-01   3.6888683544e-02
-3.1682563792e-01   3.9446778477e-02
-3.1650730213e-01   4.2007881036e-02
-3.1616893667e-01   4.4571844558e-02
-3.1581051976e-01   4.7138522117e-02
-3.1543203076e-01   4.9707766540e-02
-3.1503345018e-01   5.2279430408e-02
-3.1461475969e-01   5.4853366070e-02
-3.1417594210e-01   5.7429425644e-02
-3.1371698140e-01   6.0007461028e-02
-3.1323786272e-01   6.2587323906e-02
-3.1273857235e-01   6.5168865756e-02
-3.1221909776e-01   6.7751937853e-02
-3.1167942756e-01   7.0336391282e-02
-3.1111955155e-01   7.2922076941e-02
-3.1053946067e-01   7.5508845546e-02
-3.0993914704e-01   7.8096547640e-02
-3.0931860395e-01   8.0685033599e-02
-3.0867782586e-01   8.3274153639e-02
-3.0801680839e-01   8.5863757817e-02
-3.0733554836e-01   8.8453696044e-02
-3.0663404374e-01   9.1043818087e-02
-3.0591229367e-01   9.3633973574e-02
-3.0517029849e-01   9.6224012003e-02
-3.0440805969e-01   9.8813782742e-02
-3.0439817665e-01   9.8846913231e-02
-3.0429916409e-01   9.9178214295e-02
-3.0351383611e-01   1.0176749560e-01
-3.0270827171e-01   1.0435618635e-01
-3.0188247607e-01   1.0694413556e-01
-3.0103645560e-01   1.0953119213e-01
-3.0017021785e-01   1.1211720485e-01
-2.9928377158e-01   1.1470202244e-01
-2.9837712672e-01   1.1728549351e-01
-2.9745029439e-01   1.1986746657e-01
-2.9650328689e-01   1.2244779009e-01
-2.9553611771e-01   1.2502631241e-01
-2.9454880151e-01   1.2760288185e-01
-2.9354135415e-01   1.3017734663e-01
-2.9251379269e-01   1.3274955489e-01
-2.9146613534e-01   1.3531935475e-01
-2.9039840153e-01   1.3788659423e-01
-2.8931061187e-01   1.4045112133e-01
-2.8820278814e-01   1.4301278399e-01
-2.8707495334e-01   1.4557143009e-01
-2.8592713164e-01   1.4812690747e-01
-2.8475934839e-01   1.5067906395e-01
-2.8357163016e-01   1.5322774729e-01
-2.8236400468e-01   1.5577280523e-01
-2.8113650089e-01   1.5831408547e-01
-2.7988914891e-01   1.6085143569e-01
-2.7862198004e-01   1.6338470355e-01
-2.7733502681e-01   1.6591373667e-01
-2.7602832290e-01   1.6843838266e-01
-2.7470190320e-01   1.7095848913e-01
-2.7335580379e-01   1.7347390365e-01
-2.7199006193e-01   1.7598447380e-01
-2.7060471609e-01   1.7849004713e-01
-2.6919980592e-01   1.8099047121e-01
-2.6777537227e-01   1.8348559359e-01
-2.6633145716e-01   1.8597526181e-01
-2.6486810384e-01   1.8845932343e-01
-2.6338535671e-01   1.9093762601e-01
-2.6336626136e-01   1.9096929482e-01
-2.6317513374e-01   1.9128592963e-01
-2.6167031925e-01   1.9375747655e-01
-2.6014621005e-01   1.9622293810e-01
-2.5860285430e-01   1.9868216186e-01
-2.5704030136e-01   2.0113499542e-01
-2.5545860176e-01   2.0358128637e-01
-2.5385780724e-01   2.0602088234e-01
-2.5223797073e-01   2.0845363097e-01
-2.5059914634e-01   2.1087937991e-01
-2.4894138938e-01   2.1329797683e-01
-2.4726475635e-01   2.1570926945e-01
-2.4556930494e-01   2.1811310547e-01
-2.4385509402e-01   2.2050933267e-01
-2.4212218366e-01   2.2289779881e-01
-2.4037063513e-01   2.2527835171e-01
-2.3860051086e-01   2.2765083922e-01
-2.3681187449e-01   2.3001510922e-01
-2.3500479085e-01   2.3237100962e-01
-2.3317932595e-01   2.3471838838e-01
-2.3133554699e-01   2.3705709348e-01
-2.2947352237e-01   2.3938697298e-01
-2.2759332166e-01   2.4170787494e-01
-2.2569501563e-01   2.4401964751e-01
-2.2377867622e-01   2.4632213884e-01
-2.2184437658e-01   2.4861519717e-01
-2.1989219103e-01   2.5089867078e-01
-2.1792219507e-01   2.5317240799e-01
-2.1593446542e-01   2.5543625721e-01
-2.1392907994e-01   2.5769006686e-01
-2.1190611770e-01   2.5993368547e-01
-2.0986565894e-01   2.6216696161e-01
-2.0780778511e-01   2.6438974391e-01
-2.0573257881e-01   2.6660188108e-01
-2.0364012384e-01   2.6880322190e-01
-2.0153050518e-01   2.7099361523e-01
-2.0150340442e-01   2.7102156699e-01
-2.0123224313e-01   2.7130098463e-01
-1.9910315058e-01   2.7347870535e-01
-1.9695708023e-01   2.7564515527e-01
-1.9479412076e-01   2.7780018349e-01
-1.9261436203e-01   2.7994363919e-01
-1.9041789510e-01   2.8207537166e-01
-1.8820481217e-01   2.8419523027e-01
-1.8597520666e-01   2.8630306447e-01
-1.8372917312e-01   2.8839872383e-01
-1.8146680733e-01   2.9048205803e-01
-1.7918820619e-01   2.9255291682e-01
-1.7689346780e-01   2.9461115010e-01
-1.7458269145e-01   2.9665660786e-01
-1.7225597757e-01   2.9868914021e-01
-1.6991342777e-01   3.0070859739e-01
-1.6755514484e-01   3.0271482977e-01
-1.6518123274e-01   3.0470768783e-01
-1.6279179659e-01   3.0668702221e-01
-1.6038694266e-01   3.0865268368e-01
-1.5796677843e-01   3.1060452316e-01
-1.5553141251e-01   3.1254239170e-01
-1.5308095468e-01   3.1446614054e-01
-1.5061551588e-01   3.1637562106e-01
-1.4813520822e-01   3.1827068481e-01
-1.4564014498e-01   3.2015118351e-01
-1.4313044056e-01   3.2201696907e-01
-1.4060621056e-01   3.2386789357e-01
-1.3806757171e-01   3.2570380929e-01
-1.3551464189e-01   3.2752456870e-01
-1.3294754016e-01   3.2933002449e-01
-1.3036638670e-01   3.3112002954e-01
-1.2777130286e-01   3.3289443697e-01
-1.2516241112e-01   3.3465310011e-01
-1.2253983512e-01   3.3639587253e-01
-1.2250619443e-01   3.3641806554e-01
-1.2216966545e-01   3.3663985117e-01
-1.1953163181e-01   3.3836431806e-01
-1.1688018242e-01   3.4007258158e-01
-1.1421544450e-01   3.4176449607e-01
-1.1153754641e-01   3.4343991616e-01
-1.0884661764e-01   3.4509869672e-01
-1.0614278882e-01   3.4674069295e-01
-1.0342619171e-01   3.4836576031e-01
-1.0069695918e-01   3.4997375456e-01
-9.7955225261e-02   3.5156453178e-01
-9.5201125073e-02   3.5313794838e-01
-9.2434794877e-02   3.5469386110e-01
-8.9656372049e-02   3.5623212699e-01
-8.6865995079e-02   3.5775260349e-01
-8.4063803571e-02   3.5925514838e-01
-8.1249938237e-02   3.6073961981e-01
-7.8424540899e-02   3.6220587634e-01
-7.5587754483e-02   3.6365377690e-01
-7.2739723014e-02   3.6508318082e-01
-6.9880591616e-02   3.6649394788e-01
-6.7010506507e-02   3.6788593826e-01
-6.4129614997e-02   3.6925901260e-01
-6.1238065483e-02   3.7061303198e-01
-5.8336007445e-02   3.7194785797e-01
-5.5423591445e-02   3.7326335260e-01
-5.2500969121e-02   3.7455937839e-01
-4.9568293182e-02   3.7583579840e-01
-4.6625717408e-02   3.7709247617e-01
-4.3673396641e-02   3.7832927581e-01
-4.0711486784e-02   3.7954606196e-01
-3.7740144796e-02   3.8074269981e-01
-3.4759528689e-02   3.8191905517e-01
-3.1769797518e-02   3.8307499440e-01
-3.1731489286e-02   3.8308965035e-01
-3.1348326420e-02   3.8323602478e-01
-2.8348392952e-02   3.8436851232e-01
-2.5339688416e-02   3.8548029976e-01
-2.2322375126e-02   3.8657125542e-01
-1.9296616422e-02   3.8764124832e-01
-1.6262576665e-02   3.8869014811e-01
-1.3220421233e-02   3.8971782516e-01
-1.0170316514e-02   3.9072415054e-01
-7.1124299008e-03   3.9170899603e-01
-4.0469297855e-03   3.9267223416e-01
-9.7398555400e-04   3.9361373822e-01
2.1062324207e-03   3.9453338227e-01
5.1935527842e-03   3.9543104116e-01
8.2878032070e-03   3.9630659055e-01
1.1388810391e-02   3.9715990694e-01
1.4496400076e-02   3.9799086766e-01
1.7610397047e-02   3.9879935091e-01
2.0730625139e-02   3.9958523578e-01
2.3856907248e-02   4.0034840226e-01
2.6989065331e-02   4.0108873126e-01
3.0126920423e-02   4.0180610462e-01
3.3270292636e-02   4.0250040516e-01
3.6419001170e-02   4.0317151667e-01
3.9572864323e-02   4.0381932393e-01
4.2731699493e-02   4.0444371275e-01
4.5895323193e-02   4.0504456999e-01
4.9063551052e-02   4.0562178354e-01
5.2236197829e-02   4.0617524240e-01
5.5413077421e-02   4.0670483665e-01
5.8594002868e-02   4.0721045750e-01
6.1778786365e-02   4.0769199732e-01
6.4967239270e-02   4.0814934959e-01
6.8159172112e-02   4.0858240904e-01
6.8200030622e-02   4.0858779166e-01
6.8608645251e-02   4.0864139812e-01
7.1804315380e-02   4.0904661894e-01
7.5003057104e-02   4.0942732558e-01
7.8204678416e-02   4.0978341661e-01
8.1408986519e-02   4.1011479184e-01
8.4615787841e-02   4.1042135240e-01
8.7824888039e-02   4.1070300073e-01
9.1036092015e-02   4.1095964060e-01
9.4249203924e-02   4.1119117714e-01
9.7464027182e-02   4.1139751688e-01
1.0068036448e-01   4.1157856772e-01
1.0389801781e-01   4.1173423901e-01
1.0711678843e-01   4.1186444154e-01
1.1033647693e-01   4.1196908756e-01
1.1355688322e-01   4.1204809083e-01
1.1677780653e-01   4.1210136660e-01
1.1999904545e-01   4.1212883168e-01
1.2322039790e-01   4.1213040440e-01
1.2644166119e-01   4.1210600471e-01
1.2966263200e-01   4.1205555413e-01
1.3288310641e-01   4.1197897581e-01
1.3610287991e-01   4.1187619456e-01
1.3932174739e-01   4.1174713684e-01
1.4253950319e-01   4.1159173079e-01
1.4575594109e-01   4.1140990629e-01
1.4897085431e-01   4.1120159491e-01
1.5218403557e-01   4.1096673000e-01
1.5539527707e-01   4.1070524668e-01
1.5860437050e-01   4.1041708187e-01
1.6181110706e-01   4.1010217428e-01
1.6501527750e-01   4.0976046448e-01
1.6821667209e-01   4.0939189489e-01
1.6825761104e-01   4.0938700524e-01
1.6866697351e-01   4.0933786643e-01
1.7186494497e-01   4.0893858915e-01
1.7505969016e-01   4.0851233516e-01
1.7825099801e-01   4.0805905285e-01
1.8143865707e-01   4.0757869256e-01
1.8462245550e-01   4.0707120659e-01
1.8780218110e-01   4.0653654919e-01
1.9097762132e-01   4.0597467666e-01
1.9414856326e-01   4.0538554728e-01
1.9731479373e-01   4.0476912140e-01
2.0047609922e-01   4.0412536140e-01
2.0363226593e-01   4.0345423176e-01
2.0678307981e-01   4.0275569904e-01
2.0992832654e-01   4.0202973192e-01
2.1306779156e-01   4.0127630121e-01
2.1620126011e-01   4.0049537986e-01
2.1932851721e-01   3.9968694300e-01
2.2244934770e-01   3.9885096792e-01
2.2556353626e-01   3.9798743411e-01
2.2867086740e-01   3.9709632331e-01
2.3177112550e-01   3.9617761944e-01
2.3486409484e-01   3.9523130869e-01
2.3794955959e-01   3.9425737952e-01
2.4102730383e-01   3.9325582263e-01
2.4409711159e-01   3.9222663104e-01
2.4715876684e-01   3.9116980005e-01
2.5021205354e-01   3.9008532730e-01
2.5325675563e-01   3.8897321274e-01
2.5629265706e-01   3.8783345867e-01
2.5931954180e-01   3.8666606972e-01
2.6233719388e-01   3.8547105292e-01
2.6534539739e-01   3.8424841766e-01
2.6538382144e-01   3.8423259668e-01
2.6576797485e-01   3.8407413843e-01
2.6876513655e-01   3.8282001242e-01
2.7175238777e-01   3.8153829609e-01
2.7472951291e-01   3.8022900634e-01
2.7769629653e-01   3.7889216252e-01
2.8065252335e-01   3.7752778637e-01
2.8359797824e-01   3.7613590210e-01
2.8653244631e-01   3.7471653635e-01
2.8945571285e-01   3.7326971819e-01
2.9236756342e-01   3.7179547918e-01
2.9526778382e-01   3.7029385331e-01
2.9815616012e-01   3.6876487705e-01
3.0103247869e-01   3.6720858936e-01
3.0389652623e-01   3.6562503165e-01
3.0674808974e-01   3.6401424782e-01
3.0958695660e-01   3.6237628426e-01
3.1241291455e-01   3.6071118985e-01
3.1522575174e-01   3.5901901595e-01
3.1802525670e-01   3.5729981641e-01
3.2081121841e-01   3.5555364760e-01
3.2358342631e-01   3.5378056834e-01
3.2634167029e-01   3.5198063999e-01
3.2908574074e-01   3.5015392636e-01
3.3181542854e-01   3.4830049378e-01
3.3453052514e-01   3.4642041107e-01
3.3723082249e-01   3.4451374951e-01
3.3991611313e-01   3.4258058291e-01
3.4258619019e-01   3.4062098753e-01
3.4524084741e-01   3.3863504210e-01
3.4787987913e-01   3.3662282786e-01
3.5050308035e-01   3.3458442849e-01
3.5311024675e-01   3.3251993013e-01
3.5314349741e-01   3.3249334874e-01
3.5347585777e-01   3.3222730081e-01
3.5606448411e-01   3.3013313885e-01
3.5863664051e-01   3.2801307057e-01
3.6119212485e-01   3.2586718980e-01
3.6373073574e-01   3.2369559281e-01
3.6625227255e-01   3.2149837830e-01
3.6875653545e-01   3.1927564736e-01
3.7124332540e-01   3.1702750351e-01
3.7371244417e-01   3.1475405263e-01
3.7616369437e-01   3.1245540302e-01
3.7859687948e-01   3.1013166532e-01
3.8101180384e-01   3.0778295253e-01
3.8340827269e-01   3.0540938001e-01
3.8578609217e-01   3.0301106543e-01
3.8814506936e-01   3.0058812880e-01
3.9048501228e-01   2.9814069242e-01
3.9280572991e-01   2.9566888087e-01
3.9510703224e-01   2.9317282100e-01
3.9738873022e-01   2.9065264194e-01
3.9965063586e-01   2.8810847504e-01
4.0189256216e-01   2.8554045385e-01
4.0411432322e-01   2.8294871417e-01
4.0631573416e-01   2.8033339395e-01
4.0849661124e-01   2.7769463331e-01
4.1065677178e-01   2.7503257452e-01
4.1279603425e-01   2.7234736199e-01
4.1491421823e-01   2.6963914221e-01
4.1701114448e-01   2.6690806379e-01
4.1908663491e-01   2.6415427737e-01
4.2114051262e-01   2.6137793565e-01
4.2317260192e-01   2.5857919334e-01
4.2319845804e-01   2.5854324248e-01
4.2345682146e-01   2.5818353373e-01
4.2546384307e-01   2.5535942985e-01
4.2744870425e-01   2.5251326328e-01
4.2941123320e-01   2.4964519494e-01
4.3135125936e-01   2.4675538767e-01
4.3326861344e-01   2.4384400621e-01
4.3516312747e-01   2.4091121717e-01
4.3703463478e-01   2.3795718902e-01
4.3888297001e-01   2.3498209205e-01
4.4070796917e-01   2.3198609834e-01
4.4250946958e-01   2.2896938177e-01
4.4428730997e-01   2.2593211795e-01
4.4604133042e-01   2.2287448419e-01
4.4777137241e-01   2.1979665953e-01
4.4947727882e-01   2.1669882466e-01
4.5115889397e-01   2.1358116190e-01
4.5281606359e-01   2.1044385520e-01
4.5444863486e-01   2.0728709007e-01
4.5605645641e-01   2.0411105359e-01
4.5763937835e-01   2.0091593436e-01
4.5919725228e-01   1.9770192249e-01
4.6072993125e-01   1.9446920953e-01
4.6223726986e-01   1.9121798850e-01
4.6371912420e-01   1.8794845381e-01
4.6517535188e-01   1.8466080126e-01
4.6660581206e-01   1.8135522800e-01
4.6801036545e-01   1.7803193249e-01
4.6938887429e-01   1.7469111449e-01
4.7074120242e-01   1.7133297504e-01
4.7206721523e-01   1.6795771638e-01
4.7208400884e-01   1.6791442414e-01
4.7225170675e-01   1.6748134952e-01
4.7354753853e-01   1.6408681093e-01
4.7481677220e-01   1.6067559011e-01
4.7605927816e-01   1.5724789298e-01
4.7727492843e-01   1.5380392659e-01
4.7846359667e-01   1.5034389903e-01
4.7962515814e-01   1.4686801947e-01
4.8075948978e-01   1.4337649809e-01
4.8186647013e-01   1.3986954605e-01
4.8294597943e-01   1.3634737546e-01
4.8399789953e-01   1.3281019937e-01
4.8502211401e-01   1.2925823172e-01
4.8601850807e-01   1.2569168733e-01
4.8698696863e-01   1.2211078183e-01
4.8792738427e-01   1.1851573168e-01
4.8883964529e-01   1.1490675411e-01
4.8972364368e-01   1.1128406710e-01
4.9057927314e-01   1.0764788935e-01
4.9140642906e-01   1.0399844025e-01
4.9220500859e-01   1.0033593985e-01
4.9297491057e-01   9.6660608833e-02
4.9371603557e-01   9.2972668486e-02
4.9442828591e-01   8.9272340675e-02
4.9511156563e-01   8.5559847812e-02
4.9576578051e-01   8.1835412828e-02
4.9639083808e-01   7.8099259151e-02
4.9698664763e-01   7.4351610670e-02
4.9755312017e-01   7.0592691716e-02
4.9756017703e-01   7.0544529005e-02
4.9763048071e-01   7.0062802559e-02
4.9816338123e-01   6.6291301455e-02
4.9866676020e-01   6.2509011457e-02
4.9914053415e-01   5.8716158101e-02
4.9958462142e-01   5.4912967251e-02
4.9999894208e-01   5.1099665078e-02
5.0038341798e-01   4.7276478031e-02
5.0073797275e-01   4.3443632813e-02
5.0106253178e-01   3.9601356361e-02
5.0135702225e-01   3.5749875816e-02
5.0162137309e-01   3.1889418502e-02
5.0185551503e-01   2.8020211905e-02
5.0205938058e-01   2.4142483647e-02
5.0223290401e-01   2.0256461466e-02
5.0237602139e-01   1.6362373190e-02
5.0248867057e-01   1.2460446721e-02
5.0257079116e-01   8.5509100113e-03
5.0262232457e-01   4.6339910419e-03
5.0264321400e-01   7.0991780352e-04
5.0263340441e-01   -3.2210817232e-03
5.0259284256e-01   -7.1587795875e-03
5.0252147698e-01   -1.1102947887e-02
5.0241925798e-01   -1.5053358785e-02
5.0228613767e-01   -1.9009784531e-02
5.0212206992e-01   -2.2971997475e-02
5.0192701038e-01   -2.6939770088e-02
5.0170091648e-01   -3.0912874974e-02
5.0169782265e-01   -3.0963739443e-02
5.0166660457e-01   -3.1472429985e-02
5.0140505912e-01   -3.5451340106e-02
5.0111239415e-01   -3.9435096236e-02
5.0078857269e-01   -4.3423471506e-02
5.0043355951e-01   -4.7416239245e-02
5.0004732116e-01   -5.1413172992e-02
4.9962982597e-01   -5.5414046512e-02
4.9918104403e-01   -5.9418633810e-02
4.9870094718e-01   -6.3426709136e-02
4.9818950905e-01   -6.7438047005e-02
4.9764670502e-01   -7.1452422205e-02
4.9707251222e-01   -7.5469609805e-02
4.9646690956e-01   -7.9489385169e-02
4.9582987767e-01   -8.3511523964e-02
4.9516139897e-01   -8.7535802169e-02
4.9446145760e-01   -9.1561996084e-02
4.9373003947e-01   -9.5589882336e-02
4.9296713221e-01   -9.9619237892e-02
4.9217272522e-01   -1.0364984006e-01
4.9134680962e-01   -1.0768146649e-01
4.9048937827e-01   -1.1171389520e-01
4.8960042577e-01   -1.1574690457e-01
4.8867994844e-01   -1.1978027332e-01
4.8772794434e-01   -1.2381378058e-01
4.8674441325e-01   -1.2784720581e-01
4.8572935666e-01   -1.3188032889e-01
4.8571616605e-01   -1.3193192474e-01
4.8558397615e-01   -1.3244787849e-01
4.8453296148e-01   -1.3648038858e-01
4.8345043032e-01   -1.4051212651e-01
4.8233638954e-01   -1.4454287336e-01
4.8119084776e-01   -1.4857241056e-01
4.8001381528e-01   -1.5260051994e-01
4.7880530410e-01   -1.5662698371e-01
4.7756532796e-01   -1.6065158448e-01
4.7629390224e-01   -1.6467410521e-01
4.7499104407e-01   -1.6869432928e-01
4.7365677223e-01   -1.7271204044e-01
4.7229110721e-01   -1.7672702280e-01
4.7089407119e-01   -1.8073906086e-01
4.6946568802e-01   -1.8474793951e-01
4.6800598323e-01   -1.8875344398e-01
4.6651498403e-01   -1.9275535987e-01
4.6499271931e-01   -1.9675347316e-01
4.6343921963e-01   -2.0074757017e-01
4.6185451721e-01   -2.0473743757e-01
4.6023864596e-01   -2.0872286237e-01
4.5859164141e-01   -2.1270363192e-01
4.5691354080e-01   -2.1667953392e-01
4.5520438299e-01   -2.2065035637e-01
4.5346420851e-01   -2.2461588758e-01
4.5169305956e-01   -2.2857591620e-01
4.5167019944e-01   -2.2862654325e-01
4.5144131978e-01   -2.2913276221e-01
4.4963489088e-01   -2.3308625614e-01
4.4779758336e-01   -2.3703379600e-01
4.4592944457e-01   -2.4097517131e-01
4.4403052353e-01   -2.4491017190e-01
4.4210087087e-01   -2.4883858785e-01
4.4014053888e-01   -2.5276020948e-01
4.3814958149e-01   -2.5667482736e-01
4.3612805426e-01   -2.6058223229e-01
4.3407601439e-01   -2.6448221530e-01
4.3199352071e-01   -2.6837456762e-01
4.2988063366e-01   -2.7225908066e-01
4.2773741535e-01   -2.7613554604e-01
4.2556392949e-01   -2.8000375555e-01
4.2336024142e-01   -2.8386350112e-01
4.2112641811e-01   -2.8771457484e-01
4.1886252816e-01   -2.9155676895e-01
4.1656864179e-01   -2.9538987579e-01
4.1424483083e-01   -2.9921368782e-01
4.1189116874e-01   -3.0302799759e-01
4.0950773061e-01   -3.0683259773e-01
4.0709459315e-01   -3.1062728094e-01
4.0465183467e-01   -3.1441183998e-01
4.0217953512e-01   -3.1818606765e-01
4.0214771410e-01   -3.1823428634e-01
4.0182923876e-01   -3.1871637828e-01
3.9932334047e-01   -3.2247856765e-01
3.9678807769e-01   -3.2622998215e-01
3.9422353546e-01   -3.2997041459e-01
3.9162980041e-01   -3.3369965779e-01
3.8900696083e-01   -3.3741750451e-01
3.8635510659e-01   -3.4112374748e-01
3.8367432921e-01   -3.4481817935e-01
3.8096472181e-01   -3.4850059272e-01
3.7822637915e-01   -3.5217078005e-01
3.7545939760e-01   -3.5582853373e-01
3.7266387517e-01   -3.5947364602e-01
3.6983991146e-01   -3.6310590903e-01
3.6698760773e-01   -3.6672511473e-01
3.6410706685e-01   -3.7033105490e-01
3.6119839332e-01   -3.7392352117e-01
3.5826169327e-01   -3.7750230494e-01
3.5529707447e-01   -3.8106719743e-01
3.5230464632e-01   -3.8461798961e-01
3.4928451983e-01   -3.8815447221e-01
3.4623680769e-01   -3.9167643573e-01
3.4316162419e-01   -3.9518367037e-01
3.4005908528e-01   -3.9867596606e-01
3.4001921545e-01   -3.9872054792e-01
3.3962027204e-01   -3.9916623003e-01
3.3648667163e-01   -4.0264122753e-01
3.3332596955e-01   -4.0610083537e-01
3.3013828691e-01   -4.0954484250e-01
3.2692374647e-01   -4.1297303754e-01
3.2368247267e-01   -4.1638520875e-01
3.2041459157e-01   -4.1978114403e-01
3.1712023091e-01   -4.2316063091e-01
3.1379952009e-01   -4.2652345652e-01
3.1045259016e-01   -4.2986940759e-01
3.0707957387e-01   -4.3319827044e-01
3.0368060561e-01   -4.3650983097e-01
3.0025582147e-01   -4.3980387465e-01
2.9680535919e-01   -4.4308018650e-01
2.9332935823e-01   -4.4633855106e-01
2.8982795970e-01   -4.4957875246e-01
2.8630130642e-01   -4.5280057430e-01
2.8274954290e-01   -4.5600379973e-01
2.7917281533e-01   -4.5918821140e-01
2.7557127164e-01   -4.6235359145e-01
2.7194506142e-01   -4.6549972153e-01
2.6829433600e-01   -4.6862638276e-01
2.6824747137e-01   -4.6866625740e-01
2.6777860580e-01   -4.6906482641e-01
2.6410010207e-01   -4.7216901101e-01
2.6039741283e-01   -4.7525325644e-01
2.5667069479e-01   -4.7831734217e-01
2.5292010640e-01   -4.8136104713e-01
2.4914580782e-01   -4.8438414970e-01
2.4534796096e-01   -4.8738642772e-01
2.4152672945e-01   -4.9036765845e-01
2.3768227868e-01   -4.9332761865e-01
2.3381477578e-01   -4.9626608446e-01
2.2992438963e-01   -4.9918283150e-01
2.2601129089e-01   -5.0207763483e-01
2.2207565193e-01   -5.0495026893e-01
2.1811764694e-01   -5.0780050774e-01
2.1413745184e-01   -5.1062812462e-01
2.1013524433e-01   -5.1343289240e-01
2.0611120392e-01   -5.1621458333e-01
2.0206551186e-01   -5.1897296913e-01
1.9799835121e-01   -5.2170782095e-01
1.9390990681e-01   -5.2441890942e-01
1.8980036531e-01   -5.2710600461e-01
1.8566991514e-01   -5.2976887607e-01
1.8561693656e-01   -5.2980278624e-01
1.8508696430e-01   -5.3014166767e-01
1.8093289535e-01   -5.3277662431e-01
1.7675832720e-01   -5.3538686213e-01
1.7256345396e-01   -5.3797214905e-01
1.6834847158e-01   -5.4053225250e-01
1.6411357779e-01   -5.4306693942e-01
1.5985897218e-01   -5.4557597627e-01
1.5558485615e-01   -5.4805912905e-01
1.5129143294e-01   -5.5051616330e-01
1.4697890761e-01   -5.5294684412e-01
1.4264748706e-01   -5.5535093619e-01
1.3829738006e-01   -5.5772820380e-01
1.3392879718e-01   -5.6007841081e-01
1.2954195086e-01   -5.6240132073e-01
1.2513705540e-01   -5.6469669671e-01
1.2071432693e-01   -5.6696430156e-01
1.1627398346e-01   -5.6920389776e-01
1.1181624482e-01   -5.7141524752e-01
1.0734133275e-01   -5.7359811275e-01
1.0284947080e-01   -5.7575225512e-01
9.8340884429e-02   -5.7787743607e-01
9.3815800933e-02   -5.7997341684e-01
9.3757802260e-02   -5.8000004208e-01
9.3177669184e-02   -5.8026602930e-01
8.8634046829e-02   -5.8232840875e-01
8.4074420226e-02   -5.8436107632e-01
7.9499022548e-02   -5.8636379279e-01
7.4908088837e-02   -5.8833631883e-01
7.0301856007e-02   -5.9027841507e-01
6.5680562842e-02   -5.9218984210e-01
6.1044449997e-02   -5.9407036051e-01
5.6393760001e-02   -5.9591973094e-01
5.1728737251e-02   -5.9773771410e-01
4.7049628015e-02   -5.9952407077e-01
4.2356680429e-02   -6.0127856193e-01
3.7650144498e-02   -6.0300094868e-01
3.2930272094e-02   -6.0469099238e-01
2.8197316952e-02   -6.0634845462e-01
2.3451534669e-02   -6.0797309730e-01
1.8693182703e-02   -6.0956468265e-01
1.3922520368e-02   -6.1112297328e-01
9.1398088339e-03   -6.1264773222e-01
4.3453111186e-03   -6.1413872296e-01
-4.6070791211e-04   -6.1559570952e-01
-5.2226840406e-04   -6.1561412851e-01
-1.1379745201e-03   -6.1579801011e-01
-5.9568105197e-03   -6.1721591960e-01
-1.0786594641e-02   -6.1859932163e-01
-1.5627056247e-02   -6.1994798213e-01
-2.0477922875e-02   -6.2126166773e-01
-2.5338920240e-02   -6.2254014579e-01
-3.0209772242e-02   -6.2378318451e-01
-3.5090200974e-02   -6.2499055295e-01
-3.9979926725e-02   -6.2616202106e-01
-4.4878667991e-02   -6.2729735978e-01
-4.9786141482e-02   -6.2839634106e-01
-5.4702062127e-02   -6.2945873794e-01
-5.9626143090e-02   -6.3048432456e-01
-6.4558095770e-02   -6.3147287630e-01
-6.9497629817e-02   -6.3242416974e-01
-7.4444453140e-02   -6.3333798281e-01
-7.9398271916e-02   -6.3421409478e-01
-8.4358790605e-02   -6.3505228634e-01
-8.9325711955e-02   -6.3585233971e-01
-9.4298737021e-02   -6.3661403861e-01
-9.9277565171e-02   -6.3733716840e-01
-9.9341299338e-02   -6.3734616914e-01
-9.9978690389e-02   -6.3743582727e-01
-1.0496376909e-01   -6.3811470014e-01
-1.0995400171e-01   -6.3875455013e-01
-1.1494908241e-01   -6.3935516807e-01
-1.1994870373e-01   -6.3991634668e-01
-1.2495255660e-01   -6.4043788060e-01
-1.2996033034e-01   -6.4091956653e-01
-1.3497171270e-01   -6.4136120319e-01
-1.3998638986e-01   -6.4176259149e-01
-1.4500404646e-01   -6.4212353453e-01
-1.5002436561e-01   -6.4244383770e-01
-1.5504702889e-01   -6.4272330874e-01
-1.6007171641e-01   -6.4296175781e-01
-1.6509810680e-01   -6.4315899756e-01
-1.7012587721e-01   -6.4331484319e-01
-1.7515470340e-01   -6.4342911254e-01
-1.8018425967e-01   -6.4350162614e-01
-1.8521421898e-01   -6.4353220729e-01
-1.9024425287e-01   -6.4352068214e-01
-1.9527403156e-01   -6.4346687975e-01
-2.0030322394e-01   -6.4337063215e-01
-2.0036756092e-01   -6.4336912507e-01
-2.0101092238e-01   -6.4335367062e-01
-2.0603903999e-01   -6.4320880327e-01
-2.1106585812e-01   -6.4302114150e-01
-2.1609104167e-01   -6.4279052718e-01
-2.2111425429e-01   -6.4251680545e-01
-2.2613515846e-01   -6.4219982480e-01
-2.3115341545e-01   -6.4183943713e-01
-2.3616868543e-01   -6.4143549784e-01
-2.4118062742e-01   -6.4098786586e-01
-2.4618889937e-01   -6.4049640380e-01
-2.5119315817e-01   -6.3996097791e-01
-2.5619305967e-01   -6.3938145825e-01
-2.6118825872e-01   -6.3875771869e-01
-2.6617840921e-01   -6.3808963701e-01
-2.7116316408e-01   -6.3737709498e-01
-2.7614217536e-01   -6.3661997838e-01
-2.8111509421e-01   -6.3581817712e-01
-2.8608157095e-01   -6.3497158527e-01
-2.9104125508e-01   -6.3408010113e-01
-2.9599379533e-01   -6.3314362734e-01
-3.0093883966e-01   -6.3216207085e-01
-3.0100205523e-01   -6.3214922060e-01
-3.0163414006e-01   -6.3202031134e-01
-3.0657020285e-01   -6.3098721972e-01
-3.1149801382e-01   -6.2990886125e-01
-3.1641721884e-01   -6.2878515704e-01
-3.2132746316e-01   -6.2761603280e-01
-3.2622839150e-01   -6.2640141895e-01
-3.3111964804e-01   -6.2514125063e-01
-3.3600087647e-01   -6.2383546777e-01
-3.4087172004e-01   -6.2248401518e-01
-3.4573182158e-01   -6.2108684255e-01
-3.5058082355e-01   -6.1964390454e-01
-3.5541836807e-01   -6.1815516084e-01
-3.6024409696e-01   -6.1662057618e-01
-3.6505765179e-01   -6.1504012041e-01
-3.6985867393e-01   -6.1341376856e-01
-3.7464680456e-01   -6.1174150084e-01
-3.7942168471e-01   -6.1002330273e-01
-3.8418295535e-01   -6.0825916502e-01
-3.8893025738e-01   -6.0644908382e-01
-3.9366323169e-01   -6.0459306061e-01
-3.9838151920e-01   -6.0269110233e-01
-3.9844178708e-01   -6.0266647160e-01
-3.9904433025e-01   -6.0241975087e-01
-4.0374542575e-01   -6.0046540843e-01
-4.0843106609e-01   -5.9846516409e-01
-4.1310089257e-01   -5.9641904203e-01
-4.1775454671e-01   -5.9432707198e-01
-4.2239167028e-01   -5.9218928927e-01
-4.2701190535e-01   -5.9000573482e-01
-4.3161489433e-01   -5.8777645523e-01
-4.3620028003e-01   -5.8550150274e-01
-4.4076770567e-01   -5.8318093531e-01
-4.4531681496e-01   -5.8081481660e-01
-4.4984725211e-01   -5.7840321598e-01
-4.5435866192e-01   -5.7594620858e-01
-4.5885068979e-01   -5.7344387530e-01
-4.6332298177e-01   -5.7089630280e-01
-4.6777518462e-01   -5.6830358352e-01
-4.7220694582e-01   -5.6566581568e-01
-4.7661791368e-01   -5.6298310331e-01
-4.8100773732e-01   -5.6025555622e-01
-4.8537606673e-01   -5.5748329004e-01
-4.8972255286e-01   -5.5466642617e-01
-4.8977801769e-01   -5.5463009953e-01
-4.9033246602e-01   -5.5426643283e-01
-4.9465360986e-01   -5.5139885063e-01
-4.9895216648e-01   -5.4848695013e-01
-5.0322779002e-01   -5.4553087090e-01
-5.0748013572e-01   -5.4253075830e-01
-5.1170885999e-01   -5.3948676343e-01
-5.1591362044e-01   -5.3639904314e-01
-5.2009407594e-01   -5.3326776000e-01
-5.2424988663e-01   -5.3009308228e-01
-5.2838071400e-01   -5.2687518394e-01
-5.3248622094e-01   -5.2361424458e-01
-5.3656607173e-01   -5.2031044944e-01
-5.4061993214e-01   -5.1696398936e-01
-5.4464746946e-01   -5.1357506077e-01
-5.4864835252e-01   -5.1014386561e-01
-5.5262225177e-01   -5.0667061133e-01
-5.5656883927e-01   -5.0315551087e-01
-5.6048778881e-01   -4.9959878255e-01
-5.6437877587e-01   -4.9600065012e-01
-5.6824147772e-01   -4.9236134264e-01
-5.6829071152e-01   -4.9231451651e-01
-5.6878279177e-01   -4.9184588666e-01
-5.7261283606e-01   -4.8815989598e-01
-5.7641391038e-01   -4.8443323835e-01
-5.8018569783e-01   -4.8066615932e-01
-5.8392788344e-01   -4.7685890953e-01
-5.8764015421e-01   -4.7301174475e-01
-5.9132219919e-01   -4.6912492572e-01
-5.9497370944e-01   -4.6519871819e-01
-5.9859437816e-01   -4.6123339278e-01
-6.0218390065e-01   -4.5722922496e-01
-6.0574197441e-01   -4.5318649499e-01
-6.0926829914e-01   -4.4910548781e-01
-6.1276257676e-01   -4.4498649303e-01
-6.1622451152e-01   -4.4082980482e-01
-6.1965380994e-01   -4.3663572184e-01
-6.2305018092e-01   -4.3240454718e-01
-6.2641333575e-01   -4.2813658828e-01
-6.2974298811e-01   -4.2383215686e-01
-6.3303885416e-01   -4.1949156882e-01
-6.3630065253e-01   -4.1511514419e-01
-6.3634216123e-01   -4.1505892254e-01
-6.3675693894e-01   -4.1449638645e-01
-6.3997953492e-01   -4.1007947780e-01
-6.4316746941e-01   -4.0562743109e-01
-6.4632046905e-01   -4.0114057874e-01
-6.4943826310e-01   -3.9661925692e-01
-6.5252058346e-01   -3.9206380550e-01
-6.5556716470e-01   -3.8747456792e-01
-6.5857774410e-01   -3.8285189114e-01
-6.6155206165e-01   -3.7819612555e-01
-6.6448986009e-01   -3.7350762483e-01
-6.6739088496e-01   -3.6878674590e-01
-6.7025488457e-01   -3.6403384884e-01
-6.7308161008e-01   -3.5924929674e-01
-6.7587081550e-01   -3.5443345565e-01
-6.7862225770e-01   -3.4958669448e-01
-6.8133569645e-01   -3.4470938488e-01
-6.8401089443e-01   -3.3980190118e-01
-6.8664761727e-01   -3.3486462024e-01
-6.8924563354e-01   -3.2989792141e-01
-6.8927862014e-01   -3.2983418978e-01
-6.8960813558e-01   -3.2919661219e-01
-6.9216171930e-01   -3.2419682164e-01
-6.9467611105e-01   -3.1916843308e-01
-6.9715108881e-01   -3.1411183293e-01
-6.9958643360e-01   -3.0902740969e-01
-7.0198192946e-01   -3.0391555377e-01
-7.0433736350e-01   -2.9877665746e-01
-7.0665252590e-01   -2.9361111479e-01
-7.0892720994e-01   -2.8841932146e-01
-7.1116121198e-01   -2.8320167470e-01
-7.1335433150e-01   -2.7795857320e-01
-7.1550637110e-01   -2.7269041699e-01
-7.1761713651e-01   -2.6739760738e-01
-7.1968643661e-01   -2.6208054679e-01
-7.2171408341e-01   -2.5673963874e-01
-7.2369989211e-01   -2.5137528767e-01
-7.2564368104e-01   -2.4598789889e-01
-7.2754527172e-01   -2.4057787847e-01
-7.2940448884e-01   -2.3514563314e-01
-7.2942799993e-01   -2.3507599213e-01
-7.2966272764e-01   -2.3437938583e-01
-7.3147339795e-01   -2.2892228519e-01
-7.3324133011e-01   -2.2344383212e-01
-7.3496635883e-01   -2.1794443480e-01
-7.3664832199e-01   -2.1242450170e-01
-7.3828706069e-01   -2.0688444142e-01
-7.3988241919e-01   -2.0132466269e-01
-7.4143424497e-01   -1.9574557420e-01
-7.4294238869e-01   -1.9014758455e-01
-7.4440670422e-01   -1.8453110215e-01
-7.4582704859e-01   -1.7889653512e-01
-7.4720328206e-01   -1.7324429123e-01
-7.4853526804e-01   -1.6757477780e-01
-7.4982287315e-01   -1.6188840159e-01
-7.5106596716e-01   -1.5618556877e-01
-7.5226442302e-01   -1.5046668478e-01
-7.5341811687e-01   -1.4473215431e-01
-7.5452692798e-01   -1.3898238115e-01
-7.5559073878e-01   -1.3321776816e-01
-7.5560405687e-01   -1.3314392275e-01
-7.5573683152e-01   -1.3240533884e-01
-7.5674916953e-01   -1.2662428821e-01
-7.5771626613e-01   -1.2082925667e-01
-7.5863801359e-01   -1.1502064364e-01
-7.5951430731e-01   -1.0919884729e-01
-7.6034504579e-01   -1.0336426447e-01
-7.6113013065e-01   -9.7517290652e-02
-7.6186946656e-01   -9.1658319836e-02
-7.6256296130e-01   -8.5787744513e-02
-7.6321052568e-01   -7.9905955589e-02
-7.6381207358e-01   -7.4013342322e-02
-7.6436752192e-01   -6.8110292267e-02
-7.6487679061e-01   -6.2197191213e-02
-7.6533980260e-01   -5.6274423130e-02
-7.6575648383e-01   -5.0342370110e-02
-7.6612676320e-01   -4.4401412318e-02
-7.6645057260e-01   -3.8451927941e-02
-7.6672784685e-01   -3.2494293134e-02
-7.6673109247e-01   -3.2418021468e-02
-7.6676312910e-01   -3.1655234972e-02
-7.6698724342e-01   -2.5688759347e-02
-7.6716469290e-01   -1.9714931506e-02
-7.6729542152e-01   -1.3734120935e-02
-7.6737937614e-01   -7.7466949065e-03
-7.6741650647e-01   -1.7530184428e-03
-7.6740676509e-01   4.2465457246e-03
-7.6735010738e-01   1.0251637189e-02
-7.6724649154e-01   1.6261897901e-02
-7.6709587856e-01   2.2276972204e-02
-7.6689823219e-01   2.8296506860e-02
-7.6665351894e-01   3.4320151079e-02
-7.6636170806e-01   4.0347556546e-02
-7.6602277149e-01   4.6378377442e-02
-7.6563668389e-01   5.2412270470e-02
-7.6520342258e-01   5.8448894871e-02
-7.6472296753e-01   6.4487912444e-02
-7.6419530134e-01   7.0528987562e-02
-7.6418824458e-01   7.0606287447e-02
-7.6411725179e-01   7.1379301663e-02
-7.6353571249e-01   7.7422317397e-02
-7.6290693359e-01   8.3466680908e-02
-7.6223090583e-01   8.9512064737e-02
-7.6150762251e-01   9.5558144045e-02
-7.6073707945e-01   1.0160459662e-01
-7.5991927499e-01   1.0765110289e-01
-7.5905420994e-01   1.1369734590e-01
-7.5814188760e-01   1.1974301134e-01
-7.5718231370e-01   1.2578778753e-01
-7.5617549639e-01   1.3183136543e-01
-7.5512144625e-01   1.3787343862e-01
-7.5402017622e-01   1.4391370329e-01
-7.5287170162e-01   1.4995185826e-01
-7.5167604011e-01   1.5598760493e-01
-7.5043321167e-01   1.6202064730e-01
-7.4914323858e-01   1.6805069195e-01
-7.4780614542e-01   1.7407744801e-01
-7.4778873382e-01   1.7415453026e-01
-7.4761419389e-01   1.7492532041e-01
-7.4622338228e-01   1.8094797319e-01
-7.4478551078e-01   1.8696672324e-01
-7.4330061100e-01   1.9298128762e-01
-7.4176871675e-01   1.9899138588e-01
-7.4018986403e-01   2.0499673999e-01
-7.3856409100e-01   2.1099707440e-01
-7.3689143797e-01   2.1699211592e-01
-7.3517194736e-01   2.2298159376e-01
-7.3340566371e-01   2.2896523946e-01
-7.3159263366e-01   2.3494278688e-01
-7.2973290590e-01   2.4091397217e-01
-7.2782653118e-01   2.4687853371e-01
-7.2587356229e-01   2.5283621210e-01
-7.2387405404e-01   2.5878675012e-01
-7.2182806324e-01   2.6472989266e-01
-7.1973564868e-01   2.7066538674e-01
-7.1970857834e-01   2.7074127333e-01
-7.1943745766e-01   2.7150006792e-01
-7.1729216038e-01   2.7742653087e-01
-7.1510057181e-01   2.8334481061e-01
-7.1286275687e-01   2.8925466046e-01
-7.1057878242e-01   2.9515583563e-01
-7.0824871722e-01   3.0104809323e-01
-7.0587263189e-01   3.0693119218e-01
-7.0345059898e-01   3.1280489319e-01
-7.0098269286e-01   3.1866895867e-01
-6.9846898978e-01   3.2452315271e-01
-6.9590956781e-01   3.3036724106e-01
-6.9330450684e-01   3.3620099098e-01
-6.9065388860e-01   3.4202417129e-01
-6.8795779659e-01   3.4783655227e-01
-6.8521631612e-01   3.5363790557e-01
-6.8242953428e-01   3.5942800423e-01
-6.7959753991e-01   3.6520662255e-01
-6.7956101556e-01   3.6528047740e-01
-6.7919536584e-01   3.6601892036e-01
-6.7631190687e-01   3.7178416871e-01
-6.7338343149e-01   3.7753745768e-01
-6.7041003405e-01   3.8327856522e-01
-6.6739181061e-01   3.8900727038e-01
-6.6432885899e-01   3.9472335317e-01
-6.6122127870e-01   4.0042659451e-01
-6.5806917097e-01   4.0611677620e-01
-6.5487263873e-01   4.1179368081e-01
-6.5163178660e-01   4.1745709165e-01
-6.4834672089e-01   4.2310679270e-01
-6.4501754962e-01   4.2874256852e-01
-6.4164438246e-01   4.3436420422e-01
-6.3822733077e-01   4.3997148536e-01
-6.3476650760e-01   4.4556419791e-01
-6.3126202765e-01   4.5114212816e-01
-6.2771400730e-01   4.5670506267e-01
-6.2766833324e-01   4.5677613538e-01
-6.2721120178e-01   4.5748672550e-01
-6.2361365776e-01   4.6303229353e-01
-6.1997282808e-01   4.6856240947e-01
-6.1628883433e-01   4.7407686025e-01
-6.1256179982e-01   4.7957543277e-01
-6.0879184947e-01   4.8505791387e-01
-6.0497910989e-01   4.9052409019e-01
-6.0112370936e-01   4.9597374817e-01
-5.9722577784e-01   5.0140667392e-01
-5.9328544694e-01   5.0682265320e-01
-5.8930284996e-01   5.1222147130e-01
-5.8527812187e-01   5.1760291302e-01
-5.8121139935e-01   5.2296676255e-01
-5.7710282074e-01   5.2831280345e-01
-5.7295252609e-01   5.3364081854e-01
-5.6876065714e-01   5.3895058983e-01
-5.6870675869e-01   5.3901840257e-01
-5.6816740128e-01   5.3969636366e-01
-5.6392828249e-01   5.4498505642e-01
-5.5964789859e-01   5.5025503575e-01
-5.5532639672e-01   5.5550608069e-01
-5.5096392575e-01   5.6073796922e-01
-5.4656063627e-01   5.6595047814e-01
-5.4211668063e-01   5.7114338303e-01
-5.3763221296e-01   5.7631645816e-01
-5.3310738914e-01   5.8146947645e-01
-5.2854236682e-01   5.8660220937e-01
-5.2393730546e-01   5.9171442687e-01
-5.1929236633e-01   5.9680589736e-01
-5.1460771249e-01   6.0187638758e-01
-5.0988350885e-01   6.0692566256e-01
-5.0511992216e-01   6.1195348558e-01
-5.0031712103e-01   6.1695961806e-01
-5.0025542188e-01   6.1702352369e-01
-4.9963807889e-01   6.1766238252e-01
-4.9479075289e-01   6.2264347817e-01
-4.8990457970e-01   6.2760236603e-01
-4.8497973385e-01   6.3253880134e-01
-4.8001639182e-01   6.3745253717e-01
-4.7501473200e-01   6.4234332448e-01
-4.6997493474e-01   6.4721091194e-01
-4.6489718237e-01   6.5205504596e-01
-4.5978165920e-01   6.5687547057e-01
-4.5462855157e-01   6.6167192741e-01
-4.4943804784e-01   6.6644415562e-01
-4.4421033841e-01   6.7119189182e-01
-4.3894561575e-01   6.7591487003e-01
-4.3364407443e-01   6.8061282165e-01
-4.2830591112e-01   6.8528547536e-01
-4.2293132463e-01   6.8993255708e-01
-4.2286232841e-01   6.8999184381e-01
-4.2217204022e-01   6.9058447826e-01
-4.1675615016e-01   6.9520205100e-01
-4.1130426979e-01   6.9979345557e-01
-4.0581660473e-01   7.0435840891e-01
-4.0029336286e-01   7.0889662501e-01
-3.9473475428e-01   7.1340781487e-01
-3.8914099140e-01   7.1789168641e-01
-3.8351228887e-01   7.2234794448e-01
-3.7784886372e-01   7.2677629075e-01
-3.7215093527e-01   7.3117642376e-01
-3.6641872524e-01   7.3554803880e-01
-3.6065245774e-01   7.3989082790e-01
-3.5485235929e-01   7.4420447980e-01
-3.4901865887e-01   7.4848867993e-01
-3.4315158792e-01   7.5274311034e-01
-3.4307631090e-01   7.5279734619e-01
-3.4232324247e-01   7.5333943372e-01
-3.3641839051e-01   7.5755951232e-01
-3.3048067191e-01   7.6174912912e-01
-3.2451032606e-01   7.6590795543e-01
-3.1850759493e-01   7.7003565907e-01
-3.1247272308e-01   7.7413190439e-01
-3.0640595772e-01   7.7819635219e-01
-3.0030754875e-01   7.8222865974e-01
-2.9417774871e-01   7.8622848078e-01
-2.8801681291e-01   7.9019546544e-01
-2.8182499938e-01   7.9412926031e-01
-2.7560256893e-01   7.9802950836e-01
-2.6934978520e-01   8.0189584898e-01
-2.6306691462e-01   8.0572791796e-01
-2.5675422651e-01   8.0952534747e-01
-2.5667327156e-01   8.0957370480e-01
-2.5586345618e-01   8.1005696279e-01
-2.4951708681e-01   8.1381442427e-01
-2.4314148619e-01   8.1753644678e-01
-2.3673693279e-01   8.2122265119e-01
-2.3030370809e-01   8.2487265479e-01
-2.2384209653e-01   8.2848607131e-01
-2.1735238563e-01   8.3206251091e-01
-2.1083486593e-01   8.3560158020e-01
-2.0428983109e-01   8.3910288228e-01
-1.9771757787e-01   8.4256601675e-01
-1.9111840617e-01   8.4599057973e-01
-1.8449261906e-01   8.4937616390e-01
-1.7784052284e-01   8.5272235853e-01
-1.7116242699e-01   8.5602874951e-01
-1.6445864425e-01   8.5929491938e-01
-1.6437271268e-01   8.5933644353e-01
-1.6351316874e-01   8.5975131901e-01
-1.5678047023e-01   8.6297109350e-01
-1.5002276540e-01   8.6614974222e-01
-1.4324037735e-01   8.6928683752e-01
-1.3643363257e-01   8.7238194860e-01
-1.2960286092e-01   8.7543464160e-01
-1.2274839566e-01   8.7844447958e-01
-1.1587057346e-01   8.8141102268e-01
-1.0896973447e-01   8.8433382811e-01
-1.0204622228e-01   8.8721245026e-01
-9.5100384014e-02   8.9004644075e-01
-8.8132570274e-02   8.9283534854e-01
-8.1143135215e-02   8.9557871995e-01
-7.4132436544e-02   8.9827609882e-01
-6.7100835545e-02   9.0092702654e-01
-6.7010741162e-02   9.0096063890e-01
-6.6109612608e-02   9.0129633999e-01
-5.9054613392e-02   9.0389371649e-01
-5.1979497361e-02   9.0644365235e-01
-4.4884637146e-02   9.0894568194e-01
-3.7770409023e-02   9.1139933762e-01
-3.0637192932e-02   9.1380414981e-01
-2.3485372491e-02   9.1615964713e-01
-1.6315335007e-02   9.1846535651e-01
-9.1274714933e-03   9.2072080330e-01
-1.9221766778e-03   9.2292551142e-01
5.3001509849e-03   9.2507900342e-01
1.2539109304e-02   9.2718080070e-01
1.9794292343e-02   9.2923042358e-01
2.7065290412e-02   9.3122739146e-01
3.4351690063e-02   9.3317122295e-01
3.4445008411e-02   9.3319574549e-01
3.5378326601e-02   9.3344048802e-01
4.2681785683e-02   9.3532311661e-01
4.9999748600e-02   9.3715157636e-01
5.7331790064e-02   9.3892538442e-01
6.4677481013e-02   9.4064405776e-01
7.2036388608e-02   9.4230711338e-01
7.9408076237e-02   9.4391406844e-01
8.6792103515e-02   9.4546444044e-01
9.4188026285e-02   9.4695774742e-01
1.0159539663e-01   9.4839350809e-01
1.0901376287e-01   9.4977124204e-01
1.1644266957e-01   9.5109046991e-01
1.2388165757e-01   9.5235071358e-01
1.3133026396e-01   9.5355149637e-01
1.3878802211e-01   9.5469234321e-01
1.3888349206e-01   9.5470654855e-01
1.3983826944e-01   9.5484805793e-01
1.4730589283e-01   9.5591995625e-01
1.5478165662e-01   9.5693090801e-01
1.6226508262e-01   9.5788044455e-01
1.6975568896e-01   9.5876809964e-01
1.7725299013e-01   9.5959340974e-01
1.8475649704e-01   9.6035591417e-01
1.9226571698e-01   9.6105515536e-01
1.9978015368e-01   9.6169067904e-01
2.0729930735e-01   9.6226203445e-01
2.1482267468e-01   9.6276877461e-01
2.2234974888e-01   9.6321045651e-01
2.2988001972e-01   9.6358664131e-01
2.3741297355e-01   9.6389689464e-01
2.4494809334e-01   9.6414078676e-01
2.4504450755e-01   9.6414347526e-01
2.4600866426e-01   9.6416975890e-01
2.5354561929e-01   9.6433743228e-01
2.6108362229e-01   9.6443784126e-01
2.6862214590e-01   9.6447057226e-01
2.7616065951e-01   9.6443521732e-01
2.8369862938e-01   9.6433137436e-01
2.9123551862e-01   9.6415864741e-01
2.9877078729e-01   9.6391664682e-01
3.0630389243e-01   9.6360498955e-01
3.1383428810e-01   9.6322329938e-01
3.2136142546e-01   9.6277120714e-01
3.2888475279e-01   9.6224835100e-01
3.3640371560e-01   9.6165437666e-01
3.4391775665e-01   9.6098893759e-01
3.5142631602e-01   9.6025169533e-01
3.5152234069e-01   9.6024179660e-01
3.5248253277e-01   9.6014215977e-01
3.5998415201e-01   9.5932260666e-01
3.6747908223e-01   9.5843055387e-01
3.7496675553e-01   9.5746568969e-01
3.8244660159e-01   9.5642771143e-01
3.8991804779e-01   9.5531632566e-01
3.9738051923e-01   9.5413124842e-01
4.0483343883e-01   9.5287220548e-01
4.1227622742e-01   9.5153893256e-01
4.1970830380e-01   9.5013117553e-01
4.2712908481e-01   9.4864869068e-01
4.3453798543e-01   9.4709124492e-01
4.4193441889e-01   9.4545861598e-01
4.4931779667e-01   9.4375059266e-01
4.5668752870e-01   9.4196697503e-01
4.5678172423e-01   9.4194366529e-01
4.5772355111e-01   9.4170988553e-01
4.6507699456e-01   9.3983980567e-01
4.7241552402e-01   9.3789374234e-01
4.7973854494e-01   9.3587153233e-01
4.8704546154e-01   9.3377302455e-01
4.9433567690e-01   9.3159808021e-01
5.0160859306e-01   9.2934657299e-01
5.0886361114e-01   9.2701838927e-01
5.1610013140e-01   9.2461342825e-01
5.2331755338e-01   9.2213160216e-01
5.3051527596e-01   9.1957283642e-01
5.3769269753e-01   9.1693706979e-01
5.4484921603e-01   9.1422425453e-01
5.5198422906e-01   9.1143435656e-01
5.5207537069e-01   9.1139816380e-01
5.5298658765e-01   9.1103554210e-01
5.6009633296e-01   9.0815768949e-01
5.6718328272e-01   9.0520272774e-01
5.7424683423e-01   9.0217066655e-01
5.8128638494e-01   8.9906152978e-01
5.8830133256e-01   8.9587535563e-01
5.9529107512e-01   8.9261219673e-01
6.0225501114e-01   8.8927212020e-01
6.0919253973e-01   8.8585520780e-01
6.1610306067e-01   8.8236155596e-01
6.2298597456e-01   8.7879127590e-01
6.2984068295e-01   8.7514449369e-01
6.3666658840e-01   8.7142135030e-01
6.4346309466e-01   8.6762200164e-01
6.4354985441e-01   8.6757290074e-01
6.4441718157e-01   8.6708120729e-01
6.5117942484e-01   8.6319513847e-01
6.5791099693e-01   8.5923324864e-01
6.6461130597e-01   8.5519574096e-01
6.7127976175e-01   8.5108283367e-01
6.7791577582e-01   8.4689476008e-01
6.8451876163e-01   8.4263176864e-01
6.9108813461e-01   8.3829412283e-01
6.9762331231e-01   8.3388210125e-01
7.0412371454e-01   8.2939599750e-01
7.1058876344e-01   8.2483612023e-01
7.1701788363e-01   8.2020279300e-01
7.2341050230e-01   8.1549635433e-01
7.2976604938e-01   8.1071715754e-01
7.2984711801e-01   8.1065554390e-01
7.3065746526e-01   8.1003875594e-01
7.3697003113e-01   8.0517701201e-01
7.4324431462e-01   8.0024331594e-01
7.4947975487e-01   7.9523806718e-01
7.5567579422e-01   7.9016167968e-01
7.6183187828e-01   7.8501458177e-01
7.6794745609e-01   7.7979721604e-01
7.7402198018e-01   7.7451003921e-01
7.8005490672e-01   7.6915352202e-01
7.8604569561e-01   7.6372814905e-01
7.9199381058e-01   7.5823441858e-01
7.9789871932e-01   7.5267284245e-01
8.0375989358e-01   7.4704394585e-01
8.0957680926e-01   7.4134826720e-01
8.0965094042e-01   7.4127496783e-01
8.1039184868e-01   7.4054137817e-01
8.1615764272e-01   7.3477019314e-01
8.2187807066e-01   7.2893342210e-01
8.2755262210e-01   7.2303164365e-01
8.3318079124e-01   7.1706544876e-01
8.3876207693e-01   7.1103544056e-01
8.4429598276e-01   7.0494223409e-01
8.4978201722e-01   6.9878645611e-01
8.5521969370e-01   6.9256874484e-01
8.6060853064e-01   6.8628974968e-01
8.6594805162e-01   6.7995013104e-01
8.7123778538e-01   6.7355055997e-01
8.7647726598e-01   6.6709171801e-01
8.8166603284e-01   6.6057429681e-01
8.8173208608e-01   6.6049053808e-01
8.8239215765e-01   6.5965242999e-01
8.8752251834e-01   6.5306904280e-01
8.9260119771e-01   6.4642858995e-01
8.9762775253e-01   6.3973179319e-01
9.0260174523e-01   6.3297938327e-01
9.0752274403e-01   6.2617209962e-01
9.1239032292e-01   6.1931069004e-01
9.1720406178e-01   6.1239591041e-01
9.2196354645e-01   6.0542852438e-01
9.2666836873e-01   5.9840930302e-01
9.3131812651e-01   5.9133902456e-01
9.3591242377e-01   5.8421847402e-01
9.4045087066e-01   5.7704844290e-01
9.4050857090e-01   5.7695639421e-01
9.4108506690e-01   5.7603546936e-01
9.4555933545e-01   5.6880996850e-01
9.4997694000e-01   5.6153670176e-01
9.5433751035e-01   5.5421647889e-01
9.5864068267e-01   5.4685011475e-01
9.6288609949e-01   5.3943842899e-01
9.6707340978e-01   5.3198224572e-01
9.7120226898e-01   5.2448239315e-01
9.7527233900e-01   5.1693970329e-01
9.7928328828e-01   5.0935501157e-01
9.8323479178e-01   5.0172915654e-01
9.8712653105e-01   4.9406297952e-01
9.9095819422e-01   4.8635732425e-01
9.9100682501e-01   4.8625848793e-01
9.9149258919e-01   4.8526977732e-01
9.9525534932e-01   4.7752012087e-01
9.9895738792e-01   4.6973279903e-01
1.0025984139e+00   4.6190866103e-01
1.0061781428e+00   4.5404855715e-01
1.0096962969e+00   4.4615333837e-01
1.0131526050e+00   4.3822385609e-01
1.0165468026e+00   4.3026096179e-01
1.0198786320e+00   4.2226550668e-01
1.0231478418e+00   4.1423834142e-01
1.0263541876e+00   4.0618031578e-01
1.0294974314e+00   3.9809227834e-01
1.0325773421e+00   3.8997507618e-01
1.0326163344e+00   3.8987104145e-01
1.0330056852e+00   3.8883043961e-01
1.0360130758e+00   3.8068100027e-01
1.0389566603e+00   3.7250420310e-01
1.0418362283e+00   3.6430088847e-01
1.0446515756e+00   3.5607189403e-01
1.0474025048e+00   3.4781805439e-01
1.0500888250e+00   3.3954020085e-01
1.0527103518e+00   3.3123916112e-01
1.0552669071e+00   3.2291575907e-01
1.0577583192e+00   3.1457081440e-01
1.0601844232e+00   3.0620514246e-01
1.0625450600e+00   2.9781955393e-01
1.0648400772e+00   2.8941485458e-01
1.0648690133e+00   2.8930720663e-01
1.0651577822e+00   2.8823056267e-01
1.0673777669e+00   2.7980504030e-01
1.0695318264e+00   2.7136211451e-01
1.0716198280e+00   2.6290257411e-01
1.0736416447e+00   2.5442720209e-01
1.0755971558e+00   2.4593677530e-01
1.0774862468e+00   2.3743206431e-01
1.0793088090e+00   2.2891383318e-01
1.0810647395e+00   2.2038283925e-01
1.0827539417e+00   2.1183983294e-01
1.0843763246e+00   2.0328555761e-01
1.0859318028e+00   1.9472074933e-01
1.0874202971e+00   1.8614613670e-01
1.0874389062e+00   1.8603637488e-01
1.0876243937e+00   1.8493867517e-01
1.0890363874e+00   1.7635375834e-01
1.0903812458e+00   1.6776057117e-01
1.0916589071e+00   1.5915981785e-01
1.0928693149e+00   1.5055219446e-01
1.0940124182e+00   1.4193838888e-01
1.0950881713e+00   1.3331908061e-01
1.0960965339e+00   1.2469494069e-01
1.0970374707e+00   1.1606663152e-01
1.0979109518e+00   1.0743480684e-01
1.0987169522e+00   9.8800111531e-02
1.0994554519e+00   9.0163181593e-02
1.1001264359e+00   8.1524644013e-02
1.1001345829e+00   8.1414117003e-02
1.1002154444e+00   8.0308838283e-02
1.1008093991e+00   7.1669220757e-02
1.1013358222e+00   6.3029307176e-02
1.1017947139e+00   5.4389695758e-02
1.1021860787e+00   4.5750975421e-02
1.1025099259e+00   3.7113725728e-02
1.1027662693e+00   2.8478516844e-02
1.1029551269e+00   1.9845909485e-02
1.1030765213e+00   1.1216454890e-02
1.1031304793e+00   2.5906947876e-03
1.1031170317e+00   -6.0308386256e-03
1.1030362137e+00   -1.4647622702e-02
1.1028880645e+00   -2.3259144354e-02
1.1028857331e+00   -2.3369281716e-02
1.1028618131e+00   -2.4470603196e-02
1.1026369099e+00   -3.3075507582e-02
1.1023447724e+00   -4.1674083310e-02
1.1019854520e+00   -5.0265847321e-02
1.1015590038e+00   -5.8850326095e-02
1.1010654866e+00   -6.7427055634e-02
1.1005049627e+00   -7.5995581438e-02
1.0998774981e+00   -8.4555458473e-02
1.0991831619e+00   -9.3106251136e-02
1.0984220270e+00   -1.0164753321e-01
1.0975941692e+00   -1.1017888784e-01
1.0966996678e+00   -1.1869990743e-01
1.0957386051e+00   -1.2721019366e-01
1.0957258786e+00   -1.2731900090e-01
1.0955980156e+00   -1.2840697293e-01
1.0945611288e+00   -1.3690454064e-01
1.0934578673e+00   -1.4539055301e-01
1.0922883227e+00   -1.5386464031e-01
1.0910525898e+00   -1.6232644175e-01
1.0897507659e+00   -1.7077560544e-01
1.0883829512e+00   -1.7921178825e-01
1.0869492485e+00   -1.8763465578e-01
1.0854497630e+00   -1.9604388224e-01
1.0838846028e+00   -2.0443915035e-01
1.0822538780e+00   -2.1282015127e-01
1.0805577014e+00   -2.2118658445e-01
1.0787961880e+00   -2.2953815757e-01
1.0787732288e+00   -2.2964490799e-01
1.0785430502e+00   -2.3071227572e-01
1.0767071484e+00   -2.3904655092e-01
1.0748061635e+00   -2.4736536734e-01
1.0728402173e+00   -2.5566845772e-01
1.0708094339e+00   -2.6395556251e-01
1.0687139392e+00   -2.7222642979e-01
1.0665538610e+00   -2.8048081511e-01
1.0643293290e+00   -2.8871848137e-01
1.0620404750e+00   -2.9693919871e-01
1.0596874322e+00   -3.0514274435e-01
1.0572703357e+00   -3.1332890246e-01
1.0547893223e+00   -3.2149746403e-01
1.0522445302e+00   -3.2964822671e-01
1.0522115602e+00   -3.2975238936e-01
1.0518812870e+00   -3.3079385375e-01
1.0492639116e+00   -3.3892407396e-01
1.0465830588e+00   -3.4703608388e-01
1.0438388717e+00   -3.5512970118e-01
1.0410314948e+00   -3.6320474958e-01
1.0381610739e+00   -3.7126105873e-01
1.0352277562e+00   -3.7929846402e-01
1.0322316899e+00   -3.8731680645e-01
1.0291730247e+00   -3.9531593247e-01
1.0260519114e+00   -4.0329569379e-01
1.0228685019e+00   -4.1125594729e-01
1.0196229492e+00   -4.1919655477e-01
1.0163154075e+00   -4.2711738287e-01
1.0162726907e+00   -4.2721859125e-01
1.0158449661e+00   -4.2823049582e-01
1.0124669009e+00   -4.3612860400e-01
1.0090271799e+00   -4.4400666265e-01
1.0055259602e+00   -4.5186455238e-01
1.0019634000e+00   -4.5970215794e-01
9.9833965817e-01   -4.6751936803e-01
9.9465489464e-01   -4.7531607510e-01
9.9090927005e-01   -4.8309217523e-01
9.8710294585e-01   -4.9084756793e-01
9.8323608430e-01   -4.9858215597e-01
9.7930884838e-01   -5.0629584521e-01
9.7532140179e-01   -5.1398854444e-01
9.7127390895e-01   -5.2166016518e-01
9.7122173804e-01   -5.2175817704e-01
9.7069948987e-01   -5.2273810507e-01
9.6658370201e-01   -5.3038557615e-01
9.6240822213e-01   -5.3801178775e-01
9.5817321672e-01   -5.4561665888e-01
9.5387885289e-01   -5.5320011054e-01
9.4952529836e-01   -5.6076206561e-01
9.4511272145e-01   -5.6830244862e-01
9.4064129107e-01   -5.7582118559e-01
9.3611117670e-01   -5.8331820384e-01
9.3152254837e-01   -5.9079343184e-01
9.2687557669e-01   -5.9824679900e-01
9.2217043279e-01   -6.0567823554e-01
9.1740728836e-01   -6.1308767223e-01
9.1734597486e-01   -6.1318232388e-01
9.1673231935e-01   -6.1412864169e-01
9.1190322223e-01   -6.2151289852e-01
9.0701649393e-01   -6.2887500857e-01
9.0207230782e-01   -6.3621490336e-01
8.9707083781e-01   -6.4353251427e-01
8.9201225836e-01   -6.5082777240e-01
8.8689674444e-01   -6.5810060830e-01
8.8172447160e-01   -6.6535095190e-01
8.7649561590e-01   -6.7257873226e-01
8.7121035400e-01   -6.7978387739e-01
8.6586886311e-01   -6.8696631414e-01
8.6047132101e-01   -6.9412596793e-01
8.5501790607e-01   -7.0126276267e-01
8.5494777524e-01   -7.0135392060e-01
8.5424596560e-01   -7.0226529342e-01
8.4872903334e-01   -7.0937591693e-01
8.4315661214e-01   -7.1646351237e-01
8.3752888232e-01   -7.2352799755e-01
8.3184602483e-01   -7.3056928802e-01
8.2610822133e-01   -7.3758729683e-01
8.2031565412e-01   -7.4458193443e-01
8.1446850625e-01   -7.5155310839e-01
8.0856696149e-01   -7.5850072333e-01
8.0261120436e-01   -7.6542468068e-01
7.9660142017e-01   -7.7232487853e-01
7.9053779506e-01   -7.7920121144e-01
7.9045987055e-01   -7.7928903044e-01
7.8968014250e-01   -7.8016700456e-01
7.8355532767e-01   -7.8701598053e-01
7.7737707321e-01   -7.9384085322e-01
7.7114556796e-01   -8.0064150501e-01
7.6486100173e-01   -8.0741781406e-01
7.5852356525e-01   -8.1416965411e-01
7.5213345032e-01   -8.2089689431e-01
7.4569084972e-01   -8.2759939910e-01
7.3919595735e-01   -8.3427702795e-01
7.3264896821e-01   -8.4092963529e-01
7.2605007847e-01   -8.4755707027e-01
7.1939948547e-01   -8.5415917662e-01
7.1931406534e-01   -8.5424347753e-01
7.1845940044e-01   -8.5508625702e-01
7.1175007051e-01   -8.6165927226e-01
7.0498946407e-01   -8.6820660534e-01
6.9817778254e-01   -8.7472808189e-01
6.9131522873e-01   -8.8122352141e-01
6.8440200686e-01   -8.8769273716e-01
6.7743832267e-01   -8.9413553594e-01
6.7042438341e-01   -9.0055171797e-01
6.6336039794e-01   -9.0694107673e-01
6.5624657674e-01   -9.1330339876e-01
6.4908313199e-01   -9.1963846355e-01
6.4187027764e-01   -9.2594604337e-01
6.4177767901e-01   -9.2602656189e-01
6.4085124995e-01   -9.2683149742e-01
6.3358229604e-01   -9.3310743677e-01
6.2626439667e-01   -9.3935537863e-01
6.1889777164e-01   -9.4557507156e-01
6.1148264276e-01   -9.5176625630e-01
6.0401923391e-01   -9.5792866556e-01
5.9650777107e-01   -9.6406202391e-01
5.8894848241e-01   -9.7016604763e-01
5.8134159837e-01   -9.7624044456e-01
5.7368735168e-01   -9.8228491396e-01
5.6598597747e-01   -9.8829914638e-01
5.5823771332e-01   -9.9428282351e-01
5.5813828122e-01   -9.9435917781e-01
5.5714354036e-01   -9.9512244262e-01
5.4934208071e-01   -1.0010708642e+00
5.4149424828e-01   -1.0069880188e+00
5.3360028882e-01   -1.0128735593e+00
5.2566045082e-01   -1.0187271294e+00
5.1767498560e-01   -1.0245483633e+00
5.0964414737e-01   -1.0303368853e+00
5.0156819331e-01   -1.0360923103e+00
4.9344738367e-01   -1.0418142431e+00
4.8528198179e-01   -1.0475022785e+00
4.7707225425e-01   -1.0531560014e+00
4.7696693504e-01   -1.0532281096e+00
4.7591334650e-01   -1.0539488785e+00
4.6765338498e-01   -1.0595629400e+00
4.5934967960e-01   -1.0651417658e+00
4.5100250750e-01   -1.0706849082e+00
4.4261214940e-01   -1.0761919092e+00
4.3417888960e-01   -1.0816623001e+00
4.2570301613e-01   -1.0870956016e+00
4.1718482081e-01   -1.0924913235e+00
4.0862459930e-01   -1.0978489651e+00
4.0002265126e-01   -1.1031680144e+00
3.9137928037e-01   -1.1084479486e+00
3.9126843221e-01   -1.1085152431e+00
3.9015958062e-01   -1.1091878302e+00
3.8146933347e-01   -1.1144224923e+00
3.7273832758e-01   -1.1196168829e+00
3.6396687988e-01   -1.1247704446e+00
3.5515531173e-01   -1.1298826084e+00
3.4630394897e-01   -1.1349527943e+00
3.3741312200e-01   -1.1399804110e+00
3.2848316592e-01   -1.1449648558e+00
3.1951442055e-01   -1.1499055149e+00
3.1050723059e-01   -1.1548017629e+00
3.0146194563e-01   -1.1596529633e+00
3.0134597725e-01   -1.1597147337e+00
3.0018595380e-01   -1.1603320259e+00
2.9109764600e-01   -1.1651310473e+00
2.8197200862e-01   -1.1698836201e+00
2.7280940734e-01   -1.1745890722e+00
2.6361021314e-01   -1.1792467202e+00
2.5437480237e-01   -1.1838558692e+00
2.4510355686e-01   -1.1884158133e+00
2.3579686403e-01   -1.1929258353e+00
2.2645511690e-01   -1.1973852070e+00
2.1707871427e-01   -1.2017931890e+00
2.0766806074e-01   -1.2061490310e+00
2.0754744307e-01   -1.2062044175e+00
2.0634096188e-01   -1.2067578054e+00
1.9689173885e-01   -1.2110532395e+00
1.8740915103e-01   -1.2152948905e+00
1.7789362186e-01   -1.2194819743e+00
1.6834558097e-01   -1.2236136959e+00
1.5876546421e-01   -1.2276892498e+00
1.4915371380e-01   -1.2317078203e+00
1.3951077836e-01   -1.2356685813e+00
1.2983711301e-01   -1.2395706968e+00
1.2013317943e-01   -1.2434133206e+00
1.1039944598e-01   -1.2471955972e+00
1.1027472402e-01   -1.2472435920e+00
1.0902724064e-01   -1.2477229883e+00
9.9260093985e-02   -1.2514353677e+00
8.9464172751e-02   -1.2550855360e+00
7.9639966657e-02   -1.2586726080e+00
6.9787972372e-02   -1.2621956897e+00
5.9908693587e-02   -1.2656538783e+00
5.0002641082e-02   -1.2690462626e+00
4.0070332792e-02   -1.2723719233e+00
3.0112293870e-02   -1.2756299330e+00
2.0129056746e-02   -1.2788193567e+00
1.0121161189e-02   -1.2819392520e+00
9.9929652909e-03   -1.2819787126e+00
8.7107894967e-03   -1.2823726835e+00
-1.3245661953e-03   -1.2854121059e+00
-1.1383399897e-02   -1.2883799591e+00
-2.1465148438e-02   -1.2912752796e+00
-3.1569241096e-02   -1.2940970977e+00
-4.1695099545e-02   -1.2968444382e+00
-5.1842137814e-02   -1.2995163205e+00
-6.2009762249e-02   -1.3021117589e+00
-7.2197371474e-02   -1.3046297632e+00
-8.2404356356e-02   -1.3070693391e+00
-9.2630099977e-02   -1.3094294887e+00
-9.2761044410e-02   -1.3094591649e+00
-9.4070651703e-02   -1.3097552027e+00
-1.0431703075e-01   -1.3120235251e+00
-1.1458082158e-01   -1.3142102738e+00
-1.2486138265e-01   -1.3163144418e+00
-1.3515806454e-01   -1.3183350202e+00
-1.4547020993e-01   -1.3202709987e+00
-1.5579715363e-01   -1.3221213661e+00
-1.6613822250e-01   -1.3238851107e+00
-1.7649273553e-01   -1.3255612210e+00
-1.8686000379e-01   -1.3271486862e+00
-1.9723933045e-01   -1.3286464964e+00
-1.9737219603e-01   -1.3286650738e+00
-1.9870095370e-01   -1.3288500309e+00
-2.0909317486e-01   -1.3302443384e+00
-2.1949593620e-01   -1.3315468360e+00
-2.2990851621e-01   -1.3327565215e+00
-2.4033018553e-01   -1.3338723959e+00
-2.5076020700e-01   -1.3348934648e+00
-2.6119783573e-01   -1.3358187381e+00
-2.7164231909e-01   -1.3366472315e+00
-2.8209289680e-01   -1.3373779663e+00
-2.9254880095e-01   -1.3380099707e+00
-3.0300925604e-01   -1.3385422802e+00
-3.0314311058e-01   -1.3385484404e+00
-3.0448168950e-01   -1.3386091356e+00
-3.1494637955e-01   -1.3390265525e+00
-3.2541393528e-01   -1.3393422372e+00
-3.3588355786e-01   -1.3395552524e+00
-3.4635444117e-01   -1.3396646707e+00
-3.5682577186e-01   -1.3396695757e+00
-3.6729672949e-01   -1.3395690623e+00
-3.7776648656e-01   -1.3393622374e+00
-3.8823420868e-01   -1.3390482211e+00
-3.9869905460e-01   -1.3386261467e+00
-4.0916017636e-01   -1.3380951619e+00
-4.0929398550e-01   -1.3380876593e+00
-4.1063203530e-01   -1.3380116455e+00
-4.2108786501e-01   -1.3373554017e+00
-4.3153813327e-01   -1.3365884742e+00
-4.4198197179e-01   -1.3357100600e+00
-4.5241850607e-01   -1.3347193735e+00
-4.6284685555e-01   -1.3336156470e+00
-4.7326613374e-01   -1.3323981314e+00
-4.8367544834e-01   -1.3310660969e+00
-4.9407390147e-01   -1.3296188339e+00
-5.0446058974e-01   -1.3280556535e+00
-5.1483460451e-01   -1.3263758885e+00
-5.1496724098e-01   -1.3263536398e+00
-5.1629348301e-01   -1.3261300977e+00
-5.2665192466e-01   -1.3243165544e+00
-5.3699573056e-01   -1.3223850733e+00
-5.4732397653e-01   -1.3203350590e+00
-5.5763573382e-01   -1.3181659406e+00
-5.6793006933e-01   -1.3158771723e+00
-5.7820604579e-01   -1.3134682337e+00
-5.8846272196e-01   -1.3109386310e+00
-5.9869915285e-01   -1.3082878974e+00
-6.0891438993e-01   -1.3055155935e+00
-6.1910748134e-01   -1.3026213084e+00
-6.1923774158e-01   -1.3025834877e+00
-6.2054013558e-01   -1.3022041786e+00
-6.3070679857e-01   -1.2991702807e+00
-6.4084926808e-01   -1.2960136195e+00
-6.5096658332e-01   -1.2927338764e+00
-6.6105778106e-01   -1.2893307638e+00
-6.7112189601e-01   -1.2858040249e+00
-6.8115796096e-01   -1.2821534349e+00
-6.9116500708e-01   -1.2783788011e+00
-7.0114206414e-01   -1.2744799636e+00
-7.1108816083e-01   -1.2704567954e+00
-7.2100232494e-01   -1.2663092035e+00
-7.2112895317e-01   -1.2662553338e+00
-7.2239493876e-01   -1.2657155166e+00
-7.3227148859e-01   -1.2614259202e+00
-7.4211402298e-01   -1.2570118153e+00
-7.5192156877e-01   -1.2524732169e+00
-7.6169315304e-01   -1.2478101751e+00
-7.7142780343e-01   -1.2430227756e+00
-7.8112454836e-01   -1.2381111397e+00
-7.9078241736e-01   -1.2330754250e+00
-8.0040044132e-01   -1.2279158254e+00
-8.0997765278e-01   -1.2226325712e+00
-8.1951308626e-01   -1.2172259294e+00
-8.1963480536e-01   -1.2171559601e+00
-8.2085161108e-01   -1.2164551588e+00
-8.3033821109e-01   -1.2109081383e+00
-8.3978097408e-01   -1.2052384261e+00
-8.4917894255e-01   -1.1994464055e+00
-8.5853116212e-01   -1.1935324969e+00
-8.6783668182e-01   -1.1874971581e+00
-8.7709455443e-01   -1.1813408839e+00
-8.8630383674e-01   -1.1750642063e+00
-8.9546358983e-01   -1.1686676945e+00
-9.0457287940e-01   -1.1621519548e+00
-9.0468909039e-01   -1.1620678244e+00
-9.0585073719e-01   -1.1612254528e+00
-9.1490132689e-01   -1.1545744934e+00
-9.2389946972e-01   -1.1478057279e+00
-9.3284424767e-01   -1.1409198777e+00
-9.4173474850e-01   -1.1339177008e+00
-9.5057006606e-01   -1.1267999914e+00
-9.5934930052e-01   -1.1195675792e+00
-9.6807155868e-01   -1.1122213297e+00
-9.7673595426e-01   -1.1047621432e+00
-9.8534160814e-01   -1.0971909551e+00
-9.8545132235e-01   -1.0970933697e+00
-9.8654792745e-01   -1.0961165172e+00
-9.9508550895e-01   -1.0884187512e+00
-1.0035624922e+00   -1.0806111005e+00
-1.0119780222e+00   -1.0726946071e+00
-1.0203312526e+00   -1.0646703453e+00
-1.0286213452e+00   -1.0565394222e+00
-1.0368474709e+00   -1.0483029765e+00
-1.0450088092e+00   -1.0399621781e+00
-1.0531045493e+00   -1.0315182279e+00
-1.0611338897e+00   -1.0229723562e+00
-1.0612361814e+00   -1.0228623676e+00
-1.0622584935e+00   -1.0217615757e+00
-1.0702111235e+00   -1.0131009792e+00
-1.0780956710e+00   -1.0043411932e+00
-1.0859113659e+00   -9.9548353832e-01
-1.0936574484e+00   -9.8652936184e-01
-1.1013331696e+00   -9.7748003753e-01
-1.1089377910e+00   -9.6833696468e-01
-1.1164705855e+00   -9.5910156730e-01
-1.1239308371e+00   -9.4977529335e-01
-1.1313178413e+00   -9.4035961383e-01
-1.1314118712e+00   -9.4023857922e-01
-1.1323515043e+00   -9.3902744232e-01
-1.1396541073e+00   -9.2951159954e-01
-1.1468819936e+00   -9.1990957381e-01
-1.1540344956e+00   -9.1022290295e-01
-1.1611109578e+00   -9.0045314422e-01
-1.1681107369e+00   -8.9060187336e-01
-1.1750332019e+00   -8.8067068368e-01
-1.1818777346e+00   -8.7066118512e-01
-1.1886437290e+00   -8.6057500329e-01
-1.1953305923e+00   -8.5041377848e-01
-1.1954156272e+00   -8.5028329931e-01
-1.1962652579e+00   -8.4897784763e-01
-1.2028611462e+00   -8.3873303930e-01
-1.2093766775e+00   -8.2841674439e-01
-1.2158112994e+00   -8.1803064307e-01
-1.2221644730e+00   -8.0757642615e-01
-1.2284356724e+00   -7.9705579411e-01
-1.2346243852e+00   -7.8647045609e-01
-1.2407301123e+00   -7.7582212892e-01
-1.2467523683e+00   -7.6511253612e-01
-1.2526906808e+00   -7.5434340688e-01
-1.2527661082e+00   -7.5420525115e-01
-1.2535196225e+00   -7.5282317424e-01
-1.2593616191e+00   -7.4198824728e-01
-1.2651187071e+00   -7.3109750023e-01
-1.2707904572e+00   -7.2015267378e-01
-1.2763764533e+00   -7.0915551027e-01
-1.2818762933e+00   -6.9810775269e-01
-1.2872895884e+00   -6.8701114376e-01
-1.2926159637e+00   -6.7586742493e-01
-1.2978550577e+00   -6.6467833552e-01
-1.2979215184e+00   -6.6453489871e-01
-1.2985853359e+00   -6.6310013865e-01
-1.3037244415e+00   -6.5186141324e-01
-1.3087755377e+00   -6.4058102901e-01
-1.3137383057e+00   -6.2926071241e-01
-1.3186124400e+00   -6.1790218400e-01
-1.3233976487e+00   -6.0650715750e-01
-1.3280936532e+00   -5.9507733897e-01
-1.3327001882e+00   -5.8361442595e-01
-1.3372170016e+00   -5.7212010665e-01
-1.3372742063e+00   -5.7197285503e-01
-1.3378454428e+00   -5.7050007204e-01
-1.3422596170e+00   -5.5897197489e-01
-1.3465835741e+00   -5.4741605030e-01
-1.3508171031e+00   -5.3583395197e-01
-1.3549600057e+00   -5.2422732101e-01
-1.3590120968e+00   -5.1259778523e-01
-1.3629732034e+00   -5.0094695843e-01
-1.3668431655e+00   -4.8927643971e-01
-1.3706218353e+00   -4.7758781279e-01
-1.3706695866e+00   -4.7743816094e-01
-1.3711462764e+00   -4.7594149420e-01
-1.3748206417e+00   -4.6423412390e-01
-1.3784034397e+00   -4.5251198106e-01
-1.3818945610e+00   -4.4077659700e-01
-1.3852939080e+00   -4.2902948514e-01
-1.3886013949e+00   -4.1727214041e-01
-1.3918169474e+00   -4.0550603875e-01
-1.3949405030e+00   -3.9373263658e-01
-1.3979720100e+00   -3.8195337032e-01
-1.4009114283e+00   -3.7016965592e-01
-1.4009484377e+00   -3.7001887529e-01
-1.4013177027e+00   -3.6851104219e-01
-1.4041520373e+00   -3.5672395580e-01
-1.4068942335e+00   -3.4493538165e-01
-1.4095442852e+00   -3.3314666864e-01
-1.4121021963e+00   -3.2135914355e-01
-1.4145679813e+00   -3.0957411067e-01
-1.4169416646e+00   -2.9779285148e-01
-1.4192232808e+00   -2.8601662435e-01
-1.4214128739e+00   -2.7424666426e-01
-1.4235104977e+00   -2.6248418258e-01
-1.4235367386e+00   -2.6233374996e-01
-1.4237983202e+00   -2.6082950241e-01
-1.4257911094e+00   -2.4907700010e-01
-1.4276920756e+00   -2.3733448883e-01
-1.4295013014e+00   -2.2560310431e-01
-1.4312188781e+00   -2.1388395777e-01
-1.4328449056e+00   -2.0217813587e-01
-1.4343794922e+00   -1.9048670052e-01
-1.4358227545e+00   -1.7881068881e-01
-1.4371748169e+00   -1.6715111295e-01
-1.4384358119e+00   -1.5550896016e-01
-1.4384513553e+00   -1.5536013046e-01
-1.4386059714e+00   -1.5387199939e-01
-1.4397632542e+00   -1.4225089509e-01
-1.4408297781e+00   -1.3064924319e-01
-1.4418056989e+00   -1.1906795231e-01
-1.4426911791e+00   -1.0750790609e-01
-1.4434863881e+00   -9.5969963193e-02
-1.4441915021e+00   -8.4454957329e-02
-1.4448067034e+00   -7.2963697366e-02
-1.4453321807e+00   -6.1496967391e-02
-1.4457681288e+00   -5.0055526818e-02
-1.4457731270e+00   -4.9909314951e-02
-1.4458223054e+00   -4.8447430913e-02
-1.4461563699e+00   -3.7035734606e-02
-1.4464013413e+00   -2.5650871009e-02
-1.4465574322e+00   -1.4293522860e-02
-1.4466248601e+00   -2.9643487948e-03
-1.4466038479e+00   8.3360164737e-03
-1.4464946229e+00   1.9606961974e-02
-1.4462974176e+00   3.0847900272e-02
-1.4460124687e+00   4.2058267265e-02
-1.4456400172e+00   5.3237521952e-02
-1.4456346863e+00   5.3380342698e-02
-1.4455805920e+00   5.4808265151e-02
-1.4451086233e+00   6.5951397724e-02
-1.4445496818e+00   7.7062336433e-02
-1.4439040211e+00   8.8140611276e-02
-1.4431718983e+00   9.9185774325e-02
-1.4423535737e+00   1.1019739945e-01
-1.4414493112e+00   1.2117508203e-01
-1.4404593775e+00   1.3211843867e-01
-1.4393840425e+00   1.4302710691e-01
-1.4382235785e+00   1.5390074490e-01
-1.4382081815e+00   1.5403963113e-01
-1.4380534475e+00   1.5542817508e-01
-1.4367962104e+00   1.6626146152e-01
-1.4354544361e+00   1.7705905377e-01
-1.4340284049e+00   1.8782067269e-01
-1.4325183989e+00   1.9854605842e-01
-1.4309247022e+00   2.0923497007e-01
-1.4292476009e+00   2.1988718535e-01
-1.4274873827e+00   2.3050250023e-01
-1.4256443365e+00   2.4108072862e-01
-1.4237187531e+00   2.5162170198e-01
-1.4217109243e+00   2.6212526899e-01
-1.4216847050e+00   2.6225940605e-01
-1.4214217751e+00   2.6360043865e-01
-1.4193204839e+00   2.7406117184e-01
-1.4171375755e+00   2.8448423092e-01
-1.4148733447e+00   2.9486951631e-01
-1.4125280871e+00   3.0521694411e-01
-1.4101020990e+00   3.1552644578e-01
-1.4075956769e+00   3.2579796774e-01
-1.4050091179e+00   3.3603147104e-01
-1.4023427193e+00   3.4622693096e-01
-1.3995967785e+00   3.5638433666e-01
-1.3967715929e+00   3.6650369078e-01
-1.3967349361e+00   3.6663290880e-01
-1.3963676572e+00   3.6792474655e-01
-1.3934524376e+00   3.7800071405e-01
-1.3904586097e+00   3.8803867930e-01
-1.3873864702e+00   3.9803868494e-01
-1.3842363157e+00   4.0800078556e-01
-1.3810084422e+00   4.1792504737e-01
-1.3777031452e+00   4.2781154778e-01
-1.3743207194e+00   4.3766037509e-01
-1.3708614590e+00   4.4747162807e-01
-1.3700265163e+00   4.4980216088e-01
