X    Y
0.0000000000e+00   9.8000000000e-01
1.9550342131e-02   9.8017479624e-01
3.9100684262e-02   9.8035009529e-01
5.8651026393e-02   9.8052589904e-01
7.8201368524e-02   9.8070220937e-01
9.7751710655e-02   9.8087902818e-01
1.1730205279e-01   9.8105635737e-01
1.3685239492e-01   9.8123419886e-01
1.5640273705e-01   9.8141255457e-01
1.7595307918e-01   9.8159142642e-01
1.9550342131e-01   9.8177081637e-01
2.1505376344e-01   9.8195072636e-01
2.3460410557e-01   9.8213115834e-01
2.5415444770e-01   9.8231211428e-01
2.7370478983e-01   9.8249359617e-01
2.9325513196e-01   9.8267560597e-01
3.1280547410e-01   9.8285814569e-01
3.3235581623e-01   9.8304121732e-01
3.5190615836e-01   9.8322482289e-01
3.7145650049e-01   9.8340896440e-01
3.9100684262e-01   9.8359364390e-01
4.1055718475e-01   9.8377886341e-01
4.3010752688e-01   9.8396462499e-01
4.4965786901e-01   9.8415093069e-01
4.6920821114e-01   9.8433778259e-01
4.8875855327e-01   9.8452518276e-01
5.0830889541e-01   9.8471313328e-01
5.2785923754e-01   9.8490163625e-01
5.4740957967e-01   9.8509069378e-01
5.6695992180e-01   9.8528030798e-01
5.8651026393e-01   9.8547048097e-01
6.0606060606e-01   9.8566121490e-01
6.2561094819e-01   9.8585251190e-01
6.4516129032e-01   9.8604437413e-01
6.6471163245e-01   9.8623680376e-01
6.8426197458e-01   9.8642980295e-01
7.0381231672e-01   9.8662337389e-01
7.2336265885e-01   9.8681751878e-01
7.4291300098e-01   9.8701223981e-01
7.6246334311e-01   9.8720753921e-01
7.8201368524e-01   9.8740341920e-01
8.0156402737e-01   9.8759988201e-01
8.2111436950e-01   9.8779692989e-01
8.4066471163e-01   9.8799456509e-01
8.6021505376e-01   9.8819278988e-01
8.7976539589e-01   9.8839160654e-01
8.9931573803e-01   9.8859101734e-01
9.1886608016e-01   9.8879102460e-01
9.3841642229e-01   9.8899163061e-01
9.5796676442e-01   9.8919283770e-01
9.7751710655e-01   9.8939464819e-01
9.9706744868e-01   9.8959706442e-01
1.0166177908e+00   9.8980008876e-01
1.0361681329e+00   9.9000372354e-01
1.0557184751e+00   9.9020797116e-01
1.0752688172e+00   9.9041283400e-01
1.0948191593e+00   9.9061831444e-01
1.1143695015e+00   9.9082441489e-01
1.1339198436e+00   9.9103113778e-01
1.1534701857e+00   9.9123848552e-01
1.1730205279e+00   9.9144646057e-01
1.1925708700e+00   9.9165506536e-01
1.2121212121e+00   9.9186430237e-01
1.2316715543e+00   9.9207417406e-01
1.2512218964e+00   9.9228468292e-01
1.2707722385e+00   9.9249583144e-01
1.2903225806e+00   9.9270762215e-01
1.3098729228e+00   9.9292005754e-01
1.3294232649e+00   9.9313314017e-01
1.3489736070e+00   9.9334687256e-01
1.3685239492e+00   9.9356125728e-01
1.3880742913e+00   9.9377629689e-01
1.4076246334e+00   9.9399199398e-01
1.4271749756e+00   9.9420835112e-01
1.4467253177e+00   9.9442537093e-01
1.4662756598e+00   9.9464305602e-01
1.4858260020e+00   9.9486140902e-01
1.5053763441e+00   9.9508043257e-01
1.5249266862e+00   9.9530012932e-01
1.5444770283e+00   9.9552050193e-01
1.5640273705e+00   9.9574155309e-01
1.5835777126e+00   9.9596328547e-01
1.6031280547e+00   9.9618570179e-01
1.6226783969e+00   9.9640880475e-01
1.6422287390e+00   9.9663259709e-01
1.6617790811e+00   9.9685708155e-01
1.6813294233e+00   9.9708226087e-01
1.7008797654e+00   9.9730813782e-01
1.7204301075e+00   9.9753471518e-01
1.7399804497e+00   9.9776199575e-01
1.7595307918e+00   9.9798998232e-01
1.7790811339e+00   9.9821867772e-01
1.7986314761e+00   9.9844808477e-01
1.8181818182e+00   9.9867820633e-01
1.8377321603e+00   9.9890904524e-01
1.8572825024e+00   9.9914060438e-01
1.8768328446e+00   9.9937288663e-01
1.8963831867e+00   9.9960589489e-01
1.9159335288e+00   9.9983963207e-01
1.9354838710e+00   1.0000741011e+00
1.9550342131e+00   1.0003093049e+00
1.9745845552e+00   1.0005452465e+00
1.9941348974e+00   1.0007819287e+00
2.0136852395e+00   1.0010193547e+00
2.0332355816e+00   1.0012575273e+00
2.0527859238e+00   1.0014964496e+00
2.0723362659e+00   1.0017361246e+00
2.0918866080e+00   1.0019765553e+00
2.1114369501e+00   1.0022177449e+00
2.1309872923e+00   1.0024596963e+00
2.1505376344e+00   1.0027024126e+00
2.1700879765e+00   1.0029458970e+00
2.1896383187e+00   1.0031901525e+00
2.2091886608e+00   1.0034351823e+00
2.2287390029e+00   1.0036809895e+00
2.2482893451e+00   1.0039275773e+00
2.2678396872e+00   1.0041749487e+00
2.2873900293e+00   1.0044231071e+00
2.3069403715e+00   1.0046720555e+00
2.3264907136e+00   1.0049217973e+00
2.3460410557e+00   1.0051723356e+00
2.3655913978e+00   1.0054236737e+00
2.3851417400e+00   1.0056758148e+00
2.4046920821e+00   1.0059287623e+00
2.4242424242e+00   1.0061825193e+00
2.4437927664e+00   1.0064370892e+00
2.4633431085e+00   1.0066924754e+00
2.4828934506e+00   1.0069486811e+00
2.5024437928e+00   1.0072057097e+00
2.5219941349e+00   1.0074635646e+00
2.5415444770e+00   1.0077222491e+00
2.5610948192e+00   1.0079817667e+00
2.5806451613e+00   1.0082421207e+00
2.6001955034e+00   1.0085033146e+00
2.6197458456e+00   1.0087653518e+00
2.6392961877e+00   1.0090282359e+00
2.6588465298e+00   1.0092919702e+00
2.6783968719e+00   1.0095565583e+00
2.6979472141e+00   1.0098220036e+00
2.7174975562e+00   1.0100883098e+00
2.7370478983e+00   1.0103554803e+00
2.7565982405e+00   1.0106235187e+00
2.7761485826e+00   1.0108924285e+00
2.7956989247e+00   1.0111622135e+00
2.8152492669e+00   1.0114328771e+00
2.8347996090e+00   1.0117044231e+00
2.8543499511e+00   1.0119768550e+00
2.8739002933e+00   1.0122501765e+00
2.8934506354e+00   1.0125243913e+00
2.9130009775e+00   1.0127995031e+00
2.9325513196e+00   1.0130755156e+00
2.9521016618e+00   1.0133524325e+00
2.9716520039e+00   1.0136302576e+00
2.9912023460e+00   1.0139089946e+00
3.0107526882e+00   1.0141886474e+00
3.0303030303e+00   1.0144692196e+00
3.0498533724e+00   1.0147507152e+00
3.0694037146e+00   1.0150331380e+00
3.0889540567e+00   1.0153164918e+00
3.1085043988e+00   1.0156007805e+00
3.1280547410e+00   1.0158860080e+00
3.1476050831e+00   1.0161721782e+00
3.1671554252e+00   1.0164592950e+00
3.1867057674e+00   1.0167473623e+00
3.2062561095e+00   1.0170363842e+00
3.2258064516e+00   1.0173263646e+00
3.2453567937e+00   1.0176173075e+00
3.2649071359e+00   1.0179092168e+00
3.2844574780e+00   1.0182020968e+00
3.3040078201e+00   1.0184959513e+00
3.3235581623e+00   1.0187907845e+00
3.3431085044e+00   1.0190866005e+00
3.3626588465e+00   1.0193834034e+00
3.3822091887e+00   1.0196811973e+00
3.4017595308e+00   1.0199799863e+00
3.4213098729e+00   1.0202797747e+00
3.4408602151e+00   1.0205805666e+00
3.4604105572e+00   1.0208823662e+00
3.4799608993e+00   1.0211851778e+00
3.4995112414e+00   1.0214890055e+00
3.5190615836e+00   1.0217938537e+00
3.5386119257e+00   1.0220997266e+00
3.5581622678e+00   1.0224066286e+00
3.5777126100e+00   1.0227145640e+00
3.5972629521e+00   1.0230235371e+00
3.6168132942e+00   1.0233335522e+00
3.6363636364e+00   1.0236446138e+00
3.6559139785e+00   1.0239567263e+00
3.6754643206e+00   1.0242698941e+00
3.6950146628e+00   1.0245841216e+00
3.7145650049e+00   1.0248994133e+00
3.7341153470e+00   1.0252157736e+00
3.7536656891e+00   1.0255332072e+00
3.7732160313e+00   1.0258517185e+00
3.7927663734e+00   1.0261713120e+00
3.8123167155e+00   1.0264919923e+00
3.8318670577e+00   1.0268137641e+00
3.8514173998e+00   1.0271366319e+00
3.8709677419e+00   1.0274606003e+00
3.8905180841e+00   1.0277856741e+00
3.9100684262e+00   1.0281118578e+00
3.9296187683e+00   1.0284391561e+00
3.9491691105e+00   1.0287675739e+00
3.9687194526e+00   1.0290971157e+00
3.9882697947e+00   1.0294277865e+00
4.0078201369e+00   1.0297595908e+00
4.0273704790e+00   1.0300925337e+00
4.0469208211e+00   1.0304266197e+00
4.0664711632e+00   1.0307618539e+00
4.0860215054e+00   1.0310982411e+00
4.1055718475e+00   1.0314357861e+00
4.1251221896e+00   1.0317744939e+00
4.1446725318e+00   1.0321143694e+00
4.1642228739e+00   1.0324554175e+00
4.1837732160e+00   1.0327976432e+00
4.2033235582e+00   1.0331410515e+00
4.2228739003e+00   1.0334856475e+00
4.2424242424e+00   1.0338314361e+00
4.2619745846e+00   1.0341784225e+00
4.2815249267e+00   1.0345266117e+00
4.3010752688e+00   1.0348760088e+00
4.3206256109e+00   1.0352266189e+00
4.3401759531e+00   1.0355784473e+00
4.3597262952e+00   1.0359314990e+00
4.3792766373e+00   1.0362857793e+00
4.3988269795e+00   1.0366412933e+00
4.4183773216e+00   1.0369980464e+00
4.4379276637e+00   1.0373560438e+00
4.4574780059e+00   1.0377152908e+00
4.4770283480e+00   1.0380757927e+00
4.4965786901e+00   1.0384375548e+00
4.5161290323e+00   1.0388005825e+00
4.5356793744e+00   1.0391648811e+00
4.5552297165e+00   1.0395304561e+00
4.5747800587e+00   1.0398973129e+00
4.5943304008e+00   1.0402654570e+00
4.6138807429e+00   1.0406348938e+00
4.6334310850e+00   1.0410056287e+00
4.6529814272e+00   1.0413776674e+00
4.6725317693e+00   1.0417510154e+00
4.6920821114e+00   1.0421256782e+00
4.7116324536e+00   1.0425016615e+00
4.7311827957e+00   1.0428789708e+00
4.7507331378e+00   1.0432576117e+00
4.7702834800e+00   1.0436375900e+00
4.7898338221e+00   1.0440189114e+00
4.8093841642e+00   1.0444015814e+00
4.8289345064e+00   1.0447856060e+00
4.8484848485e+00   1.0451709907e+00
4.8680351906e+00   1.0455577415e+00
4.8875855327e+00   1.0459458640e+00
4.9071358749e+00   1.0463353642e+00
4.9266862170e+00   1.0467262479e+00
4.9462365591e+00   1.0471185210e+00
4.9657869013e+00   1.0475121893e+00
4.9853372434e+00   1.0479072587e+00
5.0048875855e+00   1.0483037354e+00
5.0244379277e+00   1.0487016251e+00
5.0439882698e+00   1.0491009339e+00
5.0635386119e+00   1.0495016679e+00
5.0830889541e+00   1.0499038330e+00
5.1026392962e+00   1.0503074353e+00
5.1221896383e+00   1.0507124810e+00
5.1417399804e+00   1.0511189761e+00
5.1612903226e+00   1.0515269268e+00
5.1808406647e+00   1.0519363393e+00
5.2003910068e+00   1.0523472197e+00
5.2199413490e+00   1.0527595742e+00
5.2394916911e+00   1.0531734092e+00
5.2590420332e+00   1.0535887308e+00
5.2785923754e+00   1.0540055454e+00
5.2981427175e+00   1.0544238592e+00
5.3176930596e+00   1.0548436786e+00
5.3372434018e+00   1.0552650100e+00
5.3567937439e+00   1.0556878597e+00
5.3763440860e+00   1.0561122341e+00
5.3958944282e+00   1.0565381398e+00
5.4154447703e+00   1.0569655830e+00
5.4349951124e+00   1.0573945704e+00
5.4545454545e+00   1.0578251084e+00
5.4740957967e+00   1.0582572036e+00
5.4936461388e+00   1.0586908625e+00
5.5131964809e+00   1.0591260917e+00
5.5327468231e+00   1.0595628977e+00
5.5522971652e+00   1.0600012873e+00
5.5718475073e+00   1.0604412670e+00
5.5913978495e+00   1.0608828436e+00
5.6109481916e+00   1.0613260237e+00
5.6304985337e+00   1.0617708141e+00
5.6500488759e+00   1.0622172215e+00
5.6695992180e+00   1.0626652527e+00
5.6891495601e+00   1.0631149144e+00
5.7086999022e+00   1.0635662136e+00
5.7282502444e+00   1.0640191569e+00
5.7478005865e+00   1.0644737514e+00
5.7673509286e+00   1.0649300038e+00
5.7869012708e+00   1.0653879212e+00
5.8064516129e+00   1.0658475104e+00
5.8260019550e+00   1.0663087783e+00
5.8455522972e+00   1.0667717321e+00
5.8651026393e+00   1.0672363786e+00
5.8846529814e+00   1.0677027249e+00
5.9042033236e+00   1.0681707781e+00
5.9237536657e+00   1.0686405452e+00
5.9433040078e+00   1.0691120334e+00
5.9628543500e+00   1.0695852497e+00
5.9824046921e+00   1.0700602013e+00
6.0019550342e+00   1.0705368953e+00
6.0215053763e+00   1.0710153390e+00
6.0410557185e+00   1.0714955396e+00
6.0606060606e+00   1.0719775042e+00
6.0801564027e+00   1.0724612402e+00
6.0997067449e+00   1.0729467547e+00
6.1192570870e+00   1.0734340552e+00
6.1388074291e+00   1.0739231489e+00
6.1583577713e+00   1.0744140432e+00
6.1779081134e+00   1.0749067455e+00
6.1974584555e+00   1.0754012630e+00
6.2170087977e+00   1.0758976032e+00
6.2365591398e+00   1.0763957736e+00
6.2561094819e+00   1.0768957816e+00
6.2756598240e+00   1.0773976346e+00
6.2952101662e+00   1.0779013402e+00
6.3147605083e+00   1.0784069058e+00
6.3343108504e+00   1.0789143390e+00
6.3538611926e+00   1.0794236473e+00
6.3734115347e+00   1.0799348383e+00
6.3929618768e+00   1.0804479196e+00
6.4125122190e+00   1.0809628987e+00
6.4320625611e+00   1.0814797833e+00
6.4516129032e+00   1.0819985810e+00
6.4711632454e+00   1.0825192996e+00
6.4907135875e+00   1.0830419466e+00
6.5102639296e+00   1.0835665298e+00
6.5298142717e+00   1.0840930568e+00
6.5493646139e+00   1.0846215355e+00
6.5689149560e+00   1.0851519736e+00
6.5884652981e+00   1.0856843787e+00
6.6080156403e+00   1.0862187588e+00
6.6275659824e+00   1.0867551216e+00
6.6471163245e+00   1.0872934748e+00
6.6666666667e+00   1.0878338265e+00
6.6862170088e+00   1.0883761843e+00
6.7057673509e+00   1.0889205562e+00
6.7253176931e+00   1.0894669500e+00
6.7448680352e+00   1.0900153737e+00
6.7644183773e+00   1.0905658350e+00
6.7839687195e+00   1.0911183420e+00
6.8035190616e+00   1.0916729026e+00
6.8230694037e+00   1.0922295247e+00
6.8426197458e+00   1.0927882163e+00
6.8621700880e+00   1.0933489853e+00
6.8817204301e+00   1.0939118397e+00
6.9012707722e+00   1.0944767875e+00
6.9208211144e+00   1.0950438368e+00
6.9403714565e+00   1.0956129955e+00
6.9599217986e+00   1.0961842717e+00
6.9794721408e+00   1.0967576734e+00
6.9990224829e+00   1.0973332086e+00
7.0185728250e+00   1.0979108854e+00
7.0381231672e+00   1.0984907118e+00
7.0576735093e+00   1.0990726960e+00
7.0772238514e+00   1.0996568460e+00
7.0967741935e+00   1.1002431699e+00
7.1163245357e+00   1.1008316758e+00
7.1358748778e+00   1.1014223718e+00
7.1554252199e+00   1.1020152659e+00
7.1749755621e+00   1.1026103663e+00
7.1945259042e+00   1.1032076812e+00
7.2140762463e+00   1.1038072186e+00
7.2336265885e+00   1.1044089866e+00
7.2531769306e+00   1.1050129934e+00
7.2727272727e+00   1.1056192471e+00
7.2922776149e+00   1.1062277558e+00
7.3118279570e+00   1.1068385277e+00
7.3313782991e+00   1.1074515708e+00
7.3509286413e+00   1.1080668934e+00
7.3704789834e+00   1.1086845036e+00
7.3900293255e+00   1.1093044094e+00
7.4095796676e+00   1.1099266190e+00
7.4291300098e+00   1.1105511405e+00
7.4486803519e+00   1.1111779821e+00
7.4682306940e+00   1.1118071518e+00
7.4877810362e+00   1.1124386578e+00
7.5073313783e+00   1.1130725082e+00
7.5268817204e+00   1.1137087110e+00
7.5464320626e+00   1.1143472745e+00
7.5659824047e+00   1.1149882066e+00
7.5855327468e+00   1.1156315154e+00
7.6050830890e+00   1.1162772090e+00
7.6246334311e+00   1.1169252955e+00
7.6441837732e+00   1.1175757828e+00
7.6637341153e+00   1.1182286791e+00
7.6832844575e+00   1.1188839924e+00
7.7028347996e+00   1.1195417307e+00
7.7223851417e+00   1.1202019019e+00
7.7419354839e+00   1.1208645140e+00
7.7614858260e+00   1.1215295751e+00
7.7810361681e+00   1.1221970930e+00
7.8005865103e+00   1.1228670757e+00
7.8201368524e+00   1.1235395311e+00
7.8396871945e+00   1.1242144671e+00
7.8592375367e+00   1.1248918915e+00
7.8787878788e+00   1.1255718123e+00
7.8983382209e+00   1.1262542372e+00
7.9178885630e+00   1.1269391740e+00
7.9374389052e+00   1.1276266305e+00
7.9569892473e+00   1.1283166144e+00
7.9765395894e+00   1.1290091336e+00
7.9960899316e+00   1.1297041956e+00
8.0156402737e+00   1.1304018082e+00
8.0351906158e+00   1.1311019790e+00
8.0547409580e+00   1.1318047155e+00
8.0742913001e+00   1.1325100254e+00
8.0938416422e+00   1.1332179163e+00
8.1133919844e+00   1.1339283955e+00
8.1329423265e+00   1.1346414706e+00
8.1524926686e+00   1.1353571490e+00
8.1720430108e+00   1.1360754382e+00
8.1915933529e+00   1.1367963454e+00
8.2111436950e+00   1.1375198779e+00
8.2306940371e+00   1.1382460431e+00
8.2502443793e+00   1.1389748482e+00
8.2697947214e+00   1.1397063003e+00
8.2893450635e+00   1.1404404066e+00
8.3088954057e+00   1.1411771742e+00
8.3284457478e+00   1.1419166101e+00
8.3479960899e+00   1.1426587214e+00
8.3675464321e+00   1.1434035148e+00
8.3870967742e+00   1.1441509974e+00
8.4066471163e+00   1.1449011760e+00
8.4261974585e+00   1.1456540572e+00
8.4457478006e+00   1.1464096480e+00
8.4652981427e+00   1.1471679548e+00
8.4848484848e+00   1.1479289843e+00
8.5043988270e+00   1.1486927431e+00
8.5239491691e+00   1.1494592375e+00
8.5434995112e+00   1.1502284741e+00
8.5630498534e+00   1.1510004591e+00
8.5826001955e+00   1.1517751989e+00
8.6021505376e+00   1.1525526995e+00
8.6217008798e+00   1.1533329672e+00
8.6412512219e+00   1.1541160080e+00
8.6608015640e+00   1.1549018279e+00
8.6803519062e+00   1.1556904327e+00
8.6999022483e+00   1.1564818283e+00
8.7194525904e+00   1.1572760205e+00
8.7390029326e+00   1.1580730149e+00
8.7585532747e+00   1.1588728170e+00
8.7781036168e+00   1.1596754324e+00
8.7976539589e+00   1.1604808664e+00
8.8172043011e+00   1.1612891244e+00
8.8367546432e+00   1.1621002116e+00
8.8563049853e+00   1.1629141332e+00
8.8758553275e+00   1.1637308940e+00
8.8954056696e+00   1.1645504992e+00
8.9149560117e+00   1.1653729534e+00
8.9345063539e+00   1.1661982615e+00
8.9540566960e+00   1.1670264281e+00
8.9736070381e+00   1.1678574576e+00
8.9931573803e+00   1.1686913546e+00
9.0127077224e+00   1.1695281232e+00
9.0322580645e+00   1.1703677678e+00
9.0518084066e+00   1.1712102924e+00
9.0713587488e+00   1.1720557009e+00
9.0909090909e+00   1.1729039972e+00
9.1104594330e+00   1.1737551850e+00
9.1300097752e+00   1.1746092679e+00
9.1495601173e+00   1.1754662495e+00
9.1691104594e+00   1.1763261330e+00
9.1886608016e+00   1.1771889216e+00
9.2082111437e+00   1.1780546186e+00
9.2277614858e+00   1.1789232267e+00
9.2473118280e+00   1.1797947489e+00
9.2668621701e+00   1.1806691878e+00
9.2864125122e+00   1.1815465460e+00
9.3059628543e+00   1.1824268258e+00
9.3255131965e+00   1.1833100296e+00
9.3450635386e+00   1.1841961594e+00
9.3646138807e+00   1.1850852171e+00
9.3841642229e+00   1.1859772046e+00
9.4037145650e+00   1.1868721235e+00
9.4232649071e+00   1.1877699753e+00
9.4428152493e+00   1.1886707614e+00
9.4623655914e+00   1.1895744829e+00
9.4819159335e+00   1.1904811407e+00
9.5014662757e+00   1.1913907358e+00
9.5210166178e+00   1.1923032688e+00
9.5405669599e+00   1.1932187401e+00
9.5601173021e+00   1.1941371502e+00
9.5796676442e+00   1.1950584990e+00
9.5992179863e+00   1.1959827867e+00
9.6187683284e+00   1.1969100129e+00
9.6383186706e+00   1.1978401772e+00
9.6578690127e+00   1.1987732791e+00
9.6774193548e+00   1.1997093177e+00
9.6969696970e+00   1.2006482920e+00
9.7165200391e+00   1.2015902009e+00
9.7360703812e+00   1.2025350430e+00
9.7556207234e+00   1.2034828167e+00
9.7751710655e+00   1.2044335202e+00
9.7947214076e+00   1.2053871514e+00
9.8142717498e+00   1.2063437083e+00
9.8338220919e+00   1.2073031883e+00
9.8533724340e+00   1.2082655889e+00
9.8729227761e+00   1.2092309071e+00
9.8924731183e+00   1.2101991400e+00
9.9120234604e+00   1.2111702841e+00
9.9315738025e+00   1.2121443360e+00
9.9511241447e+00   1.2131212919e+00
9.9706744868e+00   1.2141011478e+00
9.9902248289e+00   1.2150838995e+00
1.0009775171e+01   1.2160695425e+00
1.0029325513e+01   1.2170580722e+00
1.0048875855e+01   1.2180494836e+00
1.0068426197e+01   1.2190437714e+00
1.0087976540e+01   1.2200409303e+00
1.0107526882e+01   1.2210409545e+00
1.0127077224e+01   1.2220438382e+00
1.0146627566e+01   1.2230495750e+00
1.0166177908e+01   1.2240581586e+00
1.0185728250e+01   1.2250695822e+00
1.0205278592e+01   1.2260838388e+00
1.0224828935e+01   1.2271009212e+00
1.0244379277e+01   1.2281208218e+00
1.0263929619e+01   1.2291435328e+00
1.0283479961e+01   1.2301690462e+00
1.0303030303e+01   1.2311973535e+00
1.0322580645e+01   1.2322284462e+00
1.0342130987e+01   1.2332623153e+00
1.0361681329e+01   1.2342989516e+00
1.0381231672e+01   1.2353383456e+00
1.0400782014e+01   1.2363804875e+00
1.0420332356e+01   1.2374253672e+00
1.0439882698e+01   1.2384729743e+00
1.0459433040e+01   1.2395232982e+00
1.0478983382e+01   1.2405763279e+00
1.0498533724e+01   1.2416320520e+00
1.0518084066e+01   1.2426904589e+00
1.0537634409e+01   1.2437515368e+00
1.0557184751e+01   1.2448152735e+00
1.0576735093e+01   1.2458816563e+00
1.0596285435e+01   1.2469506725e+00
1.0615835777e+01   1.2480223088e+00
1.0635386119e+01   1.2490965518e+00
1.0654936461e+01   1.2501733877e+00
1.0674486804e+01   1.2512528022e+00
1.0694037146e+01   1.2523347810e+00
1.0713587488e+01   1.2534193093e+00
1.0733137830e+01   1.2545063718e+00
1.0752688172e+01   1.2555959532e+00
1.0772238514e+01   1.2566880375e+00
1.0791788856e+01   1.2577826088e+00
1.0811339198e+01   1.2588796504e+00
1.0830889541e+01   1.2599791457e+00
1.0850439883e+01   1.2610810773e+00
1.0869990225e+01   1.2621854278e+00
1.0889540567e+01   1.2632921793e+00
1.0909090909e+01   1.2644013136e+00
1.0928641251e+01   1.2655128121e+00
1.0948191593e+01   1.2666266560e+00
1.0967741935e+01   1.2677428259e+00
1.0987292278e+01   1.2688613023e+00
1.1006842620e+01   1.2699820651e+00
1.1026392962e+01   1.2711050939e+00
1.1045943304e+01   1.2722303682e+00
1.1065493646e+01   1.2733578669e+00
1.1085043988e+01   1.2744875684e+00
1.1104594330e+01   1.2756194512e+00
1.1124144673e+01   1.2767534929e+00
1.1143695015e+01   1.2778896710e+00
1.1163245357e+01   1.2790279628e+00
1.1182795699e+01   1.2801683450e+00
1.1202346041e+01   1.2813107939e+00
1.1221896383e+01   1.2824552856e+00
1.1241446725e+01   1.2836017957e+00
1.1260997067e+01   1.2847502995e+00
1.1280547410e+01   1.2859007720e+00
1.1300097752e+01   1.2870531877e+00
1.1319648094e+01   1.2882075208e+00
1.1339198436e+01   1.2893637451e+00
1.1358748778e+01   1.2905218340e+00
1.1378299120e+01   1.2916817606e+00
1.1397849462e+01   1.2928434977e+00
1.1417399804e+01   1.2940070175e+00
1.1436950147e+01   1.2951722920e+00
1.1456500489e+01   1.2963392930e+00
1.1476050831e+01   1.2975079914e+00
1.1495601173e+01   1.2986783584e+00
1.1515151515e+01   1.2998503643e+00
1.1534701857e+01   1.3010239794e+00
1.1554252199e+01   1.3021991733e+00
1.1573802542e+01   1.3033759155e+00
1.1593352884e+01   1.3045541751e+00
1.1612903226e+01   1.3057339208e+00
1.1632453568e+01   1.3069151209e+00
1.1652003910e+01   1.3080977434e+00
1.1671554252e+01   1.3092817559e+00
1.1691104594e+01   1.3104671257e+00
1.1710654936e+01   1.3116538197e+00
1.1730205279e+01   1.3128418045e+00
1.1749755621e+01   1.3140310464e+00
1.1769305963e+01   1.3152215111e+00
1.1788856305e+01   1.3164131643e+00
1.1808406647e+01   1.3176059712e+00
1.1827956989e+01   1.3187998966e+00
1.1847507331e+01   1.3199949050e+00
1.1867057674e+01   1.3211909607e+00
1.1886608016e+01   1.3223880275e+00
1.1906158358e+01   1.3235860690e+00
1.1925708700e+01   1.3247850483e+00
1.1945259042e+01   1.3259849285e+00
1.1964809384e+01   1.3271856720e+00
1.1984359726e+01   1.3283872411e+00
1.2003910068e+01   1.3295895979e+00
1.2023460411e+01   1.3307927039e+00
1.2043010753e+01   1.3319965205e+00
1.2062561095e+01   1.3332010088e+00
1.2082111437e+01   1.3344061296e+00
1.2101661779e+01   1.3356118433e+00
1.2121212121e+01   1.3368181102e+00
1.2140762463e+01   1.3380248901e+00
1.2160312805e+01   1.3392321427e+00
1.2179863148e+01   1.3404398274e+00
1.2199413490e+01   1.3416479033e+00
1.2218963832e+01   1.3428563292e+00
1.2238514174e+01   1.3440650637e+00
1.2258064516e+01   1.3452740652e+00
1.2277614858e+01   1.3464832917e+00
1.2297165200e+01   1.3476927012e+00
1.2316715543e+01   1.3489022512e+00
1.2336265885e+01   1.3501118992e+00
1.2355816227e+01   1.3513216023e+00
1.2375366569e+01   1.3525313175e+00
1.2394916911e+01   1.3537410016e+00
1.2414467253e+01   1.3549506111e+00
1.2434017595e+01   1.3561601023e+00
1.2453567937e+01   1.3573694315e+00
1.2473118280e+01   1.3585785545e+00
1.2492668622e+01   1.3597874273e+00
1.2512218964e+01   1.3609960054e+00
1.2531769306e+01   1.3622042444e+00
1.2551319648e+01   1.3634120994e+00
1.2570869990e+01   1.3646195258e+00
1.2590420332e+01   1.3658264784e+00
1.2609970674e+01   1.3670329122e+00
1.2629521017e+01   1.3682387820e+00
1.2649071359e+01   1.3694440423e+00
1.2668621701e+01   1.3706486478e+00
1.2688172043e+01   1.3718525527e+00
1.2707722385e+01   1.3730557115e+00
1.2727272727e+01   1.3742580784e+00
1.2746823069e+01   1.3754596075e+00
1.2766373412e+01   1.3766602528e+00
1.2785923754e+01   1.3778599685e+00
1.2805474096e+01   1.3790587083e+00
1.2825024438e+01   1.3802564263e+00
1.2844574780e+01   1.3814530763e+00
1.2864125122e+01   1.3826486121e+00
1.2883675464e+01   1.3838429874e+00
1.2903225806e+01   1.3850361562e+00
1.2922776149e+01   1.3862280720e+00
1.2942326491e+01   1.3874186888e+00
1.2961876833e+01   1.3886079603e+00
1.2981427175e+01   1.3897958402e+00
1.3000977517e+01   1.3909822825e+00
1.3020527859e+01   1.3921672408e+00
1.3040078201e+01   1.3933506692e+00
1.3059628543e+01   1.3945325216e+00
1.3079178886e+01   1.3957127520e+00
1.3098729228e+01   1.3968913144e+00
1.3118279570e+01   1.3980681630e+00
1.3137829912e+01   1.3992432520e+00
1.3157380254e+01   1.4004165358e+00
1.3176930596e+01   1.4015879688e+00
1.3196480938e+01   1.4027575056e+00
1.3216031281e+01   1.4039251008e+00
1.3235581623e+01   1.4050907092e+00
1.3255131965e+01   1.4062542857e+00
1.3274682307e+01   1.4074157854e+00
1.3294232649e+01   1.4085751637e+00
1.3313782991e+01   1.4097323757e+00
1.3333333333e+01   1.4108873773e+00
1.3352883675e+01   1.4120401240e+00
1.3372434018e+01   1.4131905719e+00
1.3391984360e+01   1.4143386770e+00
1.3411534702e+01   1.4154843959e+00
1.3431085044e+01   1.4166276849e+00
1.3450635386e+01   1.4177685010e+00
1.3470185728e+01   1.4189068011e+00
1.3489736070e+01   1.4200425426e+00
1.3509286413e+01   1.4211756829e+00
1.3528836755e+01   1.4223061798e+00
1.3548387097e+01   1.4234339914e+00
1.3567937439e+01   1.4245590761e+00
1.3587487781e+01   1.4256813923e+00
1.3607038123e+01   1.4268008990e+00
1.3626588465e+01   1.4279175554e+00
1.3646138807e+01   1.4290313210e+00
1.3665689150e+01   1.4301421555e+00
1.3685239492e+01   1.4312500192e+00
1.3704789834e+01   1.4323548726e+00
1.3724340176e+01   1.4334566763e+00
1.3743890518e+01   1.4345553915e+00
1.3763440860e+01   1.4356509798e+00
1.3782991202e+01   1.4367434030e+00
1.3802541544e+01   1.4378326232e+00
1.3822091887e+01   1.4389186032e+00
1.3841642229e+01   1.4400013058e+00
1.3861192571e+01   1.4410806945e+00
1.3880742913e+01   1.4421567329e+00
1.3900293255e+01   1.4432293852e+00
1.3919843597e+01   1.4442986160e+00
1.3939393939e+01   1.4453643902e+00
1.3958944282e+01   1.4464266732e+00
1.3978494624e+01   1.4474854309e+00
1.3998044966e+01   1.4485406293e+00
1.4017595308e+01   1.4495922353e+00
1.4037145650e+01   1.4506402158e+00
1.4056695992e+01   1.4516845385e+00
1.4076246334e+01   1.4527251714e+00
1.4095796676e+01   1.4537620829e+00
1.4115347019e+01   1.4547952419e+00
1.4134897361e+01   1.4558246178e+00
1.4154447703e+01   1.4568501805e+00
1.4173998045e+01   1.4578719003e+00
1.4193548387e+01   1.4588897480e+00
1.4213098729e+01   1.4599036949e+00
1.4232649071e+01   1.4609137127e+00
1.4252199413e+01   1.4619197737e+00
1.4271749756e+01   1.4629218508e+00
1.4291300098e+01   1.4639199171e+00
1.4310850440e+01   1.4649139463e+00
1.4330400782e+01   1.4659039129e+00
1.4349951124e+01   1.4668897914e+00
1.4369501466e+01   1.4678715573e+00
1.4389051808e+01   1.4688491863e+00
1.4408602151e+01   1.4698226547e+00
1.4428152493e+01   1.4707919394e+00
1.4447702835e+01   1.4717570176e+00
1.4467253177e+01   1.4727178674e+00
1.4486803519e+01   1.4736744669e+00
1.4506353861e+01   1.4746267953e+00
1.4525904203e+01   1.4755748318e+00
1.4545454545e+01   1.4765185566e+00
1.4565004888e+01   1.4774579500e+00
1.4584555230e+01   1.4783929932e+00
1.4604105572e+01   1.4793236677e+00
1.4623655914e+01   1.4802499556e+00
1.4643206256e+01   1.4811718395e+00
1.4662756598e+01   1.4820893026e+00
1.4682306940e+01   1.4830023286e+00
1.4701857283e+01   1.4839109018e+00
1.4721407625e+01   1.4848150068e+00
1.4740957967e+01   1.4857146291e+00
1.4760508309e+01   1.4866097543e+00
1.4780058651e+01   1.4875003690e+00
1.4799608993e+01   1.4883864600e+00
1.4819159335e+01   1.4892680147e+00
1.4838709677e+01   1.4901450211e+00
1.4858260020e+01   1.4910174677e+00
1.4877810362e+01   1.4918853435e+00
1.4897360704e+01   1.4927486380e+00
1.4916911046e+01   1.4936073414e+00
1.4936461388e+01   1.4944614441e+00
1.4956011730e+01   1.4953109373e+00
1.4975562072e+01   1.4961558127e+00
1.4995112414e+01   1.4969960624e+00
1.5014662757e+01   1.4978316790e+00
1.5034213099e+01   1.4986626557e+00
1.5053763441e+01   1.4994889863e+00
1.5073313783e+01   1.5003106649e+00
1.5092864125e+01   1.5011276861e+00
1.5112414467e+01   1.5019400453e+00
1.5131964809e+01   1.5027477381e+00
1.5151515152e+01   1.5035507607e+00
1.5171065494e+01   1.5043491097e+00
1.5190615836e+01   1.5051427824e+00
1.5210166178e+01   1.5059317764e+00
1.5229716520e+01   1.5067160899e+00
1.5249266862e+01   1.5074957215e+00
1.5268817204e+01   1.5082706702e+00
1.5288367546e+01   1.5090409357e+00
1.5307917889e+01   1.5098065179e+00
1.5327468231e+01   1.5105674174e+00
1.5347018573e+01   1.5113236352e+00
1.5366568915e+01   1.5120751726e+00
1.5386119257e+01   1.5128220315e+00
1.5405669599e+01   1.5135642142e+00
1.5425219941e+01   1.5143017235e+00
1.5444770283e+01   1.5150345625e+00
1.5464320626e+01   1.5157627348e+00
1.5483870968e+01   1.5164862446e+00
1.5503421310e+01   1.5172050962e+00
1.5522971652e+01   1.5179192946e+00
1.5542521994e+01   1.5186288450e+00
1.5562072336e+01   1.5193337532e+00
1.5581622678e+01   1.5200340253e+00
1.5601173021e+01   1.5207296678e+00
1.5620723363e+01   1.5214206875e+00
1.5640273705e+01   1.5221070919e+00
1.5659824047e+01   1.5227888884e+00
1.5679374389e+01   1.5234660853e+00
1.5698924731e+01   1.5241386909e+00
1.5718475073e+01   1.5248067140e+00
1.5738025415e+01   1.5254701638e+00
1.5757575758e+01   1.5261290498e+00
1.5777126100e+01   1.5267833818e+00
1.5796676442e+01   1.5274331700e+00
1.5816226784e+01   1.5280784250e+00
1.5835777126e+01   1.5287191577e+00
1.5855327468e+01   1.5293553793e+00
1.5874877810e+01   1.5299871013e+00
1.5894428152e+01   1.5306143356e+00
1.5913978495e+01   1.5312370943e+00
1.5933528837e+01   1.5318553899e+00
1.5953079179e+01   1.5324692351e+00
1.5972629521e+01   1.5330786431e+00
1.5992179863e+01   1.5336836272e+00
1.6011730205e+01   1.5342842011e+00
1.6031280547e+01   1.5348803786e+00
1.6050830890e+01   1.5354721740e+00
1.6070381232e+01   1.5360596017e+00
1.6089931574e+01   1.5366426764e+00
1.6109481916e+01   1.5372214132e+00
1.6129032258e+01   1.5377958273e+00
1.6148582600e+01   1.5383659341e+00
1.6168132942e+01   1.5389317494e+00
1.6187683284e+01   1.5394932891e+00
1.6207233627e+01   1.5400505694e+00
1.6226783969e+01   1.5406036068e+00
1.6246334311e+01   1.5411524178e+00
1.6265884653e+01   1.5416970193e+00
1.6285434995e+01   1.5422374283e+00
1.6304985337e+01   1.5427736622e+00
1.6324535679e+01   1.5433057382e+00
1.6344086022e+01   1.5438336742e+00
1.6363636364e+01   1.5443574879e+00
1.6383186706e+01   1.5448771972e+00
1.6402737048e+01   1.5453928205e+00
1.6422287390e+01   1.5459043760e+00
1.6441837732e+01   1.5464118823e+00
1.6461388074e+01   1.5469153580e+00
1.6480938416e+01   1.5474148220e+00
1.6500488759e+01   1.5479102933e+00
1.6520039101e+01   1.5484017909e+00
1.6539589443e+01   1.5488893342e+00
1.6559139785e+01   1.5493729426e+00
1.6578690127e+01   1.5498526356e+00
1.6598240469e+01   1.5503284329e+00
1.6617790811e+01   1.5508003542e+00
1.6637341153e+01   1.5512684195e+00
1.6656891496e+01   1.5517326487e+00
1.6676441838e+01   1.5521930620e+00
1.6695992180e+01   1.5526496796e+00
1.6715542522e+01   1.5531025219e+00
1.6735092864e+01   1.5535516091e+00
1.6754643206e+01   1.5539969619e+00
1.6774193548e+01   1.5544386009e+00
1.6793743891e+01   1.5548765466e+00
1.6813294233e+01   1.5553108198e+00
1.6832844575e+01   1.5557414414e+00
1.6852394917e+01   1.5561684321e+00
1.6871945259e+01   1.5565918131e+00
1.6891495601e+01   1.5570116052e+00
1.6911045943e+01   1.5574278295e+00
1.6930596285e+01   1.5578405072e+00
1.6950146628e+01   1.5582496593e+00
1.6969696970e+01   1.5586553072e+00
1.6989247312e+01   1.5590574719e+00
1.7008797654e+01   1.5594561749e+00
1.7028347996e+01   1.5598514374e+00
1.7047898338e+01   1.5602432808e+00
1.7067448680e+01   1.5606317264e+00
1.7086999022e+01   1.5610167955e+00
1.7106549365e+01   1.5613985097e+00
1.7126099707e+01   1.5617768903e+00
1.7145650049e+01   1.5621519587e+00
1.7165200391e+01   1.5625237365e+00
1.7184750733e+01   1.5628922449e+00
1.7204301075e+01   1.5632575055e+00
1.7223851417e+01   1.5636195398e+00
1.7243401760e+01   1.5639783691e+00
1.7262952102e+01   1.5643340148e+00
1.7282502444e+01   1.5646864985e+00
1.7302052786e+01   1.5650358414e+00
1.7321603128e+01   1.5653820651e+00
1.7341153470e+01   1.5657251908e+00
1.7360703812e+01   1.5660652399e+00
1.7380254154e+01   1.5664022337e+00
1.7399804497e+01   1.5667361936e+00
1.7419354839e+01   1.5670671408e+00
1.7438905181e+01   1.5673950965e+00
1.7458455523e+01   1.5677200819e+00
1.7478005865e+01   1.5680421182e+00
1.7497556207e+01   1.5683612265e+00
1.7517106549e+01   1.5686774279e+00
1.7536656891e+01   1.5689907434e+00
1.7556207234e+01   1.5693011940e+00
1.7575757576e+01   1.5696088007e+00
1.7595307918e+01   1.5699135843e+00
1.7614858260e+01   1.5702155657e+00
1.7634408602e+01   1.5705147657e+00
1.7653958944e+01   1.5708112049e+00
1.7673509286e+01   1.5711049041e+00
1.7693059629e+01   1.5713958839e+00
1.7712609971e+01   1.5716841648e+00
1.7732160313e+01   1.5719697672e+00
1.7751710655e+01   1.5722527116e+00
1.7771260997e+01   1.5725330184e+00
1.7790811339e+01   1.5728107078e+00
1.7810361681e+01   1.5730858000e+00
1.7829912023e+01   1.5733583151e+00
1.7849462366e+01   1.5736282733e+00
1.7869012708e+01   1.5738956945e+00
1.7888563050e+01   1.5741605985e+00
1.7908113392e+01   1.5744230053e+00
1.7927663734e+01   1.5746829345e+00
1.7947214076e+01   1.5749404059e+00
1.7966764418e+01   1.5751954389e+00
1.7986314761e+01   1.5754480533e+00
1.8005865103e+01   1.5756982682e+00
1.8025415445e+01   1.5759461031e+00
1.8044965787e+01   1.5761915772e+00
1.8064516129e+01   1.5764347097e+00
1.8084066471e+01   1.5766755196e+00
1.8103616813e+01   1.5769140259e+00
1.8123167155e+01   1.5771502475e+00
1.8142717498e+01   1.5773842032e+00
1.8162267840e+01   1.5776159117e+00
1.8181818182e+01   1.5778453916e+00
1.8201368524e+01   1.5780726614e+00
1.8220918866e+01   1.5782977395e+00
1.8240469208e+01   1.5785206442e+00
1.8260019550e+01   1.5787413938e+00
1.8279569892e+01   1.5789600064e+00
1.8299120235e+01   1.5791765000e+00
1.8318670577e+01   1.5793908926e+00
1.8338220919e+01   1.5796032020e+00
1.8357771261e+01   1.5798134459e+00
1.8377321603e+01   1.5800216419e+00
1.8396871945e+01   1.5802278076e+00
1.8416422287e+01   1.5804319604e+00
1.8435972630e+01   1.5806341177e+00
1.8455522972e+01   1.5808342966e+00
1.8475073314e+01   1.5810325143e+00
1.8494623656e+01   1.5812287878e+00
1.8514173998e+01   1.5814231340e+00
1.8533724340e+01   1.5816155697e+00
1.8553274682e+01   1.5818061117e+00
1.8572825024e+01   1.5819947766e+00
1.8592375367e+01   1.5821815807e+00
1.8611925709e+01   1.5823665407e+00
1.8631476051e+01   1.5825496726e+00
1.8651026393e+01   1.5827309928e+00
1.8670576735e+01   1.5829105173e+00
1.8690127077e+01   1.5830882621e+00
1.8709677419e+01   1.5832642430e+00
1.8729227761e+01   1.5834384759e+00
1.8748778104e+01   1.5836109763e+00
1.8768328446e+01   1.5837817598e+00
1.8787878788e+01   1.5839508419e+00
1.8807429130e+01   1.5841182380e+00
1.8826979472e+01   1.5842839632e+00
1.8846529814e+01   1.5844480327e+00
1.8866080156e+01   1.5846104616e+00
1.8885630499e+01   1.5847712646e+00
1.8905180841e+01   1.5849304568e+00
1.8924731183e+01   1.5850880527e+00
1.8944281525e+01   1.5852440670e+00
1.8963831867e+01   1.5853985142e+00
1.8983382209e+01   1.5855514086e+00
1.9002932551e+01   1.5857027647e+00
1.9022482893e+01   1.5858525965e+00
1.9042033236e+01   1.5860009181e+00
1.9061583578e+01   1.5861477435e+00
1.9081133920e+01   1.5862930867e+00
1.9100684262e+01   1.5864369613e+00
1.9120234604e+01   1.5865793811e+00
1.9139784946e+01   1.5867203595e+00
1.9159335288e+01   1.5868599102e+00
1.9178885630e+01   1.5869980463e+00
1.9198435973e+01   1.5871347813e+00
1.9217986315e+01   1.5872701281e+00
1.9237536657e+01   1.5874041000e+00
1.9257086999e+01   1.5875367099e+00
1.9276637341e+01   1.5876679705e+00
1.9296187683e+01   1.5877978947e+00
1.9315738025e+01   1.5879264951e+00
1.9335288368e+01   1.5880537842e+00
1.9354838710e+01   1.5881797746e+00
1.9374389052e+01   1.5883044785e+00
1.9393939394e+01   1.5884279082e+00
1.9413489736e+01   1.5885500759e+00
1.9433040078e+01   1.5886709937e+00
1.9452590420e+01   1.5887906734e+00
1.9472140762e+01   1.5889091269e+00
1.9491691105e+01   1.5890263661e+00
1.9511241447e+01   1.5891424026e+00
1.9530791789e+01   1.5892572479e+00
1.9550342131e+01   1.5893709136e+00
1.9569892473e+01   1.5894834109e+00
1.9589442815e+01   1.5895947513e+00
1.9608993157e+01   1.5897049459e+00
1.9628543500e+01   1.5898140058e+00
1.9648093842e+01   1.5899219420e+00
1.9667644184e+01   1.5900287654e+00
1.9687194526e+01   1.5901344869e+00
1.9706744868e+01   1.5902391172e+00
1.9726295210e+01   1.5903426669e+00
1.9745845552e+01   1.5904451466e+00
1.9765395894e+01   1.5905465666e+00
1.9784946237e+01   1.5906469375e+00
1.9804496579e+01   1.5907462695e+00
1.9824046921e+01   1.5908445728e+00
1.9843597263e+01   1.5909418574e+00
1.9863147605e+01   1.5910381334e+00
1.9882697947e+01   1.5911334107e+00
1.9902248289e+01   1.5912276992e+00
1.9921798631e+01   1.5913210086e+00
1.9941348974e+01   1.5914133486e+00
1.9960899316e+01   1.5915047288e+00
1.9980449658e+01   1.5915951586e+00
2.0000000000e+01   1.5916846476e+00
2.0000000000e+01   1.5916846476e+00
