X    Y
0.0000000000e+00   4.0000000000e-01
7.8201368524e-02   4.0506703347e-01
1.5640273705e-01   4.0770329809e-01
2.3460410557e-01   4.0784491119e-01
3.1280547410e-01   4.0544690052e-01
3.9100684262e-01   4.0048211021e-01
4.6920821114e-01   3.9294046550e-01
5.4740957967e-01   3.8282851695e-01
6.2561094819e-01   3.7016917196e-01
7.0381231672e-01   3.5500152700e-01
7.8201368524e-01   3.3738073010e-01
8.6021505376e-01   3.1737782193e-01
9.3841642229e-01   2.9507952059e-01
1.0166177908e+00   2.7058792915e-01
1.0948191593e+00   2.4402015405e-01
1.1730205279e+00   2.1550782874e-01
1.2512218964e+00   1.8519654102e-01
1.3294232649e+00   1.5324516450e-01
1.4076246334e+00   1.1982509656e-01
1.4858260020e+00   8.5119405701e-02
1.5640273705e+00   4.9321892379e-02
1.6422287390e+00   1.2636067755e-02
1.7204301075e+00   -2.4725944552e-02
1.7986314761e+00   -6.2544578042e-02
1.8768328446e+00   -1.0059405814e-01
1.9550342131e+00   -1.3864369563e-01
2.0332355816e+00   -1.7645923167e-01
2.1114369501e+00   -2.1380422696e-01
2.1896383187e+00   -2.5044148733e-01
2.2678396872e+00   -2.8613451750e-01
2.3460410557e+00   -3.2064899486e-01
2.4242424242e+00   -3.5375425446e-01
2.5024437928e+00   -3.8522477665e-01
2.5806451613e+00   -4.1484166854e-01
2.6588465298e+00   -4.4239413042e-01
2.7370478983e+00   -4.6768089841e-01
2.8152492669e+00   -4.9051165474e-01
2.8934506354e+00   -5.1070839743e-01
2.9716520039e+00   -5.2810676121e-01
3.0498533724e+00   -5.4255728247e-01
3.1280547410e+00   -5.5392660130e-01
3.2062561095e+00   -5.6209859482e-01
3.2844574780e+00   -5.6697543711e-01
3.3626588465e+00   -5.6847858250e-01
3.4408602151e+00   -5.6654967086e-01
3.5190615836e+00   -5.6115135635e-01
3.5972629521e+00   -5.5226806416e-01
3.6754643206e+00   -5.3990668446e-01
3.7536656891e+00   -5.2409721865e-01
3.8318670577e+00   -5.0489340112e-01
3.9100684262e+00   -4.8237333003e-01
3.9882697947e+00   -4.5664015489e-01
4.0664711632e+00   -4.2782288603e-01
4.1446725318e+00   -3.9607741295e-01
4.2228739003e+00   -3.6158784279e-01
4.3010752688e+00   -3.2456829338e-01
4.3792766373e+00   -2.8526528765e-01
4.4574780059e+00   -2.4396087910e-01
4.5356793744e+00   -2.0097655624e-01
4.6138807429e+00   -1.5667777430e-01
4.6920821114e+00   -1.1147856970e-01
4.7702834800e+00   -6.5845057631e-02
4.8484848485e+00   -2.0295691969e-02
4.9266862170e+00   2.4604830206e-02
5.0048875855e+00   6.8261664100e-02
5.0830889541e+00   1.1007867787e-01
5.1612903226e+00   1.4949961415e-01
5.2394916911e+00   1.8605557440e-01
5.3176930596e+00   2.1940722351e-01
5.3958944282e+00   2.4936830119e-01
5.4740957967e+00   2.7590186074e-01
5.5522971652e+00   2.9909055693e-01
5.6304985337e+00   3.1909158374e-01
5.7086999022e+00   3.3609030029e-01
5.7869012708e+00   3.5026351938e-01
5.8651026393e+00   3.6175722875e-01
5.9433040078e+00   3.7067801533e-01
6.0215053763e+00   3.7709450689e-01
6.0997067449e+00   3.8104455972e-01
6.1779081134e+00   3.8254468960e-01
6.2561094819e+00   3.8159943521e-01
6.3343108504e+00   3.7820942751e-01
6.4125122190e+00   3.7237771977e-01
6.4907135875e+00   3.6411440551e-01
6.5689149560e+00   3.5343978221e-01
6.6471163245e+00   3.4038638908e-01
6.7253176931e+00   3.2500022686e-01
6.8035190616e+00   3.0734140811e-01
6.8817204301e+00   2.8748441826e-01
6.9599217986e+00   2.6551810859e-01
7.0381231672e+00   2.4154549740e-01
7.1163245357e+00   2.1568342466e-01
7.1945259042e+00   1.8806208661e-01
7.2727272727e+00   1.5882446542e-01
7.3509286413e+00   1.2812566290e-01
7.4291300098e+00   9.6132144710e-02
7.5073313783e+00   6.3020900029e-02
7.5855327468e+00   2.8978521370e-02
7.6637341153e+00   -5.7997905277e-03
7.7419354839e+00   -4.1111291610e-02
7.8201368524e+00   -7.6746823623e-02
7.8983382209e+00   -1.1249200144e-01
7.9765395894e+00   -1.4812845219e-01
8.0547409580e+00   -1.8343509943e-01
8.1329423265e+00   -2.1818948507e-01
8.2111436950e+00   -2.5216912184e-01
8.2893450635e+00   -2.8515286821e-01
8.3675464321e+00   -3.1692231816e-01
8.4457478006e+00   -3.4726319740e-01
8.5239491691e+00   -3.7596675788e-01
8.6021505376e+00   -4.0283116231e-01
8.6803519062e+00   -4.2766285043e-01
8.7585532747e+00   -4.5027787870e-01
8.8367546432e+00   -4.7050322559e-01
8.9149560117e+00   -4.8817805451e-01
8.9931573803e+00   -5.0315492721e-01
9.0713587488e+00   -5.1530096057e-01
9.1495601173e+00   -5.2449892070e-01
9.2277614858e+00   -5.3064824877e-01
9.3059628543e+00   -5.3366601439e-01
9.3841642229e+00   -5.3348779324e-01
9.4623655914e+00   -5.3006846784e-01
9.5405669599e+00   -5.2338295191e-01
9.6187683284e+00   -5.1342684196e-01
9.6969696970e+00   -5.0021700296e-01
9.7751710655e+00   -4.8379209938e-01
9.8533724340e+00   -4.6421308849e-01
9.9315738025e+00   -4.4156369965e-01
1.0009775171e+01   -4.1595093191e-01
1.0087976540e+01   -3.8750561141e-01
1.0166177908e+01   -3.5638306061e-01
1.0244379277e+01   -3.2276393927e-01
1.0322580645e+01   -2.8685532001e-01
1.0400782014e+01   -2.4889205040e-01
1.0478983382e+01   -2.0913841679e-01
1.0557184751e+01   -1.6789004341e-01
1.0635386119e+01   -1.2547580903e-01
1.0713587488e+01   -8.2259318610e-02
1.0791788856e+01   -3.8639121443e-02
1.0869990225e+01   4.9535390722e-03
1.0948191593e+01   4.8060991638e-02
1.1026392962e+01   9.0210967551e-02
1.1104594330e+01   1.3093486659e-01
1.1182795699e+01   1.6979172411e-01
1.1260997067e+01   2.0639478550e-01
1.1339198436e+01   2.4043534244e-01
1.1417399804e+01   2.7169770332e-01
1.1495601173e+01   3.0006086976e-01
1.1573802542e+01   3.2548635446e-01
1.1652003910e+01   3.4799583525e-01
1.1730205279e+01   3.6764491802e-01
1.1808406647e+01   3.8449921856e-01
1.1886608016e+01   3.9861686930e-01
1.1964809384e+01   4.1003882050e-01
1.2043010753e+01   4.1878612532e-01
1.2121212121e+01   4.2486225677e-01
1.2199413490e+01   4.2825829014e-01
1.2277614858e+01   4.2895913691e-01
1.2355816227e+01   4.2694958665e-01
1.2434017595e+01   4.2221947068e-01
1.2512218964e+01   4.1476769316e-01
1.2590420332e+01   4.0460515302e-01
1.2668621701e+01   3.9175672174e-01
1.2746823069e+01   3.7626248599e-01
1.2825024438e+01   3.5817844986e-01
1.2903225806e+01   3.3757685146e-01
1.2981427175e+01   3.1454620421e-01
1.3059628543e+01   2.8919113501e-01
1.3137829912e+01   2.6163206371e-01
1.3216031281e+01   2.3200474979e-01
1.3294232649e+01   2.0045972138e-01
1.3372434018e+01   1.6716159580e-01
1.3450635386e+01   1.3228829770e-01
1.3528836755e+01   9.6030180149e-02
1.3607038123e+01   5.8589053189e-02
1.3685239492e+01   2.0177125166e-02
1.3763440860e+01   -1.8984137980e-02
1.3841642229e+01   -5.8665229452e-02
1.3919843597e+01   -9.8629888050e-02
1.3998044966e+01   -1.3863644745e-01
1.4076246334e+01   -1.7843924100e-01
1.4154447703e+01   -2.1779005434e-01
1.4232649071e+01   -2.5643961757e-01
1.4310850440e+01   -2.9413912872e-01
1.4389051808e+01   -3.3064179962e-01
1.4467253177e+01   -3.6570441524e-01
1.4545454545e+01   -3.9908889736e-01
1.4623655914e+01   -4.3056386337e-01
1.4701857283e+01   -4.5990617097e-01
1.4780058651e+01   -4.8690243946e-01
1.4858260020e+01   -5.1135053879e-01
1.4936461388e+01   -5.3306103746e-01
1.5014662757e+01   -5.5185860109e-01
1.5092864125e+01   -5.6758333366e-01
1.5171065494e+01   -5.8009205464e-01
1.5249266862e+01   -5.8925950573e-01
1.5327468231e+01   -5.9497948271e-01
1.5405669599e+01   -5.9716588914e-01
1.5483870968e+01   -5.9575371152e-01
1.5562072336e+01   -5.9069991803e-01
1.5640273705e+01   -5.8198428767e-01
1.5718475073e+01   -5.6961018192e-01
1.5796676442e+01   -5.5360527933e-01
1.5874877810e+01   -5.3402230389e-01
1.5953079179e+01   -5.1093979346e-01
1.6031280547e+01   -4.8446297485e-01
1.6109481916e+01   -4.5472483990e-01
1.6187683284e+01   -4.2188755322e-01
1.6265884653e+01   -3.8614436702e-01
1.6344086022e+01   -3.4772226813e-01
1.6422287390e+01   -3.0688562569e-01
1.6500488759e+01   -2.6394111584e-01
1.6578690127e+01   -2.1924411624e-01
1.6656891496e+01   -1.7320648419e-01
1.6735092864e+01   -1.2630500274e-01
1.6813294233e+01   -7.9088618978e-02
1.6891495601e+01   -3.2180830716e-02
1.6969696970e+01   1.3728468798e-02
1.7047898338e+01   5.7908538766e-02
1.7126099707e+01   9.9635685191e-02
1.7204301075e+01   1.3826136327e-01
1.7282502444e+01   1.7328676328e-01
1.7360703812e+01   2.0442023797e-01
1.7438905181e+01   2.3159484552e-01
1.7517106549e+01   2.5493833527e-01
1.7595307918e+01   2.7470841016e-01
1.7673509286e+01   2.9121811765e-01
1.7751710655e+01   3.0477372354e-01
1.7829912023e+01   3.1563595780e-01
1.7908113392e+01   3.2400428054e-01
1.7986314761e+01   3.3001777029e-01
1.8064516129e+01   3.3376519151e-01
1.8142717498e+01   3.3529840792e-01
1.8220918866e+01   3.3464554424e-01
1.8299120235e+01   3.3182215161e-01
1.8377321603e+01   3.2683984502e-01
1.8455522972e+01   3.1971254316e-01
1.8533724340e+01   3.1046072522e-01
1.8611925709e+01   2.9911418277e-01
1.8690127077e+01   2.8571369578e-01
1.8768328446e+01   2.7031197171e-01
1.8846529814e+01   2.5297409213e-01
1.8924731183e+01   2.3377763162e-01
1.9002932551e+01   2.1281255350e-01
1.9081133920e+01   1.9018094589e-01
1.9159335288e+01   1.6599663508e-01
1.9237536657e+01   1.4038469755e-01
1.9315738025e+01   1.1348088305e-01
1.9393939394e+01   8.5430956462e-02
1.9472140762e+01   5.6389964222e-02
1.9550342131e+01   2.6521429824e-02
1.9628543500e+01   -4.0035169400e-03
1.9706744868e+01   -3.5007072419e-02
1.9784946237e+01   -6.6305748258e-02
1.9863147605e+01   -9.7711412011e-02
1.9941348974e+01   -1.2903237358e-01
2.0019550342e+01   -1.6007451154e-01
2.0097751711e+01   -1.9064243299e-01
2.0175953079e+01   -2.2054066055e-01
2.0254154448e+01   -2.4957483948e-01
2.0332355816e+01   -2.7755295811e-01
2.0410557185e+01   -3.0428657430e-01
2.0488758553e+01   -3.2959204072e-01
2.0566959922e+01   -3.5329172158e-01
2.0645161290e+01   -3.7521519350e-01
2.0723362659e+01   -3.9520042325e-01
2.0801564027e+01   -4.1309491512e-01
2.0879765396e+01   -4.2875682105e-01
2.0957966764e+01   -4.4205600674e-01
2.1036168133e+01   -4.5287506734e-01
2.1114369501e+01   -4.6111028682e-01
2.1192570870e+01   -4.6667253565e-01
2.1270772239e+01   -4.6948810188e-01
2.1348973607e+01   -4.6949945182e-01
2.1427174976e+01   -4.6666591715e-01
2.1505376344e+01   -4.6096430658e-01
2.1583577713e+01   -4.5238944135e-01
2.1661779081e+01   -4.4095461546e-01
2.1739980450e+01   -4.2669198317e-01
2.1818181818e+01   -4.0965287805e-01
2.1896383187e+01   -3.8990807024e-01
2.1974584555e+01   -3.6754796986e-01
2.2052785924e+01   -3.4268278638e-01
2.2130987292e+01   -3.1544265407e-01
2.2209188661e+01   -2.8597773171e-01
2.2287390029e+01   -2.5445828005e-01
2.2365591398e+01   -2.2107470931e-01
2.2443792766e+01   -1.8603757024e-01
2.2521994135e+01   -1.4957743171e-01
2.2600195503e+01   -1.1194454378e-01
2.2678396872e+01   -7.3408126977e-02
2.2756598240e+01   -3.4255062226e-02
2.2834799609e+01   5.2123055141e-03
2.2913000978e+01   4.4679565995e-02
2.2991202346e+01   8.3825119638e-02
2.3069403715e+01   1.2232665233e-01
2.3147605083e+01   1.5986904056e-01
2.3225806452e+01   1.9615311335e-01
2.3304007820e+01   2.3090427071e-01
2.3382209189e+01   2.6387966949e-01
2.3460410557e+01   2.9487270578e-01
2.3538611926e+01   3.2371393625e-01
2.3616813294e+01   3.5026831480e-01
2.3695014663e+01   3.7442944372e-01
2.3773216031e+01   3.9611216273e-01
2.3851417400e+01   4.1524502102e-01
2.3929618768e+01   4.3176397142e-01
2.4007820137e+01   4.4560812456e-01
2.4086021505e+01   4.5671781324e-01
2.4164222874e+01   4.6503472211e-01
2.4242424242e+01   4.7050353604e-01
2.4320625611e+01   4.7307446362e-01
2.4398826979e+01   4.7270605494e-01
2.4477028348e+01   4.6936788480e-01
2.4555229717e+01   4.6304284730e-01
2.4633431085e+01   4.5372895886e-01
2.4711632454e+01   4.4144067200e-01
2.4789833822e+01   4.2620975920e-01
2.4868035191e+01   4.0808584494e-01
2.4946236559e+01   3.8713665929e-01
2.5024437928e+01   3.6344807130e-01
2.5102639296e+01   3.3712394308e-01
2.5180840665e+01   3.0828583153e-01
2.5259042033e+01   2.7707255395e-01
2.5337243402e+01   2.4363962819e-01
2.5415444770e+01   2.0815859366e-01
2.5493646139e+01   1.7081621863e-01
2.5571847507e+01   1.3181359836e-01
2.5650048876e+01   9.1365148499e-02
2.5728250244e+01   4.9697499103e-02
2.5806451613e+01   7.0482945291e-03
2.5884652981e+01   -3.6335094566e-02
2.5962854350e+01   -8.0196940520e-02
2.6041055718e+01   -1.2427460204e-01
2.6119257087e+01   -1.6830003389e-01
2.6197458456e+01   -2.1200135471e-01
2.6275659824e+01   -2.5510446423e-01
2.6353861193e+01   -2.9733470081e-01
2.6432062561e+01   -3.3841852988e-01
2.6510263930e+01   -3.7808525356e-01
2.6588465298e+01   -4.1606873145e-01
2.6666666667e+01   -4.5210910265e-01
2.6744868035e+01   -4.8595449872e-01
2.6823069404e+01   -5.1736273743e-01
2.6901270772e+01   -5.4610298755e-01
2.6979472141e+01   -5.7195739467e-01
2.7057673509e+01   -5.9472265884e-01
2.7135874878e+01   -6.1421155542e-01
2.7214076246e+01   -6.3025439093e-01
2.7292277615e+01   -6.4270038738e-01
2.7370478983e+01   -6.5141898958e-01
2.7448680352e+01   -6.5630109225e-01
2.7526881720e+01   -6.5726018654e-01
2.7605083089e+01   -6.5423342940e-01
2.7683284457e+01   -6.4718264498e-01
2.7761485826e+01   -6.3609527516e-01
2.7839687195e+01   -6.2098530771e-01
2.7917888563e+01   -6.0189422776e-01
2.7996089932e+01   -5.7889206288e-01
2.8074291300e+01   -5.5207862897e-01
2.8152492669e+01   -5.2158513797e-01
2.8230694037e+01   -4.8757640667e-01
2.8308895406e+01   -4.5025401645e-01
2.8387096774e+01   -4.0986092187e-01
2.8465298143e+01   -3.6668818741e-01
2.8543499511e+01   -3.2108470660e-01
2.8621700880e+01   -2.7347081498e-01
2.8699902248e+01   -2.2435637762e-01
2.8778103617e+01   -1.7436268865e-01
2.8856304985e+01   -1.2424453691e-01
2.8934506354e+01   -7.4903269837e-02
2.9012707722e+01   -2.7374137532e-02
2.9090909091e+01   1.7233964777e-02
2.9169110459e+01   5.7860950374e-02
2.9247311828e+01   9.3665281864e-02
2.9325513196e+01   1.2418290992e-01
2.9403714565e+01   1.4939783384e-01
2.9481915934e+01   1.6968462553e-01
2.9560117302e+01   1.8565611538e-01
2.9638318671e+01   1.9799314148e-01
2.9716520039e+01   2.0731865809e-01
2.9794721408e+01   2.1413543542e-01
2.9872922776e+01   2.1881444875e-01
2.9951124145e+01   2.2161152057e-01
3.0029325513e+01   2.2269412866e-01
3.0107526882e+01   2.2216800891e-01
3.0185728250e+01   2.2009919234e-01
3.0263929619e+01   2.1653054238e-01
3.0342130987e+01   2.1149339017e-01
3.0420332356e+01   2.0501533916e-01
3.0498533724e+01   1.9712529444e-01
3.0576735093e+01   1.8785658059e-01
3.0654936461e+01   1.7724878968e-01
3.0733137830e+01   1.6534880684e-01
3.0811339198e+01   1.5221131107e-01
3.0889540567e+01   1.3789894190e-01
3.0967741935e+01   1.2248224968e-01
3.1045943304e+01   1.0603950072e-01
3.1124144673e+01   8.8656378853e-02
3.1202346041e+01   7.0425608134e-02
3.1280547410e+01   5.1446510843e-02
3.1358748778e+01   3.1824509753e-02
3.1436950147e+01   1.1670580594e-02
3.1515151515e+01   -8.8993407772e-03
3.1593352884e+01   -2.9764992554e-02
3.1671554252e+01   -5.0802458788e-02
3.1749755621e+01   -7.1884875021e-02
3.1827956989e+01   -9.2883163843e-02
3.1906158358e+01   -1.1366679626e-01
3.1984359726e+01   -1.3410457458e-01
3.2062561095e+01   -1.5406543237e-01
3.2140762463e+01   -1.7341924685e-01
3.2218963832e+01   -1.9203765893e-01
3.2297165200e+01   -2.0979489604e-01
3.2375366569e+01   -2.2656859286e-01
3.2453567937e+01   -2.4224060475e-01
3.2531769306e+01   -2.5669780912e-01
3.2609970674e+01   -2.6983288943e-01
3.2688172043e+01   -2.8154509711e-01
3.2766373412e+01   -2.9174098625e-01
3.2844574780e+01   -3.0033511646e-01
3.2922776149e+01   -3.0725071912e-01
3.3000977517e+01   -3.1242032255e-01
3.3079178886e+01   -3.1578633173e-01
3.3157380254e+01   -3.1730155866e-01
3.3235581623e+01   -3.1692969921e-01
3.3313782991e+01   -3.1464575307e-01
3.3391984360e+01   -3.1043638331e-01
3.3470185728e+01   -3.0430021238e-01
3.3548387097e+01   -2.9624805172e-01
3.3626588465e+01   -2.8630306202e-01
3.3704789834e+01   -2.7450084167e-01
3.3782991202e+01   -2.6088944053e-01
3.3861192571e+01   -2.4552929653e-01
3.3939393939e+01   -2.2849309183e-01
3.4017595308e+01   -2.0986552547e-01
3.4095796676e+01   -1.8974299852e-01
3.4173998045e+01   -1.6823320733e-01
3.4252199413e+01   -1.4545463981e-01
3.4330400782e+01   -1.2153596922e-01
3.4408602151e+01   -9.6615339712e-02
3.4486803519e+01   -7.0839538533e-02
3.4565004888e+01   -4.4363051351e-02
3.4643206256e+01   -1.7347000077e-02
3.4721407625e+01   1.0042032399e-02
3.4799608993e+01   3.7633279525e-02
3.4877810362e+01   6.5253150830e-02
3.4956011730e+01   9.2726645009e-02
3.5034213099e+01   1.1987877806e-01
3.5112414467e+01   1.4653598117e-01
3.5190615836e+01   1.7252742028e-01
3.5268817204e+01   1.9768619244e-01
3.5347018573e+01   2.2185036434e-01
3.5425219941e+01   2.4486383494e-01
3.5503421310e+01   2.6657702496e-01
3.5581622678e+01   2.8684741744e-01
3.5659824047e+01   3.0553999127e-01
3.5738025415e+01   3.2252760010e-01
3.5816226784e+01   3.3769134956e-01
3.5894428152e+01   3.5092101725e-01
3.5972629521e+01   3.6211554373e-01
3.6050830890e+01   3.7118360339e-01
3.6129032258e+01   3.7804424571e-01
3.6207233627e+01   3.8262758289e-01
3.6285434995e+01   3.8487549174e-01
3.6363636364e+01   3.8474229628e-01
3.6441837732e+01   3.8219540044e-01
3.6520039101e+01   3.7721584684e-01
3.6598240469e+01   3.6979878489e-01
3.6676441838e+01   3.5995383822e-01
3.6754643206e+01   3.4770536645e-01
3.6832844575e+01   3.3309262015e-01
3.6911045943e+01   3.1616978949e-01
3.6989247312e+01   2.9700594817e-01
3.7067448680e+01   2.7568489461e-01
3.7145650049e+01   2.5230489232e-01
3.7223851417e+01   2.2697831148e-01
3.7302052786e+01   1.9983117378e-01
3.7380254154e+01   1.7100260286e-01
3.7458455523e+01   1.4064418299e-01
3.7536656891e+01   1.0891922896e-01
3.7614858260e+01   7.6001970573e-02
3.7693059629e+01   4.2076655803e-02
3.7771260997e+01   7.3365769137e-03
3.7849462366e+01   -2.8016975507e-02
3.7927663734e+01   -6.3775825213e-02
3.8005865103e+01   -9.9726083830e-02
3.8084066471e+01   -1.3564937895e-01
3.8162267840e+01   -1.7132413012e-01
3.8240469208e+01   -2.0652686562e-01
3.8318670577e+01   -2.4103357270e-01
3.8396871945e+01   -2.7462107346e-01
3.8475073314e+01   -3.0706841861e-01
3.8553274682e+01   -3.3815829082e-01
3.8631476051e+01   -3.6767840949e-01
3.8709677419e+01   -3.9542292857e-01
3.8787878788e+01   -4.2119381911e-01
3.8866080156e+01   -4.4480222819e-01
3.8944281525e+01   -4.6606980622e-01
3.9022482893e+01   -4.8482999454e-01
3.9100684262e+01   -5.0092926585e-01
3.9178885630e+01   -5.1422831041e-01
3.9257086999e+01   -5.2460316137e-01
3.9335288368e+01   -5.3194625349e-01
3.9413489736e+01   -5.3616741062e-01
3.9491691105e+01   -5.3719475824e-01
3.9569892473e+01   -5.3497555909e-01
3.9648093842e+01   -5.2947697210e-01
3.9726295210e+01   -5.2068673693e-01
3.9804496579e+01   -5.0861379028e-01
3.9882697947e+01   -4.9328882378e-01
3.9960899316e+01   -4.7476479909e-01
4.0039100684e+01   -4.5311744221e-01
4.0117302053e+01   -4.2844574761e-01
4.0195503421e+01   -4.0087253238e-01
4.0273704790e+01   -3.7054509178e-01
4.0351906158e+01   -3.3763601754e-01
4.0430107527e+01   -3.0234424712e-01
4.0508308895e+01   -2.6489640828e-01
4.0586510264e+01   -2.2554849785e-01
4.0664711632e+01   -1.8458786898e-01
4.0742913001e+01   -1.4233537198e-01
4.0821114370e+01   -9.9147271937e-02
4.0899315738e+01   -5.5416232193e-02
4.0977517107e+01   -1.1570224505e-02
4.1055718475e+01   3.1932194159e-02
4.1133919844e+01   7.4611980024e-02
4.1212121212e+01   1.1598639918e-01
4.1290322581e+01   1.5559247334e-01
4.1368523949e+01   1.9301467696e-01
4.1446725318e+01   2.2791184031e-01
4.1524926686e+01   2.6003665892e-01
4.1603128055e+01   2.8924213497e-01
4.1681329423e+01   3.1547288485e-01
4.1759530792e+01   3.3874400658e-01
4.1837732160e+01   3.5911372892e-01
4.1915933529e+01   3.7665681889e-01
4.1994134897e+01   3.9144391756e-01
4.2072336266e+01   4.0352903965e-01
4.2150537634e+01   4.1294487591e-01
4.2228739003e+01   4.1970401494e-01
4.2306940371e+01   4.2380376009e-01
4.2385141740e+01   4.2523248854e-01
4.2463343109e+01   4.2397608317e-01
4.2541544477e+01   4.2002357999e-01
4.2619745846e+01   4.1337166771e-01
4.2697947214e+01   4.0402800712e-01
4.2776148583e+01   3.9201351767e-01
4.2854349951e+01   3.7736384556e-01
4.2932551320e+01   3.6013022406e-01
4.3010752688e+01   3.4037989954e-01
4.3088954057e+01   3.1819624964e-01
4.3167155425e+01   2.9367867861e-01
4.3245356794e+01   2.6694234239e-01
4.3323558162e+01   2.3811773477e-01
4.3401759531e+01   2.0735015288e-01
4.3479960899e+01   1.7479905250e-01
4.3558162268e+01   1.4063730032e-01
4.3636363636e+01   1.0505032846e-01
4.3714565005e+01   6.8235196000e-02
4.3792766373e+01   3.0399562590e-02
4.3870967742e+01   -8.2394207223e-03
4.3949169110e+01   -4.7456297704e-02
4.4027370479e+01   -8.7018564000e-02
4.4105571848e+01   -1.2668798839e-01
4.4183773216e+01   -1.6622199106e-01
4.4261974585e+01   -2.0537507145e-01
4.4340175953e+01   -2.4390027751e-01
4.4418377322e+01   -2.8155070826e-01
4.4496578690e+01   -3.1808104102e-01
4.4574780059e+01   -3.5324907432e-01
4.4652981427e+01   -3.8681727767e-01
4.4731182796e+01   -4.1855433893e-01
4.4809384164e+01   -4.4823670021e-01
4.4887585533e+01   -4.7565007300e-01
4.4965786901e+01   -5.0059092375e-01
4.5043988270e+01   -5.2286792092e-01
4.5122189638e+01   -5.4230333530e-01
4.5200391007e+01   -5.5873438550e-01
4.5278592375e+01   -5.7201452153e-01
4.5356793744e+01   -5.8201464006e-01
4.5434995112e+01   -5.8862422616e-01
4.5513196481e+01   -5.9175241815e-01
4.5591397849e+01   -5.9132899363e-01
4.5669599218e+01   -5.8730527832e-01
4.5747800587e+01   -5.7965498221e-01
4.5826001955e+01   -5.6837497320e-01
4.5904203324e+01   -5.5348600466e-01
4.5982404692e+01   -5.3503342330e-01
4.6060606061e+01   -5.1308789595e-01
4.6138807429e+01   -4.8774621201e-01
4.6217008798e+01   -4.5913224150e-01
4.6295210166e+01   -4.2739815972e-01
4.6373411535e+01   -3.9272608787e-01
4.6451612903e+01   -3.5533034278e-01
4.6529814272e+01   -3.1546052944e-01
4.6608015640e+01   -2.7340572627e-01
4.6686217009e+01   -2.2949996286e-01
4.6764418377e+01   -1.8412899280e-01
4.6842619746e+01   -1.3773789831e-01
4.6920821114e+01   -9.0838170584e-02
4.6999022483e+01   -4.4011485905e-02
4.7077223851e+01   2.0944069338e-03
4.7155425220e+01   4.6783694469e-02
4.7233626588e+01   8.9349810778e-02
4.7311827957e+01   1.2913279929e-01
4.7390029326e+01   1.6558820948e-01
4.7468230694e+01   1.9834879018e-01
4.7546432063e+01   2.2725671618e-01
4.7624633431e+01   2.5235299160e-01
4.7702834800e+01   2.7382845230e-01
4.7781036168e+01   2.9195579389e-01
4.7859237537e+01   3.0702517294e-01
4.7937438905e+01   3.1929817777e-01
4.8015640274e+01   3.2898402031e-01
4.8093841642e+01   3.3623407255e-01
4.8172043011e+01   3.4114802929e-01
4.8250244379e+01   3.4378552526e-01
4.8328445748e+01   3.4417891801e-01
4.8406647116e+01   3.4234484657e-01
4.8484848485e+01   3.3829357330e-01
4.8563049853e+01   3.3203596455e-01
4.8641251222e+01   3.2358839087e-01
4.8719452590e+01   3.1297598046e-01
4.8797653959e+01   3.0023465922e-01
4.8875855327e+01   2.8541234191e-01
4.8954056696e+01   2.6856954859e-01
4.9032258065e+01   2.4977963734e-01
4.9110459433e+01   2.2912877791e-01
4.9188660802e+01   2.0671574316e-01
4.9266862170e+01   1.8265156394e-01
4.9345063539e+01   1.5705907365e-01
4.9423264907e+01   1.3007235763e-01
4.9501466276e+01   1.0183611660e-01
4.9579667644e+01   7.2504950281e-02
4.9657869013e+01   4.2242566266e-02
4.9736070381e+01   1.1220918702e-02
4.9814271750e+01   -2.0380718642e-02
4.9892473118e+01   -5.2376739964e-02
4.9970674487e+01   -8.4576250487e-02
5.0048875855e+01   -1.1678415937e-01
5.0127077224e+01   -1.4880231651e-01
5.0205278592e+01   -1.8043068702e-01
5.0283479961e+01   -2.1146855668e-01
5.0361681329e+01   -2.4171576161e-01
5.0439882698e+01   -2.7097393494e-01
5.0518084066e+01   -2.9904776343e-01
5.0596285435e+01   -3.2574624635e-01
5.0674486804e+01   -3.5088394937e-01
5.0752688172e+01   -3.7428224575e-01
5.0830889541e+01   -3.9577053748e-01
5.0909090909e+01   -4.1518744890e-01
5.0987292278e+01   -4.3238198555e-01
5.1065493646e+01   -4.4721465129e-01
5.1143695015e+01   -4.5955851699e-01
5.1221896383e+01   -4.6930023456e-01
5.1300097752e+01   -4.7634099053e-01
5.1378299120e+01   -4.8059739418e-01
5.1456500489e+01   -4.8200229581e-01
5.1534701857e+01   -4.8050553187e-01
5.1612903226e+01   -4.7607459472e-01
5.1691104594e+01   -4.6869522620e-01
5.1769305963e+01   -4.5837193575e-01
5.1847507331e+01   -4.4512844589e-01
5.1925708700e+01   -4.2900806978e-01
5.2003910068e+01   -4.1007402847e-01
5.2082111437e+01   -3.8840971764e-01
5.2160312805e+01   -3.6411893640e-01
5.2238514174e+01   -3.3732609251e-01
5.2316715543e+01   -3.0817639873e-01
5.2394916911e+01   -2.7683607245e-01
5.2473118280e+01   -2.4349254277e-01
5.2551319648e+01   -2.0835465270e-01
5.2629521017e+01   -1.7165281535e-01
5.2707722385e+01   -1.3363903613e-01
5.2785923754e+01   -9.4586646698e-02
5.2864125122e+01   -5.4789510112e-02
5.2942326491e+01   -1.4560361651e-02
5.3020527859e+01   2.5772127382e-02
5.3098729228e+01   6.5867990208e-02
5.3176930596e+01   1.0538262666e-01
5.3255131965e+01   1.4397551268e-01
5.3333333333e+01   1.8132049759e-01
5.3411534702e+01   2.1711662898e-01
5.3489736070e+01   2.5109792082e-01
5.3567937439e+01   2.8304029137e-01
5.3646138807e+01   3.1276424129e-01
5.3724340176e+01   3.4013271208e-01
5.3802541544e+01   3.6504469392e-01
5.3880742913e+01   3.8742612522e-01
5.3958944282e+01   4.0722009425e-01
5.4037145650e+01   4.2437820928e-01
5.4115347019e+01   4.3885439836e-01
5.4193548387e+01   4.5060161997e-01
5.4271749756e+01   4.5957127989e-01
5.4349951124e+01   4.6571471146e-01
5.4428152493e+01   4.6898591366e-01
5.4506353861e+01   4.6934479683e-01
5.4584555230e+01   4.6676036715e-01
5.4662756598e+01   4.6121349992e-01
5.4740957967e+01   4.5269914730e-01
5.4819159335e+01   4.4122796582e-01
5.4897360704e+01   4.2682742836e-01
5.4975562072e+01   4.0954251523e-01
5.5053763441e+01   3.8943607691e-01
5.5131964809e+01   3.6658894348e-01
5.5210166178e+01   3.4109983480e-01
5.5288367546e+01   3.1308510678e-01
5.5366568915e+01   2.8267835578e-01
5.5444770283e+01   2.5002989434e-01
5.5522971652e+01   2.1530610666e-01
5.5601173021e+01   1.7868868954e-01
5.5679374389e+01   1.4037378375e-01
5.5757575758e+01   1.0057100032e-01
5.5835777126e+01   5.9502346846e-02
5.5913978495e+01   1.7401059042e-02
5.5992179863e+01   -2.5489656440e-02
5.6070381232e+01   -6.8917961563e-02
5.6148582600e+01   -1.1262480174e-01
5.6226783969e+01   -1.5634538840e-01
5.6304985337e+01   -1.9981074130e-01
5.6383186706e+01   -2.4274928196e-01
5.6461388074e+01   -2.8488846937e-01
5.6539589443e+01   -3.2595646871e-01
5.6617790811e+01   -3.6568384339e-01
5.6695992180e+01   -4.0380526076e-01
5.6774193548e+01   -4.4006120126e-01
5.6852394917e+01   -4.7419966125e-01
5.6930596285e+01   -5.0597783921e-01
5.7008797654e+01   -5.3516379542e-01
5.7086999022e+01   -5.6153807546e-01
5.7165200391e+01   -5.8489528806e-01
5.7243401760e+01   -6.0504562851e-01
5.7321603128e+01   -6.2181633950e-01
5.7399804497e+01   -6.3505310219e-01
5.7478005865e+01   -6.4462135202e-01
5.7556207234e+01   -6.5040751500e-01
5.7634408602e+01   -6.5232016355e-01
5.7712609971e+01   -6.5029109362e-01
5.7790811339e+01   -6.4427633059e-01
5.7869012708e+01   -6.3425707770e-01
5.7947214076e+01   -6.2024063134e-01
5.8025415445e+01   -6.0226130201e-01
5.8103616813e+01   -5.8038140099e-01
5.8181818182e+01   -5.5469238446e-01
5.8260019550e+01   -5.2531629265e-01
5.8338220919e+01   -4.9240768819e-01
5.8416422287e+01   -4.5615639197e-01
5.8494623656e+01   -4.1679144243e-01
5.8572825024e+01   -3.7458686295e-01
5.8651026393e+01   -3.2986998695e-01
5.8729227761e+01   -2.8303317955e-01
5.8807429130e+01   -2.3454960989e-01
5.8885630499e+01   -1.8499286569e-01
5.8963831867e+01   -1.3505799054e-01
5.9042033236e+01   -8.5577187214e-02
5.9120234604e+01   -3.7516921545e-02
5.9198435973e+01   8.0628602538e-03
5.9276637341e+01   5.0104699852e-02
5.9354838710e+01   8.7702073389e-02
5.9433040078e+01   1.2025996796e-01
5.9511241447e+01   1.4759759050e-01
5.9589442815e+01   1.6993843693e-01
5.9667644184e+01   1.8779363919e-01
5.9745845552e+01   2.0180018824e-01
5.9824046921e+01   2.1258177838e-01
5.9902248289e+01   2.2066611821e-01
5.9980449658e+01   2.2645648803e-01
6.0058651026e+01   2.3023845890e-01
6.0136852395e+01   2.3220258270e-01
6.0215053763e+01   2.3247039153e-01
6.0293255132e+01   2.3111746395e-01
6.0371456500e+01   2.2819148448e-01
6.0449657869e+01   2.2372533703e-01
6.0527859238e+01   2.1774609468e-01
6.0606060606e+01   2.1028092850e-01
6.0684261975e+01   2.0136083993e-01
6.0762463343e+01   1.9102292015e-01
6.0840664712e+01   1.7931164257e-01
6.0918866080e+01   1.6627953344e-01
6.0997067449e+01   1.5198744549e-01
6.1075268817e+01   1.3650457600e-01
6.1153470186e+01   1.1990831516e-01
6.1231671554e+01   1.0228397596e-01
6.1309872923e+01   8.3724435231e-02
6.1388074291e+01   6.4329703367e-02
6.1466275660e+01   4.4206433216e-02
6.1544477028e+01   2.3467374848e-02
6.1622678397e+01   2.2307812153e-03
6.1700879765e+01   -1.9380231186e-02
6.1779081134e+01   -4.1238362810e-02
6.1857282502e+01   -6.3212848873e-02
6.1935483871e+01   -8.5170210500e-02
6.2013685239e+01   -1.0697503505e-01
6.2091886608e+01   -1.2849078126e-01
6.2170087977e+01   -1.4958060467e-01
6.2248289345e+01   -1.7010819851e-01
6.2326490714e+01   -1.8993864532e-01
6.2404692082e+01   -2.0893927411e-01
6.2482893451e+01   -2.2698051801e-01
6.2561094819e+01   -2.4393676726e-01
6.2639296188e+01   -2.5968721225e-01
6.2717497556e+01   -2.7411667138e-01
6.2795698925e+01   -2.8711639858e-01
6.2873900293e+01   -2.9858486529e-01
6.2952101662e+01   -3.0842851191e-01
6.3030303030e+01   -3.1656246381e-01
6.3108504399e+01   -3.2291120704e-01
6.3186705767e+01   -3.2740921937e-01
6.3264907136e+01   -3.3000155218e-01
6.3343108504e+01   -3.3064435910e-01
6.3421309873e+01   -3.2930536774e-01
6.3499511241e+01   -3.2596429069e-01
6.3577712610e+01   -3.2061317278e-01
6.3655913978e+01   -3.1325667124e-01
6.3734115347e+01   -3.0391226622e-01
6.3812316716e+01   -2.9261039880e-01
6.3890518084e+01   -2.7939453392e-01
6.3968719453e+01   -2.6432114548e-01
6.4046920821e+01   -2.4745962088e-01
6.4125122190e+01   -2.2889208141e-01
6.4203323558e+01   -2.0871311473e-01
6.4281524927e+01   -1.8702941461e-01
6.4359726295e+01   -1.6395932207e-01
6.4437927664e+01   -1.3963226117e-01
6.4516129032e+01   -1.1418806169e-01
6.4594330401e+01   -8.7776160518e-02
6.4672531769e+01   -6.0554674308e-02
6.4750733138e+01   -3.2689337688e-02
6.4828934506e+01   -4.3523057604e-03
6.4907135875e+01   2.4279173855e-02
6.4985337243e+01   5.3024204615e-02
6.5063538612e+01   8.1699773681e-02
6.5141739980e+01   1.1012233398e-01
6.5219941349e+01   1.3810938408e-01
6.5298142717e+01   1.6548098574e-01
6.5376344086e+01   1.9206115760e-01
6.5454545455e+01   2.1767909006e-01
6.5532746823e+01   2.4217014405e-01
6.5610948192e+01   2.6537662061e-01
6.5689149560e+01   2.8714831806e-01
6.5767350929e+01   3.0734292072e-01
6.5845552297e+01   3.2582628379e-01
6.5923753666e+01   3.4247268727e-01
6.6001955034e+01   3.5716512651e-01
6.6080156403e+01   3.6979569010e-01
6.6158357771e+01   3.8026605072e-01
6.6236559140e+01   3.8848806867e-01
6.6314760508e+01   3.9438448514e-01
6.6392961877e+01   3.9788966743e-01
6.6471163245e+01   3.9895036280e-01
6.6549364614e+01   3.9752641917e-01
6.6627565982e+01   3.9359143872e-01
6.6705767351e+01   3.8713333973e-01
6.6783968719e+01   3.7815481187e-01
6.6862170088e+01   3.6667365771e-01
6.6940371457e+01   3.5272301834e-01
6.7018572825e+01   3.3635148445e-01
6.7096774194e+01   3.1762309522e-01
6.7174975562e+01   2.9661722796e-01
6.7253176931e+01   2.7342838117e-01
6.7331378299e+01   2.4816585365e-01
6.7409579668e+01   2.2095332199e-01
6.7487781036e+01   1.9192831896e-01
6.7565982405e+01   1.6124161526e-01
6.7644183773e+01   1.2905650790e-01
6.7722385142e+01   9.5548018200e-02
6.7800586510e+01   6.0902003611e-02
6.7878787879e+01   2.5314187394e-02
6.7956989247e+01   -1.1010888813e-02
6.8035190616e+01   -4.7860984286e-02
6.8113391984e+01   -8.5017344517e-02
6.8191593353e+01   -1.2225594624e-01
6.8269794721e+01   -1.5934879543e-01
6.8347996090e+01   -1.9606527121e-01
6.8426197458e+01   -2.3217350805e-01
6.8504398827e+01   -2.6744180856e-01
6.8582600196e+01   -3.0164007869e-01
6.8660801564e+01   -3.3454127705e-01
6.8739002933e+01   -3.6592286993e-01
6.8817204301e+01   -3.9556828322e-01
6.8895405670e+01   -4.2326834284e-01
6.8973607038e+01   -4.4882269498e-01
6.9051808407e+01   -4.7204119754e-01
6.9130009775e+01   -4.9274527476e-01
6.9208211144e+01   -5.1076922680e-01
6.9286412512e+01   -5.2596148698e-01
6.9364613881e+01   -5.3818581951e-01
6.9442815249e+01   -5.4732245169e-01
6.9521016618e+01   -5.5326913530e-01
6.9599217986e+01   -5.5594213313e-01
6.9677419355e+01   -5.5527712841e-01
6.9755620723e+01   -5.5123005687e-01
6.9833822092e+01   -5.4377786378e-01
6.9912023460e+01   -5.3291919210e-01
6.9990224829e+01   -5.1867501240e-01
7.0068426197e+01   -5.0108921126e-01
7.0146627566e+01   -4.8022916316e-01
7.0224828935e+01   -4.5618632083e-01
7.0303030303e+01   -4.2907687236e-01
7.0381231672e+01   -3.9904252913e-01
7.0459433040e+01   -3.6625152612e-01
7.0537634409e+01   -3.3089993346e-01
7.0615835777e+01   -2.9321338825e-01
7.0694037146e+01   -2.5344934699e-01
7.0772238514e+01   -2.1189990973e-01
7.0850439883e+01   -1.6889514258e-01
7.0928641251e+01   -1.2480657753e-01
7.1006842620e+01   -8.0050146412e-02
7.1085043988e+01   -3.5087188961e-02
7.1163245357e+01   9.5785593754e-03
7.1241446725e+01   5.3410667050e-02
7.1319648094e+01   9.5858923408e-02
7.1397849462e+01   1.3638845467e-01
7.1476050831e+01   1.7451669154e-01
7.1554252199e+01   2.0985146624e-01
7.1632453568e+01   2.4212030606e-01
7.1710654936e+01   2.7118162268e-01
7.1788856305e+01   2.9701384694e-01
7.1867057674e+01   3.1968623064e-01
7.1945259042e+01   3.3932078763e-01
7.2023460411e+01   3.5605589220e-01
7.2101661779e+01   3.7001890453e-01
7.2179863148e+01   3.8131049662e-01
7.2258064516e+01   3.8999955403e-01
7.2336265885e+01   3.9612561468e-01
7.2414467253e+01   3.9970552481e-01
7.2492668622e+01   4.0074162508e-01
7.2570869990e+01   3.9922969730e-01
7.2649071359e+01   3.9516573648e-01
7.2727272727e+01   3.8855122254e-01
7.2805474096e+01   3.7939693816e-01
7.2883675464e+01   3.6772556104e-01
7.2961876833e+01   3.5357331100e-01
7.3040078201e+01   3.3699091113e-01
7.3118279570e+01   3.1804406908e-01
7.3196480938e+01   2.9681362617e-01
7.3274682307e+01   2.7339547217e-01
7.3352883675e+01   2.4790028638e-01
7.3431085044e+01   2.2045314075e-01
7.3509286413e+01   1.9119298564e-01
7.3587487781e+01   1.6027203026e-01
7.3665689150e+01   1.2785502546e-01
7.3743890518e+01   9.4118454275e-02
7.3822091887e+01   5.9249635270e-02
7.3900293255e+01   2.3445743422e-02
7.3978494624e+01   -1.3087246395e-02
7.4056695992e+01   -5.0135687842e-02
7.4134897361e+01   -8.7479457549e-02
7.4213098729e+01   -1.2489320919e-01
7.4291300098e+01   -1.6214768045e-01
7.4369501466e+01   -1.9901104558e-01
7.4447702835e+01   -2.3525030620e-01
7.4525904203e+01   -2.7063271219e-01
7.4604105572e+01   -3.0492720478e-01
7.4682306940e+01   -3.3790587332e-01
7.4760508309e+01   -3.6934541722e-01
7.4838709677e+01   -3.9902860445e-01
7.4916911046e+01   -4.2674571790e-01
7.4995112414e+01   -4.5229598100e-01
7.5073313783e+01   -4.7548895404e-01
7.5151515152e+01   -4.9614589289e-01
7.5229716520e+01   -5.1410106226e-01
7.5307917889e+01   -5.2920299583e-01
7.5386119257e+01   -5.4131569637e-01
7.5464320626e+01   -5.5031976973e-01
7.5542521994e+01   -5.5611348756e-01
7.5620723363e+01   -5.5861377479e-01
7.5698924731e+01   -5.5775711986e-01
7.5777126100e+01   -5.5350040751e-01
7.5855327468e+01   -5.4582167712e-01
7.5933528837e+01   -5.3472081293e-01
7.6011730205e+01   -5.2022017778e-01
7.6089931574e+01   -5.0236520799e-01
7.6168132942e+01   -4.8122499589e-01
7.6246334311e+01   -4.5689289706e-01
7.6324535679e+01   -4.2948721352e-01
7.6402737048e+01   -3.9915202070e-01
7.6480938416e+01   -3.6605822499e-01
7.6559139785e+01   -3.3040495711e-01
7.6637341153e+01   -2.9242141733e-01
7.6715542522e+01   -2.5236927940e-01
7.6793743891e+01   -2.1054570649e-01
7.6871945259e+01   -1.6728689752e-01
7.6950146628e+01   -1.2297181241e-01
7.7028347996e+01   -7.8025266749e-02
7.7106549365e+01   -3.2918917378e-02
7.7184750733e+01   1.1832126241e-02
7.7262952102e+01   5.5679919797e-02
7.7341153470e+01   9.8064166922e-02
7.7419354839e+01   1.3844341693e-01
7.7497556207e+01   1.7633413124e-01
7.7575757576e+01   2.1135008867e-01
7.7653958944e+01   2.4323143909e-01
7.7732160313e+01   2.7185390857e-01
7.7810361681e+01   2.9721482526e-01
7.7888563050e+01   3.1940082335e-01
7.7966764418e+01   3.3854769591e-01
7.8044965787e+01   3.5480329576e-01
7.8123167155e+01   3.6830061117e-01
7.8201368524e+01   3.7914314775e-01
7.8279569892e+01   3.8740098477e-01
7.8357771261e+01   3.9311415800e-01
7.8435972630e+01   3.9629994023e-01
7.8514173998e+01   3.9696135462e-01
7.8592375367e+01   3.9509522997e-01
7.8670576735e+01   3.9069894904e-01
7.8748778104e+01   3.8377563377e-01
7.8826979472e+01   3.7433785985e-01
7.8905180841e+01   3.6241015399e-01
7.8983382209e+01   3.4803056412e-01
7.9061583578e+01   3.3125156283e-01
7.9139784946e+01   3.1214048696e-01
7.9217986315e+01   2.9077965682e-01
7.9296187683e+01   2.6726626924e-01
7.9374389052e+01   2.4171212214e-01
7.9452590420e+01   2.1424320473e-01
7.9530791789e+01   1.8499917276e-01
7.9608993157e+01   1.5413272038e-01
7.9687194526e+01   1.2180885582e-01
7.9765395894e+01   8.8204086501e-02
7.9843597263e+01   5.3505518221e-02
7.9921798631e+01   1.7909873440e-02
8.0000000000e+01   -1.8377566412e-02
8.0000000000e+01   -1.8377566412e-02
